Wavelength,0212202100097.asd
350, 137.42034690186 
351, 143.260949821069 
352, 150.504901727475 
353, 156.582351650634 
354, 161.490785763796 
355, 166.620266356248 
356, 172.829037147301 
357, 177.975538992857 
358, 184.077832007666 
359, 191.252630849212 
360, 198.847765725764 
361, 207.663843909662 
362, 217.102482362456 
363, 226.861934652905 
364, 237.135377224322 
365, 250.053917922382 
366, 262.18588167216 
367, 271.182301243177 
368, 278.739891294858 
369, 283.758659321911 
370, 285.791270088998 
371, 285.103342555043 
372, 283.240718143351 
373, 283.17439849406 
374, 284.309205027238 
375, 284.124456418372 
376, 286.258494665617 
377, 287.557311133617 
378, 286.713654590648 
379, 285.939706314996 
380, 282.807920752901 
381, 278.920137070061 
382, 275.69834293103 
383, 271.129703649706 
384, 266.232199794395 
385, 262.369632376147 
386, 261.626103857245 
387, 269.314734092815 
388, 278.101259062104 
389, 283.945570459738 
390, 287.596039256666 
391, 291.950671259668 
392, 297.474524869542 
393, 303.249132745027 
394, 305.788420708843 
395, 313.860273018684 
396, 328.640945096292 
397, 349.071454412522 
398, 379.405653209787 
399, 414.468209987209 
400, 450.161719581228 
401, 484.022400025463 
402, 516.71467241262 
403, 542.887862356325 
404, 560.991528836088 
405, 578.206338534636 
406, 590.132396884402 
407, 599.445961602268 
408, 610.709316577919 
409, 626.16934893097 
410, 642.396744291952 
411, 658.656707792673 
412, 676.525145638327 
413, 697.57827722762 
414, 717.103681425924 
415, 732.634387236771 
416, 746.99252612057 
417, 761.206740689062 
418, 776.443036550991 
419, 792.50905541878 
420, 804.097113964743 
421, 817.859642750114 
422, 834.217517112131 
423, 849.055937802304 
424, 863.86435521267 
425, 876.329828349915 
426, 883.559581219908 
427, 882.225919046351 
428, 878.896332576308 
429, 879.627726674161 
430, 889.085620747478 
431, 908.111584908718 
432, 929.476573329135 
433, 957.903709750826 
434, 1004.65566976492 
435, 1054.65168023764 
436, 1094.03760787198 
437, 1119.70199211591 
438, 1145.61047535357 
439, 1172.39472949918 
440, 1197.45710617043 
441, 1219.44340826121 
442, 1248.30565541957 
443, 1280.24309848957 
444, 1310.62293358722 
445, 1335.01282381613 
446, 1355.58640403301 
447, 1373.26361355698 
448, 1391.17769660952 
449, 1417.60950563996 
450, 1438.03146226771 
451, 1448.41921324256 
452, 1450.30850198536 
453, 1451.51098750056 
454, 1447.03562943782 
455, 1438.37156975198 
456, 1433.01519600723 
457, 1434.30897393858 
458, 1438.62029873214 
459, 1441.84765327674 
460, 1442.07136357517 
461, 1439.64964491942 
462, 1436.73614588941 
463, 1434.84905174183 
464, 1428.0634328713 
465, 1416.49041886533 
466, 1402.49661043575 
467, 1390.22220505745 
468, 1380.0095568794 
469, 1372.8527444851 
470, 1369.80295490067 
471, 1372.66350743756 
472, 1375.99607527151 
473, 1380.47064478767 
474, 1388.68697444418 
475, 1395.0005450953 
476, 1400.58446800564 
477, 1407.31605266171 
478, 1417.09927147916 
479, 1430.94031845953 
480, 1447.0375737225 
481, 1462.12654340402 
482, 1471.91026488565 
483, 1473.97857184144 
484, 1464.76092968907 
485, 1442.44904309455 
486, 1421.74536030993 
487, 1411.30797354425 
488, 1418.35194790008 
489, 1450.08829419879 
490, 1490.61246406423 
491, 1525.49695315607 
492, 1546.30369558659 
493, 1564.16181894743 
494, 1583.02905382761 
495, 1605.26984344339 
496, 1630.86269423843 
497, 1647.70492658059 
498, 1655.75551785925 
499, 1657.88964468965 
500, 1657.40530141332 
501, 1659.43790553629 
502, 1667.21084435527 
503, 1682.98288428571 
504, 1710.03512389686 
505, 1744.6350760927 
506, 1780.96890746799 
507, 1811.93665490257 
508, 1840.6362424888 
509, 1866.65847285468 
510, 1891.3795759027 
511, 1923.73262023203 
512, 1951.62002483013 
513, 1971.94842257648 
514, 1986.35823317562 
515, 1991.47672311211 
516, 1991.14298051976 
517, 1990.89489804324 
518, 1996.61728226434 
519, 2033.70063447767 
520, 2102.97334564129 
521, 2191.10483743674 
522, 2269.59666343764 
523, 2334.64920496693 
524, 2385.68644710485 
525, 2424.71047371959 
526, 2452.0209613799 
527, 2471.25895194502 
528, 2495.02245069121 
529, 2555.01805670402 
530, 2628.18175659258 
531, 2690.09222203502 
532, 2720.7649507554 
533, 2730.74519860434 
534, 2742.5624236408 
535, 2768.54238564685 
536, 2807.84645801652 
537, 2833.90210941272 
538, 2842.09804157482 
539, 2836.71617841288 
540, 2828.18614907324 
541, 2822.25624074653 
542, 2827.89913903129 
543, 2852.21719813464 
544, 2877.6377508514 
545, 2897.85972624533 
546, 2910.20450407328 
547, 2915.1356107883 
548, 2913.06227726488 
549, 2910.76740483882 
550, 2914.0262075391 
551, 2916.6502648195 
552, 2917.36047372003 
553, 2915.40959714194 
554, 2910.57608911875 
555, 2905.29815634526 
556, 2891.37631683178 
557, 2863.68121392917 
558, 2826.23994617313 
559, 2789.94110774035 
560, 2764.34571530302 
561, 2755.23830459657 
562, 2754.80760577959 
563, 2748.77232486608 
564, 2730.60566654409 
565, 2703.66812049906 
566, 2669.86531647103 
567, 2637.41843748326 
568, 2611.42037837985 
569, 2583.34975900622 
570, 2552.43583754975 
571, 2523.77493639805 
572, 2505.8732487427 
573, 2501.55769366626 
574, 2496.31059566015 
575, 2480.22649455194 
576, 2454.27564302089 
577, 2432.53143622868 
578, 2420.71837168246 
579, 2420.35867724925 
580, 2429.78207367486 
581, 2450.29529117463 
582, 2475.81069805468 
583, 2493.92167127132 
584, 2506.94417693899 
585, 2505.93828479897 
586, 2487.33993782489 
587, 2464.06197079132 
588, 2436.08610017673 
589, 2399.65203174956 
590, 2354.43469734795 
591, 2334.19257558909 
592, 2338.10233458516 
593, 2350.89712990406 
594, 2344.0605803265 
595, 2324.98326409161 
596, 2300.59790154059 
597, 2275.95655919085 
598, 2247.17468303859 
599, 2215.66757038189 
600, 2183.23771566616 
601, 2152.25728588756 
602, 2126.92646155727 
603, 2109.27969500323 
604, 2099.24114780115 
605, 2094.76524467524 
606, 2084.38697920858 
607, 2066.90812409587 
608, 2045.85987068917 
609, 2025.25877452468 
610, 2007.34051753324 
611, 1992.44426693612 
612, 1979.16906325682 
613, 1967.1528377357 
614, 1952.99099136664 
615, 1936.69499829339 
616, 1927.53913706289 
617, 1922.87180837643 
618, 1925.17460235552 
619, 1936.99289526071 
620, 1948.70555383083 
621, 1954.79987690499 
622, 1951.94774410819 
623, 1939.08188137259 
624, 1924.55363364199 
625, 1912.43590169171 
626, 1903.77804530421 
627, 1894.63489310949 
628, 1886.34353669534 
629, 1879.18348890864 
630, 1873.74796703063 
631, 1879.36477485453 
632, 1890.64388506412 
633, 1902.75758483077 
634, 1915.24806754785 
635, 1927.39881008975 
636, 1936.84371283968 
637, 1941.99815298627 
638, 1946.76834033366 
639, 1946.43742455252 
640, 1939.22616986426 
641, 1926.77601207949 
642, 1918.3680533895 
643, 1914.30932079342 
644, 1911.85726972241 
645, 1905.954457534 
646, 1896.46787544104 
647, 1884.01628713693 
648, 1870.29338702843 
649, 1858.39613691284 
650, 1850.48845257728 
651, 1848.16957482138 
652, 1851.92702603878 
653, 1850.25721403551 
654, 1832.34068554479 
655, 1795.79302952007 
656, 1754.35294253277 
657, 1725.44856332501 
658, 1729.69144877096 
659, 1778.43657100837 
660, 1828.96490491958 
661, 1859.68300214182 
662, 1869.37471621427 
663, 1878.3403168474 
664, 1885.11653853631 
665, 1890.68544301528 
666, 1896.8988142195 
667, 1908.57482601317 
668, 1919.89099814933 
669, 1930.17208215768 
670, 1941.38919327425 
671, 1951.84439858957 
672, 1962.95760475312 
673, 1977.40516248154 
674, 1999.05438804981 
675, 2021.81981461425 
676, 2045.71985326388 
677, 2071.91137819362 
678, 2099.74881052905 
679, 2127.59929065354 
680, 2157.12586083962 
681, 2191.07550071971 
682, 2223.73989695031 
683, 2254.55605057527 
684, 2274.50313422496 
685, 2262.19287085343 
686, 2207.67205831349 
687, 2119.50008007825 
688, 2030.31238312021 
689, 2020.01679286061 
690, 2109.40425249982 
691, 2263.89164920655 
692, 2415.66174035607 
693, 2562.7523367069 
694, 2691.46447597078 
695, 2798.89242670767 
696, 2897.33233622498 
697, 2996.67123722369 
698, 3090.07125821756 
699, 3170.16792746561 
700, 3245.92732793315 
701, 3322.18179198328 
702, 3406.92900789872 
703, 3508.78421164672 
704, 3627.19803368437 
705, 3752.84733525513 
706, 3875.98358171468 
707, 3988.15764289391 
708, 4101.65914754352 
709, 4217.04355552291 
710, 4333.77863439001 
711, 4459.18434862171 
712, 4584.37932114305 
713, 4707.04112139464 
714, 4826.30602546088 
715, 4926.26912454417 
716, 4988.78266242183 
717, 5003.95729309341 
718, 4973.06586243846 
719, 4966.02693678155 
720, 5048.26027256987 
721, 5248.6395053021 
722, 5523.76222347443 
723, 5756.86347366301 
724, 5908.75357111635 
725, 6001.60192852207 
726, 6131.16153464257 
727, 6285.82353969981 
728, 6446.37014137963 
729, 6598.24093970582 
730, 6776.01346481278 
731, 6991.53468242531 
732, 7242.48741029016 
733, 7511.51434242109 
734, 7767.91916731597 
735, 7987.19575362084 
736, 8157.07014817817 
737, 8297.91743558643 
738, 8429.61190558977 
739, 8557.71601078384 
740, 8676.67525916499 
741, 8804.68616688499 
742, 8950.28134632497 
743, 9114.98358164584 
744, 9292.78629855965 
745, 9465.47190524113 
746, 9630.47740568935 
747, 9789.90630435417 
748, 9941.99088708043 
749, 10079.2379384447 
750, 10206.4259263224 
751, 10337.4696280715 
752, 10490.4284793697 
753, 10655.5144572502 
754, 10819.4495892788 
755, 10968.2462773362 
756, 11067.9284178309 
757, 10974.7809350876 
758, 10459.142215488 
759, 9133.38696254587 
760, 7097.39657760674 
761, 5071.77802019157 
762, 3939.73385686717 
763, 3979.49582298738 
764, 4662.47509891596 
765, 5720.04479720094 
766, 7120.31334770656 
767, 8660.66026483795 
768, 10019.8796153977 
769, 10995.5911929005 
770, 11577.6397440109 
771, 11903.424747784 
772, 12071.5615845422 
773, 12158.8182062448 
774, 12214.2661321872 
775, 12242.5085801169 
776, 12256.6873318231 
777, 12267.6913890268 
778, 12266.3673716007 
779, 12251.52139253 
780, 12231.1800308422 
781, 12218.6534980811 
782, 12201.5134976369 
783, 12170.9095546986 
784, 12127.4696026188 
785, 12084.9382076998 
786, 12039.1932559042 
787, 11978.3682873985 
788, 11894.0369684547 
789, 11792.6020083556 
790, 11677.7999368258 
791, 11556.5152006192 
792, 11437.078817351 
793, 11325.674834737 
794, 11233.9063771102 
795, 11173.7299426693 
796, 11151.6637927619 
797, 11135.9691452664 
798, 11103.7572559283 
799, 11041.1663614383 
800, 10945.2856606839 
801, 10838.9609214334 
802, 10741.1259107569 
803, 10659.0663117508 
804, 10578.1086756757 
805, 10506.5072183871 
806, 10440.4391492934 
807, 10368.6580711345 
808, 10270.2798818782 
809, 10152.0350072034 
810, 10020.3943706431 
811, 9877.49272827541 
812, 9707.30298447135 
813, 9482.57609708432 
814, 9199.12985373448 
815, 8880.02097999345 
816, 8580.80668018964 
817, 8346.6950770475 
818, 8204.65951791362 
819, 8158.79077276895 
820, 8147.79353064207 
821, 8121.83483603245 
822, 8059.35527924657 
823, 7987.1640946447 
824, 7938.94708747006 
825, 7945.97236743822 
826, 8001.06961145239 
827, 7986.47895838135 
828, 7900.56277301586 
829, 7783.43769218429 
830, 7691.48267760767 
831, 7631.10170832766 
832, 7586.89434727009 
833, 7551.6908635748 
834, 7527.12285785175 
835, 7515.35423938524 
836, 7509.92101357518 
837, 7498.61214389764 
838, 7465.44058220627 
839, 7411.9507310688 
840, 7347.78621746545 
841, 7279.47072399045 
842, 7204.96041512785 
843, 7127.50583035031 
844, 7050.48845575908 
845, 6975.81677396643 
846, 6903.85576143213 
847, 6815.8606725923 
848, 6708.4102950731 
849, 6586.87863673929 
850, 6465.2712224844 
851, 6322.52323144575 
852, 6174.55111978169 
853, 6051.64908293368 
854, 5960.31652449155 
855, 5886.57422024524 
856, 5853.64903735799 
857, 5894.69625333697 
858, 5957.57785586054 
859, 5975.98491896404 
860, 5937.21058995742 
861, 5876.70893793478 
862, 5805.12078288381 
863, 5711.01708586803 
864, 5594.62706574881 
865, 5473.09770264103 
866, 5359.01729047566 
867, 5263.25630316961 
868, 5201.49127781728 
869, 5194.75067133211 
870, 5213.14531333233 
871, 5212.97250311237 
872, 5173.43902773967 
873, 5118.13164284241 
874, 5058.80516929707 
875, 4999.02992694925 
876, 4939.35526323385 
877, 4880.71260415745 
878, 4824.85494085619 
879, 4768.91331296896 
880, 4710.61060801102 
881, 4653.42439390519 
882, 4595.66230434444 
883, 4540.36570555013 
884, 4490.04829945611 
885, 4441.07204119353 
886, 4386.57266018443 
887, 4327.76475268402 
888, 4269.09143564982 
889, 4211.99092084443 
890, 4155.79753879738 
891, 4092.69962487341 
892, 4013.32250873113 
893, 3917.19130119599 
894, 3804.15143917628 
895, 3677.83349980659 
896, 3544.59312881519 
897, 3411.07287835016 
898, 3283.27272585429 
899, 3176.01817578885 
900, 3104.71236044498 
901, 3062.96146952719 
902, 3045.29288251949 
903, 3039.96247504255 
904, 3032.50601569728 
905, 3016.59564995382 
906, 2986.46320637561 
907, 2935.01430216292 
908, 2859.21322677859 
909, 2778.48528310605 
910, 2710.74874766163 
911, 2662.82550526274 
912, 2630.63438974933 
913, 2601.69304623389 
914, 2573.80372943472 
915, 2547.46342612841 
916, 2524.68351826008 
917, 2507.21889561579 
918, 2493.97512998281 
919, 2482.77166400721 
920, 2470.86589935553 
921, 2456.13428264642 
922, 2437.41688830721 
923, 2409.13347433376 
924, 2364.22707608736 
925, 2304.98279869228 
926, 2233.17327505069 
927, 2147.74419790335 
928, 2045.75251038727 
929, 1925.41605007186 
930, 1786.33697920182 
931, 1638.64674102582 
932, 1497.83732399362 
933, 1369.3581130382 
934, 1266.53660638394 
935, 1198.0649714386 
936, 1165.28529028757 
937, 1156.5803618328 
938, 1164.83821145058 
939, 1180.9624551335 
940, 1196.2134641256 
941, 1206.34683336825 
942, 1210.47534633749 
943, 1202.97505382622 
944, 1179.79062661552 
945, 1146.85374948408 
946, 1121.25443079044 
947, 1107.13900572581 
948, 1101.64577921467 
949, 1101.2406001175 
950, 1099.04286963861 
951, 1095.92626514348 
952, 1093.74054367095 
953, 1089.40651000947 
954, 1083.08733416637 
955, 1078.52980604373 
956, 1077.28331093828 
957, 1074.83892147921 
958, 1073.98557625835 
959, 1074.37730473192 
960, 1075.85396128917 
961, 1079.36873116928 
962, 1081.02628937905 
963, 1083.85090858866 
964, 1089.83053790738 
965, 1097.41258559797 
966, 1099.27119657519 
967, 1100.23818343208 
968, 1101.02351945389 
969, 1097.5172329286 
970, 1090.75772338285 
971, 1082.7756393502 
972, 1072.06080360177 
973, 1055.79546102305 
974, 1036.83779759572 
975, 1017.04390944238 
976, 997.707608254217 
977, 980.106089134627 
978, 966.792378426935 
979, 956.153930083869 
980, 945.780169698745 
981, 934.967083741196 
982, 927.4737276744 
983, 918.218130356906 
984, 907.550602966141 
985, 896.265585499834 
986, 883.503613019435 
987, 868.799140642959 
988, 854.448775075363 
989, 840.272439138278 
990, 823.662986631996 
991, 808.601607261815 
992, 792.340356142423 
993, 775.083575776842 
994, 759.064146325543 
995, 743.169518168617 
996, 726.950832984535 
997, 710.142920014848 
998, 692.6802525814 
999, 674.51826605937 
1000, 658.361363562066 
1001, 4229.77691160717 
1002, 4228.02752576073 
1003, 4228.53788938688 
1004, 4228.85984990109 
1005, 4235.68897201679 
1006, 4245.43743340619 
1007, 4253.75138612869 
1008, 4266.40808399173 
1009, 4281.85327300138 
1010, 4300.2911936777 
1011, 4319.12625846027 
1012, 4340.36974144515 
1013, 4364.38571775295 
1014, 4389.36801099159 
1015, 4412.65738668269 
1016, 4433.60626196697 
1017, 4457.34804030009 
1018, 4481.66847833752 
1019, 4503.25062386557 
1020, 4526.60829171259 
1021, 4551.61403997207 
1022, 4577.52530704082 
1023, 4601.55518079811 
1024, 4629.9312526278 
1025, 4663.207922793 
1026, 4695.0581207747 
1027, 4721.79369569687 
1028, 4745.10324213096 
1029, 4768.08433297085 
1030, 4790.41299920652 
1031, 4807.76889611357 
1032, 4822.57750479441 
1033, 4837.57403473932 
1034, 4847.24092001906 
1035, 4858.79049576901 
1036, 4870.99480403897 
1037, 4886.4263055647 
1038, 4897.11781317365 
1039, 4908.21038249325 
1040, 4915.0331069654 
1041, 4917.57154813632 
1042, 4923.33912203605 
1043, 4925.27809606764 
1044, 4926.05194206775 
1045, 4933.00307208852 
1046, 4939.80886858328 
1047, 4945.34793903728 
1048, 4951.33975099761 
1049, 4956.96270045729 
1050, 4959.92867807925 
1051, 4964.19227040722 
1052, 4966.30040348635 
1053, 4969.652779922 
1054, 4975.04421592589 
1055, 4977.94406227062 
1056, 4981.30501419841 
1057, 4983.70947011935 
1058, 4988.10567333507 
1059, 4995.75490076264 
1060, 5008.43230734982 
1061, 5026.8914855682 
1062, 5048.46115234329 
1063, 5074.70568236659 
1064, 5101.62095715359 
1065, 5133.56809430698 
1066, 5164.47497254805 
1067, 5201.42138598787 
1068, 5245.62774972903 
1069, 5288.00615543607 
1070, 5337.29806760063 
1071, 5390.21442507135 
1072, 5440.45357365125 
1073, 5492.90124387665 
1074, 5549.20054017109 
1075, 5602.56089645103 
1076, 5656.53015655708 
1077, 5710.26441210069 
1078, 5756.01998708349 
1079, 5793.05673209788 
1080, 5815.68192390362 
1081, 5832.76993916849 
1082, 5854.45087226778 
1083, 5873.87707895306 
1084, 5895.13773844723 
1085, 5916.75844219945 
1086, 5931.40361247479 
1087, 5939.50662421352 
1088, 5946.26334660966 
1089, 5955.49897161958 
1090, 5951.05194487944 
1091, 5936.86896629992 
1092, 5917.60482403705 
1093, 5899.05672438648 
1094, 5876.43384866194 
1095, 5857.1057401179 
1096, 5839.98696518814 
1097, 5814.24485507914 
1098, 5782.32528127717 
1099, 5752.44938853052 
1100, 5719.89069359888 
1101, 5688.69089987772 
1102, 5660.48944561052 
1103, 5627.67707968366 
1104, 5598.08695969951 
1105, 5557.99293973168 
1106, 5511.37418300927 
1107, 5448.88928608433 
1108, 5361.36217933699 
1109, 5259.80063698214 
1110, 5123.90093402116 
1111, 4959.24067041004 
1112, 4772.02977563903 
1113, 4546.42090157071 
1114, 4322.98781563251 
1115, 4066.35384238761 
1116, 3835.08484604222 
1117, 3588.06738583287 
1118, 3376.65735502873 
1119, 3181.58553539935 
1120, 3001.19168205611 
1121, 2856.92996673296 
1122, 2738.29865698729 
1123, 2653.38002925662 
1124, 2593.66118195267 
1125, 2558.57229274305 
1126, 2559.29502999838 
1127, 2563.11257231312 
1128, 2595.14430029615 
1129, 2623.23330173986 
1130, 2660.71765415981 
1131, 2701.09535839633 
1132, 2743.99187746797 
1133, 2795.74316551518 
1134, 2851.13555484368 
1135, 2918.51066149724 
1136, 3006.96791636805 
1137, 3096.45107751637 
1138, 3186.48400254304 
1139, 3267.6821889279 
1140, 3317.62889755206 
1141, 3349.72600724781 
1142, 3356.66066327087 
1143, 3329.16302026265 
1144, 3306.65676157518 
1145, 3235.29752616022 
1146, 3218.01522071203 
1147, 3205.44729767322 
1148, 3225.73987011894 
1149, 3280.94718569444 
1150, 3355.56765340612 
1151, 3453.74300902062 
1152, 3560.78593173605 
1153, 3680.10277326764 
1154, 3825.54720772922 
1155, 3957.54943470718 
1156, 4100.12018964866 
1157, 4229.82028151305 
1158, 4356.51455964815 
1159, 4474.84482447777 
1160, 4593.18807391132 
1161, 4693.35998903843 
1162, 4783.07355815205 
1163, 4863.47092275459 
1164, 4930.40129204946 
1165, 4987.05311197753 
1166, 5039.62839730139 
1167, 5076.80219458718 
1168, 5100.54868175292 
1169, 5108.37556006005 
1170, 5112.37407989807 
1171, 5102.53066575198 
1172, 5090.74627946831 
1173, 5073.77496301939 
1174, 5050.76419770875 
1175, 5018.284951003 
1176, 4985.402190814 
1177, 4946.03310253717 
1178, 4907.50319074923 
1179, 4867.15098836971 
1180, 4825.61828360164 
1181, 4780.01318681829 
1182, 4736.76420568228 
1183, 4699.45346177034 
1184, 4660.5873271299 
1185, 4632.16691110392 
1186, 4611.0301230891 
1187, 4596.17288354774 
1188, 4589.41943539148 
1189, 4583.94857388636 
1190, 4591.91953786765 
1191, 4587.47582817355 
1192, 4586.3170041502 
1193, 4572.48055083189 
1194, 4548.11137811511 
1195, 4520.74398602871 
1196, 4484.87346110629 
1197, 4445.25234786295 
1198, 4404.22957787883 
1199, 4357.68993374661 
1200, 4315.64310040213 
1201, 4269.08294640798 
1202, 4231.96749100478 
1203, 4198.12365357586 
1204, 4169.80774073427 
1205, 4146.8817245547 
1206, 4128.11799143414 
1207, 4112.90099280313 
1208, 4103.9232938119 
1209, 4105.39257318608 
1210, 4102.88282261433 
1211, 4108.38616923 
1212, 4106.3986098782 
1213, 4100.70967355268 
1214, 4089.86175124368 
1215, 4080.37198515013 
1216, 4068.46431096727 
1217, 4054.87078177645 
1218, 4041.2851432504 
1219, 4024.42489458318 
1220, 4002.69174596761 
1221, 3982.7657414628 
1222, 3961.52542220614 
1223, 3941.10216454617 
1224, 3918.27353414508 
1225, 3900.03365255162 
1226, 3886.73622927028 
1227, 3869.97451919657 
1228, 3855.47528441664 
1229, 3838.86445439617 
1230, 3820.3874817285 
1231, 3799.61019341238 
1232, 3775.65704277592 
1233, 3751.22618411509 
1234, 3722.09757045386 
1235, 3683.46710854439 
1236, 3654.02988452158 
1237, 3627.97663204274 
1238, 3598.47378645888 
1239, 3574.80135487149 
1240, 3543.15392945302 
1241, 3503.48054800061 
1242, 3465.97633341356 
1243, 3424.64867328457 
1244, 3386.08148518285 
1245, 3352.94149683587 
1246, 3312.36390391117 
1247, 3272.46293599495 
1248, 3232.58360842528 
1249, 3191.31810099049 
1250, 3147.31665780721 
1251, 3103.85479684646 
1252, 3062.66446453869 
1253, 3016.15553724384 
1254, 2968.47248162084 
1255, 2915.15187040261 
1256, 2860.40887801408 
1257, 2797.08166908042 
1258, 2723.3081839362 
1259, 2652.29361052356 
1260, 2573.26906881807 
1261, 2499.39727585246 
1262, 2426.78108537778 
1263, 2356.01659439715 
1264, 2292.43162219684 
1265, 2227.3968454547 
1266, 2180.92611661517 
1267, 2141.23933793686 
1268, 2119.59956738967 
1269, 2112.8782928869 
1270, 2117.08877183938 
1271, 2141.73542507851 
1272, 2163.10217467483 
1273, 2199.44346514754 
1274, 2226.21836737451 
1275, 2254.86681813879 
1276, 2276.66473870993 
1277, 2294.53774237554 
1278, 2308.04082239457 
1279, 2315.92190938651 
1280, 2320.73287185868 
1281, 2323.36138726793 
1282, 2325.78543276216 
1283, 2330.41199166958 
1284, 2336.01865416334 
1285, 2340.70953977566 
1286, 2349.08120049056 
1287, 2349.38078318107 
1288, 2346.01877077682 
1289, 2341.16770161341 
1290, 2328.77978141712 
1291, 2322.09933009696 
1292, 2319.60401884383 
1293, 2311.51343200822 
1294, 2302.29667563918 
1295, 2292.46463714577 
1296, 2277.26405612516 
1297, 2264.53768480475 
1298, 2255.75775322343 
1299, 2243.63905280382 
1300, 2226.80558126317 
1301, 2211.88147496534 
1302, 2194.98516407121 
1303, 2175.30723771702 
1304, 2156.81907078828 
1305, 2137.88821892052 
1306, 2119.86344632275 
1307, 2102.04976936826 
1308, 2083.05049586696 
1309, 2063.46311168724 
1310, 2046.35242012295 
1311, 2029.61942481138 
1312, 2011.90109644821 
1313, 1995.44327919829 
1314, 1979.56990145123 
1315, 1961.64142095599 
1316, 1946.5248995326 
1317, 1935.07115340548 
1318, 1921.1741810775 
1319, 1913.23566658521 
1320, 1903.2516898707 
1321, 1892.69540520374 
1322, 1887.09200257713 
1323, 1871.21658008807 
1324, 1850.96172998275 
1325, 1826.11613409692 
1326, 1793.73909637953 
1327, 1761.95026630049 
1328, 1724.8323373168 
1329, 1689.65425918551 
1330, 1650.52048838307 
1331, 1619.18753018356 
1332, 1586.13778207351 
1333, 1565.1274908985 
1334, 1557.56477381615 
1335, 1546.01715840162 
1336, 1539.24190901507 
1337, 1535.63778636539 
1338, 1529.30153272096 
1339, 1509.86353469551 
1340, 1485.86523819052 
1341, 1456.34590194282 
1342, 1411.32031444793 
1343, 1356.43539567859 
1344, 1285.8372025422 
1345, 1197.19041615306 
1346, 1106.20499175267 
1347, 996.920184476142 
1348, 897.453144257976 
1349, 795.984237338991 
1350, 697.967074936346 
1351, 596.417032467401 
1352, 505.672168207542 
1353, 413.890080829095 
1354, 337.461100314756 
1355, 274.884784356805 
1356, 217.866002939221 
1357, 169.132529701399 
1358, 130.59915078839 
1359, 97.6904613343322 
1360, 71.3712431729927 
1361, 53.2415883395661 
1362, 44.0275572878817 
1363, 40.6513704341826 
1364, 34.7874817780433 
1365, 31.2502301461401 
1366, 29.5696594796333 
1367, 30.0451219185251 
1368, 32.0060715922395 
1369, 35.7227420670811 
1370, 44.5511101540863 
1371, 49.1638213799832 
1372, 51.8580755248375 
1373, 56.6274277396027 
1374, 60.8678633975429 
1375, 66.3281432970792 
1376, 76.5962310679084 
1377, 80.071585334313 
1378, 82.9340871293485 
1379, 79.3731646609323 
1380, 70.0060816978789 
1381, 66.8800558160555 
1382, 63.8022719209632 
1383, 60.1413961214838 
1384, 59.7916161897697 
1385, 62.3185468882004 
1386, 67.8569836631459 
1387, 77.3283704624033 
1388, 87.4395730271692 
1389, 102.418638240804 
1390, 112.939662234768 
1391, 124.066302384322 
1392, 131.397168114292 
1393, 137.392233719371 
1394, 140.032654055556 
1395, 135.419375762234 
1396, 137.374898062136 
1397, 138.576253747119 
1398, 142.575457863079 
1399, 153.506834045201 
1400, 160.489319006178 
1401, 164.833499563675 
1402, 172.173722219931 
1403, 178.842804739875 
1404, 188.153724618753 
1405, 201.626275480487 
1406, 211.178622801646 
1407, 223.289485057987 
1408, 234.858614862017 
1409, 247.46929377127 
1410, 270.330264280181 
1411, 288.129873709505 
1412, 304.552407925336 
1413, 328.288523415742 
1414, 356.297884240763 
1415, 377.540539122603 
1416, 404.575157658033 
1417, 423.76392675428 
1418, 430.171003159414 
1419, 445.956298684568 
1420, 466.297383766949 
1421, 482.287643780164 
1422, 504.008009874139 
1423, 515.472972073924 
1424, 517.221823567941 
1425, 521.880565047172 
1426, 523.738505053581 
1427, 523.426283879946 
1428, 523.400243432012 
1429, 522.364123433545 
1430, 514.313446256483 
1431, 502.081006236169 
1432, 489.77221266974 
1433, 477.011756051132 
1434, 466.594605749545 
1435, 453.677975769116 
1436, 445.00675842157 
1437, 437.334407368855 
1438, 431.867942573508 
1439, 429.868559842266 
1440, 427.306620775074 
1441, 425.529665852194 
1442, 426.496228668661 
1443, 427.250942514444 
1444, 430.405420227282 
1445, 438.765718072218 
1446, 442.046796222551 
1447, 446.143278856493 
1448, 447.306610932693 
1449, 444.37712966062 
1450, 443.551776504721 
1451, 440.536790021911 
1452, 439.48987298663 
1453, 439.76374072305 
1454, 440.161442461324 
1455, 442.519728213815 
1456, 444.224392451333 
1457, 442.274147192533 
1458, 439.936952201223 
1459, 433.00812750945 
1460, 423.320085186314 
1461, 411.751521770927 
1462, 395.840270046736 
1463, 376.278976389747 
1464, 353.919776347608 
1465, 331.997888019093 
1466, 304.291588727741 
1467, 289.079306932547 
1468, 279.114839491437 
1469, 268.761041024533 
1470, 264.198227332419 
1471, 260.570269611693 
1472, 257.252769987781 
1473, 253.491079464242 
1474, 254.722369981085 
1475, 253.218735161188 
1476, 247.954786873363 
1477, 244.752179719736 
1478, 242.30505087006 
1479, 241.101734656866 
1480, 240.800203360979 
1481, 239.882561723525 
1482, 239.698758957729 
1483, 240.615400636046 
1484, 240.883301581432 
1485, 242.565102076709 
1486, 245.728734213501 
1487, 250.32069826858 
1488, 258.012563924558 
1489, 259.863203248206 
1490, 260.878247676425 
1491, 264.661474337491 
1492, 267.184456717861 
1493, 269.966141046289 
1494, 279.614816365198 
1495, 289.919692463702 
1496, 295.406848533372 
1497, 305.255657150093 
1498, 308.342374883828 
1499, 305.592298759497 
1500, 304.436436171482 
1501, 299.542261911952 
1502, 298.346138546679 
1503, 299.250380373926 
1504, 299.14321817282 
1505, 300.919521963282 
1506, 300.500830818957 
1507, 293.666103675438 
1508, 297.626114527908 
1509, 312.226439903907 
1510, 315.671197945834 
1511, 320.10036451606 
1512, 320.912247196193 
1513, 307.452528955486 
1514, 304.402444218632 
1515, 309.561902341318 
1516, 311.398823230803 
1517, 317.205320678151 
1518, 318.197850480047 
1519, 312.733982012411 
1520, 312.25196002049 
1521, 311.88461372031 
1522, 310.222173304021 
1523, 320.541183827694 
1524, 330.081113315706 
1525, 335.157507300279 
1526, 338.88887955813 
1527, 332.184583239384 
1528, 324.117361667419 
1529, 320.887313787491 
1530, 318.075647187005 
1531, 316.712216234416 
1532, 320.209600797531 
1533, 325.009183313088 
1534, 329.542151533565 
1535, 332.557021766339 
1536, 337.776414782981 
1537, 338.638169860766 
1538, 334.922002297644 
1539, 333.502251197786 
1540, 330.516131469257 
1541, 332.368752389223 
1542, 336.338763756438 
1543, 339.563593535426 
1544, 346.916460650813 
1545, 350.387005009162 
1546, 350.598855527707 
1547, 353.235556217682 
1548, 356.906056500826 
1549, 358.794235613748 
1550, 358.814760828152 
1551, 361.599921598252 
1552, 364.58911456431 
1553, 368.133703766635 
1554, 378.04600037469 
1555, 380.065304779128 
1556, 375.539369561709 
1557, 374.424938024948 
1558, 371.548674904198 
1559, 368.453661571693 
1560, 365.398320606877 
1561, 365.397604936435 
1562, 363.628295704726 
1563, 365.18328139253 
1564, 376.475968498245 
1565, 379.681715198892 
1566, 378.177145551814 
1567, 378.038073826096 
1568, 374.233947967845 
1569, 369.819481159359 
1570, 375.076603662283 
1571, 380.87070375479 
1572, 379.512397273631 
1573, 380.967786776978 
1574, 379.463696105943 
1575, 375.053363836462 
1576, 375.722539497675 
1577, 380.041674681072 
1578, 384.809520607261 
1579, 389.492199795904 
1580, 397.068392718155 
1581, 409.007737411735 
1582, 416.012274308953 
1583, 421.457023105925 
1584, 430.032750304491 
1585, 439.643986793577 
1586, 444.38491917553 
1587, 452.370090735467 
1588, 451.695633951093 
1589, 439.059786885995 
1590, 437.618738594312 
1591, 436.730541324089 
1592, 438.589004475764 
1593, 449.966440369754 
1594, 450.251046830511 
1595, 444.92655552434 
1596, 442.70282631038 
1597, 436.942425565101 
1598, 432.940510815764 
1599, 431.216548113114 
1600, 429.747250172834 
1601, 426.275448507825 
1602, 425.107887062761 
1603, 427.399504146853 
1604, 428.218794611161 
1605, 429.513930351312 
1606, 429.647243495477 
1607, 428.798936299156 
1608, 428.729601936345 
1609, 426.99286303112 
1610, 427.63581781391 
1611, 430.749520519271 
1612, 433.014121095537 
1613, 434.723661201076 
1614, 438.838918578253 
1615, 446.144613871052 
1616, 449.397205559372 
1617, 452.35160926173 
1618, 454.394757553456 
1619, 452.410367882783 
1620, 452.404135958759 
1621, 454.187436754157 
1622, 455.533136879525 
1623, 457.137351632636 
1624, 457.334818820663 
1625, 455.623756644023 
1626, 455.998080643522 
1627, 456.627590313436 
1628, 457.295302235959 
1629, 460.783673082794 
1630, 462.175658098688 
1631, 463.817675977367 
1632, 461.745425166611 
1633, 451.796398016903 
1634, 449.985707835568 
1635, 452.060461494864 
1636, 451.623254474282 
1637, 455.445643029644 
1638, 458.879028583965 
1639, 459.269506661096 
1640, 459.307300162972 
1641, 459.552300224957 
1642, 462.474265179309 
1643, 466.371354159985 
1644, 468.650313086009 
1645, 473.763208705362 
1646, 477.360280246449 
1647, 476.145807755852 
1648, 477.381908362004 
1649, 480.54250258052 
1650, 483.699184522398 
1651, 487.922998045581 
1652, 491.533973223072 
1653, 496.168291715861 
1654, 501.635208234857 
1655, 505.566314709347 
1656, 509.333221279497 
1657, 513.358124794377 
1658, 516.095044459363 
1659, 521.018292830896 
1660, 527.557287422281 
1661, 532.769852494941 
1662, 538.844516886584 
1663, 542.261296587385 
1664, 545.023888097058 
1665, 545.029844533633 
1666, 541.061953265307 
1667, 542.84122259315 
1668, 544.664690679002 
1669, 548.59968034293 
1670, 555.935673011529 
1671, 563.772191315024 
1672, 571.889616839636 
1673, 580.840672933676 
1674, 595.183451166973 
1675, 599.243858792093 
1676, 597.455069662356 
1677, 600.469569157518 
1678, 600.201255658025 
1679, 603.007756278218 
1680, 609.10487248286 
1681, 616.073983745327 
1682, 622.033300935556 
1683, 630.328940935027 
1684, 642.988319089844 
1685, 653.623944031495 
1686, 664.951228366534 
1687, 671.828620093606 
1688, 678.475939450144 
1689, 681.629402250685 
1690, 676.891898058675 
1691, 682.046674580547 
1692, 690.777249481549 
1693, 698.43837072436 
1694, 712.221271925596 
1695, 716.793942047399 
1696, 714.516807191572 
1697, 718.628129864158 
1698, 721.076772746723 
1699, 727.177536251362 
1700, 739.667770458396 
1701, 745.713711453875 
1702, 749.181687313032 
1703, 754.438409718749 
1704, 756.852653490582 
1705, 764.505262375981 
1706, 778.420556944347 
1707, 781.825534535594 
1708, 782.383155678241 
1709, 785.781260433563 
1710, 782.094564238883 
1711, 785.984084191678 
1712, 796.087480016044 
1713, 806.99576456095 
1714, 819.77020970628 
1715, 833.788982613372 
1716, 844.063396067853 
1717, 843.7137605012 
1718, 847.57451192376 
1719, 853.31153053539 
1720, 854.874621881511 
1721, 858.885038534964 
1722, 861.042409068717 
1723, 860.323850023928 
1724, 863.286045815849 
1725, 869.515104675335 
1726, 877.031900716032 
1727, 884.127854275984 
1728, 890.148785963535 
1729, 894.053002754911 
1730, 897.626706400418 
1731, 903.405036022303 
1732, 907.361032341195 
1733, 908.85484459006 
1734, 909.889309009139 
1735, 911.20238995805 
1736, 916.165706629196 
1737, 929.345586920808 
1738, 941.672717953581 
1739, 952.906853300049 
1740, 962.127800993542 
1741, 965.148352165094 
1742, 970.78049817393 
1743, 972.635516879495 
1744, 979.048625064083 
1745, 989.153066099192 
1746, 988.064765470611 
1747, 993.483796251733 
1748, 1000.11098852258 
1749, 997.449652038432 
1750, 1005.07635079345 
1751, 1015.57783050707 
1752, 1018.04162838059 
1753, 1026.60043260803 
1754, 1032.23851547821 
1755, 1028.88142974123 
1756, 1031.18400826465 
1757, 1032.2949796048 
1758, 1033.30599553719 
1759, 1039.65914663729 
1760, 1039.58478149094 
1761, 1035.16175147503 
1762, 1032.98009360922 
1763, 1030.21648379268 
1764, 1027.98160496781 
1765, 1029.39354880838 
1766, 1027.89377574218 
1767, 1022.22712112459 
1768, 1019.85935911631 
1769, 1019.3402744545 
1770, 1016.45823496278 
1771, 1015.97933101113 
1772, 1011.55612107705 
1773, 1003.39223104177 
1774, 993.902679389725 
1775, 980.928428783167 
1776, 971.390402530593 
1777, 962.107541826952 
1778, 952.915615209571 
1779, 943.056491344147 
1780, 936.103569241986 
1781, 931.30465435449 
1782, 923.95178265684 
1783, 918.868561103839 
1784, 913.612914967129 
1785, 904.874401388377 
1786, 900.560332727603 
1787, 903.547516704842 
1788, 896.894618918343 
1789, 890.988698891839 
1790, 872.352216878023 
1791, 838.962502586562 
1792, 813.524095810492 
1793, 784.614877787657 
1794, 756.924329820287 
1795, 734.27487145219 
1796, 705.611114383073 
1797, 675.320899969723 
1798, 638.811750062715 
1799, 608.201790458374 
1800, 581.367530015668 
1801, 3439.96724485043 
1802, 3257.88968848001 
1803, 3129.30395221806 
1804, 3021.58009930181 
1805, 2943.63572320021 
1806, 2896.81396678307 
1807, 2855.91394740596 
1808, 2777.92607945457 
1809, 2689.35319975912 
1810, 2590.11464419313 
1811, 2451.17929094121 
1812, 2340.54939114734 
1813, 2248.46305423609 
1814, 2130.67768065528 
1815, 1999.99946181488 
1816, 1872.73730334373 
1817, 1754.45460012506 
1818, 1655.4382274745 
1819, 1568.80236934874 
1820, 1523.76055771093 
1821, 1460.45515092401 
1822, 1399.78218546001 
1823, 1329.26631415763 
1824, 1261.3623429331 
1825, 1197.9607549375 
1826, 1126.93382342222 
1827, 1028.46886072498 
1828, 925.327907849257 
1829, 801.388970977027 
1830, 687.644116315429 
1831, 550.145051573268 
1832, 459.095818008595 
1833, 388.939486396904 
1834, 329.772720759864 
1835, 308.198955999602 
1836, 264.793225387236 
1837, 228.791892421095 
1838, 202.056463082084 
1839, 184.049230150005 
1840, 182.761498529982 
1841, 185.839803501172 
1842, 194.775586365802 
1843, 209.024233887925 
1844, 233.106583683328 
1845, 238.346452579628 
1846, 246.244082510125 
1847, 267.648288073876 
1848, 276.613873144891 
1849, 268.193291512946 
1850, 255.236370116366 
1851, 230.967089003623 
1852, 194.688973127482 
1853, 174.342508829616 
1854, 187.822648455802 
1855, 211.882879907456 
1856, 239.834689617122 
1857, 250.835603424651 
1858, 236.101954008692 
1859, 246.591762640787 
1860, 258.980334735962 
1861, 280.768292113408 
1862, 330.892052900689 
1863, 389.202567471572 
1864, 420.250991420854 
1865, 431.281507999941 
1866, 416.024097682938 
1867, 395.186631608167 
1868, 345.630142736096 
1869, 301.015231484378 
1870, 266.582609029693 
1871, 234.411511839549 
1872, 180.024041252691 
1873, 161.183592806078 
1874, 153.9775650737 
1875, 127.405154655974 
1876, 148.050238256763 
1877, 203.061412926265 
1878, 244.570164268812 
1879, 301.005649493146 
1880, 354.698491697889 
1881, 414.112672708862 
1882, 446.127749795545 
1883, 489.550470387003 
1884, 530.677439006236 
1885, 543.589879150673 
1886, 542.389020513085 
1887, 541.712719261708 
1888, 529.742787743513 
1889, 518.825606959686 
1890, 526.724049901547 
1891, 520.400758548583 
1892, 507.520805861081 
1893, 491.966503868406 
1894, 464.334002201563 
1895, 428.6283566322 
1896, 393.088543393498 
1897, 350.45197002184 
1898, 329.930115279916 
1899, 304.705933423711 
1900, 275.540880262748 
1901, 247.953090759476 
1902, 218.239246045666 
1903, 182.09802777898 
1904, 144.626732644767 
1905, 114.433533490735 
1906, 115.228084244821 
1907, 127.323542496055 
1908, 160.409128391922 
1909, 179.535816356006 
1910, 177.955050683615 
1911, 181.949589734714 
1912, 162.601183281362 
1913, 156.807796984978 
1914, 158.752377562221 
1915, 170.299568157059 
1916, 170.787417639397 
1917, 209.613820575938 
1918, 248.618673368944 
1919, 274.223135815804 
1920, 313.182976179835 
1921, 357.376493944398 
1922, 384.485474498764 
1923, 404.582784144232 
1924, 422.320138343616 
1925, 435.059432372303 
1926, 435.300480791271 
1927, 418.751005246371 
1928, 407.701000240611 
1929, 399.131096487312 
1930, 371.377237320056 
1931, 367.222047697923 
1932, 397.495862929512 
1933, 414.013849106515 
1934, 445.468736658787 
1935, 450.366408661467 
1936, 444.173864116849 
1937, 428.990762820028 
1938, 412.801339273043 
1939, 421.578518765221 
1940, 447.023247499049 
1941, 464.871569464853 
1942, 472.993256275726 
1943, 470.082955074564 
1944, 478.973959424962 
1945, 495.707134148412 
1946, 499.067885447815 
1947, 514.315529413562 
1948, 513.525725194005 
1949, 494.484416844703 
1950, 463.221190460344 
1951, 463.525187717385 
1952, 435.865409704005 
1953, 393.06702667502 
1954, 359.027032254505 
1955, 339.715558510321 
1956, 320.000024906149 
1957, 305.401333571327 
1958, 309.632966791852 
1959, 313.74648851425 
1960, 324.85946410832 
1961, 308.106644013731 
1962, 304.368489915887 
1963, 325.025207885187 
1964, 345.772130836978 
1965, 385.005454476422 
1966, 418.829113517853 
1967, 476.994221412619 
1968, 510.612460311182 
1969, 518.664513329441 
1970, 543.709116094939 
1971, 579.877587575854 
1972, 605.953980382012 
1973, 628.103275163005 
1974, 659.849474175856 
1975, 685.24475228864 
1976, 703.286386547507 
1977, 708.024620303522 
1978, 704.785735720756 
1979, 710.489559632838 
1980, 709.536128444001 
1981, 706.656602477702 
1982, 709.8487168233 
1983, 713.892717527471 
1984, 710.576521831535 
1985, 709.840175283036 
1986, 706.466974708994 
1987, 722.997213265289 
1988, 738.924889010868 
1989, 745.295590688487 
1990, 750.332900182267 
1991, 765.733905974223 
1992, 759.920898100565 
1993, 744.998511854209 
1994, 713.185594847089 
1995, 673.469249871535 
1996, 616.424830371234 
1997, 524.635861592576 
1998, 450.335569790371 
1999, 374.239091290775 
2000, 311.39502492848 
2001, 269.17642819439 
2002, 224.623570875432 
2003, 180.999892043361 
2004, 125.951656562757 
2005, 100.532858461301 
2006, 82.8166852142796 
2007, 82.923194287931 
2008, 122.378323801938 
2009, 144.173377299131 
2010, 174.98217266981 
2011, 194.257422034711 
2012, 200.209512613999 
2013, 195.034853931255 
2014, 202.452681809731 
2015, 201.835674953868 
2016, 216.32787713403 
2017, 242.510828407102 
2018, 272.859682778475 
2019, 312.334728186934 
2020, 348.9702165426 
2021, 391.954877820316 
2022, 430.575503677341 
2023, 463.567511025649 
2024, 503.91815628156 
2025, 543.264671467667 
2026, 581.684720648698 
2027, 601.899950904359 
2028, 603.168193519965 
2029, 621.497530082819 
2030, 633.511016654262 
2031, 654.10159760846 
2032, 695.08016042791 
2033, 717.771272747862 
2034, 730.260852154446 
2035, 742.651377324127 
2036, 749.565274843736 
2037, 757.745800658506 
2038, 762.712285222471 
2039, 769.355139576112 
2040, 779.291152661888 
2041, 796.982947068425 
2042, 797.3646687811 
2043, 796.161795250106 
2044, 785.021331880038 
2045, 756.599116598413 
2046, 732.983859779849 
2047, 702.129898314005 
2048, 681.479516026309 
2049, 675.378524646835 
2050, 649.227709634786 
2051, 616.488650956614 
2052, 582.398355923777 
2053, 535.14302885125 
2054, 489.613432695407 
2055, 478.238707738638 
2056, 495.896018943193 
2057, 501.922138739907 
2058, 530.488031487864 
2059, 541.374897305148 
2060, 540.285751130774 
2061, 547.859736154057 
2062, 553.187643373346 
2063, 562.852267447598 
2064, 583.20946141245 
2065, 593.609091229444 
2066, 587.717241649467 
2067, 604.454658266404 
2068, 627.293084131516 
2069, 652.765324930356 
2070, 678.819784374361 
2071, 723.044215508201 
2072, 750.56906833406 
2073, 756.946678031605 
2074, 790.169835043124 
2075, 833.446088255831 
2076, 880.231082462735 
2077, 954.177535861407 
2078, 1002.42269523843 
2079, 1045.48255247917 
2080, 1079.47529852196 
2081, 1102.86766459917 
2082, 1108.49091312451 
2083, 1124.32975357804 
2084, 1136.21344028039 
2085, 1149.97403393952 
2086, 1170.29638140121 
2087, 1178.70768256893 
2088, 1174.38036659137 
2089, 1183.95822040847 
2090, 1187.57534721302 
2091, 1202.6060745758 
2092, 1231.68614917228 
2093, 1260.55315164021 
2094, 1304.23186792185 
2095, 1332.92438627861 
2096, 1356.0248207289 
2097, 1381.49287724763 
2098, 1395.96802921203 
2099, 1389.53201136087 
2100, 1405.47056150233 
2101, 1423.69193275374 
2102, 1449.87398205283 
2103, 1493.30913126829 
2104, 1523.00012627082 
2105, 1553.4441458277 
2106, 1578.78547648107 
2107, 1593.78096880516 
2108, 1614.98317134702 
2109, 1636.90840939252 
2110, 1659.52731239147 
2111, 1683.26927728634 
2112, 1708.50234654107 
2113, 1727.17977483566 
2114, 1758.56643316506 
2115, 1785.27984881364 
2116, 1816.02795707985 
2117, 1838.11166373787 
2118, 1855.26654277232 
2119, 1873.99929450066 
2120, 1886.16644122292 
2121, 1905.12389140155 
2122, 1928.93294613588 
2123, 1953.5286595962 
2124, 1981.12781875673 
2125, 2007.76052464581 
2126, 2031.6789204895 
2127, 2060.78180981037 
2128, 2097.78362035443 
2129, 2123.38153705578 
2130, 2160.14785702753 
2131, 2209.07092143846 
2132, 2237.83152377879 
2133, 2263.13147846077 
2134, 2285.15151431191 
2135, 2295.23230846984 
2136, 2306.79494525483 
2137, 2317.73741532424 
2138, 2326.43004431444 
2139, 2324.30362238168 
2140, 2333.56014039426 
2141, 2348.57433307971 
2142, 2365.16008616631 
2143, 2388.8538684667 
2144, 2409.67116150251 
2145, 2434.72425370044 
2146, 2452.7765089087 
2147, 2463.82920170625 
2148, 2473.20773255183 
2149, 2497.92086427242 
2150, 2528.24868854677 
2151, 2553.55518687883 
2152, 2588.52445545568 
2153, 2620.75719409098 
2154, 2659.00881504431 
2155, 2671.464776531 
2156, 2677.67622418945 
2157, 2677.50200443947 
2158, 2642.4995954759 
2159, 2629.5138286509 
2160, 2624.18572449248 
2161, 2626.55429272605 
2162, 2633.79892968916 
2163, 2646.31689645921 
2164, 2674.39420554494 
2165, 2695.62646587452 
2166, 2718.6184155573 
2167, 2743.77019297727 
2168, 2766.4378145725 
2169, 2788.33840478431 
2170, 2810.17714265255 
2171, 2828.30324813571 
2172, 2854.54702110107 
2173, 2881.20807692806 
2174, 2913.13777314793 
2175, 2966.51547088967 
2176, 2990.97380534938 
2177, 3000.73618458621 
2178, 3016.13125096847 
2179, 3023.57641369341 
2180, 3023.14552009447 
2181, 3016.24384575793 
2182, 3017.46553363276 
2183, 3012.8180374285 
2184, 3002.48567948631 
2185, 3017.45667566451 
2186, 3037.37058058409 
2187, 3060.59886802389 
2188, 3092.10851839662 
2189, 3114.9402132418 
2190, 3145.79335357603 
2191, 3160.61959085353 
2192, 3161.52746947026 
2193, 3167.68951314384 
2194, 3176.07035713395 
2195, 3169.49891246544 
2196, 3163.31833965831 
2197, 3139.77452850727 
2198, 3082.69887638341 
2199, 3049.12735395225 
2200, 2999.45664955684 
2201, 2984.25722824532 
2202, 2993.83070119553 
2203, 3014.47502472378 
2204, 3068.13274086288 
2205, 3116.28506605591 
2206, 3156.564452938 
2207, 3185.77548854047 
2208, 3225.55652537667 
2209, 3262.69081459318 
2210, 3289.83279772903 
2211, 3328.5513103532 
2212, 3344.47261234284 
2213, 3329.98048778577 
2214, 3335.78655156708 
2215, 3348.81211055605 
2216, 3351.56969853054 
2217, 3352.88388171838 
2218, 3353.55821226929 
2219, 3348.29980182785 
2220, 3339.61890349429 
2221, 3327.51096180592 
2222, 3321.00863374526 
2223, 3311.76032670101 
2224, 3303.75198324688 
2225, 3308.09530647539 
2226, 3300.56320203825 
2227, 3288.03495194995 
2228, 3267.56133542427 
2229, 3239.49182922725 
2230, 3218.10699965794 
2231, 3193.36226410098 
2232, 3167.8785540569 
2233, 3139.87387013701 
2234, 3106.48574260756 
2235, 3083.60546516591 
2236, 3063.86338100401 
2237, 3040.72287205539 
2238, 3023.82133383767 
2239, 3003.25223056556 
2240, 2974.73107482464 
2241, 2952.28952046195 
2242, 2940.26027218485 
2243, 2916.91275296952 
2244, 2892.5808624896 
2245, 2861.90166006934 
2246, 2820.83667847156 
2247, 2780.49644655812 
2248, 2733.16849215449 
2249, 2687.8706522353 
2250, 2641.05916149509 
2251, 2598.87264965428 
2252, 2558.47054633609 
2253, 2525.66281503571 
2254, 2478.69010256578 
2255, 2441.40864067603 
2256, 2372.75422733624 
2257, 2294.6494665567 
2258, 2233.89928904775 
2259, 2164.05753854634 
2260, 2113.56116460754 
2261, 2087.56083130709 
2262, 2047.97787298539 
2263, 2006.87180097525 
2264, 1969.98403888468 
2265, 1932.09342654647 
2266, 1899.82163676202 
2267, 1882.92256706791 
2268, 1845.98099784706 
2269, 1798.72690131012 
2270, 1753.85850894123 
2271, 1687.81443886543 
2272, 1647.07766240351 
2273, 1623.56403256998 
2274, 1601.20429741485 
2275, 1594.3672688939 
2276, 1578.31510626418 
2277, 1555.98443474552 
2278, 1540.19187660667 
2279, 1529.77892869297 
2280, 1513.95601640995 
2281, 1499.47478204788 
2282, 1486.44810590919 
2283, 1458.9040037823 
2284, 1428.73051813971 
2285, 1424.35534546207 
2286, 1414.99335511589 
2287, 1398.26942145749 
2288, 1385.6406159583 
2289, 1364.88070978854 
2290, 1330.16643082566 
2291, 1298.95738222935 
2292, 1273.308728426 
2293, 1238.18735118519 
2294, 1189.6859620687 
2295, 1147.05124495346 
2296, 1102.46620697266 
2297, 1063.36820485854 
2298, 1018.7415845379 
2299, 994.370488715646 
2300, 984.508793765482 
2301, 971.093073626872 
2302, 971.787842912485 
2303, 963.334526326436 
2304, 942.349234857086 
2305, 938.134975916777 
2306, 942.174600393979 
2307, 947.11736664418 
2308, 967.758519966487 
2309, 977.244516166344 
2310, 991.033073793272 
2311, 986.504681377177 
2312, 966.827013725061 
2313, 942.956726599882 
2314, 911.24289479416 
2315, 864.57540377101 
2316, 807.506564788063 
2317, 777.214318992195 
2318, 754.568256456254 
2319, 742.637244347253 
2320, 741.482408998253 
2321, 746.642431350995 
2322, 744.32389282122 
2323, 727.693320272889 
2324, 727.858480532902 
2325, 727.687130608537 
2326, 728.180355078997 
2327, 749.074807720394 
2328, 753.806327433891 
2329, 758.313376560261 
2330, 750.116357674276 
2331, 724.233643391839 
2332, 719.985840391824 
2333, 725.741256145843 
2334, 718.328095884097 
2335, 715.666939581786 
2336, 707.226737329476 
2337, 681.219102479382 
2338, 667.57559236366 
2339, 673.734738555045 
2340, 653.534292773771 
2341, 611.553141350179 
2342, 585.780175634517 
2343, 546.535599536689 
2344, 531.598913823777 
2345, 548.295512720494 
2346, 542.923735602205 
2347, 535.065835226129 
2348, 530.72874437976 
2349, 517.29590878886 
2350, 505.743570704638 
2351, 503.18400529503 
2352, 494.589935073908 
2353, 475.076023917903 
2354, 466.613719761506 
2355, 466.717046586315 
2356, 461.289930293382 
2357, 454.026943130964 
2358, 449.946639314068 
2359, 445.555802505226 
2360, 443.156490621807 
2361, 452.358933494977 
2362, 449.565616444918 
2363, 443.42057020417 
2364, 428.646555427656 
2365, 402.395343266432 
2366, 370.752904488141 
2367, 361.156307582108 
2368, 348.103953972186 
2369, 347.295968631031 
2370, 359.959303484566 
2371, 359.635965661129 
2372, 358.683420305475 
2373, 347.910037679447 
2374, 337.017353691783 
2375, 332.689711421368 
2376, 334.081385460017 
2377, 344.375714740673 
2378, 357.92261002177 
2379, 375.921705817454 
2380, 392.206541673571 
2381, 407.13255378231 
2382, 416.67870010788 
2383, 397.497488760374 
2384, 360.328040715511 
2385, 329.244565649126 
2386, 314.533759968444 
2387, 311.159325596886 
2388, 309.045712896597 
2389, 324.452440106077 
2390, 325.260144020466 
2391, 324.159446656189 
2392, 345.566095393873 
2393, 343.287454981029 
2394, 333.840337172274 
2395, 337.279606971224 
2396, 341.422049818148 
2397, 343.140777770112 
2398, 352.574596909811 
2399, 355.675630794381 
2400, 343.351567700024 
2401, 334.233722459363 
2402, 315.489512508189 
2403, 293.452036189943 
2404, 275.305135892307 
2405, 263.674787645771 
2406, 254.974953424753 
2407, 254.930247819434 
2408, 273.384468493968 
2409, 269.182778827837 
2410, 256.022344657966 
2411, 247.525472916184 
2412, 227.65759106039 
2413, 216.495869721656 
2414, 214.861748206802 
2415, 210.054990386113 
2416, 200.801311106756 
2417, 194.339192566948 
2418, 192.388321441781 
2419, 195.308160233238 
2420, 201.779674893587 
2421, 207.409883307755 
2422, 216.851796298201 
2423, 215.717933632426 
2424, 204.495860999956 
2425, 212.386400386012 
2426, 227.617946122372 
2427, 236.628431430881 
2428, 260.730032665583 
2429, 252.330388160281 
2430, 218.110243249978 
2431, 204.08202311061 
2432, 188.325165587695 
2433, 175.003556975583 
2434, 163.339780318867 
2435, 161.734568336885 
2436, 165.336425645487 
2437, 162.044249059179 
2438, 166.959711586386 
2439, 162.017964855402 
2440, 147.111093318987 
2441, 138.090254896675 
2442, 123.976679663676 
2443, 137.924853013711 
2444, 166.041882437118 
2445, 179.490664872608 
2446, 192.162922188257 
2447, 180.809826026472 
2448, 158.473464428484 
2449, 127.152859094503 
2450, 110.083154954471 
2451, 101.352485971879 
2452, 100.071509552161 
2453, 135.073200443413 
2454, 168.393531137484 
2455, 184.212453770026 
2456, 199.617117690019 
2457, 182.933331115417 
2458, 169.815237367232 
2459, 161.999553268626 
2460, 142.900756024912 
2461, 131.48095605728 
2462, 111.13853649065 
2463, 96.0065487027197 
2464, 86.4757111224501 
2465, 87.4709100661404 
2466, 99.8713204881465 
2467, 104.390920669571 
2468, 97.9889223727329 
2469, 83.2697705864583 
2470, 82.2583295675511 
2471, 75.8454227582267 
2472, 77.4611793749834 
2473, 98.3192826747255 
2474, 86.2338206245523 
2475, 77.2907757676553 
2476, 100.820774152738 
2477, 116.20074171389 
2478, 118.14688996169 
2479, 140.556810304011 
2480, 143.342276636168 
2481, 117.006093563887 
2482, 121.742947509395 
2483, 112.266928869674 
2484, 84.6927308781526 
2485, 66.9813943175232 
2486, 43.4968390608455 
2487, 41.0832321466552 
2488, 44.804053685558 
2489, 46.7491296573153 
2490, 66.7938991868134 
2491, 66.8419610290495 
2492, 57.1823093541566 
2493, 69.0703541478499 
2494, 76.1294206507427 
2495, 73.9454474053187 
2496, 72.1980059328912 
2497, 51.7772206893798 
2498, 56.698301834881 
2499, 90.9352331440844 
2500, 98.7031065017936 
