Wavelength,0212202100150.asd
350, 2136.14438704706 
351, 2246.12937862241 
352, 2347.09849166189 
353, 2432.37205764913 
354, 2516.20941481536 
355, 2604.14777865074 
356, 2696.60763682244 
357, 2786.47564738511 
358, 2881.91523542341 
359, 2984.29557352032 
360, 3094.84659977776 
361, 3233.42108963961 
362, 3391.12534604433 
363, 3560.0804544839 
364, 3735.49053853432 
365, 3910.45185232317 
366, 4076.91030577151 
367, 4224.29511074638 
368, 4338.49570153244 
369, 4403.95949289116 
370, 4426.0192312442 
371, 4420.03626941578 
372, 4400.60205657116 
373, 4391.84826674396 
374, 4397.92379205712 
375, 4408.22320260198 
376, 4418.29999660061 
377, 4424.33657255176 
378, 4415.44827400641 
379, 4371.75689230617 
380, 4319.54759341951 
381, 4261.17583252559 
382, 4193.39324639368 
383, 4113.38652357591 
384, 4031.05862579001 
385, 3973.01473552089 
386, 3972.4644072564 
387, 4052.63859953015 
388, 4169.17301694141 
389, 4272.07565340434 
390, 4317.77870965551 
391, 4365.15183861378 
392, 4411.87198950079 
393, 4450.45247693023 
394, 4481.79890514812 
395, 4573.20978365594 
396, 4755.12470142624 
397, 5039.21489024798 
398, 5438.67006962597 
399, 5891.53352143039 
400, 6354.96644307712 
401, 6807.68297233789 
402, 7236.12394898947 
403, 7589.74329513985 
404, 7846.80334687713 
405, 8044.7508083394 
406, 8199.7690397024 
407, 8338.48200833513 
408, 8492.25189854133 
409, 8699.40286286498 
410, 8950.35265432615 
411, 9228.91114755134 
412, 9515.5022362821 
413, 9802.17777022768 
414, 10086.3222764065 
415, 10359.0555480226 
416, 10597.7130802625 
417, 10826.4894021988 
418, 11059.7590713259 
419, 11299.1682795245 
420, 11509.0356821052 
421, 11721.8870427346 
422, 11954.5349322435 
423, 12205.5237721005 
424, 12435.859338782 
425, 12616.6185756711 
426, 12722.646164784 
427, 12728.7606306656 
428, 12679.3378566049 
429, 12688.1511740083 
430, 12845.8378145567 
431, 13071.741865259 
432, 13371.058058505 
433, 13814.53919605 
434, 14490.0861312264 
435, 15203.6312028885 
436, 15749.0319519797 
437, 16085.3104960698 
438, 16440.4492959601 
439, 16804.2099674237 
440, 17147.2555076101 
441, 17458.8215217851 
442, 17862.0249468785 
443, 18285.461344472 
444, 18674.2100356095 
445, 18994.8244637896 
446, 19248.7883946136 
447, 19477.5252219676 
448, 19723.3849298383 
449, 20025.1366218853 
450, 20277.4538232012 
451, 20411.9251915397 
452, 20404.6892095914 
453, 20352.4487052516 
454, 20236.8623463892 
455, 20089.4454244075 
456, 19986.6406534812 
457, 19960.0020899586 
458, 19963.4356690852 
459, 19947.7639408523 
460, 19890.5945291049 
461, 19809.9116629107 
462, 19723.390587795 
463, 19637.9622920943 
464, 19508.4145428188 
465, 19306.5799949746 
466, 19055.6586339798 
467, 18828.1815696943 
468, 18635.2550158141 
469, 18489.2343256651 
470, 18396.9490124561 
471, 18363.6476495122 
472, 18340.5327640826 
473, 18332.3024808739 
474, 18358.1402092788 
475, 18347.7701633656 
476, 18324.5638968765 
477, 18311.1558426169 
478, 18317.9819891266 
479, 18375.4437683042 
480, 18458.2269033617 
481, 18518.9703102796 
482, 18504.8456457952 
483, 18368.1833091614 
484, 18078.997217718 
485, 17644.822741726 
486, 17227.0604146758 
487, 16931.3923202065 
488, 16843.146739475 
489, 17039.4875379538 
490, 17350.5258812332 
491, 17606.3864032272 
492, 17697.9216811544 
493, 17731.4165378566 
494, 17778.6655647591 
495, 17875.1332562661 
496, 18013.0773635338 
497, 18055.3980995201 
498, 18003.9524776389 
499, 17889.6764841821 
500, 17738.4842034402 
501, 17618.5532722678 
502, 17566.4775184838 
503, 17603.5136014826 
504, 17763.2097817654 
505, 17988.8031033385 
506, 18220.3045112348 
507, 18404.1176556633 
508, 18545.2213639348 
509, 18656.049714052 
510, 18758.6460460925 
511, 18898.6893871466 
512, 18995.9868115067 
513, 19014.5255514899 
514, 18946.400325315 
515, 18790.0467261458 
516, 18578.1629062212 
517, 18370.4154995946 
518, 18251.9455948035 
519, 18406.2634022096 
520, 18849.0910053183 
521, 19474.0053929765 
522, 19996.0048371869 
523, 20383.6790738392 
524, 20654.2268005823 
525, 20857.1134709273 
526, 20941.9944830666 
527, 20973.9177339671 
528, 21081.8231684919 
529, 21503.5241205069 
530, 22052.6105941697 
531, 22514.4917485677 
532, 22714.591480248 
533, 22781.6459208898 
534, 22883.8581796766 
535, 23111.7715802391 
536, 23459.0005412667 
537, 23708.8979635089 
538, 23823.547997353 
539, 23836.3856827961 
540, 23827.805156553 
541, 23847.1569625429 
542, 23966.1182557172 
543, 24242.2903356717 
544, 24562.5026111063 
545, 24841.821861082 
546, 25034.7840815054 
547, 25146.9434498008 
548, 25222.011471274 
549, 25308.5724884176 
550, 25437.1300639572 
551, 25571.6512423562 
552, 25677.296866785 
553, 25755.3155605045 
554, 25834.8500969343 
555, 25893.7483948919 
556, 25869.0495357813 
557, 25725.6872951834 
558, 25486.5321340482 
559, 25281.7359941686 
560, 25188.3335911699 
561, 25233.7061739557 
562, 25347.78832396 
563, 25412.760510072 
564, 25371.5605173015 
565, 25244.3533834159 
566, 25066.1342645623 
567, 24884.9273161207 
568, 24729.2122670839 
569, 24567.4955820775 
570, 24360.4802652962 
571, 24165.5655911962 
572, 24091.2446756101 
573, 24109.8949708059 
574, 24099.979301162 
575, 23985.2569625231 
576, 23780.0451693438 
577, 23592.3157601415 
578, 23494.145020546 
579, 23524.8425937556 
580, 23654.7547648839 
581, 23878.4766213861 
582, 24148.7188883988 
583, 24380.0491494693 
584, 24527.3859350222 
585, 24529.1109012353 
586, 24377.5891386332 
587, 24186.0183779791 
588, 23942.0390232232 
589, 23607.5895401164 
590, 23187.9197611806 
591, 23040.2212945143 
592, 23150.7521842795 
593, 23353.2721693816 
594, 23342.4678181495 
595, 23223.8667238942 
596, 23059.330211081 
597, 22891.0056486375 
598, 22709.0664883414 
599, 22480.457906896 
600, 22226.9908179618 
601, 22007.8246860214 
602, 21836.8477886565 
603, 21745.7939190107 
604, 21734.434947124 
605, 21753.5716061303 
606, 21707.0840029529 
607, 21588.6562335397 
608, 21434.06624051 
609, 21281.465934734 
610, 21136.6173786327 
611, 21006.6397009511 
612, 20899.2761455731 
613, 20784.7288936024 
614, 20649.3972014424 
615, 20500.8084844278 
616, 20382.7445068028 
617, 20311.6499594438 
618, 20313.8714615767 
619, 20400.5204180973 
620, 20492.6595720661 
621, 20505.0059376475 
622, 20406.3482180738 
623, 20232.3576897699 
624, 20035.5962466517 
625, 19849.8219199334 
626, 19690.4853422 
627, 19543.2372163642 
628, 19394.6757628713 
629, 19255.2489429616 
630, 19156.7686143261 
631, 19167.9288135966 
632, 19243.4676839083 
633, 19338.2779919339 
634, 19436.327298787 
635, 19511.6721792847 
636, 19564.444687028 
637, 19601.7946535221 
638, 19617.9234665685 
639, 19593.2483725363 
640, 19510.9500071754 
641, 19365.5923299976 
642, 19253.2606415788 
643, 19188.1225129871 
644, 19146.6982495875 
645, 19065.0546342008 
646, 18935.9404757656 
647, 18774.4192757962 
648, 18611.3629129416 
649, 18482.1302690156 
650, 18385.0618018418 
651, 18336.0357976917 
652, 18363.7146987587 
653, 18326.7743805976 
654, 18126.0944812248 
655, 17743.8909814258 
656, 17296.3581898987 
657, 16976.1589471534 
658, 16985.0003730342 
659, 17423.5786367657 
660, 17868.7620251469 
661, 18124.9389518813 
662, 18178.1702112942 
663, 18202.2248076798 
664, 18184.2353439802 
665, 18155.892767084 
666, 18144.0032636264 
667, 18148.5413402054 
668, 18141.8785013022 
669, 18124.2543357229 
670, 18108.3664829835 
671, 18069.3411188921 
672, 18024.400880598 
673, 17996.399177184 
674, 18009.0732757275 
675, 18031.130683907 
676, 18046.8322201407 
677, 18051.3433128627 
678, 18060.5372869673 
679, 18063.4363017386 
680, 18058.4619055947 
681, 18049.0292694405 
682, 18035.1406763134 
683, 17991.7364048488 
684, 17838.4978621432 
685, 17425.2190667542 
686, 16687.3891884465 
687, 15693.1259541521 
688, 14687.9790369275 
689, 14274.1689189222 
690, 14577.826085512 
691, 15323.153311394 
692, 15995.8971253856 
693, 16576.832849678 
694, 16991.0636236022 
695, 17239.0576800326 
696, 17421.0740985353 
697, 17581.2647685741 
698, 17691.1468810652 
699, 17714.0079643422 
700, 17666.2115995568 
701, 17620.0189243069 
702, 17623.3728960991 
703, 17701.1317932167 
704, 17853.1259855762 
705, 18031.1072987354 
706, 18185.0759560901 
707, 18272.5795099512 
708, 18345.6312662583 
709, 18412.6404328526 
710, 18471.1385021062 
711, 18524.5825683202 
712, 18563.6376411155 
713, 18577.2559973323 
714, 18547.9209826936 
715, 18437.7992156185 
716, 18164.5091536061 
717, 17692.16590929 
718, 17050.9206547381 
719, 16523.5335423527 
720, 16333.9593604873 
721, 16563.7396183127 
722, 17038.2693815042 
723, 17361.6254004541 
724, 17400.9949886324 
725, 17233.840167923 
726, 17191.4608795596 
727, 17244.3168654826 
728, 17328.0923285747 
729, 17383.8373483735 
730, 17513.6064952955 
731, 17741.8132709551 
732, 18054.4381396247 
733, 18403.0578224957 
734, 18705.71824587 
735, 18902.8240033549 
736, 18969.2890161433 
737, 18960.4997883546 
738, 18941.1096623173 
739, 18927.1119179129 
740, 18895.2052955295 
741, 18892.0360792254 
742, 18925.7206270336 
743, 18990.7910474215 
744, 19073.2616959214 
745, 19128.317819411 
746, 19152.2598608281 
747, 19153.6938559961 
748, 19130.5057597682 
749, 19067.8797374584 
750, 18980.5473880367 
751, 18902.7821759094 
752, 18861.2870828576 
753, 18849.4087709324 
754, 18847.627298766 
755, 18825.5126164084 
756, 18730.3891454675 
757, 18335.0070440047 
758, 17271.3717479155 
759, 14907.2173208111 
760, 11427.6456698752 
761, 8018.08024634017 
762, 6108.47901849777 
763, 6086.47733561649 
764, 7078.22567182184 
765, 8639.98414710564 
766, 10719.2361528033 
767, 12990.9329333321 
768, 14964.1695130868 
769, 16336.7782404321 
770, 17106.1147982547 
771, 17485.7143566756 
772, 17632.8898463909 
773, 17667.7317801901 
774, 17657.3406364294 
775, 17610.2059463332 
776, 17548.801289605 
777, 17490.8814564878 
778, 17413.7199224205 
779, 17322.5312602481 
780, 17230.4674124255 
781, 17152.9274995417 
782, 17071.6821025305 
783, 16976.3132245781 
784, 16866.7312956254 
785, 16756.171797354 
786, 16646.0511960145 
787, 16518.6442009093 
788, 16358.778698014 
789, 16170.8338567455 
790, 15974.7785542747 
791, 15779.1562496252 
792, 15588.2286319933 
793, 15410.3935454919 
794, 15266.8072696805 
795, 15168.8275360588 
796, 15114.6069490256 
797, 15075.0673778252 
798, 15013.8472482614 
799, 14911.0269207018 
800, 14769.7848701437 
801, 14612.5265948794 
802, 14467.2705760698 
803, 14347.1443997084 
804, 14231.7774283043 
805, 14134.5467226666 
806, 14045.3437664622 
807, 13944.5033855916 
808, 13811.8432816929 
809, 13643.7866103267 
810, 13451.2270012226 
811, 13245.7818709769 
812, 12997.3958789388 
813, 12668.786851183 
814, 12257.301368126 
815, 11800.0986798727 
816, 11380.8148746443 
817, 11060.2821468216 
818, 10874.4784477775 
819, 10830.4831830315 
820, 10832.1058075606 
821, 10806.2764821572 
822, 10723.6129686628 
823, 10626.4425305038 
824, 10565.0638450419 
825, 10584.2751578418 
826, 10672.7913569212 
827, 10661.2248468945 
828, 10544.8423213627 
829, 10383.6815600661 
830, 10262.7449103719 
831, 10189.3289347125 
832, 10138.1733744825 
833, 10098.5415581476 
834, 10074.3982316365 
835, 10067.5323828984 
836, 10068.0070635105 
837, 10057.7568438195 
838, 10013.6767052073 
839, 9943.86905313014 
840, 9857.68558844586 
841, 9762.51265841829 
842, 9660.87970135632 
843, 9555.17366686768 
844, 9449.53550597869 
845, 9346.37065752406 
846, 9245.8088446997 
847, 9123.35646578591 
848, 8972.90953037288 
849, 8800.94081406894 
850, 8630.4611519303 
851, 8432.11050252479 
852, 8226.06489729085 
853, 8052.70295676745 
854, 7924.90550890138 
855, 7820.50135471633 
856, 7768.26667662603 
857, 7812.17361380169 
858, 7886.78706062559 
859, 7900.69352542179 
860, 7837.73854321043 
861, 7748.87079328715 
862, 7642.71287901308 
863, 7507.64822792677 
864, 7344.35843334611 
865, 7171.66899332267 
866, 7010.63374072112 
867, 6873.96522727838 
868, 6781.39375575591 
869, 6762.0327683844 
870, 6772.86878645831 
871, 6759.72715412031 
872, 6697.16910244223 
873, 6612.9639426243 
874, 6522.63003294667 
875, 6431.53741572759 
876, 6341.0237869054 
877, 6252.25444466965 
878, 6166.75787949038 
879, 6082.1510044459 
880, 5996.29460090616 
881, 5911.20896054714 
882, 5826.93504570141 
883, 5746.43195921885 
884, 5671.26978720452 
885, 5596.42136499663 
886, 5515.99521864733 
887, 5431.50183740555 
888, 5347.48101730376 
889, 5265.99197526845 
890, 5184.91183751558 
891, 5095.6008136806 
892, 4987.14164062529 
893, 4853.06989787286 
894, 4698.05349711577 
895, 4526.26077701318 
896, 4343.64979392471 
897, 4163.74242273826 
898, 3995.47884522708 
899, 3856.04323911439 
900, 3762.34287237332 
901, 3707.91595926914 
902, 3686.18081034592 
903, 3680.98524950088 
904, 3671.9437443747 
905, 3650.58650327196 
906, 3610.83149310392 
907, 3543.16756562846 
908, 3442.85378311472 
909, 3339.29413211232 
910, 3252.81252170476 
911, 3190.56301168084 
912, 3147.66783930617 
913, 3112.53696447701 
914, 3077.29050398068 
915, 3041.84808760593 
916, 3012.22787295002 
917, 2995.02292947307 
918, 2982.57665972844 
919, 2970.11639716386 
920, 2956.44997047569 
921, 2942.35978314236 
922, 2920.32280408229 
923, 2882.93950941569 
924, 2825.12792627935 
925, 2748.88033577718 
926, 2657.54696355293 
927, 2548.06953504247 
928, 2414.45884541458 
929, 2259.62812784525 
930, 2085.35439924839 
931, 1901.31092048089 
932, 1723.00532965276 
933, 1565.97773860598 
934, 1441.23261477297 
935, 1357.59833586954 
936, 1317.51497109125 
937, 1306.92279361933 
938, 1317.52226525707 
939, 1337.15589276588 
940, 1354.51517675272 
941, 1368.56955466845 
942, 1373.76114398305 
943, 1363.3062825935 
944, 1334.45514226116 
945, 1295.79788842308 
946, 1264.48451108936 
947, 1245.6851515279 
948, 1237.3310498126 
949, 1235.09999678827 
950, 1232.48152480602 
951, 1229.86356614701 
952, 1227.92968644617 
953, 1221.58314332587 
954, 1213.99339812884 
955, 1207.37447384629 
956, 1202.69598317604 
957, 1199.01284605701 
958, 1196.56248760791 
959, 1196.36370225476 
960, 1198.02941123569 
961, 1199.03432083747 
962, 1200.03328721083 
963, 1204.08755132978 
964, 1210.52778806942 
965, 1214.26955115137 
966, 1216.15021469692 
967, 1215.95798486585 
968, 1213.17549915494 
969, 1207.22817738886 
970, 1198.53974426411 
971, 1186.75376293252 
972, 1169.83569221513 
973, 1146.42318407753 
974, 1122.75957751446 
975, 1096.62104904605 
976, 1069.70639181983 
977, 1045.74849604561 
978, 1027.83063857794 
979, 1012.14360251841 
980, 997.36375123045 
981, 983.405087554748 
982, 970.699946836711 
983, 958.022365016544 
984, 943.722474572831 
985, 927.401920843586 
986, 910.593711215196 
987, 892.116339795999 
988, 872.31389358057 
989, 852.256128888286 
990, 832.986017156786 
991, 811.946460851003 
992, 791.937685860908 
993, 772.855495930883 
994, 752.896812237775 
995, 734.762590974675 
996, 715.227106503914 
997, 694.561495253389 
998, 674.553945895014 
999, 655.871525397588 
1000, 636.04136748927 
1001, 3994.42322835866 
1002, 3967.82335892407 
1003, 3946.95670334133 
1004, 3930.37397448115 
1005, 3911.86210113836 
1006, 3898.72083247377 
1007, 3890.57142699974 
1008, 3886.92121616673 
1009, 3889.24322639566 
1010, 3903.15418721907 
1011, 3913.18904646174 
1012, 3927.5028111529 
1013, 3938.09516248285 
1014, 3945.71053821794 
1015, 3949.06643346258 
1016, 3953.83897143502 
1017, 3959.77584343405 
1018, 3974.2271577019 
1019, 3990.8841558631 
1020, 4002.06868304142 
1021, 4016.00709978205 
1022, 4033.6583009257 
1023, 4049.76060146411 
1024, 4069.90097469054 
1025, 4101.12147687601 
1026, 4128.48256816532 
1027, 4143.28876672807 
1028, 4158.22102920864 
1029, 4173.95548099627 
1030, 4191.2744226363 
1031, 4215.77408477287 
1032, 4238.1813159698 
1033, 4256.81148448291 
1034, 4281.4187946388 
1035, 4305.97526021185 
1036, 4335.11561625857 
1037, 4359.12294793078 
1038, 4375.02391001047 
1039, 4386.98788768881 
1040, 4397.92525227437 
1041, 4407.79621801611 
1042, 4425.75134340797 
1043, 4446.0482492147 
1044, 4459.60028099099 
1045, 4475.80739210325 
1046, 4495.41222446858 
1047, 4516.11573411872 
1048, 4537.13417926267 
1049, 4559.0591057851 
1050, 4583.15715353596 
1051, 4608.61084675646 
1052, 4630.09060063289 
1053, 4657.62919741348 
1054, 4684.87492352953 
1055, 4702.98927004302 
1056, 4725.88938883782 
1057, 4749.97655929688 
1058, 4778.64658380942 
1059, 4820.70895258236 
1060, 4861.2527611506 
1061, 4905.91693462012 
1062, 4950.6066816588 
1063, 4996.43860233909 
1064, 5041.50845338976 
1065, 5095.34657604616 
1066, 5154.36214460406 
1067, 5214.68967635766 
1068, 5280.15157175488 
1069, 5343.36689733033 
1070, 5412.49595783415 
1071, 5492.51193346336 
1072, 5568.91657088119 
1073, 5647.96110582684 
1074, 5738.86374799455 
1075, 5815.73873549136 
1076, 5885.88092938449 
1077, 5957.04615453985 
1078, 6021.82976433631 
1079, 6074.75092869189 
1080, 6122.69351220256 
1081, 6169.30559506749 
1082, 6211.05252512643 
1083, 6246.11838488354 
1084, 6282.46181602177 
1085, 6318.01466690607 
1086, 6347.73521889623 
1087, 6376.24941190094 
1088, 6396.66026934425 
1089, 6413.43999503649 
1090, 6420.07509038723 
1091, 6419.21200921008 
1092, 6408.69155510999 
1093, 6390.76655973391 
1094, 6369.00242642247 
1095, 6347.05439720577 
1096, 6327.83938637336 
1097, 6306.3101268696 
1098, 6277.26902706722 
1099, 6249.37702582049 
1100, 6217.29544346528 
1101, 6186.45811472533 
1102, 6158.60186881566 
1103, 6124.90283511572 
1104, 6094.56503521202 
1105, 6049.2837031314 
1106, 5996.94446861852 
1107, 5933.07921574547 
1108, 5842.2142360501 
1109, 5728.64838860635 
1110, 5581.85899404445 
1111, 5404.75973370967 
1112, 5195.59173881969 
1113, 4940.40487298138 
1114, 4690.66754423536 
1115, 4399.2963695019 
1116, 4137.6854381626 
1117, 3861.38245761134 
1118, 3623.54302369981 
1119, 3402.98742130409 
1120, 3197.75684414935 
1121, 3031.27320939032 
1122, 2893.5157525206 
1123, 2788.73678652919 
1124, 2721.84007402753 
1125, 2686.74428060505 
1126, 2699.11654501349 
1127, 2712.16241799586 
1128, 2758.53183413427 
1129, 2801.13983752374 
1130, 2860.18654438637 
1131, 2915.06172639943 
1132, 2967.16692864963 
1133, 3035.94511494846 
1134, 3107.27737512526 
1135, 3190.35121917119 
1136, 3310.9380120158 
1137, 3431.48957288889 
1138, 3547.52627828281 
1139, 3650.86472411562 
1140, 3716.962423798 
1141, 3759.29770917611 
1142, 3775.15489472066 
1143, 3750.60657764492 
1144, 3731.10996238386 
1145, 3655.74905629382 
1146, 3640.61039381878 
1147, 3626.36527698587 
1148, 3655.77505799565 
1149, 3725.85585148681 
1150, 3823.28047801678 
1151, 3944.59802985267 
1152, 4082.66074944934 
1153, 4229.24964798115 
1154, 4400.72146288263 
1155, 4562.03960267276 
1156, 4737.48936103998 
1157, 4895.8126265933 
1158, 5054.79252435944 
1159, 5198.19091292225 
1160, 5336.64022168729 
1161, 5456.61985821553 
1162, 5563.82026056692 
1163, 5657.30390998656 
1164, 5736.46184361034 
1165, 5798.75881095154 
1166, 5851.74243500468 
1167, 5894.00041252478 
1168, 5917.85505585851 
1169, 5925.40254641788 
1170, 5923.04170527165 
1171, 5903.70002211558 
1172, 5877.96535160115 
1173, 5838.19901271457 
1174, 5797.6596235391 
1175, 5748.41356196067 
1176, 5694.70468744433 
1177, 5632.94560352024 
1178, 5573.96354153287 
1179, 5506.18628535057 
1180, 5444.2641576936 
1181, 5384.59773199121 
1182, 5328.90893864446 
1183, 5277.15029653142 
1184, 5224.38164860965 
1185, 5185.52398111336 
1186, 5157.70941592707 
1187, 5128.04843709389 
1188, 5103.37622543062 
1189, 5084.80045645414 
1190, 5072.59234063949 
1191, 5056.46283914461 
1192, 5059.69111905858 
1193, 5037.86327192927 
1194, 5000.07687361696 
1195, 4960.00437654741 
1196, 4908.52745258415 
1197, 4849.06435943293 
1198, 4792.25944665014 
1199, 4731.24840905248 
1200, 4676.05748693257 
1201, 4615.54390354998 
1202, 4568.66973666006 
1203, 4525.87450018848 
1204, 4494.912310742 
1205, 4477.76559678339 
1206, 4458.75419625199 
1207, 4448.94134421618 
1208, 4437.686798314 
1209, 4426.4083346958 
1210, 4417.18556274108 
1211, 4416.57437569266 
1212, 4407.99208972892 
1213, 4396.43209638149 
1214, 4381.53668239073 
1215, 4369.32855164025 
1216, 4353.72916340966 
1217, 4339.478190287 
1218, 4330.01427902463 
1219, 4314.03786820252 
1220, 4290.02457005531 
1221, 4273.5759522096 
1222, 4257.80686284998 
1223, 4243.99456955001 
1224, 4235.92516998805 
1225, 4224.95706477684 
1226, 4213.07888060752 
1227, 4201.52958551623 
1228, 4189.00952518309 
1229, 4177.6881688863 
1230, 4166.95500493945 
1231, 4157.94261623287 
1232, 4145.6067454966 
1233, 4133.73580554185 
1234, 4118.47882823677 
1235, 4099.8479817006 
1236, 4081.14517885459 
1237, 4060.2249948068 
1238, 4040.66657609864 
1239, 4022.24074547568 
1240, 4000.63735487162 
1241, 3977.41068015925 
1242, 3954.30006734527 
1243, 3928.51609900644 
1244, 3903.34588795382 
1245, 3877.94032996647 
1246, 3854.30379394579 
1247, 3830.63212576349 
1248, 3806.54782432231 
1249, 3783.67700203514 
1250, 3765.77306936849 
1251, 3738.37763319856 
1252, 3710.84647782996 
1253, 3673.82700992058 
1254, 3628.33691980841 
1255, 3580.70476786634 
1256, 3527.57003692174 
1257, 3470.91484538961 
1258, 3410.11657036958 
1259, 3346.23057573095 
1260, 3277.17968293523 
1261, 3206.96062897241 
1262, 3129.96150020456 
1263, 3054.47605598052 
1264, 2990.54398585091 
1265, 2920.52233463499 
1266, 2882.93084304231 
1267, 2860.7369155354 
1268, 2856.26797358046 
1269, 2871.98519448103 
1270, 2902.65612621582 
1271, 2953.62995770596 
1272, 3009.87560626308 
1273, 3092.58021062568 
1274, 3161.21254450734 
1275, 3239.05928247955 
1276, 3301.93681246133 
1277, 3357.31569152507 
1278, 3406.75678242024 
1279, 3446.23640513743 
1280, 3481.6060846059 
1281, 3514.84389748868 
1282, 3544.33306946514 
1283, 3572.7030225746 
1284, 3597.45188156401 
1285, 3623.90288697237 
1286, 3648.85452160848 
1287, 3674.77041917379 
1288, 3703.62237767656 
1289, 3725.36567271415 
1290, 3747.12052832182 
1291, 3761.14810817712 
1292, 3769.02935416022 
1293, 3774.20179717479 
1294, 3771.93103487413 
1295, 3771.35326682776 
1296, 3767.980848692 
1297, 3763.76040371011 
1298, 3762.44880860232 
1299, 3755.51947958546 
1300, 3740.71851361592 
1301, 3723.87646579997 
1302, 3705.92941508719 
1303, 3680.62398147019 
1304, 3661.61028717066 
1305, 3645.82935515777 
1306, 3628.13063375577 
1307, 3610.71674058831 
1308, 3592.75120588225 
1309, 3575.81012499408 
1310, 3554.6233079118 
1311, 3529.20101446254 
1312, 3507.93930327278 
1313, 3485.75252574218 
1314, 3464.17419619064 
1315, 3442.97389614132 
1316, 3426.07387416238 
1317, 3410.86180075157 
1318, 3396.34614731334 
1319, 3385.21570343072 
1320, 3377.82859135589 
1321, 3360.70125506978 
1322, 3341.54997252782 
1323, 3315.57295159803 
1324, 3287.27362734683 
1325, 3244.73367743709 
1326, 3192.17436945428 
1327, 3136.01860856435 
1328, 3063.92294894986 
1329, 3001.46053276898 
1330, 2931.93464335033 
1331, 2876.91640697812 
1332, 2825.90054596342 
1333, 2787.58399154093 
1334, 2763.52187444274 
1335, 2742.23750778041 
1336, 2735.73970454608 
1337, 2722.08439956478 
1338, 2711.38993294767 
1339, 2694.03111721947 
1340, 2656.45198475639 
1341, 2599.0246812632 
1342, 2512.5451492982 
1343, 2400.17389622592 
1344, 2267.43935610291 
1345, 2103.54576079437 
1346, 1934.32893014477 
1347, 1736.85455311766 
1348, 1551.4673629934 
1349, 1351.11013178556 
1350, 1169.81175643301 
1351, 988.683373959051 
1352, 827.244134366747 
1353, 672.779441850905 
1354, 541.651710544635 
1355, 428.734313520182 
1356, 332.744572653121 
1357, 257.031016760416 
1358, 196.114809550062 
1359, 150.584405277012 
1360, 115.880595076369 
1361, 87.9376516141574 
1362, 69.6767396214477 
1363, 54.2881747006075 
1364, 43.0557539142192 
1365, 36.6063695868885 
1366, 38.2362829344099 
1367, 36.8794641606736 
1368, 35.7383849249176 
1369, 39.4557960808811 
1370, 45.0017572503021 
1371, 52.2759857093492 
1372, 67.3597415404219 
1373, 78.5255028939907 
1374, 90.1360803330323 
1375, 98.3069136507142 
1376, 104.723046926576 
1377, 109.006700636451 
1378, 111.563483516653 
1379, 110.772017612918 
1380, 106.278476399376 
1381, 100.387441022861 
1382, 92.0182932676926 
1383, 86.0698717497118 
1384, 84.4017423092097 
1385, 90.0526925893383 
1386, 99.4135665282679 
1387, 109.703005400365 
1388, 119.3741562024 
1389, 131.447507402588 
1390, 141.023861724105 
1391, 149.765129280264 
1392, 156.32018517546 
1393, 162.728780621741 
1394, 164.578320591879 
1395, 158.273949293982 
1396, 161.94941978836 
1397, 169.196652162934 
1398, 175.543321418442 
1399, 188.644126716498 
1400, 196.491311076818 
1401, 197.002209227484 
1402, 201.78026304907 
1403, 206.087448608556 
1404, 215.878805122471 
1405, 225.593530193789 
1406, 238.12828511851 
1407, 253.456712128466 
1408, 268.490654804285 
1409, 279.739679180206 
1410, 290.60569949227 
1411, 301.873831958348 
1412, 308.180332052375 
1413, 321.20184756687 
1414, 341.031924948566 
1415, 354.310553207641 
1416, 370.060511213938 
1417, 377.826313674944 
1418, 377.749305749881 
1419, 380.428314087536 
1420, 380.908800581524 
1421, 381.558909688996 
1422, 385.440065951938 
1423, 382.166814594197 
1424, 371.356521085197 
1425, 363.221085311071 
1426, 354.348409848114 
1427, 343.482200266421 
1428, 331.677883375973 
1429, 323.161468003593 
1430, 307.623464038707 
1431, 290.80481797211 
1432, 275.21035578644 
1433, 255.695612858235 
1434, 235.972179150363 
1435, 220.83247400261 
1436, 206.487295834952 
1437, 194.60409682852 
1438, 182.993769728232 
1439, 172.373439659658 
1440, 161.836858784636 
1441, 151.698172200691 
1442, 143.452723274763 
1443, 135.182001592267 
1444, 131.307227555249 
1445, 133.392505530841 
1446, 129.842598649463 
1447, 126.901337988011 
1448, 123.186694156025 
1449, 113.433897311029 
1450, 108.769486062419 
1451, 110.239198177495 
1452, 105.465785059521 
1453, 99.760602898901 
1454, 93.3544299517011 
1455, 83.0401888493926 
1456, 72.9456330571538 
1457, 65.2501300006301 
1458, 55.9008442797549 
1459, 47.9231140109408 
1460, 44.4353700892038 
1461, 41.4284784093213 
1462, 39.1823808590088 
1463, 35.9747510014052 
1464, 31.38434333073 
1465, 29.091591808353 
1466, 28.9053781467741 
1467, 25.6101230180223 
1468, 21.1652963038106 
1469, 18.7997491139991 
1470, 14.1139804464949 
1471, 12.8125253837456 
1472, 15.0204553562527 
1473, 16.7677383197956 
1474, 20.5268084456535 
1475, 22.1387078827984 
1476, 24.8939029569231 
1477, 25.5389740945845 
1478, 22.3552458440917 
1479, 20.8283127058917 
1480, 19.3892742380133 
1481, 18.6893346973421 
1482, 17.8680616947734 
1483, 18.5143788054937 
1484, 21.7116876096329 
1485, 21.5363259556981 
1486, 20.4242007257241 
1487, 19.2119425069031 
1488, 16.7424873585387 
1489, 16.3671828661587 
1490, 18.9398813781131 
1491, 24.9312495980087 
1492, 25.2359814676671 
1493, 22.3553439457982 
1494, 18.4366353128747 
1495, 14.5318130154169 
1496, 17.9949633864684 
1497, 22.7183032276244 
1498, 25.0071590996593 
1499, 28.9339776032962 
1500, 28.8527730571122 
1501, 24.3908959736118 
1502, 23.0736779770167 
1503, 19.8668781201549 
1504, 22.5684516532764 
1505, 31.5005980545331 
1506, 34.6795953211179 
1507, 38.3452078347065 
1508, 38.8241743156424 
1509, 34.0826429612752 
1510, 32.5024596548363 
1511, 31.0700024142249 
1512, 32.3194509672921 
1513, 38.0222038651599 
1514, 36.2782488909826 
1515, 29.5195070198613 
1516, 28.3975905513085 
1517, 25.5187446653328 
1518, 24.3739259732409 
1519, 30.2710130852104 
1520, 32.3959949875095 
1521, 29.0077464932218 
1522, 29.8146068970833 
1523, 38.8439415271056 
1524, 43.1846434499031 
1525, 48.3752607967091 
1526, 49.8247411699274 
1527, 40.1738831623428 
1528, 35.4096961091817 
1529, 27.7311417633417 
1530, 20.9294412307655 
1531, 24.6801017869808 
1532, 26.4878271552912 
1533, 30.8837917823926 
1534, 39.5482352663923 
1535, 43.49444607882 
1536, 44.1086621436559 
1537, 43.4558602176527 
1538, 43.8457161599535 
1539, 38.8314336093316 
1540, 24.6091351743656 
1541, 21.6593264688475 
1542, 18.8945534999501 
1543, 20.8637063884905 
1544, 34.6400984124176 
1545, 38.7526838964242 
1546, 40.4675491719276 
1547, 42.5405172585003 
1548, 39.5152839606241 
1549, 41.245921404956 
1550, 49.5093419336001 
1551, 49.1752588216962 
1552, 42.373248332195 
1553, 41.7458808134603 
1554, 39.0779949294071 
1555, 37.7810089854955 
1556, 44.4367961685241 
1557, 46.9350722218027 
1558, 44.5798561402468 
1559, 44.1482176776956 
1560, 44.1154517166445 
1561, 43.9954303954203 
1562, 43.9474455428124 
1563, 44.2077616260168 
1564, 45.4367472534266 
1565, 45.638566279175 
1566, 42.2610598772462 
1567, 43.9544454519368 
1568, 48.577712235466 
1569, 54.1460128840496 
1570, 61.6417770759125 
1571, 65.9588957586446 
1572, 60.1366298559446 
1573, 56.7733668025413 
1574, 56.146114497112 
1575, 53.5503755836482 
1576, 56.398229373909 
1577, 57.965981547518 
1578, 57.1592072306167 
1579, 60.0709573999159 
1580, 58.9874535929496 
1581, 57.0499432378929 
1582, 55.2508880527655 
1583, 48.8354465121752 
1584, 51.0515462682045 
1585, 59.7500429391374 
1586, 61.657556052204 
1587, 64.2489692003483 
1588, 67.2428876558271 
1589, 65.6928389099306 
1590, 68.4991667379376 
1591, 74.5388335205255 
1592, 81.6348857503637 
1593, 93.7314380954878 
1594, 95.3454009678253 
1595, 94.643057439936 
1596, 93.8917791642361 
1597, 82.0156756241502 
1598, 79.7156029954629 
1599, 86.0348393730989 
1600, 86.4711049091154 
1601, 87.1883107524229 
1602, 86.1657164973033 
1603, 80.7215856648449 
1604, 78.8620022521467 
1605, 76.9852916588347 
1606, 76.5207338500224 
1607, 78.8431924717824 
1608, 81.3995432023274 
1609, 86.8942023455582 
1610, 87.8179453495883 
1611, 85.3160208329877 
1612, 85.7505981683521 
1613, 84.7883841308611 
1614, 84.4571706254412 
1615, 86.4673488991933 
1616, 88.8359203707008 
1617, 89.7052333406219 
1618, 92.4998343768176 
1619, 100.179725655055 
1620, 103.628689309856 
1621, 105.232985618033 
1622, 106.424952000902 
1623, 104.586863788759 
1624, 104.251964215382 
1625, 107.251784576895 
1626, 105.308680055213 
1627, 96.0289517530701 
1628, 95.0585887893781 
1629, 95.8706647689028 
1630, 96.7877506585002 
1631, 108.315579440284 
1632, 111.405930761069 
1633, 104.820140406178 
1634, 103.565190957917 
1635, 103.108803707178 
1636, 101.567918427593 
1637, 102.035366938264 
1638, 102.444573008876 
1639, 100.180972269433 
1640, 99.4210535181651 
1641, 101.547210135506 
1642, 102.246680021461 
1643, 102.480871978545 
1644, 102.355163762725 
1645, 99.5467266266029 
1646, 100.130216190157 
1647, 102.101561429248 
1648, 104.900580964744 
1649, 112.096580586818 
1650, 117.065126110108 
1651, 117.933871912576 
1652, 125.038033907113 
1653, 127.723911766729 
1654, 129.769009915759 
1655, 129.164889983148 
1656, 126.750903575351 
1657, 124.965716999275 
1658, 120.661266623066 
1659, 119.694104303374 
1660, 120.490735730819 
1661, 120.643743051361 
1662, 120.79400353976 
1663, 123.245822333755 
1664, 127.936856432109 
1665, 128.227619421197 
1666, 127.891697226623 
1667, 129.432678748351 
1668, 127.709642539434 
1669, 130.727635487051 
1670, 140.333935430099 
1671, 140.79074441394 
1672, 137.369067952904 
1673, 137.54482991529 
1674, 135.225655472927 
1675, 134.664251212483 
1676, 137.415578950622 
1677, 137.357968174148 
1678, 135.744181141729 
1679, 133.738111154328 
1680, 129.526470890311 
1681, 132.058347506854 
1682, 136.105650155497 
1683, 139.756303361434 
1684, 149.836493887932 
1685, 152.947121381463 
1686, 150.190053590029 
1687, 153.693375379084 
1688, 159.113378026735 
1689, 161.596309950725 
1690, 166.83975565583 
1691, 165.649584317594 
1692, 158.384007822245 
1693, 156.42497417985 
1694, 153.294995506414 
1695, 152.578480511054 
1696, 155.043580667973 
1697, 156.818273425742 
1698, 159.437705123203 
1699, 160.570665325072 
1700, 161.494263877757 
1701, 161.167300715978 
1702, 157.879223166679 
1703, 159.964058709872 
1704, 165.553477831633 
1705, 169.137337393634 
1706, 175.656122221568 
1707, 176.761327214379 
1708, 172.335643779606 
1709, 171.971970099918 
1710, 171.084840559953 
1711, 173.042574620639 
1712, 180.184815784907 
1713, 179.439820696195 
1714, 175.173579506539 
1715, 173.134403262102 
1716, 169.94565012076 
1717, 171.065723069789 
1718, 174.866942844502 
1719, 178.936755766616 
1720, 180.055104148022 
1721, 178.318440103554 
1722, 178.732673257365 
1723, 177.214413589888 
1724, 175.248646696051 
1725, 176.817139114175 
1726, 180.279844569326 
1727, 183.902997508365 
1728, 186.721278451458 
1729, 187.39563128573 
1730, 184.354132508234 
1731, 181.101524754469 
1732, 179.994884335324 
1733, 177.243461107034 
1734, 178.771980310986 
1735, 181.680326751189 
1736, 180.788417476777 
1737, 185.532370548529 
1738, 188.859909285863 
1739, 187.790418773787 
1740, 186.196188749448 
1741, 179.55952094563 
1742, 173.454132993828 
1743, 167.869497458814 
1744, 162.800054608789 
1745, 167.899981579139 
1746, 172.145004786112 
1747, 171.216669243111 
1748, 173.470752320062 
1749, 171.081957407116 
1750, 167.155617496541 
1751, 170.965783150829 
1752, 179.730123536419 
1753, 185.763501146059 
1754, 191.604006225932 
1755, 199.184863855073 
1756, 198.937253487225 
1757, 196.390275958689 
1758, 196.516478623477 
1759, 195.447183946406 
1760, 195.902334699576 
1761, 196.613990965267 
1762, 193.166752002614 
1763, 183.126742423798 
1764, 177.336547598572 
1765, 168.457668638899 
1766, 165.509018548195 
1767, 173.613998611804 
1768, 170.818768631279 
1769, 163.397421918303 
1770, 161.694353007352 
1771, 153.751950123131 
1772, 152.862175170556 
1773, 162.331227282198 
1774, 166.150535985818 
1775, 169.341531319821 
1776, 169.920214966115 
1777, 169.060335812122 
1778, 168.643498709037 
1779, 167.316775873033 
1780, 166.10350044184 
1781, 164.02953634902 
1782, 158.862217773765 
1783, 149.879568422604 
1784, 145.887853994766 
1785, 144.315420898047 
1786, 142.029922349109 
1787, 141.160543370855 
1788, 140.376926692082 
1789, 138.420838497652 
1790, 137.400286351825 
1791, 142.39882817386 
1792, 139.032787772214 
1793, 128.430774578452 
1794, 122.405826112848 
1795, 113.157644152226 
1796, 108.149670194656 
1797, 107.64419273792 
1798, 101.383091399271 
1799, 100.140082261768 
1800, 98.8144466026878 
1801, 593.412320787332 
1802, 567.622448034337 
1803, 545.203934298372 
1804, 524.612762285747 
1805, 515.900855031818 
1806, 497.992456537698 
1807, 474.522136664722 
1808, 448.566527514225 
1809, 407.146353485702 
1810, 391.779151743013 
1811, 394.376698001873 
1812, 379.98241676056 
1813, 371.168372829496 
1814, 369.472651433355 
1815, 335.253313120998 
1816, 296.263992699961 
1817, 290.52880363503 
1818, 279.205238707547 
1819, 260.570144979548 
1820, 234.435927204881 
1821, 227.977775453159 
1822, 228.902715007755 
1823, 214.912325106762 
1824, 225.835471276045 
1825, 238.20676181714 
1826, 223.531405374925 
1827, 211.993008665811 
1828, 183.366900353903 
1829, 119.498453179801 
1830, 93.3741869104917 
1831, 69.0066903714425 
1832, 58.2387774353956 
1833, 69.5326082321208 
1834, 97.5269248730729 
1835, 101.203337015099 
1836, 80.814795308282 
1837, 67.9860814179299 
1838, 56.5767471931145 
1839, 44.9182469239133 
1840, 34.1255156568357 
1841, 31.5159266575559 
1842, 27.6446006141684 
1843, 32.3042717179908 
1844, 49.8939555594742 
1845, 60.5384411407289 
1846, 75.9726919108199 
1847, 67.1208316694672 
1848, 44.8999311239797 
1849, 28.811201611741 
1850, 23.9144471495141 
1851, 18.7816089583872 
1852, 34.7042435914888 
1853, 47.5222587011886 
1854, 67.8279370241805 
1855, 69.2811123708998 
1856, 35.3192959938362 
1857, 27.8048279042488 
1858, 13.2151313199392 
1859,-3.05581057377805 
1860,-27.2596970103867 
1861,-12.1107882435759 
1862,-5.01872746409784 
1863, 3.71764776985107 
1864, 27.6619197270944 
1865, 30.7761491862029 
1866, 30.9135514477308 
1867, 19.7710954836246 
1868,-4.93734521344758 
1869,-15.7162200522182 
1870,-25.3670735915539 
1871,-39.3670262257121 
1872,-55.4345849630257 
1873,-47.1293724244983 
1874,-33.8196354052924 
1875,-33.3090079873718 
1876,-8.16342813565667 
1877, 13.1923586404922 
1878, 8.8616970788376 
1879, 22.1559733469013 
1880, 36.0104334533153 
1881, 44.8032268716363 
1882, 58.8458430323647 
1883, 86.165919400616 
1884, 94.2496586099336 
1885, 90.8914792053738 
1886, 62.9651131483351 
1887, 38.8998795307122 
1888, 35.4246369931783 
1889, 28.5011436037802 
1890, 45.3075114856324 
1891, 52.4711168285821 
1892, 64.4159997367964 
1893, 58.248375915542 
1894, 55.0080824420238 
1895, 39.0024106560448 
1896, 31.0618957918589 
1897, 19.1918239035739 
1898, 13.409086013486 
1899, 14.6101610820935 
1900, 3.77079849642042 
1901,-20.6161050747552 
1902,-23.2988827898382 
1903,-23.1157792330204 
1904,-22.249546182414 
1905,-2.99219440071332 
1906,-3.78354452252894 
1907, 5.70797215471977 
1908, 14.8430919741177 
1909, 9.7219611514377 
1910, 30.3548931153207 
1911, 33.1347364346648 
1912, 15.3487363501711 
1913, 10.4604780299735 
1914, 13.2108473586581 
1915, 2.94173455401195 
1916,-10.7525224465821 
1917,-15.7265149831905 
1918,-9.34120560060066 
1919,-18.4312591781444 
1920,-13.6062897532944 
1921, 2.56286885115307 
1922, 11.9810404897854 
1923, 25.6605957615943 
1924, 32.3308789576311 
1925, 36.9186817938981 
1926, 32.4598787251977 
1927, 37.1109905811769 
1928, 19.4589144245979 
1929, 4.33351165948833 
1930, 9.62019111205121 
1931, 10.9165261838509 
1932, 11.5752336342124 
1933, 15.0412242804322 
1934, 33.6857414010292 
1935, 32.3063690836795 
1936, 13.466188003916 
1937, 11.3727246468671 
1938, 13.9147514000459 
1939, 14.0579970189239 
1940, 17.3645423859578 
1941, 4.87981232460836 
1942,-15.3690602734654 
1943,-19.18430310607 
1944,-20.4825330337191 
1945,-11.0778410702902 
1946,-5.76337315068196 
1947, 4.57340055962048 
1948, 10.5007041387489 
1949, 14.4446149879164 
1950, 21.520594823868 
1951, 25.8565588053426 
1952, 12.3739072114183 
1953,-12.3829665134504 
1954,-35.098366522903 
1955,-42.6446817766486 
1956,-46.4384969476383 
1957,-46.2704177598313 
1958,-21.3376410102504 
1959,-11.48360927357 
1960,-10.1845735388078 
1961,-6.07952916434097 
1962, 10.8419174268471 
1963,-3.4367795283578 
1964,-17.0022209935766 
1965,-2.29376221910648 
1966,-13.3174091318928 
1967,-49.2292645621991 
1968,-58.8191128088625 
1969,-76.5790100026308 
1970,-74.3980731711633 
1971,-35.2254900676786 
1972,-17.2728313996496 
1973,-4.36404903190571 
1974, 23.1807894391558 
1975, 29.9826346737871 
1976, 21.024240057067 
1977, 24.1720027411781 
1978, 14.4130527855 
1979, 13.878480477533 
1980, 15.5847276970418 
1981, 19.6660990153378 
1982, 32.8657471832574 
1983, 33.0983417761093 
1984, 28.1565305839425 
1985, 24.094418693882 
1986, 11.9662623408343 
1987, 2.62183824282599 
1988, 2.77121990341352 
1989,-7.83750049105098 
1990,-7.12723941999802 
1991, 1.51880305044512 
1992, 8.85755025479755 
1993, 26.5107244732679 
1994, 28.2600259024137 
1995, 24.2235769085261 
1996, 15.9959568410487 
1997,-12.0075369362897 
1998,-22.4819179769602 
1999,-19.9405229981202 
2000,-18.1172696203612 
2001, 3.45595782623688 
2002, 16.0182659212012 
2003, 20.5703028664289 
2004, 17.7601130565188 
2005, 13.3237259850539 
2006,-9.90419188757294 
2007,-3.83100893938891 
2008, 24.5633250426567 
2009, 32.7704264673663 
2010, 56.1199634072088 
2011, 54.1303327917966 
2012, 35.839596759556 
2013, 28.2317987690333 
2014, 23.989123914636 
2015, 27.5875862773118 
2016, 29.2363142002096 
2017, 34.6503636883121 
2018, 34.6693888335391 
2019, 38.5060680780242 
2020, 30.2489485146556 
2021, 4.75203970473017 
2022,-10.9216188011798 
2023,-32.6551481980707 
2024,-40.6490701151855 
2025,-61.4492081687544 
2026,-51.9726396755752 
2027,-47.4060424238064 
2028,-43.5752335179659 
2029,-33.4541269621605 
2030,-2.05053389541482 
2031, 0.922264094398495 
2032,-11.2638538951041 
2033,-12.046478436775 
2034,-26.9417269611005 
2035,-25.8006865638934 
2036,-2.16276354234055 
2037, 8.68698574977898 
2038, 25.1507771078635 
2039, 23.1138701463986 
2040, 24.3697310678005 
2041, 16.9736677085477 
2042, 14.7095521149156 
2043, 13.0208622551139 
2044, 12.7717755053516 
2045, 8.98263159615909 
2046, 13.4924233540327 
2047, 29.5125525294288 
2048, 32.2694816449734 
2049, 36.5226081319456 
2050, 34.9463886574943 
2051, 13.5825509741478 
2052, 5.98062283908506 
2053, 9.30281939649137 
2054, 17.4880010416542 
2055, 17.4375516156007 
2056, 20.6325823851787 
2057, 19.0223668949152 
2058, 7.45057794833612 
2059, 5.14158187951244 
2060, 10.729953617608 
2061, 12.6877482789112 
2062, 11.7486305471779 
2063, 10.5170869515721 
2064, 9.67787456245527 
2065, 9.09657236819733 
2066, 10.6312459125237 
2067, 12.7713817479798 
2068, 4.43936448108012 
2069,-11.1819388004912 
2070,-14.1591400972997 
2071,-23.5750985373358 
2072,-22.6880889497915 
2073,-3.72611258481112 
2074, 0.347112107662648 
2075,-4.03483541844718 
2076, 0.278974910161402 
2077, 2.03401747455213 
2078, 11.0739509848143 
2079, 40.9106992500589 
2080, 49.826958475498 
2081, 55.5074384985548 
2082, 50.2536050704552 
2083, 41.0702927306292 
2084, 7.91826601063415 
2085, 3.69892061378336 
2086, 8.38370246949045 
2087, 14.0491422209832 
2088, 37.0329424048389 
2089, 45.3984449398533 
2090, 44.4111976739508 
2091, 50.9887347765232 
2092, 56.2783123195513 
2093, 63.2224948520441 
2094, 83.0192664487516 
2095, 89.328750715983 
2096, 87.7905897080755 
2097, 87.4743838195418 
2098, 77.0929813321964 
2099, 49.543129034737 
2100, 45.7421412351599 
2101, 47.4212574926497 
2102, 44.8277975471943 
2103, 49.6699063660303 
2104, 55.5103130068158 
2105, 61.4564052981524 
2106, 63.5534859309706 
2107, 77.4181811203634 
2108, 76.6334235006054 
2109, 45.9495128392963 
2110, 39.6054000282183 
2111, 46.7673797513347 
2112, 52.6821862282707 
2113, 32.1350349831975 
2114, 37.051619856866 
2115, 32.3411753539747 
2116, 0.528205455095705 
2117, 4.82884181594174 
2118, 47.2272170105699 
2119, 55.2756486052972 
2120, 58.0488745576624 
2121, 61.6233906234948 
2122, 49.148985598416 
2123, 44.7670156345014 
2124, 48.5372971812631 
2125, 49.5554800110223 
2126, 47.6205418765947 
2127, 46.3097418761969 
2128, 47.8312704957211 
2129, 45.5339283820012 
2130, 48.1485297154614 
2131, 50.837973289245 
2132, 53.9123189281037 
2133, 60.7846921050299 
2134, 66.8285375912837 
2135, 71.4672876161637 
2136, 77.862142473113 
2137, 91.3364560850589 
2138, 92.9705545241557 
2139, 83.4181748656691 
2140, 82.8912526331731 
2141, 85.00619916816 
2142, 81.2659834026931 
2143, 77.6225494370675 
2144, 77.0526432558728 
2145, 68.8908853259749 
2146, 61.1610580875184 
2147, 80.8479348843814 
2148, 108.319545076414 
2149, 124.88380648556 
2150, 149.347586543098 
2151, 165.115517249996 
2152, 166.405870422992 
2153, 179.289703102939 
2154, 202.832146299257 
2155, 212.45700944108 
2156, 221.604509749456 
2157, 222.257518282616 
2158, 207.09935728023 
2159, 200.594239154535 
2160, 190.592315115249 
2161, 185.545030402897 
2162, 187.899543435175 
2163, 188.371158416907 
2164, 198.420000521144 
2165, 193.628568225125 
2166, 183.718745060306 
2167, 162.100875326019 
2168, 157.132925922069 
2169, 145.486855625039 
2170, 151.857588940825 
2171, 184.807642306039 
2172, 193.447737046165 
2173, 196.522466077939 
2174, 201.415072993284 
2175, 194.448413627397 
2176, 198.306199793866 
2177, 209.169700569263 
2178, 220.533388521651 
2179, 246.745876970275 
2180, 252.32079030786 
2181, 251.555545082724 
2182, 244.588997729969 
2183, 219.144450257999 
2184, 185.473721240739 
2185, 187.245732094521 
2186, 197.655520105026 
2187, 215.134703282005 
2188, 262.822934574969 
2189, 280.941302598745 
2190, 290.828966270925 
2191, 299.237444756496 
2192, 297.786330701446 
2193, 298.645635498844 
2194, 302.462527632123 
2195, 296.356447271142 
2196, 276.485844310407 
2197, 270.47203811766 
2198, 260.495731334685 
2199, 259.375480894501 
2200, 279.495207728633 
2201, 285.14232963402 
2202, 279.39234476461 
2203, 285.720736026463 
2204, 295.749117059583 
2205, 297.755972945735 
2206, 328.777925821192 
2207, 346.714578725346 
2208, 365.611619627733 
2209, 394.673198900764 
2210, 396.410498673262 
2211, 383.341880180583 
2212, 370.747952914903 
2213, 329.625206078552 
2214, 318.18086829205 
2215, 324.638946645364 
2216, 320.226899929649 
2217, 321.377560555357 
2218, 322.04924970649 
2219, 308.49647542173 
2220, 313.888237239653 
2221, 342.832694591284 
2222, 353.995635249047 
2223, 372.306085797782 
2224, 376.099146762696 
2225, 348.482629054049 
2226, 344.4410677523 
2227, 342.684400684233 
2228, 346.386192510425 
2229, 383.77266030841 
2230, 419.297952358744 
2231, 430.049931429459 
2232, 437.210568520706 
2233, 431.963766825671 
2234, 394.683690488099 
2235, 386.1085962169 
2236, 384.99986915022 
2237, 387.758625726146 
2238, 406.914385775146 
2239, 408.584705037682 
2240, 406.413109038683 
2241, 401.770368177218 
2242, 373.670224486229 
2243, 372.809082811413 
2244, 391.486140395095 
2245, 399.614633203806 
2246, 426.903169423854 
2247, 435.827558781493 
2248, 421.86799048173 
2249, 419.75366329115 
2250, 417.904483093958 
2251, 411.899388491639 
2252, 415.219197103054 
2253, 403.828201661035 
2254, 383.818368087034 
2255, 371.892179277635 
2256, 355.234881991216 
2257, 358.096487318411 
2258, 355.441928363507 
2259, 367.570330671442 
2260, 349.433131006507 
2261, 308.823706308742 
2262, 294.296290379079 
2263, 270.154894603104 
2264, 264.659342294948 
2265, 291.091590487999 
2266, 298.59916555359 
2267, 298.644562285484 
2268, 302.237468064374 
2269, 312.831859711881 
2270, 308.409591435563 
2271, 290.741548944363 
2272, 284.135968415117 
2273, 273.872918217857 
2274, 268.118364494563 
2275, 282.175566892618 
2276, 274.986280185988 
2277, 246.517743309915 
2278, 230.854493497559 
2279, 209.556886410892 
2280, 195.490976740148 
2281, 202.76430235872 
2282, 191.434593303946 
2283, 170.935921795462 
2284, 159.748750139653 
2285, 138.509793185943 
2286, 130.846231967201 
2287, 140.875652972867 
2288, 137.386010349905 
2289, 140.327005701746 
2290, 148.044438780637 
2291, 153.754533387565 
2292, 162.712879075459 
2293, 162.714139709818 
2294, 159.544950999879 
2295, 154.571439837712 
2296, 140.372658376691 
2297, 130.369028226763 
2298, 118.00975673981 
2299, 115.967392630124 
2300, 123.042582997141 
2301, 123.483693279608 
2302, 130.193042921989 
2303, 128.895534320027 
2304, 111.403578076336 
2305, 106.543201780715 
2306, 109.244901535175 
2307, 108.980486369491 
2308, 116.152804494971 
2309, 116.135008573192 
2310, 108.741697473985 
2311, 105.045972818634 
2312, 101.193546198419 
2313, 95.6605225976872 
2314, 92.3834796449943 
2315, 84.8494077356404 
2316, 68.585737912974 
2317, 59.944025206673 
2318, 49.7771510762859 
2319, 39.056221660684 
2320, 52.2397137221996 
2321, 65.0504510174516 
2322, 73.5950165068397 
2323, 80.6881842896585 
2324, 62.229764294282 
2325, 42.1382297061894 
2326, 28.6666463840716 
2327, 11.7277646601118 
2328, 0.76489665816121 
2329,-10.1590298736412 
2330,-7.48082041564846 
2331, 3.67208444508851 
2332, 15.8896975718482 
2333, 43.3324974121669 
2334, 58.0475527390854 
2335, 67.7583731061158 
2336, 75.1686703750405 
2337, 84.0723644103321 
2338, 85.8275886354736 
2339, 83.5443559689385 
2340, 72.7432477692093 
2341, 44.9520352676847 
2342, 30.8673145238301 
2343, 14.8612826243491 
2344, 5.91511573861934 
2345, 6.10971043677774 
2346, 12.6920230749842 
2347, 28.4321212106924 
2348, 33.8941010664641 
2349, 42.6826610404789 
2350, 47.8416952736609 
2351, 48.3843298601794 
2352, 44.7344697135908 
2353, 41.6003433300565 
2354, 34.2060009609543 
2355, 0.440690164168492 
2356,-5.44658279930806 
2357, 10.0982976501263 
2358, 17.9526148528159 
2359, 45.4881238078077 
2360, 55.8578285426854 
2361, 43.029863655032 
2362, 44.3634435130643 
2363, 51.0650889849058 
2364, 51.3286577438773 
2365, 60.9579116374462 
2366, 72.9798501549987 
2367, 55.9368596670654 
2368, 42.9920494307903 
2369, 33.8941148694108 
2370, 26.5578555627907 
2371, 38.5293447320712 
2372, 53.4843883195117 
2373, 55.8764005095161 
2374, 46.4207192574492 
2375, 49.224699811121 
2376, 54.459923549996 
2377, 60.9157709341795 
2378, 81.0208508969875 
2379, 84.8358980391639 
2380, 87.8405282489746 
2381, 97.9656126444639 
2382, 98.4558775401721 
2383, 86.8612417268886 
2384, 58.049537529649 
2385, 29.3496042957285 
2386, 10.3417824458465 
2387,-11.5898751092068 
2388,-8.53427998996641 
2389, 9.0976259207169 
2390, 4.07258458397702E-04 
2391, 1.17064120785482 
2392, 5.49310481509831 
2393, 9.80673044221204 
2394, 31.2563531014757 
2395, 45.3613941976543 
2396, 48.4705905879828 
2397, 41.6334054519728 
2398, 30.9169102896601 
2399, 19.2300908337273 
2400, 20.4439347523357 
2401, 21.0391082726847 
2402, 3.94741605109003 
2403, 0.460184047789561 
2404, 3.00251076782617 
2405, 3.45944009495341 
2406, 10.1435641304732 
2407, 11.9251482438146 
2408, 8.20284109063067 
2409, 8.62642549340731 
2410, 10.8149178671126 
2411, 4.05164214014608 
2412,-4.01482190782048 
2413,-5.50991926647616 
2414,-17.7192652023193 
2415,-11.1295804377085 
2416, 11.3233295847438 
2417, 22.8644984131068 
2418, 39.8923091336146 
2419, 54.6655083981969 
2420, 67.9917890406482 
2421, 76.617243629814 
2422, 87.5623272417428 
2423, 83.6036939861939 
2424, 70.6772300063183 
2425, 52.4190016954034 
2426, 14.3955923023237 
2427, 2.40487714511865 
2428,-1.52731065677324 
2429,-7.01692482326712 
2430,-0.796627307767712 
2431, 2.91514447941298 
2432, 5.15755316044018 
2433,-1.31674973077856 
2434,-1.90788854907423 
2435,-12.6781308599349 
2436,-46.6458442508158 
2437,-57.787034727227 
2438,-63.4512305176725 
2439,-54.5852620146834 
2440,-32.119522142547 
2441,-9.52182684692657 
2442, 32.5819834947173 
2443, 46.1336466473153 
2444, 53.7133998827875 
2445, 50.1642611023505 
2446, 24.2527672336324 
2447, 1.99016437456151 
2448,-16.3001072678463 
2449,-33.1974597120199 
2450,-40.1266696518764 
2451,-43.5719866772674 
2452,-30.4653947739348 
2453,-15.5520463492748 
2454,-10.0712427392588 
2455,-5.97563095382672 
2456,-15.9464960411951 
2457,-27.1493574592412 
2458,-30.7941696045427 
2459,-19.8913527686198 
2460,-15.191527411585 
2461,-10.1542436617606 
2462, 1.60189443306245 
2463,-1.55742491060791 
2464, 10.8754447333064 
2465, 9.11202807690365 
2466,-12.0706866835694 
2467,-9.55633066761941 
2468,-19.5132218909871 
2469,-39.7282430545031 
2470,-24.0250683183905 
2471, 3.16889261769186 
2472, 10.6118679234061 
2473, 34.4405940621679 
2474, 63.1494914462969 
2475, 51.4303877899963 
2476, 39.536030965478 
2477, 32.0737005037509 
2478, 7.75452401130511 
2479,-5.39182340448551 
2480,-13.7617247753468 
2481,-22.7942120075895 
2482,-32.8646458379754 
2483,-30.7240520090791 
2484,-18.1125683373196 
2485,-0.453326539194699 
2486, 26.56386719473 
2487, 13.3791670241615 
2488,-10.8707037448626 
2489,-29.4779416900903 
2490,-52.0722745297936 
2491,-41.1706014940615 
2492,-29.4447616592447 
2493,-17.9471773990898 
2494,-8.59068605880091 
2495,-11.0119824412069 
2496,-6.05157704863974 
2497,-36.8475561662443 
2498,-39.8876841120667 
2499,-33.5422114151881 
2500,-26.5213381830305 
