Wavelength,0212202100063.asd
350, 3904.52436829836 
351, 4111.96121252829 
352, 4304.7269084467 
353, 4466.24208821673 
354, 4623.1990990572 
355, 4790.15872686679 
356, 4970.5949464259 
357, 5146.61701165568 
358, 5328.25032265935 
359, 5522.17959237557 
360, 5736.64112529014 
361, 5994.58785793135 
362, 6292.59401106319 
363, 6617.9631667179 
364, 6951.65899916056 
365, 7287.48380730062 
366, 7608.4198360284 
367, 7891.8746751332 
368, 8109.37019494653 
369, 8240.64973472878 
370, 8291.15791821763 
371, 8284.11729426924 
372, 8255.93895859697 
373, 8247.53151784226 
374, 8266.82726501858 
375, 8296.65581526587 
376, 8325.3862201962 
377, 8344.11571233901 
378, 8334.56026180369 
379, 8266.23143125472 
380, 8174.21170693501 
381, 8067.92656131089 
382, 7946.99458166491 
383, 7799.33843236912 
384, 7647.56516176172 
385, 7542.718774487 
386, 7546.98195515799 
387, 7704.92554413503 
388, 7933.53008310474 
389, 8136.63108239981 
390, 8228.08650640355 
391, 8326.40707410465 
392, 8424.46791416868 
393, 8504.5595308706 
394, 8566.92949287045 
395, 8745.70426769786 
396, 9099.40770943178 
397, 9648.98627557893 
398, 10420.0786701914 
399, 11300.4100256545 
400, 12203.7514109636 
401, 13077.6223082491 
402, 13914.4454014425 
403, 14607.4930426444 
404, 15108.493141636 
405, 15497.2989925759 
406, 15805.9044784354 
407, 16082.3617416639 
408, 16384.7507681874 
409, 16795.5831577876 
410, 17289.7429434 
411, 17836.8735158493 
412, 18405.0774046338 
413, 18969.4673634088 
414, 19529.1395697873 
415, 20069.3917029431 
416, 20542.6524815293 
417, 20993.7023817684 
418, 21457.1246461428 
419, 21940.7150983497 
420, 22360.3795469794 
421, 22784.5844191565 
422, 23248.2840315569 
423, 23748.5054734592 
424, 24210.3026506176 
425, 24577.6636367514 
426, 24800.2791803531 
427, 24825.4660115789 
428, 24738.7500773682 
429, 24763.4138250258 
430, 25079.6273289117 
431, 25537.5662912336 
432, 26137.9964284753 
433, 27017.3086519766 
434, 28352.1896434252 
435, 29775.9703135981 
436, 30868.2899193493 
437, 31540.3856961942 
438, 32251.0853498006 
439, 32986.5699280162 
440, 33681.3987921225 
441, 34306.8915131726 
442, 35119.5007040617 
443, 35976.8117924556 
444, 36764.7430174521 
445, 37410.2534005003 
446, 37931.2352091329 
447, 38398.6638582086 
448, 38892.3892806907 
449, 39505.4576150743 
450, 40026.766081122 
451, 40313.1653544384 
452, 40310.5464861667 
453, 40217.5427336864 
454, 40002.8378024529 
455, 39727.9834711852 
456, 39538.8696329949 
457, 39503.1693491331 
458, 39527.2151266512 
459, 39512.3274280447 
460, 39418.5348210555 
461, 39273.9926548435 
462, 39115.5965940516 
463, 38961.3204517534 
464, 38716.8056685398 
465, 38329.8666856023 
466, 37845.6445995513 
467, 37402.5599357885 
468, 37032.7054592537 
469, 36758.7873743702 
470, 36591.8019510323 
471, 36544.7842297883 
472, 36516.2473656841 
473, 36516.8636840487 
474, 36588.8205124893 
475, 36595.0101582248 
476, 36571.142938714 
477, 36560.5146155684 
478, 36594.6302254706 
479, 36724.766728381 
480, 36896.1610037744 
481, 37014.9749277373 
482, 36986.5313506918 
483, 36715.2440784062 
484, 36143.2455521506 
485, 35287.0199546664 
486, 34454.1930810131 
487, 33864.1839525305 
488, 33693.3738899879 
489, 34093.0903956825 
490, 34732.9571631754 
491, 35265.2865502824 
492, 35461.5600932102 
493, 35538.0666011681 
494, 35645.7783006075 
495, 35854.8978605155 
496, 36143.0785169545 
497, 36242.124705672 
498, 36152.4155955441 
499, 35933.9647561448 
500, 35642.1368727461 
501, 35420.5651298202 
502, 35337.0994194035 
503, 35426.8547678693 
504, 35770.4887851432 
505, 36243.4364880799 
506, 36721.7056688476 
507, 37103.1238319709 
508, 37390.9962583866 
509, 37616.5804554681 
510, 37828.7668901982 
511, 38110.6364535351 
512, 38309.3847700901 
513, 38352.5947565623 
514, 38220.2974608523 
515, 37911.9920373257 
516, 37494.8138982961 
517, 37086.3211263859 
518, 36849.7382292394 
519, 37167.9865395934 
520, 38072.3010143062 
521, 39344.9972001564 
522, 40414.9648453376 
523, 41213.9884791348 
524, 41775.8255086755 
525, 42202.6250188303 
526, 42395.1025046437 
527, 42477.7916750423 
528, 42707.7318132896 
529, 43571.1133350159 
530, 44698.8119562222 
531, 45654.4550998925 
532, 46077.6625025362 
533, 46221.9599019345 
534, 46434.0236507665 
535, 46901.0022105386 
536, 47610.1982503065 
537, 48125.2165196959 
538, 48368.4171049333 
539, 48405.8009323645 
540, 48398.0704890276 
541, 48450.0891991892 
542, 48707.1443023768 
543, 49282.6935871994 
544, 49942.2445698222 
545, 50517.9204480011 
546, 50919.9559519065 
547, 51157.4637525697 
548, 51313.7374536693 
549, 51492.6906259872 
550, 51762.1679918545 
551, 52042.6370506149 
552, 52261.9706956908 
553, 52424.522341951 
554, 52593.7824938744 
555, 52725.5829681167 
556, 52690.4842245795 
557, 52414.835620931 
558, 51941.8624593707 
559, 51537.7763282195 
560, 51359.7205560634 
561, 51463.9640064029 
562, 51710.5465110623 
563, 51861.4268558977 
564, 51799.0360878803 
565, 51559.4972759145 
566, 51219.6155225744 
567, 50874.3562224355 
568, 50581.5617962733 
569, 50293.0328347106 
570, 49910.947137106 
571, 49545.7375328397 
572, 49420.2604067845 
573, 49484.0267036957 
574, 49491.3048619211 
575, 49284.574166085 
576, 48885.3472967756 
577, 48511.6423331197 
578, 48314.475558161 
579, 48377.3022922164 
580, 48627.5382177303 
581, 49062.7617590939 
582, 49590.8219551383 
583, 50037.3988232259 
584, 50318.9246764547 
585, 50314.4567532626 
586, 50010.9493709925 
587, 49637.9180934352 
588, 49181.3783175864 
589, 48563.2507272737 
590, 47780.7736981998 
591, 47511.5669991737 
592, 47743.4500765252 
593, 48156.0254735173 
594, 48139.8005406008 
595, 47898.2682013408 
596, 47549.019922174 
597, 47175.6852967625 
598, 46771.5419078226 
599, 46281.8803819995 
600, 45746.3487355274 
601, 45271.5854816753 
602, 44912.2609843686 
603, 44721.6559109802 
604, 44692.0429497264 
605, 44733.4911395056 
606, 44638.9449672209 
607, 44395.3140891584 
608, 44078.9453198844 
609, 43769.0034380179 
610, 43474.1574194029 
611, 43206.7210613455 
612, 42981.903241946 
613, 42748.7314871792 
614, 42475.4600695428 
615, 42174.1591455477 
616, 41940.4471674394 
617, 41799.4328175257 
618, 41807.4332611861 
619, 41993.6794830182 
620, 42193.7722468866 
621, 42227.9261042243 
622, 42034.1823403077 
623, 41696.4676508407 
624, 41308.0924612509 
625, 40943.4084765451 
626, 40642.6462804584 
627, 40379.3511424974 
628, 40122.2551871801 
629, 39875.7441191409 
630, 39682.3341269636 
631, 39689.5144334866 
632, 39816.0394640761 
633, 39981.6926305976 
634, 40165.5743601881 
635, 40305.7577998492 
636, 40401.3529525091 
637, 40467.1753684333 
638, 40487.1636557076 
639, 40427.5742609538 
640, 40256.0905534761 
641, 39959.5338511003 
642, 39730.704438653 
643, 39596.433088446 
644, 39513.1702876311 
645, 39367.3234319706 
646, 39140.6274043828 
647, 38853.9875764756 
648, 38557.263121484 
649, 38313.85361234 
650, 38116.9609067052 
651, 38003.0774599858 
652, 38041.939651882 
653, 37955.9172487599 
654, 37538.3612861544 
655, 36748.4435494582 
656, 35829.1743623911 
657, 35161.6441340999 
658, 35159.4353948135 
659, 36038.4317739729 
660, 36951.6304749244 
661, 37480.0186606515 
662, 37587.8309740689 
663, 37641.1986797631 
664, 37608.7945465328 
665, 37552.9983236388 
666, 37529.0004128249 
667, 37543.9334345504 
668, 37534.9582448428 
669, 37502.0341743502 
670, 37474.0493683842 
671, 37403.4004336709 
672, 37318.2978590659 
673, 37262.9534586173 
674, 37290.8746632523 
675, 37341.8619016866 
676, 37381.4928415235 
677, 37396.8414027835 
678, 37421.0020987265 
679, 37432.1060856781 
680, 37430.0403997534 
681, 37424.5519799034 
682, 37402.276744292 
683, 37317.801653002 
684, 37014.8857122395 
685, 36193.202739398 
686, 34743.9219353924 
687, 32802.8137932072 
688, 30845.6633997383 
689, 30036.4353331643 
690, 30647.7700720736 
691, 32143.1982867156 
692, 33505.4465508662 
693, 34706.1590805048 
694, 35587.3512406111 
695, 36124.4573596222 
696, 36471.5568126757 
697, 36749.2152262636 
698, 36926.1703738541 
699, 36951.1725103108 
700, 36875.4942673148 
701, 36793.5025575554 
702, 36785.0095466573 
703, 36909.2578732526 
704, 37180.9888819386 
705, 37505.0452086603 
706, 37782.9998655126 
707, 37934.7052657416 
708, 38054.5490009268 
709, 38159.5425133366 
710, 38249.0331179769 
711, 38338.018763838 
712, 38397.698871949 
713, 38411.6707829615 
714, 38361.487830379 
715, 38186.8474030388 
716, 37744.1545158327 
717, 36966.6645795681 
718, 35898.5918402526 
719, 34984.6271299043 
720, 34623.7235252897 
721, 34983.9791438395 
722, 35784.8026344499 
723, 36358.2150178728 
724, 36465.9425547958 
725, 36217.2089039644 
726, 36160.0330635977 
727, 36244.2888216624 
728, 36364.862332077 
729, 36428.7623206533 
730, 36627.0446018481 
731, 37004.5909915003 
732, 37529.3735021058 
733, 38092.6265267157 
734, 38569.8635647943 
735, 38867.9976764997 
736, 38948.2643220118 
737, 38898.986574321 
738, 38821.1490995805 
739, 38741.0371774705 
740, 38626.9034377433 
741, 38579.1219174058 
742, 38614.4525319289 
743, 38721.9035616472 
744, 38875.2798040903 
745, 38981.6522574287 
746, 39028.6128811666 
747, 39030.2576095597 
748, 38987.2807510116 
749, 38870.3053047685 
750, 38704.7927009357 
751, 38554.6573168294 
752, 38485.059372254 
753, 38473.2646688427 
754, 38478.7770466088 
755, 38451.1917068411 
756, 38275.1973598655 
757, 37494.1930259165 
758, 35378.6934539786 
759, 30685.7868223278 
760, 23787.6759422912 
761, 17035.8271394451 
762, 13274.7213570172 
763, 13332.3726681032 
764, 15413.8978274985 
765, 18593.3070487711 
766, 22744.4323715662 
767, 27245.1307080392 
768, 31140.9380704712 
769, 33846.0447536346 
770, 35360.2264735933 
771, 36107.9703312682 
772, 36403.6291152876 
773, 36485.0394704556 
774, 36477.3470869459 
775, 36404.0725955825 
776, 36305.8927659331 
777, 36210.9423958712 
778, 36077.5519251303 
779, 35915.3069042807 
780, 35753.0021396467 
781, 35625.3907152736 
782, 35481.9195956547 
783, 35308.1436698516 
784, 35109.0932435808 
785, 34909.5466307124 
786, 34720.298885021 
787, 34503.0689830971 
788, 34222.773638155 
789, 33888.5856833521 
790, 33528.2097809575 
791, 33150.5922802279 
792, 32760.9271197159 
793, 32380.2125819463 
794, 32073.1884747508 
795, 31876.5380778924 
796, 31788.7401355332 
797, 31726.5287500012 
798, 31609.3918002616 
799, 31398.3748265445 
800, 31108.4647690252 
801, 30793.7709121893 
802, 30502.2320679062 
803, 30250.6302934482 
804, 29995.2741111814 
805, 29767.9318237181 
806, 29558.2111953275 
807, 29334.5263130509 
808, 29048.573216336 
809, 28709.3185684096 
810, 28341.1435019603 
811, 27962.3841800155 
812, 27516.3385953965 
813, 26932.7641741424 
814, 26196.1788145147 
815, 25356.8769347801 
816, 24560.8556542229 
817, 23916.2177346458 
818, 23494.4149518925 
819, 23324.2162718488 
820, 23251.8197482854 
821, 23150.9069084375 
822, 22965.2958085198 
823, 22760.9748772991 
824, 22619.0198901176 
825, 22614.5592343576 
826, 22727.357899583 
827, 22662.6945703598 
828, 22415.8650721472 
829, 22088.19878078 
830, 21822.2347561369 
831, 21633.3744225474 
832, 21482.7826870855 
833, 21353.7144529782 
834, 21253.3487577302 
835, 21195.9940417091 
836, 21159.0638326512 
837, 21105.6535828579 
838, 20992.6870124651 
839, 20831.2407183657 
840, 20639.0826368606 
841, 20431.4542104338 
842, 20214.7520566593 
843, 19991.1342842413 
844, 19770.043947704 
845, 19557.4112185723 
846, 19352.7916343573 
847, 19097.9643436228 
848, 18788.7868064667 
849, 18446.2601920179 
850, 18103.0450486123 
851, 17702.3493673664 
852, 17285.9734216781 
853, 16935.8246332333 
854, 16677.1233616665 
855, 16469.574600374 
856, 16375.9108554505 
857, 16487.1831603722 
858, 16662.5550608153 
859, 16710.7547080414 
860, 16597.4862877378 
861, 16428.4821833262 
862, 16224.2711521845 
863, 15956.1279407697 
864, 15626.8449727379 
865, 15283.6546157221 
866, 14964.7196476989 
867, 14696.0074758815 
868, 14520.393050685 
869, 14502.0478516946 
870, 14549.9272640853 
871, 14547.0704119428 
872, 14437.9934228379 
873, 14282.0396196607 
874, 14111.2356309423 
875, 13939.5263635078 
876, 13771.2182985582 
877, 13606.0910773565 
878, 13444.6971934594 
879, 13285.6621314383 
880, 13126.4476127216 
881, 12962.9439811978 
882, 12799.6311227672 
883, 12645.0419592333 
884, 12503.1861928824 
885, 12361.5698155052 
886, 12205.9130369192 
887, 12040.4011887841 
888, 11876.6110556281 
889, 11719.5150394776 
890, 11561.9468821902 
891, 11388.0095248612 
892, 11178.9468259526 
893, 10922.3399870579 
894, 10624.9615767051 
895, 10295.2902968604 
896, 9944.62073245856 
897, 9588.83201507493 
898, 9249.22091683217 
899, 8961.43460726088 
900, 8759.76213406737 
901, 8636.60578707629 
902, 8573.89632937242 
903, 8544.53336468472 
904, 8517.09063505324 
905, 8467.24501393433 
906, 8378.72850757402 
907, 8234.89106212531 
908, 8031.04916948897 
909, 7818.28303050374 
910, 7636.05548747859 
911, 7501.32915316654 
912, 7407.84978308578 
913, 7325.51231005039 
914, 7245.37610817161 
915, 7164.95639590142 
916, 7088.15426829187 
917, 7031.90938640598 
918, 6984.00822987161 
919, 6937.91837098761 
920, 6892.44638605774 
921, 6841.23859381817 
922, 6775.73628213447 
923, 6685.55897475514 
924, 6561.40834030346 
925, 6403.4649005641 
926, 6218.26072227248 
927, 5998.40553208412 
928, 5728.99383233115 
929, 5409.20282137161 
930, 5047.38453509871 
931, 4662.85156665793 
932, 4283.96520213567 
933, 3943.86880118011 
934, 3673.48037922969 
935, 3489.0998947878 
936, 3391.25006331676 
937, 3364.27007818115 
938, 3384.37458608355 
939, 3421.6786058162 
940, 3451.22064038299 
941, 3475.07566624222 
942, 3481.00099476674 
943, 3451.54476745271 
944, 3379.90070807211 
945, 3294.40310574763 
946, 3223.5104277391 
947, 3179.84553779205 
948, 3161.41691316983 
949, 3151.58282884298 
950, 3144.12028008621 
951, 3133.43796212458 
952, 3117.38339076659 
953, 3099.07347431404 
954, 3081.20626142371 
955, 3065.31790378549 
956, 3052.04215592777 
957, 3041.25528372802 
958, 3035.81441464488 
959, 3032.10716952896 
960, 3029.27532893174 
961, 3032.37597969275 
962, 3033.90145271783 
963, 3037.76670995524 
964, 3045.5843385112 
965, 3053.37268283131 
966, 3056.20516771224 
967, 3052.66908585874 
968, 3043.11957982888 
969, 3028.80062761601 
970, 3009.7685049964 
971, 2984.34365547611 
972, 2950.14900045537 
973, 2905.53385801363 
974, 2852.03412397613 
975, 2798.63071993287 
976, 2747.25231623255 
977, 2698.56216251578 
978, 2663.34586450387 
979, 2632.14752206632 
980, 2604.4637409889 
981, 2580.2533826235 
982, 2552.96523487862 
983, 2525.37065832957 
984, 2494.8715267727 
985, 2460.27176745585 
986, 2424.41262576385 
987, 2385.77182490976 
988, 2346.13421511851 
989, 2305.12006509329 
990, 2260.4830925025 
991, 2218.30761534998 
992, 2175.90660124639 
993, 2132.65754515326 
994, 2089.84631850271 
995, 2046.89180508806 
996, 2003.94800823582 
997, 1959.56728648214 
998, 1913.24957989459 
999, 1869.25404705993 
1000, 1824.57634357177 
1001, 11687.2012937162 
1002, 11676.8854293476 
1003, 11669.5259280951 
1004, 11670.1376700945 
1005, 11683.4306363129 
1006, 11720.8235770566 
1007, 11773.6025125403 
1008, 11833.2280379616 
1009, 11895.7219490162 
1010, 11969.4941220474 
1011, 12041.4371526202 
1012, 12115.2761255525 
1013, 12190.7664004576 
1014, 12268.9331699218 
1015, 12343.0471215403 
1016, 12423.8840622157 
1017, 12504.7962322931 
1018, 12582.0016696601 
1019, 12664.2028817902 
1020, 12741.0135097857 
1021, 12817.423311648 
1022, 12902.8636191485 
1023, 12996.1353146997 
1024, 13091.9193509212 
1025, 13182.3257741777 
1026, 13270.5818573518 
1027, 13356.7786222924 
1028, 13430.8445830636 
1029, 13505.4415625263 
1030, 13581.0248813524 
1031, 13640.5994160472 
1032, 13695.530558753 
1033, 13743.3157314773 
1034, 13786.5895851434 
1035, 13832.9117239182 
1036, 13881.8931434493 
1037, 13922.5555407666 
1038, 13958.9328735939 
1039, 13989.9223045747 
1040, 14013.3597966685 
1041, 14036.2176005849 
1042, 14058.3045918792 
1043, 14075.5561666144 
1044, 14085.3236654808 
1045, 14094.8434690606 
1046, 14101.2872573416 
1047, 14114.0165705354 
1048, 14130.2496370797 
1049, 14151.4229623867 
1050, 14167.401307106 
1051, 14189.8575223868 
1052, 14210.6561091951 
1053, 14227.9622271741 
1054, 14244.9727161991 
1055, 14259.1860714287 
1056, 14276.2908761223 
1057, 14295.0740518834 
1058, 14324.3520033922 
1059, 14366.6585205929 
1060, 14417.1419939036 
1061, 14476.7143867951 
1062, 14547.445282863 
1063, 14630.5468630539 
1064, 14716.1516618176 
1065, 14809.4087906181 
1066, 14908.3302299693 
1067, 15016.2521578148 
1068, 15137.0452356972 
1069, 15275.3124663317 
1070, 15436.2323005759 
1071, 15607.3425344945 
1072, 15780.8873893227 
1073, 15952.8047788568 
1074, 16134.5366051187 
1075, 16298.4450859627 
1076, 16456.0009032199 
1077, 16611.4514735543 
1078, 16747.2591588368 
1079, 16879.4309054348 
1080, 16987.9633821473 
1081, 17079.7558841123 
1082, 17170.5763028351 
1083, 17250.3880912964 
1084, 17337.9966364214 
1085, 17430.5436582291 
1086, 17511.9706851871 
1087, 17595.2017648551 
1088, 17659.1528324952 
1089, 17717.7214288556 
1090, 17753.9748770165 
1091, 17770.5240446339 
1092, 17781.8934611488 
1093, 17766.2917949692 
1094, 17739.8471429823 
1095, 17711.6085062801 
1096, 17671.2076658766 
1097, 17645.8387185029 
1098, 17620.8894507508 
1099, 17596.9847460542 
1100, 17581.1657811207 
1101, 17557.3160061863 
1102, 17540.0327120048 
1103, 17501.6373419498 
1104, 17464.1115477188 
1105, 17399.5141157188 
1106, 17315.1631735052 
1107, 17187.3746524263 
1108, 16996.918391427 
1109, 16746.1151389246 
1110, 16394.8470515196 
1111, 15956.8358801379 
1112, 15445.4016993086 
1113, 14820.4038640198 
1114, 14195.8229375672 
1115, 13461.7041829543 
1116, 12804.9332212213 
1117, 12096.3891136601 
1118, 11492.1738286749 
1119, 10933.9842567753 
1120, 10428.0112064129 
1121, 10004.4764043843 
1122, 9658.60313295 
1123, 9417.11478348677 
1124, 9255.80344171869 
1125, 9187.26810678651 
1126, 9249.65716345107 
1127, 9311.70570690047 
1128, 9461.57794761806 
1129, 9602.14260186548 
1130, 9785.87331323468 
1131, 9959.74768309035 
1132, 10122.4036248057 
1133, 10335.8491096072 
1134, 10563.5305699618 
1135, 10814.901341574 
1136, 11171.880595386 
1137, 11544.4753609103 
1138, 11907.3669346268 
1139, 12248.9507771896 
1140, 12488.3514957504 
1141, 12680.384877166 
1142, 12772.0868672053 
1143, 12735.6919062056 
1144, 12730.8678610159 
1145, 12560.5697364502 
1146, 12577.4994582264 
1147, 12614.7539007049 
1148, 12776.9436380761 
1149, 13064.0919173365 
1150, 13414.7907379445 
1151, 13863.9607151861 
1152, 14367.17235101 
1153, 14891.8332062606 
1154, 15498.7683600227 
1155, 16069.578352991 
1156, 16670.4669468841 
1157, 17237.9592782433 
1158, 17810.3528694324 
1159, 18349.5087217853 
1160, 18880.2355295053 
1161, 19369.6882180486 
1162, 19839.1545285482 
1163, 20268.3915802159 
1164, 20662.6766247578 
1165, 21018.1166433275 
1166, 21343.7903503293 
1167, 21623.7371076292 
1168, 21873.4883403348 
1169, 22088.3589621055 
1170, 22266.9426120344 
1171, 22405.0967956793 
1172, 22521.132838003 
1173, 22594.4495348384 
1174, 22658.944555846 
1175, 22695.7062491609 
1176, 22724.1157637989 
1177, 22725.9777085807 
1178, 22731.4474081371 
1179, 22717.5046993401 
1180, 22716.0632499626 
1181, 22710.6480533161 
1182, 22715.2526325745 
1183, 22738.5075793742 
1184, 22762.5125972236 
1185, 22826.6436470635 
1186, 22913.3015362336 
1187, 23023.5709514766 
1188, 23170.7927618095 
1189, 23319.7542978441 
1190, 23514.6492189455 
1191, 23664.7654037128 
1192, 23835.7767831044 
1193, 23948.486654341 
1194, 24027.7796821024 
1195, 24071.0311935935 
1196, 24064.1884491051 
1197, 24039.286999785 
1198, 24001.0885257514 
1199, 23914.4426285092 
1200, 23874.1704410089 
1201, 23823.5311981022 
1202, 23814.162834267 
1203, 23819.81880549 
1204, 23863.9618133711 
1205, 23946.3223041167 
1206, 24036.2382557104 
1207, 24163.112274086 
1208, 24288.6075233588 
1209, 24427.5359895607 
1210, 24566.6798015952 
1211, 24724.8240813699 
1212, 24870.406096333 
1213, 25011.8686133869 
1214, 25154.9679645685 
1215, 25278.9058168777 
1216, 25398.7155957009 
1217, 25494.461504168 
1218, 25572.7063982166 
1219, 25639.3818254658 
1220, 25679.6291058942 
1221, 25728.2466300679 
1222, 25764.8918242547 
1223, 25808.3660134885 
1224, 25854.277472958 
1225, 25898.9750032518 
1226, 25944.0407451347 
1227, 25988.8443573734 
1228, 26035.9899303279 
1229, 26078.7368346259 
1230, 26119.3326177502 
1231, 26163.1592845937 
1232, 26190.8035305993 
1233, 26215.9589290274 
1234, 26221.6307576034 
1235, 26217.6862371902 
1236, 26193.5937358819 
1237, 26148.614126256 
1238, 26098.6484900786 
1239, 26027.6791969129 
1240, 25959.821703052 
1241, 25886.9240468414 
1242, 25810.3255727095 
1243, 25729.2956602026 
1244, 25644.9758051615 
1245, 25558.2560823955 
1246, 25467.3272578292 
1247, 25365.1435720177 
1248, 25263.1238585109 
1249, 25135.6385519027 
1250, 24997.0005791218 
1251, 24834.9931176848 
1252, 24663.2975759487 
1253, 24451.3414622066 
1254, 24223.2625620924 
1255, 23948.3982265798 
1256, 23638.3366726056 
1257, 23288.6352729552 
1258, 22885.6159731031 
1259, 22472.1881889637 
1260, 22000.7420999971 
1261, 21549.7565669275 
1262, 21071.1243545738 
1263, 20614.1487511323 
1264, 20221.8552555243 
1265, 19822.2282155706 
1266, 19568.1764785644 
1267, 19371.6400668992 
1268, 19315.8820110775 
1269, 19370.5355163449 
1270, 19526.1551181817 
1271, 19845.3863010974 
1272, 20151.4339217551 
1273, 20589.3031523272 
1274, 20949.6290002357 
1275, 21343.7028714645 
1276, 21664.2053537088 
1277, 21947.0689177195 
1278, 22192.8929359919 
1279, 22386.9036942164 
1280, 22549.206742236 
1281, 22696.6082931226 
1282, 22837.4072527027 
1283, 22986.5216073397 
1284, 23133.537567983 
1285, 23275.890438348 
1286, 23427.3425898575 
1287, 23554.6356115205 
1288, 23673.872631177 
1289, 23772.5513688978 
1290, 23857.1553533328 
1291, 23923.4623366206 
1292, 23974.9198617341 
1293, 24004.3733872672 
1294, 24011.1720229921 
1295, 24006.7715192462 
1296, 23976.942266606 
1297, 23943.9193422525 
1298, 23900.5431853547 
1299, 23851.2796547057 
1300, 23787.9749003902 
1301, 23721.2835200645 
1302, 23645.3971283447 
1303, 23558.8482630361 
1304, 23468.707770846 
1305, 23371.4203596381 
1306, 23271.4752583718 
1307, 23169.1236578777 
1308, 23055.7884728589 
1309, 22931.6440234923 
1310, 22810.2613383295 
1311, 22673.3356297937 
1312, 22552.0497851174 
1313, 22435.0072478989 
1314, 22326.6952586254 
1315, 22223.2418337341 
1316, 22132.6347118626 
1317, 22051.1259229835 
1318, 21983.2743054898 
1319, 21922.5097715137 
1320, 21858.9851536656 
1321, 21791.8650105471 
1322, 21704.441346963 
1323, 21570.8836949617 
1324, 21425.3557721413 
1325, 21206.771028206 
1326, 20922.3960814108 
1327, 20624.1479971618 
1328, 20245.1315893905 
1329, 19916.6902087227 
1330, 19545.310366173 
1331, 19263.6175726457 
1332, 19009.9353615717 
1333, 18822.8622826919 
1334, 18729.274925104 
1335, 18631.1503804982 
1336, 18590.0662178928 
1337, 18549.9098340825 
1338, 18482.0972465288 
1339, 18336.4270064631 
1340, 18100.4427978929 
1341, 17738.8858068364 
1342, 17213.7831460057 
1343, 16556.5722042247 
1344, 15754.8463846461 
1345, 14768.9396769902 
1346, 13721.7109599247 
1347, 12502.0817249255 
1348, 11314.3131954814 
1349, 10002.3090505887 
1350, 8793.90012184481 
1351, 7542.33191126123 
1352, 6432.24942577078 
1353, 5360.13799115502 
1354, 4423.18730086562 
1355, 3590.41003048807 
1356, 2874.01854266365 
1357, 2263.12556550459 
1358, 1781.44286352851 
1359, 1401.24632267418 
1360, 1111.3425813289 
1361, 897.405899180631 
1362, 737.324922104189 
1363, 621.451678605691 
1364, 545.120022908295 
1365, 487.61322518605 
1366, 465.210569506679 
1367, 460.445368166483 
1368, 479.475668629096 
1369, 521.049334053283 
1370, 590.889982216124 
1371, 674.305426076183 
1372, 796.357718766667 
1373, 900.341903559544 
1374, 1034.35125817891 
1375, 1123.45783873142 
1376, 1204.01928845943 
1377, 1245.14466377375 
1378, 1254.13823917222 
1379, 1231.62831954831 
1380, 1187.17690535242 
1381, 1136.82267514792 
1382, 1093.08403956629 
1383, 1079.66062252703 
1384, 1104.35104473791 
1385, 1171.92534789461 
1386, 1283.91127136982 
1387, 1430.52400345908 
1388, 1567.72491109629 
1389, 1745.72017884946 
1390, 1870.36835346004 
1391, 1985.08512036339 
1392, 2067.08407723291 
1393, 2108.91335670428 
1394, 2155.64122077371 
1395, 2167.9430154937 
1396, 2211.49522372835 
1397, 2254.08840184968 
1398, 2320.17085737564 
1399, 2409.84218917206 
1400, 2503.85142600285 
1401, 2609.13344570076 
1402, 2723.33707984008 
1403, 2847.29606773382 
1404, 2975.15572366335 
1405, 3113.9210211541 
1406, 3280.53903479252 
1407, 3466.59755075964 
1408, 3682.37476407202 
1409, 3942.61000312685 
1410, 4229.21635162526 
1411, 4529.4110979538 
1412, 4870.81225823379 
1413, 5195.27998836548 
1414, 5538.12661354557 
1415, 5850.23188205877 
1416, 6149.49640252732 
1417, 6444.20629975763 
1418, 6720.1334145791 
1419, 7001.85067213233 
1420, 7290.40620088145 
1421, 7568.60691341971 
1422, 7858.61342964755 
1423, 8106.39177955031 
1424, 8359.54885200141 
1425, 8544.898378276 
1426, 8692.30949523783 
1427, 8782.89436140319 
1428, 8820.26069213007 
1429, 8802.58067030534 
1430, 8746.30837108867 
1431, 8660.28950047592 
1432, 8566.83000173951 
1433, 8483.42372819039 
1434, 8416.9870446341 
1435, 8386.06593457034 
1436, 8393.87581501183 
1437, 8446.24541526245 
1438, 8527.28046003093 
1439, 8656.22492084083 
1440, 8793.13544448972 
1441, 8963.95138302252 
1442, 9130.76789588921 
1443, 9322.36098631344 
1444, 9495.39821334673 
1445, 9664.59786620931 
1446, 9839.27753550928 
1447, 9996.93386574035 
1448, 10186.2562936805 
1449, 10380.3077365143 
1450, 10606.1512183854 
1451, 10864.8113041091 
1452, 11132.2257976042 
1453, 11459.4141886745 
1454, 11732.7068315147 
1455, 12017.4413681053 
1456, 12249.156869626 
1457, 12414.8839531732 
1458, 12497.2271622223 
1459, 12487.8952719247 
1460, 12376.1928440606 
1461, 12179.0187333033 
1462, 11887.3640627423 
1463, 11543.9563453331 
1464, 11164.3643790167 
1465, 10807.8831884299 
1466, 10410.0363327952 
1467, 10089.7912888519 
1468, 9773.45803959679 
1469, 9550.22927162939 
1470, 9373.76975794386 
1471, 9275.70990857493 
1472, 9269.45047580893 
1473, 9284.14962997596 
1474, 9373.82436189009 
1475, 9458.18987671654 
1476, 9587.40151658343 
1477, 9693.53708299035 
1478, 9807.85803353332 
1479, 9914.69290360273 
1480, 10006.3222192393 
1481, 10111.2981871212 
1482, 10208.6429698841 
1483, 10334.3156548738 
1484, 10474.7862948954 
1485, 10629.6353808963 
1486, 10803.7259990169 
1487, 10997.180166931 
1488, 11192.5753474141 
1489, 11401.6470262334 
1490, 11619.8435712025 
1491, 11837.2056203968 
1492, 12051.4418690535 
1493, 12248.1345094418 
1494, 12426.853407306 
1495, 12582.3056372824 
1496, 12705.6536694636 
1497, 12804.7970501179 
1498, 12883.8108010786 
1499, 12932.1935241978 
1500, 12971.1237602066 
1501, 12979.4303556033 
1502, 13005.6318062973 
1503, 13016.3400126276 
1504, 13052.0386581182 
1505, 13096.8105751148 
1506, 13163.0112081028 
1507, 13244.4034831639 
1508, 13333.6702703939 
1509, 13455.0809056309 
1510, 13554.520355842 
1511, 13661.3134033989 
1512, 13746.8770648308 
1513, 13821.7692058229 
1514, 13878.6068917978 
1515, 13911.0565573864 
1516, 13945.478763782 
1517, 13964.8418466129 
1518, 13988.3186822116 
1519, 14013.7329342219 
1520, 14034.9172611393 
1521, 14050.8712601789 
1522, 14070.1382617285 
1523, 14084.0618411178 
1524, 14095.7923736988 
1525, 14103.3742149068 
1526, 14104.720945267 
1527, 14107.2540126659 
1528, 14105.8680764246 
1529, 14105.1776383102 
1530, 14100.5816567183 
1531, 14086.6422195001 
1532, 14074.9573213054 
1533, 14068.7574274293 
1534, 14059.7275404606 
1535, 14055.0931488745 
1536, 14056.6083592813 
1537, 14056.2317641027 
1538, 14053.9579584511 
1539, 14057.8364973495 
1540, 14062.4366704112 
1541, 14076.1489785235 
1542, 14098.5894987412 
1543, 14118.1539738098 
1544, 14147.6650029798 
1545, 14165.4958478873 
1546, 14177.5958911499 
1547, 14185.9525267011 
1548, 14189.6582738535 
1549, 14190.6498535446 
1550, 14186.7647326755 
1551, 14182.4816231721 
1552, 14177.2329488006 
1553, 14167.2634850172 
1554, 14152.6169773403 
1555, 14139.7072340981 
1556, 14123.1677432438 
1557, 14107.3611837695 
1558, 14095.5358473927 
1559, 14078.2119759391 
1560, 14065.5735484228 
1561, 14037.3475914982 
1562, 14011.8604964316 
1563, 13958.5641182994 
1564, 13885.3236587566 
1565, 13796.5840306969 
1566, 13679.6138598468 
1567, 13559.7224356287 
1568, 13426.3036619205 
1569, 13286.0504492482 
1570, 13144.6057271717 
1571, 13014.3704769941 
1572, 12891.8318034468 
1573, 12796.0875301515 
1574, 12732.7091314039 
1575, 12703.087081564 
1576, 12714.5335540907 
1577, 12755.711895542 
1578, 12819.2843839175 
1579, 12912.8024918234 
1580, 13012.8422450653 
1581, 13142.0534613872 
1582, 13251.3848536764 
1583, 13371.6064398438 
1584, 13467.661884372 
1585, 13555.847456887 
1586, 13623.9532116626 
1587, 13679.1696345207 
1588, 13718.0635324817 
1589, 13733.5204018012 
1590, 13751.0432129682 
1591, 13760.1306382083 
1592, 13758.3671518826 
1593, 13758.9001566518 
1594, 13727.5889184467 
1595, 13678.6892538277 
1596, 13609.2151767781 
1597, 13510.9384210254 
1598, 13409.8137168652 
1599, 13284.1453909628 
1600, 13171.714102794 
1601, 13045.3159042059 
1602, 12944.224320224 
1603, 12842.4779315229 
1604, 12777.7245286357 
1605, 12738.2969203064 
1606, 12714.4805003532 
1607, 12721.7775238814 
1608, 12733.848475955 
1609, 12759.5072375742 
1610, 12793.8712428327 
1611, 12845.2959616217 
1612, 12896.2891400699 
1613, 12958.8801876279 
1614, 13015.49309266 
1615, 13081.274456806 
1616, 13130.9967126377 
1617, 13175.1954902443 
1618, 13209.018534593 
1619, 13228.1506374198 
1620, 13244.9651078359 
1621, 13256.0028852204 
1622, 13260.9292810455 
1623, 13260.8829770208 
1624, 13254.2384328679 
1625, 13243.4828859781 
1626, 13221.6429361974 
1627, 13192.9115802823 
1628, 13154.1400308539 
1629, 13109.7132838448 
1630, 13048.0191293241 
1631, 12969.9754968752 
1632, 12886.3802829796 
1633, 12786.029808969 
1634, 12682.9176598108 
1635, 12565.4146773032 
1636, 12460.0063805089 
1637, 12348.8931106382 
1638, 12250.3207042634 
1639, 12161.5581988761 
1640, 12083.9084179047 
1641, 12012.5807324374 
1642, 11954.4849504401 
1643, 11912.2567548386 
1644, 11876.9004205295 
1645, 11857.8419398748 
1646, 11837.3313358746 
1647, 11824.5881671812 
1648, 11810.2360763224 
1649, 11794.4753573809 
1650, 11780.3868479351 
1651, 11762.049211031 
1652, 11754.4350952707 
1653, 11746.7489781154 
1654, 11742.1836252538 
1655, 11737.1522568835 
1656, 11738.5122114145 
1657, 11726.2678891226 
1658, 11714.6856011163 
1659, 11679.3548790041 
1660, 11632.1759543006 
1661, 11571.3566861532 
1662, 11491.0205178147 
1663, 11412.2289256252 
1664, 11319.4896582678 
1665, 11243.4950606646 
1666, 11161.4038840953 
1667, 11107.6683431776 
1668, 11068.7680548784 
1669, 11041.3220334093 
1670, 11034.0533763307 
1671, 11021.6955494768 
1672, 11023.5433508318 
1673, 11003.6561279733 
1674, 10979.0312089553 
1675, 10949.8504967971 
1676, 10907.519438643 
1677, 10871.7990527393 
1678, 10838.0059445791 
1679, 10800.5316881641 
1680, 10758.7458954835 
1681, 10721.9275752007 
1682, 10683.2029127275 
1683, 10654.0094691182 
1684, 10631.5863685563 
1685, 10605.9811416789 
1686, 10586.2416893234 
1687, 10559.7741286998 
1688, 10529.4697818413 
1689, 10499.2582048999 
1690, 10466.9646980469 
1691, 10437.1251942613 
1692, 10408.2536431615 
1693, 10374.8122290811 
1694, 10342.446951764 
1695, 10303.9780922682 
1696, 10260.7366441985 
1697, 10214.0865862948 
1698, 10164.3666547104 
1699, 10111.6620102624 
1700, 10052.1176974415 
1701, 9998.48506551946 
1702, 9943.40950591558 
1703, 9894.67387000157 
1704, 9851.20004566132 
1705, 9803.80479290831 
1706, 9757.71269608667 
1707, 9711.67022081493 
1708, 9661.94964860918 
1709, 9621.10314918109 
1710, 9584.88103863221 
1711, 9550.77397458163 
1712, 9520.30660714103 
1713, 9491.73202380024 
1714, 9465.60975740865 
1715, 9444.18301080085 
1716, 9424.39189924956 
1717, 9393.19475081932 
1718, 9358.68577104482 
1719, 9307.69749621928 
1720, 9247.35186046889 
1721, 9179.84508401775 
1722, 9111.0968209512 
1723, 9050.50609322737 
1724, 8985.67189556158 
1725, 8928.0446734403 
1726, 8872.39201986251 
1727, 8815.09025191759 
1728, 8760.50869763773 
1729, 8700.95088180471 
1730, 8641.32529621571 
1731, 8577.72377898714 
1732, 8513.93592076285 
1733, 8451.20943413477 
1734, 8393.14043227413 
1735, 8343.32746861026 
1736, 8298.59576740974 
1737, 8272.53801725412 
1738, 8250.95874755675 
1739, 8227.84556204963 
1740, 8206.49760944389 
1741, 8179.74643422793 
1742, 8149.13590201408 
1743, 8118.65093090522 
1744, 8089.61918709079 
1745, 8054.66762604006 
1746, 8024.21542163239 
1747, 7998.35171287456 
1748, 7972.94979070642 
1749, 7958.0124616944 
1750, 7943.53804976773 
1751, 7928.89308833233 
1752, 7911.50311749943 
1753, 7887.97744065269 
1754, 7858.44458076839 
1755, 7818.17718558018 
1756, 7774.46431710437 
1757, 7723.0621867364 
1758, 7663.53403063461 
1759, 7602.93603395402 
1760, 7541.85361338421 
1761, 7480.21279216959 
1762, 7418.74481662684 
1763, 7350.09964300603 
1764, 7284.09423088881 
1765, 7210.63257288714 
1766, 7150.35718953435 
1767, 7104.41547519537 
1768, 7052.19609447715 
1769, 7011.95337779143 
1770, 6952.51066827202 
1771, 6882.9424906455 
1772, 6803.17831445643 
1773, 6709.51007503795 
1774, 6611.23225440592 
1775, 6499.56871032958 
1776, 6395.30798221599 
1777, 6283.53190955053 
1778, 6186.97209079658 
1779, 6096.59034365622 
1780, 6011.41062139059 
1781, 5937.07163987993 
1782, 5861.69955843425 
1783, 5794.08848309946 
1784, 5723.25995326905 
1785, 5653.6836620839 
1786, 5580.92915172835 
1787, 5511.90856495967 
1788, 5424.47488060455 
1789, 5335.34477239478 
1790, 5220.73644204787 
1791, 5087.63305191238 
1792, 4939.5516533682 
1793, 4770.15627115662 
1794, 4602.01662730705 
1795, 4422.91005359296 
1796, 4237.42068855442 
1797, 4040.62194668277 
1798, 3828.8929698142 
1799, 3619.25006731405 
1800, 3404.66846928488 
1801, 20078.2978625296 
1802, 19167.3908263735 
1803, 18385.507217498 
1804, 17717.532022729 
1805, 17133.8967830027 
1806, 16672.806852651 
1807, 16246.0807391825 
1808, 15748.6209194008 
1809, 15346.0680148035 
1810, 14785.7925480533 
1811, 14086.9453012767 
1812, 13425.7243611039 
1813, 12722.3555585369 
1814, 11995.8527131624 
1815, 11296.6126370853 
1816, 10624.1720765802 
1817, 9981.85366874522 
1818, 9401.37642766684 
1819, 8882.18845950224 
1820, 8420.383170534 
1821, 8014.10164240472 
1822, 7717.23794462058 
1823, 7387.91043064297 
1824, 7026.38109181783 
1825, 6649.72262209102 
1826, 6164.12260812442 
1827, 5616.57413830382 
1828, 5037.60145944585 
1829, 4355.94164307906 
1830, 3757.82987485661 
1831, 3126.03836491091 
1832, 2543.34802209517 
1833, 2079.37870481099 
1834, 1696.35121392454 
1835, 1385.05845019039 
1836, 1154.85726571318 
1837, 988.95384396378 
1838, 868.405841256093 
1839, 802.140019387229 
1840, 817.317307916781 
1841, 842.425579033729 
1842, 921.221899604612 
1843, 1015.63017482431 
1844, 1110.49247729821 
1845, 1178.6481269234 
1846, 1202.01345253357 
1847, 1234.21666943658 
1848, 1245.15534020393 
1849, 1220.37666101769 
1850, 1192.28938119107 
1851, 1152.70789025097 
1852, 1096.75062964959 
1853, 1035.56002181848 
1854, 1001.19382443419 
1855, 1011.48014507964 
1856, 1032.92707763597 
1857, 1080.35349511779 
1858, 1172.13968566384 
1859, 1285.12689974918 
1860, 1425.00168711067 
1861, 1593.53172973029 
1862, 1775.76897832238 
1863, 1922.72038697263 
1864, 2001.1408116859 
1865, 1995.53828070933 
1866, 1898.93686164106 
1867, 1742.99676535079 
1868, 1550.42310977226 
1869, 1323.29291124495 
1870, 1129.80499284574 
1871, 922.027581161328 
1872, 758.046090222524 
1873, 653.85578855115 
1874, 647.805258743122 
1875, 752.622544551257 
1876, 935.521352980952 
1877, 1186.74233048231 
1878, 1480.95623074298 
1879, 1779.05250167019 
1880, 2065.20301268947 
1881, 2364.19822981682 
1882, 2645.87858955004 
1883, 2888.55613624525 
1884, 3093.31130622621 
1885, 3242.31303605233 
1886, 3310.41660248655 
1887, 3338.68243131225 
1888, 3327.0881868226 
1889, 3269.35504361806 
1890, 3208.21286646361 
1891, 3145.01875437116 
1892, 3066.77566347331 
1893, 2991.75247064519 
1894, 2908.27067977591 
1895, 2793.53107545607 
1896, 2648.76865089243 
1897, 2461.84527893036 
1898, 2237.46920593081 
1899, 1988.14751486932 
1900, 1764.79411415383 
1901, 1490.72605012339 
1902, 1306.79686079087 
1903, 1143.05922937421 
1904, 1069.41410087891 
1905, 1058.25947472234 
1906, 1115.95750852061 
1907, 1218.34280643533 
1908, 1314.19628303559 
1909, 1405.09215787459 
1910, 1476.43969072702 
1911, 1573.00873117422 
1912, 1639.66498035756 
1913, 1789.93291755168 
1914, 1972.33011802761 
1915, 2215.05157631933 
1916, 2499.55681761971 
1917, 2835.0156612663 
1918, 3194.55858959655 
1919, 3545.76039089244 
1920, 3915.04779445646 
1921, 4277.8071089519 
1922, 4552.47390760372 
1923, 4790.82443103198 
1924, 4956.66611505955 
1925, 5046.91439842299 
1926, 5072.4602582325 
1927, 5071.29598975091 
1928, 5102.87039523468 
1929, 5157.47532451576 
1930, 5227.50443681731 
1931, 5370.93908600772 
1932, 5550.16499784656 
1933, 5739.85499026749 
1934, 6000.49573374299 
1935, 6209.15859529668 
1936, 6424.61121403976 
1937, 6602.52051826876 
1938, 6745.54259978818 
1939, 6853.38087673564 
1940, 6952.47477616952 
1941, 7050.06059957014 
1942, 7152.38230394023 
1943, 7267.50574949414 
1944, 7354.85356097552 
1945, 7462.90746793869 
1946, 7494.25899184282 
1947, 7521.88817705415 
1948, 7445.784891192 
1949, 7289.86946147297 
1950, 7088.70672382573 
1951, 6815.08165444721 
1952, 6483.07665338114 
1953, 6161.03951694692 
1954, 5839.77518581775 
1955, 5599.02662317289 
1956, 5341.24146465512 
1957, 5253.30932867356 
1958, 5253.54889029852 
1959, 5358.21694393144 
1960, 5595.0968925804 
1961, 5898.58645282002 
1962, 6265.6891275551 
1963, 6652.33657869302 
1964, 7062.78683332378 
1965, 7511.95346339776 
1966, 7979.76980563484 
1967, 8470.30626893631 
1968, 8994.68236591816 
1969, 9553.57027826251 
1970, 10131.9698461033 
1971, 10760.5429402118 
1972, 11371.6798190097 
1973, 12016.5949281161 
1974, 12628.8724837324 
1975, 13214.7130745818 
1976, 13782.0307979154 
1977, 14281.9506633518 
1978, 14737.5016444332 
1979, 15145.6274460856 
1980, 15506.6164154441 
1981, 15813.6672889097 
1982, 16069.3843813626 
1983, 16285.0043649338 
1984, 16441.5397365314 
1985, 16566.8969276976 
1986, 16668.2015837893 
1987, 16715.5568244813 
1988, 16706.3005327004 
1989, 16645.5495278905 
1990, 16473.7175137464 
1991, 16279.1273364432 
1992, 15864.0364625499 
1993, 15365.8864445993 
1994, 14631.2022646647 
1995, 13669.5894832357 
1996, 12585.0692819084 
1997, 11267.3112516441 
1998, 9876.36931598081 
1999, 8420.4821953089 
2000, 7030.97525338386 
2001, 5796.51362877459 
2002, 4724.5684462949 
2003, 3909.83784695427 
2004, 3306.33264225377 
2005, 2889.72924825332 
2006, 2771.19928915107 
2007, 2674.41041711572 
2008, 2831.82885128981 
2009, 2898.91393634087 
2010, 3016.14009131687 
2011, 3144.73942528778 
2012, 3228.92224824847 
2013, 3316.94175347464 
2014, 3490.6642639983 
2015, 3654.59260626084 
2016, 3986.85004747401 
2017, 4386.65683864017 
2018, 4931.7098783061 
2019, 5633.79600926975 
2020, 6384.39575971161 
2021, 7279.71283022466 
2022, 8175.46934330916 
2023, 9162.90332804323 
2024, 10140.6296974068 
2025, 11124.5175332129 
2026, 12056.3117770334 
2027, 12878.2766525201 
2028, 13651.2441995031 
2029, 14309.7905026251 
2030, 14870.1786235236 
2031, 15354.3182337792 
2032, 15746.6574181631 
2033, 16063.4705417304 
2034, 16287.6778708886 
2035, 16453.4064266122 
2036, 16507.901415716 
2037, 16554.854661323 
2038, 16553.9467086111 
2039, 16510.9034780561 
2040, 16438.2144268577 
2041, 16354.7872043813 
2042, 16187.4320157886 
2043, 15983.7495484403 
2044, 15688.4606826743 
2045, 15334.5106920185 
2046, 14887.0305650455 
2047, 14339.3710394899 
2048, 13745.4521414135 
2049, 12996.8868645709 
2050, 12328.8312115866 
2051, 11584.1834113473 
2052, 10912.4181843893 
2053, 10397.0032224252 
2054, 9993.54689259194 
2055, 9766.53866992252 
2056, 9730.67128024873 
2057, 9766.20854065923 
2058, 10001.7722617724 
2059, 10174.1023796964 
2060, 10498.5775504946 
2061, 10675.3217305277 
2062, 10798.4086238607 
2063, 10905.9613484811 
2064, 10899.5691036659 
2065, 10973.7333456204 
2066, 11043.9594284251 
2067, 11152.7947856555 
2068, 11350.4473792156 
2069, 11591.8231418716 
2070, 11935.2633041656 
2071, 12387.4599352191 
2072, 12837.4648277353 
2073, 13378.3153443776 
2074, 13891.5949108117 
2075, 14435.0527140029 
2076, 14953.8446474424 
2077, 15521.8261517812 
2078, 16000.8421827265 
2079, 16459.0255698674 
2080, 16844.9253333319 
2081, 17162.5181715672 
2082, 17425.991960542 
2083, 17652.2263318948 
2084, 17807.511668056 
2085, 17974.0857523392 
2086, 18088.2064002864 
2087, 18240.8391713224 
2088, 18386.4928171455 
2089, 18552.7709580308 
2090, 18744.3127379352 
2091, 18924.4508501422 
2092, 19118.9674523402 
2093, 19294.3455851395 
2094, 19460.010068613 
2095, 19618.9785544254 
2096, 19769.4728455018 
2097, 19913.5350937352 
2098, 20043.3308402368 
2099, 20168.675483633 
2100, 20274.0223057674 
2101, 20359.2385488389 
2102, 20441.9381614728 
2103, 20504.7839538561 
2104, 20579.8922169705 
2105, 20662.391023092 
2106, 20725.1079546338 
2107, 20770.2101692068 
2108, 20832.9052380171 
2109, 20881.1447080041 
2110, 20947.9072824951 
2111, 21040.4110193745 
2112, 21133.6452970982 
2113, 21221.0870810955 
2114, 21299.4503939457 
2115, 21370.047321506 
2116, 21429.9444096458 
2117, 21496.3022793448 
2118, 21545.0412460216 
2119, 21623.1796752964 
2120, 21718.6610734431 
2121, 21811.3986873074 
2122, 21922.8300663335 
2123, 22023.3977714338 
2124, 22107.703923042 
2125, 22211.3493508959 
2126, 22331.4856734275 
2127, 22441.6929278483 
2128, 22553.6937755787 
2129, 22678.8010991794 
2130, 22779.6964325385 
2131, 22865.6632076238 
2132, 22954.3511419169 
2133, 23033.0895614539 
2134, 23116.5760428167 
2135, 23202.9310164217 
2136, 23279.0158440772 
2137, 23354.4197458506 
2138, 23422.3644282561 
2139, 23487.1556198773 
2140, 23535.1888622056 
2141, 23572.0350076176 
2142, 23605.6999766732 
2143, 23626.9439298863 
2144, 23642.172971178 
2145, 23655.9565718179 
2146, 23659.0294557957 
2147, 23649.6059466757 
2148, 23637.2902608018 
2149, 23634.3534154779 
2150, 23626.1109970009 
2151, 23638.1704727648 
2152, 23661.1003125155 
2153, 23690.8386322616 
2154, 23748.3490372449 
2155, 23777.6866493061 
2156, 23820.8618620552 
2157, 23820.1869457297 
2158, 23794.5849236698 
2159, 23748.0346278497 
2160, 23658.5122452941 
2161, 23576.8072043803 
2162, 23453.1460179868 
2163, 23373.2562296428 
2164, 23290.7697894397 
2165, 23242.4220999101 
2166, 23255.3345837236 
2167, 23309.6663816085 
2168, 23407.9533372093 
2169, 23581.0044130255 
2170, 23726.8847647776 
2171, 23919.730402121 
2172, 24061.3671037692 
2173, 24201.5935313055 
2174, 24302.2068835552 
2175, 24373.085060285 
2176, 24426.1519261511 
2177, 24448.8476455689 
2178, 24459.3954313819 
2179, 24441.7070493312 
2180, 24427.3894654458 
2181, 24382.6153731906 
2182, 24362.7181995997 
2183, 24352.0215652132 
2184, 24340.0741577219 
2185, 24367.1034840095 
2186, 24395.968547081 
2187, 24436.1672281723 
2188, 24496.3637144747 
2189, 24553.644413735 
2190, 24647.3843756377 
2191, 24660.7238034474 
2192, 24682.6275226521 
2193, 24604.9234348197 
2194, 24448.802373544 
2195, 24260.0849695066 
2196, 23984.5373926848 
2197, 23729.7777302461 
2198, 23381.913416426 
2199, 23141.2115672796 
2200, 22886.4953970655 
2201, 22755.7919158681 
2202, 22726.5661038549 
2203, 22749.5656638562 
2204, 22871.3470095029 
2205, 23037.0311626679 
2206, 23229.536288822 
2207, 23449.1003755586 
2208, 23631.366842181 
2209, 23838.3482439366 
2210, 23966.256746682 
2211, 24061.816474667 
2212, 24113.509359921 
2213, 24106.7992618039 
2214, 24094.6842627301 
2215, 24046.7673504484 
2216, 23992.7482990085 
2217, 23909.3181811638 
2218, 23836.428872413 
2219, 23750.9522572921 
2220, 23670.6304026212 
2221, 23601.0679191004 
2222, 23516.0318213435 
2223, 23425.3918656462 
2224, 23326.2195965974 
2225, 23204.9162552916 
2226, 23098.7745075335 
2227, 22994.2339687628 
2228, 22897.6211599104 
2229, 22795.4964668056 
2230, 22671.9002353253 
2231, 22552.3360343025 
2232, 22415.4209902681 
2233, 22290.4548116711 
2234, 22175.6115211424 
2235, 22049.4173380406 
2236, 21913.7810993629 
2237, 21787.8127440306 
2238, 21667.0287262408 
2239, 21535.6651617094 
2240, 21409.4786915012 
2241, 21268.4461427471 
2242, 21108.0127883706 
2243, 20957.27228787 
2244, 20803.5541584711 
2245, 20651.6704625695 
2246, 20493.7790823323 
2247, 20351.3087288518 
2248, 20226.5382859767 
2249, 20087.6863808201 
2250, 19980.0333699916 
2251, 19824.0589530355 
2252, 19628.190232829 
2253, 19426.9852246855 
2254, 19204.7772914707 
2255, 18995.4882486139 
2256, 18819.8786891701 
2257, 18641.3352558014 
2258, 18457.2109151568 
2259, 18279.2518426686 
2260, 18087.3694009812 
2261, 17864.9107637163 
2262, 17699.1761212417 
2263, 17542.8246250677 
2264, 17418.3125119554 
2265, 17350.5268276722 
2266, 17254.4408864103 
2267, 17159.570310173 
2268, 17070.2062461158 
2269, 16997.7772479613 
2270, 16892.1352669988 
2271, 16793.2022640371 
2272, 16658.5276317354 
2273, 16457.54168979 
2274, 16301.4345880718 
2275, 16142.2221582815 
2276, 16000.9464596482 
2277, 15905.5080162661 
2278, 15781.0842951344 
2279, 15636.0914286647 
2280, 15506.429137921 
2281, 15370.9573780213 
2282, 15247.485180536 
2283, 15127.5566771243 
2284, 15012.7257823853 
2285, 14893.1956140285 
2286, 14743.1674972369 
2287, 14587.1109612349 
2288, 14427.899269385 
2289, 14252.1825642288 
2290, 14062.3966659445 
2291, 13858.6809621606 
2292, 13636.507938342 
2293, 13417.6371168442 
2294, 13163.4875972875 
2295, 12969.0894035231 
2296, 12798.8612385444 
2297, 12641.341893373 
2298, 12516.8420406343 
2299, 12391.9565653271 
2300, 12258.0705479823 
2301, 12166.4352433968 
2302, 12092.1466512442 
2303, 12055.3357698285 
2304, 12057.2506352547 
2305, 12073.7526185719 
2306, 12140.6933011271 
2307, 12187.3886742317 
2308, 12285.9852838307 
2309, 12303.2266639666 
2310, 12327.3016599171 
2311, 12240.9924640297 
2312, 12066.4559581341 
2313, 11840.7301409374 
2314, 11526.8836337099 
2315, 11160.3843129273 
2316, 10789.2610856295 
2317, 10432.9823667179 
2318, 10130.5434544138 
2319, 9926.1255902861 
2320, 9821.96901967449 
2321, 9793.52365595398 
2322, 9851.0203669187 
2323, 9938.59621066173 
2324, 10032.909350936 
2325, 10112.5019507281 
2326, 10147.1588824636 
2327, 10150.435208486 
2328, 10105.2051826365 
2329, 10005.843642224 
2330, 9905.23230434324 
2331, 9763.83673831596 
2332, 9628.24209519761 
2333, 9485.79196304174 
2334, 9329.42482673719 
2335, 9159.61859244849 
2336, 8977.07614054065 
2337, 8774.6478582463 
2338, 8584.08198622452 
2339, 8368.54855609134 
2340, 8198.72822568986 
2341, 8044.03979004945 
2342, 7912.80857666394 
2343, 7832.21168564754 
2344, 7716.99229748452 
2345, 7613.47594366509 
2346, 7486.38731713117 
2347, 7327.35519215893 
2348, 7183.7280034695 
2349, 7011.825983901 
2350, 6894.21581603878 
2351, 6792.82740938504 
2352, 6726.41192265309 
2353, 6712.98715791953 
2354, 6694.77813871339 
2355, 6681.17602233782 
2356, 6701.26660597186 
2357, 6763.99674001762 
2358, 6807.51796693249 
2359, 6896.90385252036 
2360, 6928.54138725585 
2361, 6946.23823425811 
2362, 6903.2619086998 
2363, 6808.62582577868 
2364, 6694.2932539261 
2365, 6513.58242310229 
2366, 6303.29832268246 
2367, 6090.5727928494 
2368, 5848.2413923786 
2369, 5616.88358872951 
2370, 5420.72316941631 
2371, 5255.62063845902 
2372, 5147.08153956562 
2373, 5102.75434979103 
2374, 5090.38291094064 
2375, 5120.68747296477 
2376, 5178.34434579705 
2377, 5226.94373759885 
2378, 5246.05646233473 
2379, 5243.85396238228 
2380, 5215.51589725373 
2381, 5136.61788705494 
2382, 5069.65127315229 
2383, 5001.18204455835 
2384, 4907.8563718245 
2385, 4844.85266606384 
2386, 4800.03622161204 
2387, 4750.13789722818 
2388, 4702.40603778415 
2389, 4677.60918827786 
2390, 4659.46980958691 
2391, 4644.36019719854 
2392, 4644.76466974332 
2393, 4633.54366456262 
2394, 4601.26345674001 
2395, 4582.49702716186 
2396, 4575.66137936545 
2397, 4555.67263331488 
2398, 4535.63842717788 
2399, 4483.76365287192 
2400, 4406.60070792518 
2401, 4349.85823694079 
2402, 4287.17027752367 
2403, 4232.91377869061 
2404, 4196.38343003297 
2405, 4141.22062562188 
2406, 4081.53305381397 
2407, 4003.83539928956 
2408, 3912.95347928102 
2409, 3824.23410815378 
2410, 3716.07513486813 
2411, 3619.31025007551 
2412, 3533.24338385665 
2413, 3427.01952134586 
2414, 3304.1528956885 
2415, 3211.63039329757 
2416, 3109.59730267453 
2417, 3051.54396018509 
2418, 3023.59932325156 
2419, 3011.9113113656 
2420, 3030.10702712191 
2421, 3045.03488667564 
2422, 3084.44734569862 
2423, 3105.46204590908 
2424, 3124.89246569082 
2425, 3141.00149073398 
2426, 3155.08820608642 
2427, 3154.1277512713 
2428, 3161.61278062303 
2429, 3123.42352900566 
2430, 3060.46639772807 
2431, 2976.13012182726 
2432, 2837.40762075794 
2433, 2732.313487057 
2434, 2615.42074184165 
2435, 2533.42741801371 
2436, 2473.96166935201 
2437, 2441.90725049766 
2438, 2436.87645341725 
2439, 2433.66788781332 
2440, 2464.10432172766 
2441, 2453.39895179303 
2442, 2443.16634788434 
2443, 2396.62284361733 
2444, 2316.32976710269 
2445, 2220.00286845 
2446, 2106.76881878324 
2447, 1995.91262230739 
2448, 1907.70898674143 
2449, 1834.84966995507 
2450, 1792.01906556227 
2451, 1769.73211561972 
2452, 1783.48806513408 
2453, 1819.33459531829 
2454, 1859.04632650191 
2455, 1911.73544146105 
2456, 1974.88056923082 
2457, 2033.01285056266 
2458, 2073.34481106731 
2459, 2081.68106853527 
2460, 2052.59620927268 
2461, 2014.78978133434 
2462, 1968.51647854826 
2463, 1928.7226516377 
2464, 1905.21339378369 
2465, 1856.72726727797 
2466, 1802.5379684531 
2467, 1754.8546855283 
2468, 1678.08809525655 
2469, 1631.11263018817 
2470, 1589.74527217524 
2471, 1524.74054473699 
2472, 1480.2525143495 
2473, 1410.83061514361 
2474, 1365.55331919058 
2475, 1354.73959504068 
2476, 1345.12667999511 
2477, 1343.88434810778 
2478, 1309.10001091202 
2479, 1247.38184682478 
2480, 1160.65023186364 
2481, 1061.41675350834 
2482, 983.028024692592 
2483, 909.487359761159 
2484, 855.240866537541 
2485, 810.105163192273 
2486, 753.955385502859 
2487, 724.730542605345 
2488, 710.816801693748 
2489, 708.264434834823 
2490, 710.299622928717 
2491, 701.126072542519 
2492, 682.623319331019 
2493, 648.050314036158 
2494, 636.351225979284 
2495, 646.462436746256 
2496, 659.949612768547 
2497, 742.154187545973 
2498, 776.175105497375 
2499, 800.563186613667 
2500, 811.080670056184 
