Wavelength,0212202100145.asd
350, 2640.68675969435 
351, 2778.04387815968 
352, 2904.02949693419 
353, 3010.25098771255 
354, 3113.30179744124 
355, 3221.95263189387 
356, 3338.31990548481 
357, 3452.21879069755 
358, 3569.80491943415 
359, 3695.949557021 
360, 3836.71649347422 
361, 4006.48746720593 
362, 4202.1439795425 
363, 4413.99881724713 
364, 4628.27422483542 
365, 4847.46955563414 
366, 5057.7119719205 
367, 5241.63541769629 
368, 5381.67492445787 
369, 5465.08100678983 
370, 5494.19697859351 
371, 5483.66490208486 
372, 5461.46987997481 
373, 5453.20912067575 
374, 5462.08134139436 
375, 5475.01701360471 
376, 5487.71195372775 
377, 5495.54341222508 
378, 5486.02880969032 
379, 5436.83247336568 
380, 5371.08209943029 
381, 5297.18893572922 
382, 5216.05756309222 
383, 5116.43208220454 
384, 5013.51378800511 
385, 4941.44369864527 
386, 4941.5965902777 
387, 5042.13103432001 
388, 5187.68590568196 
389, 5315.87823519984 
390, 5372.37505670218 
391, 5433.080522108 
392, 5493.14978852204 
393, 5541.64801020852 
394, 5580.88402282677 
395, 5695.00737679564 
396, 5922.90369688635 
397, 6279.16624515229 
398, 6774.67028890113 
399, 7339.09243183721 
400, 7920.34110492847 
401, 8487.93607853253 
402, 9026.87201492011 
403, 9468.37888729097 
404, 9784.36765786982 
405, 10031.3948660809 
406, 10228.3065540258 
407, 10403.9936911355 
408, 10594.6438070845 
409, 10857.0169987449 
410, 11171.0810679394 
411, 11516.9279214186 
412, 11876.5910656918 
413, 12235.5600959873 
414, 12591.4473915395 
415, 12934.0978128695 
416, 13235.1694402254 
417, 13519.7471123267 
418, 13810.1793023833 
419, 14113.3165522303 
420, 14378.3739616251 
421, 14646.3966410647 
422, 14938.5143720747 
423, 15252.9301992629 
424, 15542.2139571628 
425, 15770.5587053938 
426, 15906.074386079 
427, 15915.893148463 
428, 15854.8147289344 
429, 15864.7357541963 
430, 16060.3280711169 
431, 16347.9409327148 
432, 16726.7732119102 
433, 17282.9062054371 
434, 18128.2394901628 
435, 19025.2649358554 
436, 19711.3954480078 
437, 20133.0855523655 
438, 20579.8494618744 
439, 21038.6610532115 
440, 21472.4140414089 
441, 21866.5520746094 
442, 22371.8592208418 
443, 22905.0051773933 
444, 23395.4933031334 
445, 23794.7439176355 
446, 24117.5268894002 
447, 24406.6610023341 
448, 24711.6890158811 
449, 25094.3965465406 
450, 25416.6704767705 
451, 25588.5391309604 
452, 25577.8203065015 
453, 25509.7104399349 
454, 25365.2763474427 
455, 25184.4477989199 
456, 25060.1100811838 
457, 25029.1566765255 
458, 25034.2972731839 
459, 25015.6372954514 
460, 24948.5039156224 
461, 24849.3846222516 
462, 24741.9686780173 
463, 24637.8440573128 
464, 24473.1293081685 
465, 24218.5394455939 
466, 23905.2583653619 
467, 23621.5573484402 
468, 23383.1154714695 
469, 23204.1411244895 
470, 23091.5623123081 
471, 23050.8851937067 
472, 23022.209163955 
473, 23012.7156432504 
474, 23047.5629329391 
475, 23038.7576781391 
476, 23011.8937135977 
477, 22995.2056121171 
478, 23006.3568238991 
479, 23081.085750938 
480, 23185.9471062542 
481, 23261.1901125858 
482, 23244.0188213718 
483, 23072.0606249381 
484, 22708.6956408818 
485, 22165.6743039969 
486, 21638.6061683069 
487, 21265.3973199201 
488, 21155.9251837161 
489, 21403.498986892 
490, 21797.4033351405 
491, 22122.2910152052 
492, 22238.4767316328 
493, 22279.8047979407 
494, 22341.9556164453 
495, 22467.6508097741 
496, 22639.981553642 
497, 22692.451883965 
498, 22629.5218813134 
499, 22489.0704911444 
500, 22296.6852049223 
501, 22148.9926184814 
502, 22087.8535885872 
503, 22132.6243637592 
504, 22335.765738852 
505, 22620.1700119855 
506, 22909.7456051296 
507, 23142.7317312119 
508, 23322.0997057497 
509, 23463.3847057347 
510, 23594.1468492073 
511, 23769.6286279678 
512, 23890.2312692532 
513, 23913.146209381 
514, 23830.5592803807 
515, 23634.1351237771 
516, 23368.1584856601 
517, 23108.9514911629 
518, 22960.571363117 
519, 23156.4991291533 
520, 23715.5767338368 
521, 24502.4248104473 
522, 25158.7664499042 
523, 25647.0506115852 
524, 25989.3086960213 
525, 26246.8591226184 
526, 26356.2761901864 
527, 26397.6995095748 
528, 26533.3173625645 
529, 27066.2753885257 
530, 27759.1869212243 
531, 28341.9038211085 
532, 28595.1596311303 
533, 28678.2579417549 
534, 28807.346489923 
535, 29096.4042032643 
536, 29532.3589707542 
537, 29849.832109719 
538, 29998.0989077213 
539, 30015.5532753204 
540, 30004.6490396562 
541, 30027.7610007071 
542, 30177.6269425568 
543, 30529.3056619261 
544, 30932.1811516834 
545, 31283.8201695414 
546, 31528.9781732514 
547, 31670.4854118503 
548, 31765.0017775516 
549, 31874.7183230507 
550, 32038.1851264281 
551, 32207.2548016424 
552, 32338.392621837 
553, 32435.0803737084 
554, 32536.8140711752 
555, 32612.7259662865 
556, 32582.5748063119 
557, 32402.5163767047 
558, 32103.9685316995 
559, 31847.2710252633 
560, 31728.2861284187 
561, 31782.3414643217 
562, 31927.2370163232 
563, 32009.5568192621 
564, 31956.2728526302 
565, 31797.1837023665 
566, 31572.9485398353 
567, 31343.4918507053 
568, 31146.0207178086 
569, 30946.1469482102 
570, 30688.9758616231 
571, 30444.6865198006 
572, 30350.5988358218 
573, 30377.0265342014 
574, 30369.7119064813 
575, 30229.9444688569 
576, 29971.9466772681 
577, 29735.972577049 
578, 29613.1961463516 
579, 29652.1545371755 
580, 29814.6853808798 
581, 30093.7277628862 
582, 30429.5627568132 
583, 30714.6742453073 
584, 30895.4463866004 
585, 30894.1777446813 
586, 30700.0145152116 
587, 30452.9466792483 
588, 30141.2685931015 
589, 29719.906827322 
590, 29195.9823161844 
591, 29008.2786588516 
592, 29145.2379780927 
593, 29399.9142273995 
594, 29383.9345911625 
595, 29235.5593273389 
596, 29028.799700921 
597, 28812.9676121195 
598, 28580.6554595611 
599, 28290.5300876784 
600, 27969.0752355246 
601, 27689.2891372945 
602, 27472.0194062664 
603, 27354.3840578183 
604, 27335.6589284397 
605, 27359.5089179352 
606, 27299.7264404787 
607, 27147.5372252557 
608, 26949.1833809642 
609, 26755.8591150845 
610, 26572.4371439547 
611, 26406.3730847339 
612, 26267.158582343 
613, 26119.5294855978 
614, 25946.0618093004 
615, 25756.2650396955 
616, 25608.0573399078 
617, 25515.3007723786 
618, 25513.8985141026 
619, 25623.3197762541 
620, 25735.6951939909 
621, 25744.5482420547 
622, 25614.3981598323 
623, 25396.3819097306 
624, 25149.6970851805 
625, 24913.8819984106 
626, 24708.6715109594 
627, 24522.75688486 
628, 24338.3062336704 
629, 24164.0271990094 
630, 24034.5796010686 
631, 24045.0190881221 
632, 24134.0115266394 
633, 24243.8300442926 
634, 24361.60748402 
635, 24451.280525475 
636, 24513.544942978 
637, 24557.2693685005 
638, 24567.2661730991 
639, 24527.4140835096 
640, 24419.611146958 
641, 24234.7983572764 
642, 24091.1819805981 
643, 24004.8794292801 
644, 23947.210652775 
645, 23843.4491034142 
646, 23680.8907323769 
647, 23477.4008458254 
648, 23271.3207977835 
649, 23105.1112930154 
650, 22979.3545430642 
651, 22914.6651950823 
652, 22945.3430768446 
653, 22891.2699695233 
654, 22634.6797056325 
655, 22157.2369272884 
656, 21597.9748090083 
657, 21193.3832960391 
658, 21198.0314661253 
659, 21742.7233818126 
660, 22294.7180558684 
661, 22609.8332729056 
662, 22672.5973105334 
663, 22703.514456615 
664, 22677.5830793796 
665, 22636.6383269662 
666, 22617.8219840003 
667, 22620.2778785354 
668, 22609.4645850731 
669, 22584.9615140843 
670, 22562.0175471129 
671, 22512.9588395468 
672, 22455.7208037242 
673, 22416.7621989851 
674, 22426.6408154504 
675, 22451.193790492 
676, 22469.6148690937 
677, 22473.3472451978 
678, 22481.3881186282 
679, 22480.9857688271 
680, 22470.764002173 
681, 22455.3663784883 
682, 22435.4902753053 
683, 22378.4196184679 
684, 22183.995659813 
685, 21667.2813948236 
686, 20751.8237871937 
687, 19521.2055824509 
688, 18276.8306685744 
689, 17759.9839901296 
690, 18132.4218198408 
691, 19051.6799492716 
692, 19876.6459322295 
693, 20589.2129124784 
694, 21098.6600877575 
695, 21403.6076677415 
696, 21621.1374493499 
697, 21812.0619326114 
698, 21940.8605268389 
699, 21961.1656043423 
700, 21896.4900207707 
701, 21833.1941107591 
702, 21829.2624738732 
703, 21915.8509553421 
704, 22097.7731175257 
705, 22307.8224798038 
706, 22484.2917872469 
707, 22587.7461065869 
708, 22670.1155260096 
709, 22743.7843095891 
710, 22809.2956908346 
711, 22867.0273097279 
712, 22905.3178096253 
713, 22913.0043267355 
714, 22871.6816590502 
715, 22730.6005002628 
716, 22390.2242791445 
717, 21807.998813228 
718, 21021.4237903748 
719, 20367.7322395941 
720, 20126.13826972 
721, 20401.9138352402 
722, 20977.339081574 
723, 21368.6894975664 
724, 21413.9103408561 
725, 21207.4272422196 
726, 21149.8614988869 
727, 21208.6314861475 
728, 21306.3297667425 
729, 21368.8280757164 
730, 21519.5250406835 
731, 21790.4259731486 
732, 22165.9003922042 
733, 22585.1616283768 
734, 22945.6563264627 
735, 23177.0870130296 
736, 23251.781620569 
737, 23231.8729868219 
738, 23198.3718284037 
739, 23171.6432746675 
740, 23122.7976171359 
741, 23110.3021632776 
742, 23142.191769732 
743, 23210.8763693086 
744, 23300.9066107643 
745, 23358.831390238 
746, 23377.469583226 
747, 23365.3343154092 
748, 23324.6198640622 
749, 23237.3510666334 
750, 23120.3458941937 
751, 23013.7852274523 
752, 22951.9082661895 
753, 22923.3543499034 
754, 22904.2133122397 
755, 22861.586837447 
756, 22732.1702121767 
757, 22238.541136999 
758, 20935.4752451139 
759, 18064.6942700874 
760, 13859.1996910801 
761, 9740.63211621944 
762, 7423.66596839143 
763, 7395.11807337974 
764, 8590.56273830141 
765, 10466.2345778627 
766, 12954.0679789912 
767, 15666.6570302734 
768, 18017.2482657123 
769, 19644.8099726602 
770, 20546.4406264742 
771, 20981.1367540103 
772, 21138.4496489492 
773, 21162.1010317135 
774, 21130.8880593699 
775, 21055.7686985393 
776, 20964.4018386264 
777, 20878.4788634827 
778, 20769.6216395248 
779, 20644.6297922007 
780, 20519.3997997389 
781, 20412.0753620257 
782, 20300.8071649883 
783, 20171.9013084022 
784, 20026.2245632826 
785, 19884.0727709762 
786, 19739.7463191628 
787, 19574.4507561772 
788, 19373.9584496904 
789, 19144.5511701007 
790, 18904.8180966512 
791, 18663.6646978203 
792, 18427.3600711639 
793, 18209.1845101639 
794, 18032.2479789716 
795, 17909.314581939 
796, 17838.6729593364 
797, 17785.3752786411 
798, 17707.7802928596 
799, 17582.2670733068 
800, 17410.5146430947 
801, 17222.8092873355 
802, 17049.0733581001 
803, 16903.0425020216 
804, 16765.587667971 
805, 16649.0151160369 
806, 16542.4720401042 
807, 16423.8171356544 
808, 16263.857042204 
809, 16067.3035885958 
810, 15845.8538904704 
811, 15606.8881826611 
812, 15316.3326715432 
813, 14933.7545225893 
814, 14455.7055292376 
815, 13922.1056340173 
816, 13432.1546256079 
817, 13055.5541306372 
818, 12835.2244881678 
819, 12783.9060783665 
820, 12788.5448409519 
821, 12760.6266236147 
822, 12663.9822222805 
823, 12550.8577381038 
824, 12477.5999135467 
825, 12499.8184044007 
826, 12606.8999778403 
827, 12594.1235189833 
828, 12458.2927244423 
829, 12269.9610691524 
830, 12127.7962646161 
831, 12039.5847184853 
832, 11979.5830763075 
833, 11933.5785738626 
834, 11901.144599911 
835, 11891.0016838743 
836, 11890.1460803655 
837, 11876.6770715551 
838, 11824.4153999473 
839, 11738.5681631417 
840, 11633.5794882323 
841, 11519.2627644302 
842, 11393.4729455261 
843, 11263.8024417261 
844, 11135.6431497723 
845, 11010.5005199969 
846, 10885.5129260529 
847, 10734.2398816686 
848, 10551.4172322998 
849, 10344.7777555146 
850, 10135.6315058233 
851, 9897.71983475711 
852, 9652.63267267248 
853, 9442.01755359631 
854, 9283.226664923 
855, 9152.00311288152 
856, 9082.86799202476 
857, 9127.15075499426 
858, 9206.1915947881 
859, 9215.84291675522 
860, 9136.63504728055 
861, 9024.8468012456 
862, 8893.01982576412 
863, 8725.40788372366 
864, 8525.04329415567 
865, 8320.41816952974 
866, 8125.01100088932 
867, 7956.73279168795 
868, 7841.39938013706 
869, 7811.77148771354 
870, 7816.45381152339 
871, 7795.18460869544 
872, 7718.25739325482 
873, 7611.35374095607 
874, 7499.92168346239 
875, 7389.93334599188 
876, 7280.62543676534 
877, 7171.20153147408 
878, 7065.48510549672 
879, 6962.50424225874 
880, 6859.98886671274 
881, 6756.65082463016 
882, 6652.91735448157 
883, 6554.40121585667 
884, 6464.65552109312 
885, 6375.83714431724 
886, 6280.2758700173 
887, 6179.82757605756 
888, 6080.35568086997 
889, 5984.77529411423 
890, 5890.08346480358 
891, 5786.40027896168 
892, 5661.09014655944 
893, 5504.33383735942 
894, 5326.51873271196 
895, 5132.2921828075 
896, 4925.41572136422 
897, 4720.14740740977 
898, 4528.14322867183 
899, 4368.7403470405 
900, 4260.61290533438 
901, 4200.65304758761 
902, 4173.71218357956 
903, 4163.46480092946 
904, 4153.88232814417 
905, 4130.99796472441 
906, 4083.41739476649 
907, 4004.90390791062 
908, 3897.24745477115 
909, 3777.9082453754 
910, 3678.04386021879 
911, 3608.04350718473 
912, 3559.22047394805 
913, 3517.8581983006 
914, 3478.42598814988 
915, 3440.14977584602 
916, 3406.25355640551 
917, 3383.40109595512 
918, 3368.33310527406 
919, 3356.55000111176 
920, 3343.35107423297 
921, 3324.91845109742 
922, 3297.56552172628 
923, 3254.64646507665 
924, 3189.39188653003 
925, 3105.05023299973 
926, 3002.62261365916 
927, 2879.04179365266 
928, 2729.57035484821 
929, 2554.84286712275 
930, 2358.76751884875 
931, 2150.79329914406 
932, 1946.22819762811 
933, 1768.26371338321 
934, 1629.60922322175 
935, 1536.75896084209 
936, 1489.21274491384 
937, 1478.05001977923 
938, 1489.97825888347 
939, 1511.58930570295 
940, 1531.93704280665 
941, 1547.44925530319 
942, 1552.45415590413 
943, 1539.73070292437 
944, 1506.50389596811 
945, 1462.96935281903 
946, 1425.75205519628 
947, 1403.07785723362 
948, 1394.99806076078 
949, 1392.77554120002 
950, 1389.7184205223 
951, 1385.60972478205 
952, 1381.23256911909 
953, 1373.09518315705 
954, 1364.54066868288 
955, 1357.6794365631 
956, 1352.96779987048 
957, 1348.54085620142 
958, 1344.50026464923 
959, 1341.97220017776 
960, 1341.87811287117 
961, 1344.16110197791 
962, 1344.91292544797 
963, 1346.54287527828 
964, 1351.20663325495 
965, 1358.29657122909 
966, 1359.17441838158 
967, 1356.4329281797 
968, 1351.44035450257 
969, 1343.18621474059 
970, 1333.69933300983 
971, 1319.37000456176 
972, 1298.96293854847 
973, 1273.87178699308 
974, 1247.14317901566 
975, 1217.44208622119 
976, 1186.74268094502 
977, 1158.61634980068 
978, 1135.4220624605 
979, 1119.02475327598 
980, 1105.23245135242 
981, 1089.61788529006 
982, 1072.87558194127 
983, 1057.00168900516 
984, 1041.20590274904 
985, 1024.2156675882 
986, 1005.41597055959 
987, 984.733672821435 
988, 962.857099164495 
989, 940.235497256896 
990, 917.008937164015 
991, 894.448105202313 
992, 872.758573130198 
993, 851.314144677539 
994, 829.499011775705 
995, 809.152820665234 
996, 788.112630274262 
997, 765.515733591785 
998, 742.247604808484 
999, 721.821324809149 
1000, 700.750995652709 
1001, 4360.13074353502 
1002, 4337.49858577139 
1003, 4310.79957005303 
1004, 4290.9383260067 
1005, 4279.53107964039 
1006, 4268.63949225069 
1007, 4263.56369225325 
1008, 4261.32934682594 
1009, 4262.71586803422 
1010, 4270.38133601033 
1011, 4276.46579444162 
1012, 4284.28212947876 
1013, 4293.36045193374 
1014, 4303.55479013559 
1015, 4308.36925476718 
1016, 4314.71997335455 
1017, 4330.52556181322 
1018, 4350.97972405206 
1019, 4371.98301015846 
1020, 4392.56864624604 
1021, 4411.52839476389 
1022, 4433.44606721525 
1023, 4454.8285976115 
1024, 4475.87120979551 
1025, 4497.55669978756 
1026, 4523.19419646703 
1027, 4545.89369662647 
1028, 4565.74018710464 
1029, 4589.77974444001 
1030, 4614.07829557979 
1031, 4630.89752447755 
1032, 4645.90597022657 
1033, 4668.94612681402 
1034, 4697.457729659 
1035, 4721.30428755915 
1036, 4747.51592233625 
1037, 4770.33926394021 
1038, 4789.36847538488 
1039, 4801.14657980137 
1040, 4810.514635786 
1041, 4829.36096273225 
1042, 4848.64763152124 
1043, 4868.30982109931 
1044, 4894.0472235982 
1045, 4916.79103933128 
1046, 4936.51695728489 
1047, 4957.18706567617 
1048, 4975.96928280831 
1049, 4994.99422090476 
1050, 5018.89798252214 
1051, 5048.19115216697 
1052, 5075.31676142351 
1053, 5101.1420845031 
1054, 5129.18289770573 
1055, 5161.28655005846 
1056, 5195.45520567483 
1057, 5228.69146410799 
1058, 5261.86149244304 
1059, 5291.42519843131 
1060, 5332.12331551822 
1061, 5380.78262856557 
1062, 5430.87891224994 
1063, 5488.0595098056 
1064, 5547.95206600641 
1065, 5602.64968995325 
1066, 5657.61085589715 
1067, 5720.13172995215 
1068, 5791.58499556478 
1069, 5869.77855024214 
1070, 5954.97047399794 
1071, 6043.68271150501 
1072, 6129.84800734234 
1073, 6217.43630866131 
1074, 6309.69518551704 
1075, 6393.86234042323 
1076, 6478.69930016169 
1077, 6555.53124934536 
1078, 6620.32212995448 
1079, 6679.12099438276 
1080, 6722.83662890897 
1081, 6764.72864933415 
1082, 6803.61424181181 
1083, 6841.63505497928 
1084, 6885.1490234432 
1085, 6922.83506885262 
1086, 6956.24365711487 
1087, 6989.96398405421 
1088, 7012.27806416856 
1089, 7030.39901148244 
1090, 7039.14163847937 
1091, 7039.85066805511 
1092, 7029.8687837584 
1093, 7013.96545673288 
1094, 6991.35910697287 
1095, 6964.79606967943 
1096, 6938.62952163706 
1097, 6909.27269548379 
1098, 6875.23700491323 
1099, 6843.76112408763 
1100, 6809.44835201328 
1101, 6778.46973581672 
1102, 6755.24434994286 
1103, 6720.67228672359 
1104, 6684.85596057272 
1105, 6647.59691408705 
1106, 6593.30272991354 
1107, 6516.5367533575 
1108, 6417.55419192264 
1109, 6287.69049362132 
1110, 6121.51930368928 
1111, 5930.9106041649 
1112, 5703.47668631832 
1113, 5430.00084655911 
1114, 5154.60692285729 
1115, 4830.08754287452 
1116, 4539.6124548995 
1117, 4225.65634034253 
1118, 3963.29414400287 
1119, 3725.75941552189 
1120, 3504.6906137865 
1121, 3329.41515181676 
1122, 3187.45267337355 
1123, 3084.04829071099 
1124, 3018.13838295937 
1125, 2980.67854918471 
1126, 2992.02893148921 
1127, 3000.44436351396 
1128, 3032.58467593114 
1129, 3075.75937233541 
1130, 3140.02591455996 
1131, 3203.00026430608 
1132, 3276.38510814917 
1133, 3357.21801206807 
1134, 3438.97525183855 
1135, 3528.54438906877 
1136, 3657.32517886125 
1137, 3793.27148107705 
1138, 3922.21141952711 
1139, 4045.1697226234 
1140, 4120.08291532807 
1141, 4167.65742713074 
1142, 4180.3548301606 
1143, 4139.16547114289 
1144, 4113.49195916005 
1145, 4029.51519457257 
1146, 4010.72602329758 
1147, 3998.10672148842 
1148, 4031.3268635551 
1149, 4106.17038192309 
1150, 4208.46354894436 
1151, 4351.46155822006 
1152, 4508.83134228935 
1153, 4672.7076782939 
1154, 4865.27206663779 
1155, 5045.14793990629 
1156, 5235.03055450056 
1157, 5411.3971182024 
1158, 5593.5962405447 
1159, 5755.0765824764 
1160, 5909.26633691118 
1161, 6042.49244433958 
1162, 6161.15256961261 
1163, 6264.26560561973 
1164, 6349.25035765412 
1165, 6420.27465113633 
1166, 6472.60888018288 
1167, 6515.33293502162 
1168, 6542.29745380885 
1169, 6552.22851701002 
1170, 6549.97426913735 
1171, 6533.15941679097 
1172, 6507.68956329498 
1173, 6465.20621071735 
1174, 6421.13664578216 
1175, 6368.66214249404 
1176, 6310.94471544768 
1177, 6240.31524236038 
1178, 6174.75751740654 
1179, 6102.93132785291 
1180, 6036.42036445033 
1181, 5970.71618639407 
1182, 5910.51521854849 
1183, 5856.16883459117 
1184, 5804.10275538237 
1185, 5760.76818488636 
1186, 5724.19664884356 
1187, 5694.72389267099 
1188, 5672.60204380932 
1189, 5654.19055485929 
1190, 5653.39547370077 
1191, 5636.41836352617 
1192, 5624.18382050477 
1193, 5595.94051715576 
1194, 5553.38620533837 
1195, 5506.97406525292 
1196, 5448.11200352778 
1197, 5388.69491275996 
1198, 5327.29795893277 
1199, 5258.31592524821 
1200, 5198.05765865508 
1201, 5133.73022064447 
1202, 5084.33969829411 
1203, 5041.24595852841 
1204, 5006.5500723814 
1205, 4985.85991353518 
1206, 4962.88186568231 
1207, 4946.68300164756 
1208, 4929.19800077258 
1209, 4910.56651676395 
1210, 4896.5825333547 
1211, 4886.78879978234 
1212, 4876.79750340923 
1213, 4868.46277957709 
1214, 4863.31785279517 
1215, 4858.43732154871 
1216, 4857.09298859242 
1217, 4847.69160477544 
1218, 4840.63809793135 
1219, 4823.48456500765 
1220, 4792.7211347778 
1221, 4770.26225022218 
1222, 4743.81262698397 
1223, 4723.30880922438 
1224, 4706.3595400333 
1225, 4692.21337502373 
1226, 4686.10746516502 
1227, 4673.84485234053 
1228, 4660.09936512765 
1229, 4647.75656843993 
1230, 4634.52354310409 
1231, 4617.31609803106 
1232, 4602.24033707272 
1233, 4591.98788825215 
1234, 4574.29824807684 
1235, 4550.46675317314 
1236, 4530.89816158805 
1237, 4513.21263945672 
1238, 4489.84114784167 
1239, 4463.60177144241 
1240, 4439.60448637053 
1241, 4410.10303711701 
1242, 4384.79460057031 
1243, 4365.11603567783 
1244, 4343.96516595505 
1245, 4323.21629117865 
1246, 4302.4179538281 
1247, 4277.68167362666 
1248, 4252.87465936595 
1249, 4223.69562790411 
1250, 4189.91553060194 
1251, 4156.16195837364 
1252, 4125.95094396201 
1253, 4081.97795011603 
1254, 4029.61924269622 
1255, 3976.87789891815 
1256, 3916.57649256574 
1257, 3854.08883344281 
1258, 3792.68056168243 
1259, 3724.37731356031 
1260, 3644.78051405942 
1261, 3568.31378082296 
1262, 3485.90686314662 
1263, 3407.67593419685 
1264, 3341.02773983256 
1265, 3272.38505125719 
1266, 3230.55705307936 
1267, 3198.58362497682 
1268, 3194.29937360013 
1269, 3211.35644687018 
1270, 3245.47487647183 
1271, 3309.15435768032 
1272, 3372.81947554105 
1273, 3460.97191556289 
1274, 3534.81839015075 
1275, 3617.49097378112 
1276, 3685.4579771171 
1277, 3742.63393385652 
1278, 3797.41028439497 
1279, 3846.60178285683 
1280, 3889.16435321368 
1281, 3929.49351837815 
1282, 3963.86735096612 
1283, 3998.53769388056 
1284, 4028.18367301139 
1285, 4060.01765289751 
1286, 4093.6879113371 
1287, 4122.70091642036 
1288, 4152.22933330905 
1289, 4173.7187205194 
1290, 4190.62163857795 
1291, 4202.58964574188 
1292, 4208.081092302 
1293, 4210.90772531674 
1294, 4206.96469402017 
1295, 4204.90300716632 
1296, 4201.93764067574 
1297, 4195.83426761626 
1298, 4190.19014595982 
1299, 4179.8799475037 
1300, 4165.45182428165 
1301, 4150.40135585119 
1302, 4133.82364070421 
1303, 4114.74977917449 
1304, 4097.07472935059 
1305, 4079.47089189736 
1306, 4058.88374571869 
1307, 4036.87164238906 
1308, 4016.02164602837 
1309, 3995.2782318151 
1310, 3970.7005833214 
1311, 3945.142687335 
1312, 3918.54996894143 
1313, 3882.35254836258 
1314, 3856.40620859062 
1315, 3834.67628125988 
1316, 3816.77460581783 
1317, 3804.36334418963 
1318, 3798.07455933889 
1319, 3787.19801979409 
1320, 3771.61512645816 
1321, 3754.7676451662 
1322, 3730.48847979699 
1323, 3697.67628087976 
1324, 3661.26329704491 
1325, 3612.32612375845 
1326, 3549.81834239668 
1327, 3485.7241290373 
1328, 3408.75593048709 
1329, 3339.40670240474 
1330, 3260.79542160394 
1331, 3198.27554899402 
1332, 3136.33058279996 
1333, 3093.93087108994 
1334, 3073.57718501067 
1335, 3051.72313766133 
1336, 3042.81778950622 
1337, 3037.2556540582 
1338, 3026.37727303589 
1339, 2994.12210384327 
1340, 2953.26625070101 
1341, 2892.42839710203 
1342, 2797.8796029348 
1343, 2678.58113472307 
1344, 2533.56348806851 
1345, 2353.76800486254 
1346, 2162.47179828934 
1347, 1935.85770417615 
1348, 1725.77859302581 
1349, 1492.78526175501 
1350, 1287.649312624 
1351, 1089.32401648515 
1352, 911.619381903542 
1353, 744.710733004992 
1354, 599.872838810535 
1355, 473.729372741669 
1356, 366.509825445397 
1357, 278.545400553067 
1358, 209.732163680497 
1359, 160.813703317226 
1360, 122.449954880662 
1361, 83.9149703874045 
1362, 59.9639401852415 
1363, 44.9625419275895 
1364, 31.0602789118658 
1365, 25.1767402252622 
1366, 33.1099622364135 
1367, 37.3895302287599 
1368, 44.202454940744 
1369, 50.6462947442173 
1370, 61.8272388238381 
1371, 69.9668433921679 
1372, 74.9256435743237 
1373, 83.1463370156006 
1374, 93.3026378806021 
1375, 101.464307654662 
1376, 113.224840617897 
1377, 117.319512715091 
1378, 114.784461582688 
1379, 116.196793781976 
1380, 114.934748608494 
1381, 112.807704405492 
1382, 110.560236352103 
1383, 110.226417369988 
1384, 108.167213846254 
1385, 109.819716412817 
1386, 118.433171346648 
1387, 131.582073690854 
1388, 145.603746836092 
1389, 167.245941356533 
1390, 179.552936246305 
1391, 190.391660498536 
1392, 196.472807318981 
1393, 194.224289281675 
1394, 195.017988271126 
1395, 194.602804489342 
1396, 197.414841388769 
1397, 200.505477744646 
1398, 205.395973995653 
1399, 212.517390198816 
1400, 219.518520254566 
1401, 228.744390237047 
1402, 236.475701306183 
1403, 244.384454979403 
1404, 251.335238375773 
1405, 255.10541901276 
1406, 261.849425740745 
1407, 273.740683844559 
1408, 283.561387141107 
1409, 297.790774825076 
1410, 312.396572247182 
1411, 328.015939422308 
1412, 346.562106085838 
1413, 359.747191275792 
1414, 374.204547131394 
1415, 382.314312071487 
1416, 380.509147532865 
1417, 386.932031916037 
1418, 396.720049952226 
1419, 401.441910586566 
1420, 408.621717401084 
1421, 411.238476493093 
1422, 406.788887464583 
1423, 403.712354712345 
1424, 404.229755542456 
1425, 396.575876348485 
1426, 383.632319777325 
1427, 369.206469943199 
1428, 348.782439474221 
1429, 327.487157350424 
1430, 310.597474986871 
1431, 295.05972376371 
1432, 278.059074747974 
1433, 266.157598160177 
1434, 249.882031610491 
1435, 232.421990044564 
1436, 224.161752687933 
1437, 209.758084514887 
1438, 197.563939623465 
1439, 189.638593910794 
1440, 177.58780776637 
1441, 160.404221716535 
1442, 148.960771600606 
1443, 136.915890323338 
1444, 129.279014890976 
1445, 129.586870819499 
1446, 123.664429091421 
1447, 116.046261096422 
1448, 108.168044857381 
1449, 94.8431228681249 
1450, 88.4794875977769 
1451, 86.0303698400529 
1452, 86.14016050289 
1453, 93.1048427418684 
1454, 93.6104291809503 
1455, 93.3605235646775 
1456, 92.0944879055935 
1457, 84.9368239206676 
1458, 79.7802455959967 
1459, 75.8233148233507 
1460, 69.1433471750516 
1461, 64.8504591882475 
1462, 63.748102195848 
1463, 63.8038226476285 
1464, 63.2209526008667 
1465, 59.7565125649962 
1466, 54.5413601868668 
1467, 51.4943784417341 
1468, 45.9579791042571 
1469, 42.3386447641249 
1470, 42.7647550591464 
1471, 38.0892524172906 
1472, 27.6313396355756 
1473, 25.8030231416989 
1474, 24.8175703553226 
1475, 27.383414162131 
1476, 40.5206258290569 
1477, 45.5189273887348 
1478, 50.5475472771394 
1479, 50.0409687888822 
1480, 39.480628191902 
1481, 35.980902704542 
1482, 34.1507566395812 
1483, 31.0552142790253 
1484, 30.2018504732133 
1485, 28.7945246511802 
1486, 24.517472350227 
1487, 22.0290307352588 
1488, 21.8443510324166 
1489, 25.8146737753095 
1490, 29.7713701349726 
1491, 28.7656506678117 
1492, 29.4426505829577 
1493, 36.8760631771785 
1494, 42.8063949023665 
1495, 46.3328612020783 
1496, 46.8831266420947 
1497, 41.5414955535981 
1498, 37.5390224505776 
1499, 30.9869168159586 
1500, 25.4848879155301 
1501, 18.1578684156243 
1502, 15.9259053041198 
1503, 13.3325941510884 
1504, 15.1507063685573 
1505, 25.1786462527387 
1506, 27.939619292483 
1507, 29.827139886418 
1508, 31.7576731223081 
1509, 29.4503351647984 
1510, 31.7196900744589 
1511, 38.2866089301845 
1512, 40.4498295242997 
1513, 42.5851669324075 
1514, 42.5786701085581 
1515, 37.6301089633316 
1516, 36.3136403311125 
1517, 37.7697671033168 
1518, 35.5078226639133 
1519, 30.759018080985 
1520, 29.8487110502164 
1521, 27.4363459564485 
1522, 27.9890901162944 
1523, 32.7579000460946 
1524, 36.36647997584 
1525, 35.7473290383437 
1526, 34.5458769002554 
1527, 35.0780028038284 
1528, 32.1787066171311 
1529, 34.4534302070529 
1530, 40.8031107449559 
1531, 44.2270897189166 
1532, 50.9654844863911 
1533, 52.7942809421956 
1534, 50.6002511875287 
1535, 50.358065127805 
1536, 49.2549812587741 
1537, 46.9032390812267 
1538, 44.7579843413005 
1539, 42.1776694378092 
1540, 35.4524064691363 
1541, 36.7787395242212 
1542, 43.8357739720906 
1543, 45.2084512447083 
1544, 49.0148176563819 
1545, 49.3536534156197 
1546, 43.0497423007579 
1547, 42.3709851540062 
1548, 46.0798642095256 
1549, 45.2633418312044 
1550, 41.3109318697358 
1551, 41.4805780671607 
1552, 41.0685265894881 
1553, 42.2723669128855 
1554, 49.0594916659998 
1555, 52.3383003833547 
1556, 52.7714815952062 
1557, 55.017913430556 
1558, 57.764883942492 
1559, 59.5375573754919 
1560, 62.198321011897 
1561, 63.7992131656366 
1562, 62.7501110516269 
1563, 65.0326863089692 
1564, 70.8543689233817 
1565, 72.0016029428361 
1566, 71.503041379331 
1567, 72.0033735468471 
1568, 71.886992148999 
1569, 67.8614307001194 
1570, 66.5935054578132 
1571, 67.0309600486598 
1572, 60.1792161893525 
1573, 60.065366569882 
1574, 64.2715057791891 
1575, 66.0064664804967 
1576, 71.8806375431555 
1577, 76.2362072531003 
1578, 76.8707369644523 
1579, 77.6359345992567 
1580, 76.9790330632157 
1581, 72.9666467790152 
1582, 75.087253292868 
1583, 78.8306961836968 
1584, 83.2563252418872 
1585, 92.8632594133888 
1586, 96.2582289289192 
1587, 97.9488578228125 
1588, 97.4046098740272 
1589, 91.9954773543913 
1590, 91.6083933140448 
1591, 90.6424169301894 
1592, 92.516809495016 
1593, 99.6926336958508 
1594, 102.790896348395 
1595, 106.384621022458 
1596, 106.050239499992 
1597, 100.850441467522 
1598, 99.4935728960836 
1599, 98.4157891696824 
1600, 96.5169808037603 
1601, 94.7608320232021 
1602, 95.5861410522282 
1603, 95.2587907344074 
1604, 97.324068059701 
1605, 105.399291523939 
1606, 108.946835809904 
1607, 110.247989911559 
1608, 112.252167338257 
1609, 115.129159866183 
1610, 114.131911610444 
1611, 109.12840793079 
1612, 108.485810967563 
1613, 104.843621927068 
1614, 106.229184455845 
1615, 116.150094581807 
1616, 120.585207705943 
1617, 125.901109541583 
1618, 127.433074889616 
1619, 124.513487963069 
1620, 122.500177526973 
1621, 114.854600816168 
1622, 114.132275359008 
1623, 119.820035430148 
1624, 120.662063145144 
1625, 123.769910061637 
1626, 124.754113165232 
1627, 117.809317226332 
1628, 117.516585062775 
1629, 124.330656582557 
1630, 125.890314838566 
1631, 127.052261884096 
1632, 128.355172033129 
1633, 123.850669740968 
1634, 123.868204778942 
1635, 131.72700695871 
1636, 132.835500321055 
1637, 131.785732195043 
1638, 130.047199263396 
1639, 120.393787040019 
1640, 116.495993289084 
1641, 116.300325642603 
1642, 116.132706425243 
1643, 118.685446836093 
1644, 121.542959716243 
1645, 125.933395108207 
1646, 128.732590631646 
1647, 132.90061839641 
1648, 134.430271472376 
1649, 130.639136671905 
1650, 130.218018031622 
1651, 130.52590845159 
1652, 131.571392306717 
1653, 131.544443466078 
1654, 133.70487320008 
1655, 132.632982727205 
1656, 127.09782921172 
1657, 129.783548560137 
1658, 136.073585761329 
1659, 138.692502711201 
1660, 146.008106218784 
1661, 143.277487079092 
1662, 131.78951758316 
1663, 129.90936058413 
1664, 126.725712610846 
1665, 129.629820539076 
1666, 140.729663028287 
1667, 144.337820744418 
1668, 146.196728773251 
1669, 150.402266490213 
1670, 153.52645224459 
1671, 157.245993421808 
1672, 163.985665960584 
1673, 166.572573312701 
1674, 167.506964661778 
1675, 165.845147563762 
1676, 161.009519773854 
1677, 159.69649691734 
1678, 155.602538438661 
1679, 157.16550731501 
1680, 164.08040653644 
1681, 167.386579229757 
1682, 171.764185731229 
1683, 174.538623512206 
1684, 175.396662060424 
1685, 178.820332003538 
1686, 184.344090907371 
1687, 184.380216215501 
1688, 182.491971321653 
1689, 181.906743534659 
1690, 177.423745917764 
1691, 177.747154350854 
1692, 183.043738715627 
1693, 183.541568820575 
1694, 181.331822419407 
1695, 183.495128241663 
1696, 187.77328693119 
1697, 187.558960825875 
1698, 189.217941939172 
1699, 185.041598661122 
1700, 170.684774315672 
1701, 171.100754216273 
1702, 177.201148133666 
1703, 180.460310930887 
1704, 190.606669616376 
1705, 194.146783575397 
1706, 192.29233130185 
1707, 192.613585958306 
1708, 194.867647598446 
1709, 192.094751040351 
1710, 183.309164756554 
1711, 185.190306875117 
1712, 189.652284848361 
1713, 193.353606168621 
1714, 204.372149763615 
1715, 204.649497695271 
1716, 201.873742796914 
1717, 196.952617033923 
1718, 196.134909149352 
1719, 196.722463661086 
1720, 199.015843515524 
1721, 201.565573724589 
1722, 199.605156678217 
1723, 198.458842669127 
1724, 197.24225785484 
1725, 196.682814378514 
1726, 199.261079885612 
1727, 198.734202311236 
1728, 198.614312286078 
1729, 200.996795131996 
1730, 200.612816695891 
1731, 201.284903155721 
1732, 199.085165324222 
1733, 198.906262457901 
1734, 202.652141847314 
1735, 201.672558271576 
1736, 204.783512164857 
1737, 204.262159580825 
1738, 199.933325933524 
1739, 203.233236416155 
1740, 203.126594190682 
1741, 202.418018417938 
1742, 204.253687716361 
1743, 200.786414943366 
1744, 199.453160604809 
1745, 201.42658493381 
1746, 204.291672223823 
1747, 205.373627328435 
1748, 204.963820286344 
1749, 204.144968500755 
1750, 199.874484510376 
1751, 201.379540946065 
1752, 206.322693399013 
1753, 207.531837790156 
1754, 207.96212762523 
1755, 205.50106194628 
1756, 199.411985751034 
1757, 195.763191991026 
1758, 191.76060772643 
1759, 189.907400579957 
1760, 189.030387403564 
1761, 183.18260806026 
1762, 182.502592400992 
1763, 181.691732412966 
1764, 179.595142570627 
1765, 177.901537622966 
1766, 178.53042421743 
1767, 181.707849060634 
1768, 180.918497317851 
1769, 181.074913934216 
1770, 179.494185800488 
1771, 169.382270588287 
1772, 167.621309385164 
1773, 173.7635877001 
1774, 173.772963123646 
1775, 174.836472651966 
1776, 173.519333966193 
1777, 163.774566549744 
1778, 161.735313752363 
1779, 162.961927894185 
1780, 166.001330123616 
1781, 177.049301453353 
1782, 180.215023018559 
1783, 182.236732864653 
1784, 180.990974519322 
1785, 172.169061705807 
1786, 167.82491740448 
1787, 163.870655603092 
1788, 160.004634780481 
1789, 157.165823986505 
1790, 155.18851294535 
1791, 154.151010159997 
1792, 150.802024041871 
1793, 150.010387633997 
1794, 141.336670893791 
1795, 125.221859274864 
1796, 111.019901778574 
1797, 102.323650401496 
1798, 94.814827752036 
1799, 92.8926697770724 
1800, 94.3520122825663 
1801, 537.605237904647 
1802, 513.063239887316 
1803, 498.186147367097 
1804, 495.904482378115 
1805, 488.940382891636 
1806, 472.291198768945 
1807, 469.575503264124 
1808, 453.643485715052 
1809, 418.089503718397 
1810, 396.610540306373 
1811, 378.010733019003 
1812, 357.217350778995 
1813, 335.458321497343 
1814, 321.982964800434 
1815, 295.354174541187 
1816, 271.965000389167 
1817, 263.372586401531 
1818, 255.393710409136 
1819, 247.832748872966 
1820, 261.966045544115 
1821, 253.036574072435 
1822, 236.492497224082 
1823, 206.252162648596 
1824, 163.153483326603 
1825, 119.711579585285 
1826, 111.891767519556 
1827, 117.987623462375 
1828, 114.844976373579 
1829, 138.965832960146 
1830, 139.605614556043 
1831, 133.588417492438 
1832, 94.0187507005726 
1833, 61.9537534301598 
1834, 36.1026593652732 
1835, 8.9503330790454 
1836, 13.3624615135972 
1837, 29.7578289990079 
1838, 44.0973396728934 
1839, 53.290848734059 
1840, 62.8316574838253 
1841, 61.163851447946 
1842, 47.9738985534484 
1843, 48.6982313547853 
1844, 40.6528530091458 
1845, 6.80675870644242 
1846,-0.351808857465664 
1847, 6.12264663728711 
1848,-1.1144905128369 
1849, 21.3845258451628 
1850, 34.3020535827527 
1851, 48.0274401106678 
1852, 43.4112072248278 
1853, 45.026758488755 
1854, 45.5632823214922 
1855, 55.977891810886 
1856, 34.4043605491671 
1857, 12.5336986233323 
1858, 11.5939273682099 
1859, 8.15915127613854 
1860,-4.18105976194208 
1861, 10.6926102088326 
1862, 26.2167817573312 
1863, 25.2481646036563 
1864, 35.4816705919122 
1865, 34.9237802764065 
1866, 43.2941876881548 
1867, 54.9997656195504 
1868, 33.265163254501 
1869, 21.5840565676679 
1870, 15.9979283293716 
1871, 5.51879603809639 
1872,-0.243890214873414 
1873, 30.0083596064676 
1874, 36.2621398647277 
1875, 38.4275926953847 
1876, 48.022809536489 
1877, 27.20724559459 
1878, 21.2677212814988 
1879, 16.1428913558948 
1880, 9.3433246728734 
1881,-7.39488405916523 
1882,-0.579028149030296 
1883,-0.420358007234173 
1884, 9.5246168218733 
1885, 29.6205240298969 
1886, 20.3452994901743 
1887, 35.3302355654528 
1888, 60.1569904087864 
1889, 57.0204519748455 
1890, 66.8393639223461 
1891, 64.4701510486436 
1892, 49.1233289077441 
1893, 14.0747026316348 
1894,-3.21422401687879 
1895,-10.4731221349638 
1896,-17.6659248230211 
1897,-18.0519082734574 
1898,-1.8466266230604 
1899, 8.43246329754924 
1900, 24.951988355574 
1901, 65.8411267172179 
1902, 72.126825286881 
1903, 60.531788259727 
1904, 61.4938031744955 
1905, 35.0153076989925 
1906, 13.8672669225378 
1907, 32.717035415245 
1908, 26.6747220522203 
1909, 24.6208382497927 
1910, 24.7899966476251 
1911, 27.969717629719 
1912, 32.9386227499381 
1913, 44.7951973359307 
1914, 69.278943346651 
1915, 75.149094086538 
1916, 87.6398708439601 
1917, 71.3833224710139 
1918, 48.4383094641593 
1919, 56.5334667097177 
1920, 55.2322218181807 
1921, 50.678045208617 
1922, 46.5908856064399 
1923, 42.8076288355554 
1924, 34.6757400746904 
1925, 26.9209233139462 
1926, 9.37195769655422 
1927,-5.32324201202144 
1928,-8.3990064277759 
1929,-18.5103211874924 
1930,-13.1805848068506 
1931,-3.83850911090781 
1932,-16.1378771130233 
1933,-15.344138808729 
1934,-4.82091923152805 
1935,-7.22202698698357 
1936,-21.6832792348449 
1937,-11.503248525539 
1938,-8.01154835095953 
1939,-3.29769998422486 
1940, 16.3256863554886 
1941, 9.03683236029354 
1942,-13.2756368060634 
1943,-22.3676774856489 
1944,-26.4698878023421 
1945,-26.6211005516556 
1946,-21.0645086677529 
1947, 1.6941005497211 
1948, 3.59931507110676 
1949,-1.77252890992994 
1950,-14.7107347746822 
1951,-18.4732681541782 
1952,-9.15521978604857 
1953,-1.50374094019008 
1954, 12.775450349117 
1955, 12.6107529515279 
1956,-9.01921924215479 
1957,-10.4258772865656 
1958,-6.96338321215007 
1959,-5.23353629930396 
1960, 5.53007135184943 
1961, 11.4889499366581 
1962, 15.0940793824169 
1963, 10.2540112265941 
1964, 16.8439596931344 
1965, 23.5772701765161 
1966, 26.7739827879016 
1967, 33.3350169192392 
1968, 33.8843778654361 
1969, 28.0708719487069 
1970, 27.4105424206103 
1971, 14.439864393068 
1972, 14.4932797851787 
1973, 33.2269297870057 
1974, 35.6554856970329 
1975, 29.0827345705227 
1976, 50.7763408017049 
1977, 54.2815830012512 
1978, 54.6051889905076 
1979, 52.7341206643631 
1980, 49.384661203566 
1981, 47.0991347699191 
1982, 39.8767041972374 
1983, 30.6173711957721 
1984, 26.0223224075749 
1985, 17.2753031292657 
1986,-10.4916508918293 
1987,-12.202774237763 
1988,-1.78242779894209 
1989,-7.87230952204122 
1990,-2.50701047822687 
1991, 19.3376958734357 
1992, 22.3283263268867 
1993, 13.2847086516649 
1994, 18.8171296026685 
1995, 30.2038145152381 
1996, 29.136511476541 
1997, 38.8805111827385 
1998, 24.8108792999613 
1999, 1.4109670613918 
2000,-8.40193263577855 
2001,-29.8238568365496 
2002,-23.8451788052092 
2003,-23.0796888075809 
2004,-25.4462087429856 
2005,-19.0673178459345 
2006, 6.46929449445945 
2007, 12.962073448621 
2008, 8.59778980481751 
2009, 13.4389059718305 
2010, 11.0787311333939 
2011, 21.5152124691011 
2012, 27.1606268218281 
2013, 49.4976510256434 
2014, 47.3143850643514 
2015, 23.6259599143523 
2016, 19.2154927271774 
2017, 11.6993455045061 
2018, 7.50971429638487 
2019, 16.9375624862066 
2020, 19.9474952825847 
2021, 18.9420572383047 
2022, 18.4898251550743 
2023, 16.8628550507183 
2024, 20.6966015961087 
2025, 12.4601617848301 
2026, 20.2149652753831 
2027, 20.8413549137368 
2028, 22.7327277047666 
2029, 20.6185402050909 
2030, 10.4238454714567 
2031, 8.61512786293864 
2032, 9.72626749231715 
2033, 14.9271172246601 
2034, 34.2912783561966 
2035, 39.9994048660573 
2036, 41.6316669149653 
2037, 39.2243220832441 
2038, 25.8424274577787 
2039, 11.7315939801208 
2040, 7.87228130494228 
2041, 12.2600045864172 
2042, 7.32206653825965 
2043,-0.243202033584046 
2044,-0.210088930289335 
2045,-8.9990205742225 
2046,-3.89584795047022 
2047, 28.6222174731044 
2048, 37.6874130022608 
2049, 37.1133291083989 
2050, 41.0217713498808 
2051, 39.9729872983347 
2052, 30.2537329321897 
2053, 32.9588689599145 
2054, 41.5994107605039 
2055, 39.277690617923 
2056, 28.2885025331567 
2057, 25.6603710872 
2058, 20.6582301476568 
2059, 19.6452223684949 
2060, 27.5976590910816 
2061, 29.0111427815611 
2062, 29.0194643211879 
2063, 26.4622495049549 
2064, 14.7914488203402 
2065, 14.4248779783097 
2066, 17.3471318477866 
2067, 24.1026068005064 
2068, 28.0022391245879 
2069, 42.6228955929891 
2070, 36.7096928512389 
2071, 10.5294161461943 
2072, 6.5204861220165 
2073, 2.18711232387002 
2074, 5.13004631526309 
2075, 27.3503681093451 
2076, 37.4582855955541 
2077, 46.6213933098701 
2078, 49.0133262886489 
2079, 41.6825232580956 
2080, 41.8284079544433 
2081, 40.2528283942909 
2082, 38.8732734024464 
2083, 41.3926351871855 
2084, 55.8492511836398 
2085, 51.2365986270247 
2086, 33.22804405693 
2087, 29.7984116281184 
2088, 22.1337119437774 
2089, 22.4665941868961 
2090, 41.9012700258684 
2091, 44.8095073000887 
2092, 41.7785101014276 
2093, 35.0561479533325 
2094, 21.8286288501905 
2095, 9.73057599982827 
2096,-13.1646844761991 
2097,-24.7405261081673 
2098,-30.5686714956368 
2099,-37.7675073347874 
2100,-31.1820488128349 
2101,-8.30010504291081 
2102, 6.30279013880759 
2103, 29.4345186796453 
2104, 42.3663311862099 
2105, 51.7468578515935 
2106, 57.9739203024998 
2107, 57.520828593726 
2108, 58.7289543648711 
2109, 56.851435758418 
2110, 56.0338555560024 
2111, 51.93408207376 
2112, 53.0184422261853 
2113, 63.2644232207239 
2114, 70.5439739984867 
2115, 75.0601972649668 
2116, 90.9788878412302 
2117, 81.8127232797436 
2118, 50.4146448826296 
2119, 35.4976478137653 
2120, 2.38164366049173 
2121,-0.571775489758126 
2122, 24.6312629857822 
2123, 37.7250622455075 
2124, 68.3514869845092 
2125, 80.7691127079048 
2126, 73.6122836549462 
2127, 76.702535029851 
2128, 81.5032797275219 
2129, 80.9681646993786 
2130, 81.642146921704 
2131, 89.4371297368476 
2132, 85.0624642134919 
2133, 68.1698512483389 
2134, 67.2208305130366 
2135, 70.0215146043201 
2136, 72.7306157320375 
2137, 82.3087699004385 
2138, 87.1131146340968 
2139, 90.4898051075109 
2140, 91.4101482818865 
2141, 90.3951782917679 
2142, 92.8449926540553 
2143, 94.152399738599 
2144, 94.1858255918697 
2145, 99.6581506991469 
2146, 98.6254922034886 
2147, 92.0503098910809 
2148, 94.4110820663285 
2149, 100.809021853508 
2150, 113.677672254791 
2151, 123.550045829098 
2152, 135.138095373483 
2153, 152.46701572357 
2154, 178.357407443392 
2155, 188.441287253528 
2156, 197.712525444474 
2157, 202.727923930497 
2158, 190.247881944492 
2159, 188.59607207252 
2160, 196.272368399886 
2161, 197.22727411952 
2162, 192.245802395779 
2163, 190.972369170093 
2164, 187.928555917842 
2165, 189.724020798215 
2166, 191.446959927711 
2167, 200.196113650722 
2168, 199.405172662106 
2169, 194.511986321909 
2170, 191.449535480334 
2171, 185.148777469533 
2172, 178.392448520205 
2173, 164.54392906944 
2174, 166.771416403797 
2175, 171.08688018094 
2176, 184.339175166483 
2177, 218.514988248273 
2178, 241.792172414449 
2179, 274.706878974723 
2180, 289.049588836856 
2181, 291.860636375843 
2182, 292.068220373736 
2183, 284.278873847913 
2184, 259.201076656571 
2185, 242.060987524691 
2186, 248.688014031699 
2187, 250.506902086634 
2188, 258.434219986044 
2189, 267.788373333956 
2190, 283.690792163103 
2191, 289.36332029399 
2192, 293.372018005729 
2193, 298.862024963789 
2194, 298.126708716334 
2195, 303.435608680433 
2196, 318.792963637674 
2197, 324.437392616815 
2198, 323.791932380828 
2199, 325.50846838405 
2200, 320.426148438639 
2201, 322.486196722702 
2202, 335.59199830639 
2203, 339.061851890146 
2204, 341.856895007085 
2205, 335.99204783119 
2206, 344.702195649066 
2207, 360.014081899674 
2208, 367.491810102243 
2209, 392.271505118365 
2210, 390.751131183451 
2211, 363.710782999232 
2212, 354.732219636878 
2213, 343.806504190452 
2214, 335.919975984254 
2215, 325.608234171359 
2216, 331.384897997193 
2217, 347.2460961738 
2218, 362.542004276336 
2219, 403.723976508695 
2220, 418.294366614557 
2221, 414.245894418854 
2222, 415.0891374362 
2223, 403.444222794289 
2224, 396.63739713876 
2225, 392.635695707872 
2226, 390.903217955533 
2227, 382.052305093085 
2228, 387.905060661206 
2229, 410.622372440974 
2230, 427.159316971871 
2231, 433.21490463061 
2232, 443.463564146104 
2233, 438.889596646406 
2234, 412.918843206012 
2235, 403.530444427376 
2236, 393.505465342884 
2237, 389.535225635189 
2238, 394.133806761052 
2239, 391.654430967519 
2240, 392.839142758957 
2241, 384.859449851055 
2242, 359.643331075991 
2243, 356.051173578141 
2244, 364.803029827781 
2245, 365.260061405967 
2246, 376.680406927328 
2247, 379.513849755644 
2248, 365.614261370961 
2249, 360.943469701999 
2250, 363.089413788362 
2251, 361.97855577467 
2252, 363.521018512161 
2253, 353.009992641205 
2254, 365.51579226356 
2255, 392.288111061751 
2256, 391.796404937653 
2257, 412.512776179423 
2258, 406.663968448212 
2259, 371.845621569363 
2260, 355.616890199946 
2261, 337.910906542737 
2262, 325.738305260763 
2263, 317.354995930157 
2264, 312.444744287295 
2265, 317.075958531842 
2266, 313.407383366046 
2267, 312.269909137436 
2268, 297.801020068898 
2269, 264.767619221726 
2270, 251.138817592316 
2271, 233.923219926343 
2272, 233.481580583462 
2273, 264.796702172548 
2274, 272.195978160531 
2275, 273.284206407642 
2276, 270.427777577616 
2277, 250.92878006017 
2278, 239.326554898521 
2279, 234.469073289929 
2280, 227.693825338258 
2281, 214.053591096322 
2282, 212.108696012827 
2283, 216.368398105764 
2284, 216.278540193195 
2285, 228.388154576781 
2286, 234.004633649775 
2287, 227.974010484952 
2288, 214.197547902187 
2289, 197.90901057514 
2290, 168.781760947438 
2291, 154.049739732839 
2292, 140.310037484053 
2293, 138.278465708756 
2294, 147.850572302741 
2295, 150.205269921374 
2296, 157.974240357332 
2297, 157.571017335676 
2298, 153.918778179042 
2299, 149.164993839551 
2300, 137.05136572811 
2301, 132.780131887559 
2302, 131.971309715621 
2303, 129.217075540753 
2304, 133.256894360315 
2305, 127.473526410457 
2306, 107.599761643783 
2307, 98.8495165514432 
2308, 95.7946860117411 
2309, 89.8907665168451 
2310, 88.2055761323339 
2311, 85.7826225973379 
2312, 75.3296092286657 
2313, 70.7665848642565 
2314, 69.5514719690395 
2315, 76.7918919134006 
2316, 66.4516501961268 
2317, 70.9642898846372 
2318, 84.1570351204881 
2319, 80.5777777511371 
2320, 95.3162218904433 
2321, 110.051426198467 
2322, 100.911457529562 
2323, 92.885100571543 
2324, 81.4259462583975 
2325, 53.9048686299071 
2326, 35.819727169595 
2327, 27.5884413519034 
2328, 26.2465633224236 
2329, 32.6254304471789 
2330, 46.1845920733638 
2331, 78.1633799983082 
2332, 85.7603969637484 
2333, 86.8058604324437 
2334, 84.5809341942071 
2335, 65.580396221195 
2336, 59.8115579666429 
2337, 61.536886875288 
2338, 61.9438314415556 
2339, 65.6151486568191 
2340, 62.3463065676615 
2341, 54.8892429245237 
2342, 51.3562836544302 
2343, 43.8092891249604 
2344, 41.7194446267081 
2345, 53.0319765655239 
2346, 49.3822074047998 
2347, 39.0922719733125 
2348, 25.7773335724616 
2349,-10.8476228803875 
2350,-16.8631599175144 
2351,-6.01627219013263 
2352, 4.95090452080334 
2353, 35.4861639828107 
2354, 55.0962403331458 
2355, 70.3817209778701 
2356, 80.6656600067069 
2357, 100.528963380758 
2358, 99.3256040952955 
2359, 74.0741676195394 
2360, 60.7230722268356 
2361, 34.7251288809304 
2362, 20.4090349327447 
2363, 23.3527330198892 
2364, 14.0280030414458 
2365, 16.6236994325534 
2366, 12.719067587413 
2367,-12.1365777019863 
2368,-11.3688766045191 
2369,-29.0997548505576 
2370,-41.371551318431 
2371,-35.3126824600348 
2372,-38.6620334399254 
2373,-24.5078293304211 
2374,-23.1062760127095 
2375,-16.8840866228072 
2376,-7.88005953076889 
2377,-3.61196292555201 
2378, 19.340646168765 
2379, 35.5792583750524 
2380, 55.2631418196341 
2381, 68.4963236682552 
2382, 71.8810782327171 
2383, 64.8250187827871 
2384, 47.8210202531599 
2385, 49.6484132180647 
2386, 46.854969045403 
2387, 51.9630899963431 
2388, 73.3400874424953 
2389, 72.3226463663938 
2390, 57.3116892220828 
2391, 48.6223579335081 
2392, 40.3151491923019 
2393, 30.4653770674524 
2394, 30.3043560608427 
2395, 32.2588626558063 
2396, 34.8559625251055 
2397, 47.5414771083147 
2398, 51.6260068955533 
2399, 44.5865824706853 
2400, 30.0115721336062 
2401,-0.799477334580502 
2402,-28.2993912086056 
2403,-43.3210839091415 
2404,-42.8417012841118 
2405,-27.2466799863772 
2406, 22.003303399778 
2407, 34.3979955870148 
2408, 42.0425834592346 
2409, 49.83273444027 
2410, 43.6193276718058 
2411, 35.875519902077 
2412, 32.1659154638087 
2413, 24.1510644765956 
2414,-7.34886704267848 
2415,-10.2602939919076 
2416, 14.7039713518721 
2417, 15.0526934713201 
2418, 13.7001431546785 
2419, 14.2846148683941 
2420, 0.481855704567949 
2421,-1.89016269403548 
2422, 5.81123349522871 
2423, 3.57885560750068 
2424,-2.14812265957429 
2425,-2.91077755906772 
2426,-4.80970546715267 
2427,-4.76258582551046 
2428, 1.12543767215253 
2429, 0.417340477925092 
2430,-3.3715461834397 
2431,-7.22418737518038 
2432,-11.3829143378186 
2433,-17.2219185939106 
2434,-31.5028805649849 
2435,-28.8554731666635 
2436,-19.418548526352 
2437,-8.59606353403269 
2438, 11.7675863090131 
2439, 33.8800683542378 
2440, 65.2213408269 
2441, 73.2482693710161 
2442, 78.3741073275287 
2443, 75.7743336993251 
2444, 44.4203511727943 
2445, 44.7954395536121 
2446, 44.2724196014612 
2447, 25.7721623367107 
2448, 27.7879248057787 
2449, 18.6618280815343 
2450, 13.9988488884726 
2451, 30.648129442321 
2452, 33.3010025631458 
2453, 44.0207003785685 
2454, 40.6164308031295 
2455, 2.01469970144909 
2456,-16.6853107959629 
2457,-26.0279358832172 
2458,-30.4295299253254 
2459, 1.15461675409976 
2460, 32.821419651064 
2461, 34.7110165294457 
2462, 39.0664604233013 
2463, 53.715735469848 
2464, 44.1898257869107 
2465, 34.3275118278855 
2466, 23.6384449605888 
2467,-1.59944448159711 
2468,-1.55177018294636 
2469, 1.52302331283072 
2470, 10.0914349745211 
2471, 31.8734679952823 
2472, 23.1995087071714 
2473, 8.28065224328204 
2474, 8.0090967584159 
2475, 8.32063281791075 
2476, 8.28429430340539 
2477,-1.49567844543076 
2478,-4.93171797561343 
2479,-11.9242378143388 
2480,-10.6794264579147 
2481, 31.5915986162294 
2482, 67.4643994391376 
2483, 85.7956531710857 
2484, 83.2987605733149 
2485, 65.0637042933626 
2486, 43.9180779500958 
2487, 12.4655417039493 
2488,-9.12497487844683 
2489,-23.4034029748227 
2490,-30.1281905459112 
2491,-25.9509752905544 
2492,-4.85200193401779 
2493, 28.3867607398031 
2494, 45.7192151382246 
2495, 61.6505010376483 
2496, 77.1371085753748 
2497, 62.6222944780392 
2498, 59.3731183769844 
2499, 52.8963139775311 
2500, 45.1973849908705 
