Wavelength,0212202100130.asd
350, 2799.08456164987 
351, 2944.20768841519 
352, 3076.87583756788 
353, 3188.74189015837 
354, 3298.92187476255 
355, 3415.98465729039 
356, 3540.64099363966 
357, 3659.9795258961 
358, 3784.99095904383 
359, 3919.86214882893 
360, 4068.29549268002 
361, 4250.0281226337 
362, 4456.75035815868 
363, 4678.97726382741 
364, 4908.51549670357 
365, 5141.97490340451 
366, 5364.95420977522 
367, 5560.04685724324 
368, 5708.83697639712 
369, 5796.78362087139 
370, 5827.79169302126 
371, 5818.41790754001 
372, 5794.6656007968 
373, 5785.62495666405 
374, 5795.78479656106 
375, 5811.35687083429 
376, 5825.29858899519 
377, 5832.96286272925 
378, 5821.90478981092 
379, 5769.42281459575 
380, 5702.00115196788 
381, 5625.55668169126 
382, 5538.64019048216 
383, 5431.97831466426 
384, 5323.67836901972 
385, 5248.4580182117 
386, 5247.80888624337 
387, 5355.54192892321 
388, 5510.65461364677 
389, 5646.11445308196 
390, 5705.44853105909 
391, 5770.46667508154 
392, 5836.22033653875 
393, 5890.12072326096 
394, 5931.41838173005 
395, 6053.45676204427 
396, 6295.85650014298 
397, 6671.97273612188 
398, 7199.91230895213 
399, 7801.08697322373 
400, 8418.56752066494 
401, 9020.93733399812 
402, 9593.01888346741 
403, 10065.2205201278 
404, 10407.2478030809 
405, 10670.7255957487 
406, 10879.936110504 
407, 11066.1931948694 
408, 11268.1012729412 
409, 11548.6892068996 
410, 11884.145404491 
411, 12253.7974428706 
412, 12640.8162598598 
413, 13023.8690462092 
414, 13401.9966584846 
415, 13766.346812194 
416, 14087.3266784751 
417, 14391.5610439439 
418, 14701.8893230313 
419, 15024.8101679052 
420, 15307.210139492 
421, 15593.1567593265 
422, 15905.2528929416 
423, 16241.4464093855 
424, 16550.810617518 
425, 16795.3452766003 
426, 16941.133916505 
427, 16952.9801334241 
428, 16887.8774314255 
429, 16899.7044431187 
430, 17112.1537831824 
431, 17417.233058109 
432, 17819.5562431739 
433, 18412.6018906019 
434, 19314.4075882719 
435, 20272.2411939903 
436, 21005.674958697 
437, 21456.8859377072 
438, 21933.4780679442 
439, 22424.4272157565 
440, 22886.9429640509 
441, 23303.4846853349 
442, 23846.0201456086 
443, 24418.0863113016 
444, 24942.8038145723 
445, 25371.373558234 
446, 25716.3728833253 
447, 26025.2583987193 
448, 26351.7460604242 
449, 26759.1585839574 
450, 27106.7748788245 
451, 27294.9313556273 
452, 27284.1069777177 
453, 27213.7217561588 
454, 27061.1698738114 
455, 26867.4508480512 
456, 26731.6355769635 
457, 26701.693637347 
458, 26711.6528233404 
459, 26693.1038134998 
460, 26621.037877626 
461, 26515.7323489799 
462, 26402.0682445195 
463, 26291.3483983859 
464, 26118.18122681 
465, 25850.7900921441 
466, 25520.5951516035 
467, 25218.9383668238 
468, 24962.5540321222 
469, 24770.0619763747 
470, 24651.1311838496 
471, 24609.0009445247 
472, 24580.7567121394 
473, 24573.1014987551 
474, 24611.4939146401 
475, 24604.0589843667 
476, 24577.7695120586 
477, 24562.0528190621 
478, 24574.8978519362 
479, 24655.6211069918 
480, 24768.4395464908 
481, 24849.0662527791 
482, 24829.336987582 
483, 24646.3012874939 
484, 24260.4401857489 
485, 23681.3946436702 
486, 23117.4981875463 
487, 22717.3270974658 
488, 22599.6147096644 
489, 22865.1901052024 
490, 23285.4190618915 
491, 23632.639737541 
492, 23760.2558812372 
493, 23807.3879585753 
494, 23873.7797327466 
495, 24006.152284288 
496, 24190.3242016837 
497, 24249.6370134971 
498, 24184.0289547899 
499, 24032.4483755254 
500, 23830.1469153074 
501, 23674.1510943913 
502, 23609.0696547552 
503, 23657.6696014619 
504, 23876.5842642354 
505, 24183.5018879153 
506, 24496.2944902978 
507, 24747.2592406774 
508, 24937.7967944927 
509, 25086.3569612605 
510, 25224.9576603936 
511, 25414.6415455115 
512, 25547.9402346507 
513, 25574.9454275595 
514, 25483.3627682672 
515, 25276.6639142279 
516, 24994.2914064733 
517, 24714.2121504279 
518, 24553.4014454319 
519, 24762.879991836 
520, 25362.2519651087 
521, 26205.6130083288 
522, 26909.576598107 
523, 27435.7782610494 
524, 27805.56622757 
525, 28080.0774930146 
526, 28201.0331159562 
527, 28247.9938999345 
528, 28391.1487666267 
529, 28962.7169008765 
530, 29704.8578180496 
531, 30329.229545498 
532, 30603.0252539428 
533, 30695.6249548368 
534, 30834.9269908637 
535, 31143.9763596621 
536, 31614.5540030266 
537, 31953.7072052524 
538, 32110.6283380652 
539, 32130.3133301363 
540, 32118.9350697162 
541, 32145.9300638647 
542, 32308.7881044134 
543, 32684.3144344915 
544, 33115.3367922972 
545, 33493.025466463 
546, 33757.7176094712 
547, 33910.5483939947 
548, 34010.2782703924 
549, 34126.801309881 
550, 34304.6931688499 
551, 34488.6340760612 
552, 34629.8787234459 
553, 34732.5149689217 
554, 34841.3461879392 
555, 34925.2911540582 
556, 34896.9208430131 
557, 34707.1021169137 
558, 34387.1973587531 
559, 34110.6847847534 
560, 33984.0689555353 
561, 34047.8697349143 
562, 34203.5896659969 
563, 34293.6793028092 
564, 34241.2439001898 
565, 34071.6068646094 
566, 33834.6620739531 
567, 33592.9320199183 
568, 33384.143957206 
569, 33174.5635939593 
570, 32901.1944062377 
571, 32640.8519906204 
572, 32545.0848806333 
573, 32575.6932153543 
574, 32567.39122318 
575, 32416.9067150729 
576, 32145.0243177446 
577, 31894.2018638455 
578, 31762.1309340935 
579, 31802.7496888281 
580, 31972.7727546575 
581, 32267.3522758152 
582, 32624.7326949486 
583, 32930.9281879862 
584, 33123.2842863288 
585, 33121.1340353197 
586, 32915.1164759973 
587, 32652.8723198957 
588, 32323.0874942153 
589, 31875.8386028514 
590, 31316.4283073836 
591, 31117.813183955 
592, 31263.4989178371 
593, 31533.3272418724 
594, 31520.6193371506 
595, 31363.4580877387 
596, 31141.7059026397 
597, 30910.06846906 
598, 30656.5716056881 
599, 30343.0957146713 
600, 29998.6284319595 
601, 29698.1837406064 
602, 29464.2815411924 
603, 29337.8727067133 
604, 29318.5464705133 
605, 29344.7264862755 
606, 29278.1020408036 
607, 29113.2893022089 
608, 28903.7374018062 
609, 28694.782421838 
610, 28495.7756177697 
611, 28316.7332528361 
612, 28167.2861301801 
613, 28010.5026539403 
614, 27826.3467827635 
615, 27623.3151556741 
616, 27461.6829478412 
617, 27360.4591471633 
618, 27358.0952324151 
619, 27473.9508814736 
620, 27595.2051547445 
621, 27606.8620853567 
622, 27469.5253466153 
623, 27236.4868894037 
624, 26971.1712995787 
625, 26719.3708102351 
626, 26504.5195314708 
627, 26310.7797708398 
628, 26115.9504819209 
629, 25929.8766149146 
630, 25792.0368622945 
631, 25799.2622124201 
632, 25889.8370764265 
633, 26004.6764905181 
634, 26128.9107805501 
635, 26222.8176635234 
636, 26285.4988363178 
637, 26326.8021559816 
638, 26339.518599269 
639, 26298.6785936947 
640, 26181.9099889097 
641, 25981.1725104104 
642, 25825.7792067751 
643, 25732.2429162536 
644, 25669.8216320877 
645, 25561.7278645983 
646, 25389.530318323 
647, 25173.1131241182 
648, 24955.3116246632 
649, 24776.5834815001 
650, 24640.0920818218 
651, 24568.8024727667 
652, 24598.3734925204 
653, 24540.7647993744 
654, 24267.362594639 
655, 23755.6685431523 
656, 23154.6890644399 
657, 22720.6630168561 
658, 22722.9487211476 
659, 23297.9353233276 
660, 23888.9576897709 
661, 24228.5414516182 
662, 24295.686323559 
663, 24326.2221198894 
664, 24299.2606569434 
665, 24257.305263202 
666, 24237.3333747984 
667, 24240.6217662543 
668, 24228.5822225576 
669, 24200.5495942991 
670, 24173.5835466553 
671, 24119.4000890893 
672, 24056.7302438046 
673, 24015.0139671883 
674, 24030.5159854062 
675, 24056.2590713348 
676, 24073.0148986712 
677, 24076.166976957 
678, 24082.2838448226 
679, 24081.8370455281 
680, 24073.9551227295 
681, 24061.2136822543 
682, 24036.7686854092 
683, 23975.0254536591 
684, 23771.8364181379 
685, 23219.9479040966 
686, 22246.4463946389 
687, 20941.4248542381 
688, 19622.9062192569 
689, 19071.1936943598 
690, 19463.8864226312 
691, 20439.3185137654 
692, 21316.140230117 
693, 22076.551728846 
694, 22622.1923602136 
695, 22948.5487904088 
696, 23176.0170148359 
697, 23375.8773773196 
698, 23510.5511788345 
699, 23529.949707751 
700, 23461.8360109224 
701, 23395.2601359561 
702, 23390.5576438525 
703, 23480.6451205354 
704, 23670.3309762414 
705, 23892.5283672652 
706, 24081.0088714492 
707, 24185.4288675593 
708, 24271.5824475367 
709, 24347.8217251023 
710, 24410.9433970761 
711, 24475.3247492858 
712, 24515.4444775489 
713, 24519.9407399463 
714, 24477.1518801672 
715, 24330.945735412 
716, 23975.7077466644 
717, 23366.0352809121 
718, 22540.9743988125 
719, 21855.5893244148 
720, 21600.1069286231 
721, 21884.1090372745 
722, 22485.6017869222 
723, 22899.5901040034 
724, 22952.2086838959 
725, 22736.3975667131 
726, 22675.3168470198 
727, 22735.6315981426 
728, 22836.4084118574 
729, 22899.6837325742 
730, 23056.2813916834 
731, 23340.169191226 
732, 23734.228158821 
733, 24171.5576615563 
734, 24550.581497116 
735, 24793.1627168363 
736, 24864.8237458129 
737, 24841.6191193807 
738, 24803.962795803 
739, 24771.7262445876 
740, 24716.3340662557 
741, 24698.3105221457 
742, 24727.8405467329 
743, 24798.1245337803 
744, 24892.5386092617 
745, 24952.6099053347 
746, 24972.152237379 
747, 24960.9993989827 
748, 24916.3874669665 
749, 24821.7801978002 
750, 24695.3124193981 
751, 24578.7801841788 
752, 24510.1014038488 
753, 24479.1375837261 
754, 24460.1228536045 
755, 24415.0525619176 
756, 24277.9278153751 
757, 23753.1133678696 
758, 22367.4072213002 
759, 19317.9767707854 
760, 14848.8113612897 
761, 10470.0944934129 
762, 8005.45707497747 
763, 7976.85878307921 
764, 9250.44980232071 
765, 11244.5850507141 
766, 13883.5067672779 
767, 16760.963919762 
768, 19253.8948812102 
769, 20979.3591886027 
770, 21936.3902886394 
771, 22395.3328155243 
772, 22559.4406803935 
773, 22583.5803526621 
774, 22549.1189985444 
775, 22470.1331423782 
776, 22373.4644491771 
777, 22278.7878161481 
778, 22160.74175636 
779, 22025.8833333719 
780, 21892.2614895995 
781, 21781.2101800358 
782, 21661.0170865423 
783, 21521.4226467368 
784, 21366.3171093473 
785, 21215.1291603432 
786, 21063.8018273322 
787, 20890.4375427148 
788, 20677.6749647678 
789, 20431.4746704601 
790, 20177.2271413543 
791, 19922.7107001299 
792, 19670.4620198884 
793, 19435.9698765841 
794, 19244.4207211886 
795, 19111.9534780344 
796, 19039.7054165367 
797, 18983.9371064131 
798, 18899.3688349667 
799, 18763.5635467595 
800, 18584.2444197723 
801, 18383.6707203075 
802, 18196.3725987142 
803, 18040.2810832525 
804, 17893.2950177491 
805, 17767.2768113497 
806, 17651.8218970991 
807, 17524.9445341553 
808, 17355.3666124218 
809, 17145.9001351701 
810, 16910.6024280167 
811, 16660.1965451368 
812, 16354.7291866054 
813, 15950.6516159521 
814, 15445.7164756076 
815, 14884.8230904258 
816, 14369.5334563663 
817, 13971.048542266 
818, 13734.3754862553 
819, 13675.3913097343 
820, 13675.6727233076 
821, 13643.1740388012 
822, 13540.1005886138 
823, 13419.7530497729 
824, 13342.9847794368 
825, 13364.1448427789 
826, 13469.1705053911 
827, 13450.3948021488 
828, 13308.9228510675 
829, 13112.5209243826 
830, 12956.2946998148 
831, 12861.778885291 
832, 12794.6614629555 
833, 12739.7493212309 
834, 12702.2683387911 
835, 12688.7241907362 
836, 12685.5319070823 
837, 12669.2118585252 
838, 12611.0832914952 
839, 12519.8939438263 
840, 12407.4174241651 
841, 12282.8236171541 
842, 12148.4671717501 
843, 12008.8196292756 
844, 11870.1500794263 
845, 11735.7208963578 
846, 11604.6737289899 
847, 11442.1614264243 
848, 11245.3494098658 
849, 11026.4898761442 
850, 10804.9959853386 
851, 10549.2037129329 
852, 10285.5056083898 
853, 10062.8834923694 
854, 9892.97982344809 
855, 9753.26781854815 
856, 9680.20124878519 
857, 9726.09313965387 
858, 9809.14865599888 
859, 9818.99453432834 
860, 9734.24562085873 
861, 9613.54561923309 
862, 9471.48989013947 
863, 9293.77028587405 
864, 9082.44131979778 
865, 8863.11415699076 
866, 8654.96339699632 
867, 8476.76703819518 
868, 8354.20621760739 
869, 8319.79973444629 
870, 8325.08314843188 
871, 8303.3238371025 
872, 8220.54395159935 
873, 8105.67226734521 
874, 7987.92276704817 
875, 7870.58170107378 
876, 7751.69043234131 
877, 7636.66058716769 
878, 7525.28113932641 
879, 7416.37726924401 
880, 7307.62611968824 
881, 7194.42167485068 
882, 7085.24567596758 
883, 6982.69458236552 
884, 6885.73772183501 
885, 6790.84599087893 
886, 6688.23920438596 
887, 6581.93948389155 
888, 6479.58494799098 
889, 6377.88394136276 
890, 6275.62041241563 
891, 6163.06048246904 
892, 6028.02100769779 
893, 5866.21499673926 
894, 5680.79337353826 
895, 5475.13442945638 
896, 5255.68444644977 
897, 5039.14275573911 
898, 4836.63498568982 
899, 4668.05351287969 
900, 4552.98534712113 
901, 4486.80498865326 
902, 4458.81760893076 
903, 4450.08829256542 
904, 4438.37383950416 
905, 4411.8246009138 
906, 4362.02151336235 
907, 4279.49384183593 
908, 4161.30934542265 
909, 4037.8616977426 
910, 3933.80783865591 
911, 3858.10214908258 
912, 3805.24856747408 
913, 3762.56615889942 
914, 3720.54654127142 
915, 3678.36552684341 
916, 3642.14949833404 
917, 3618.94313959628 
918, 3601.03312714388 
919, 3584.18200180166 
920, 3567.5439037439 
921, 3548.81454488676 
922, 3519.92533996587 
923, 3473.84531569346 
924, 3405.76657817445 
925, 3314.26120477947 
926, 3205.60280840964 
927, 3076.57024534997 
928, 2918.82095552573 
929, 2734.88519715605 
930, 2528.99834830125 
931, 2309.90063727606 
932, 2092.73733268764 
933, 1906.40004387907 
934, 1757.7022366328 
935, 1655.64139723572 
936, 1605.51336404475 
937, 1594.24818522296 
938, 1608.0032559358 
939, 1629.72289729371 
940, 1646.30357321903 
941, 1663.87727305878 
942, 1670.83746650788 
943, 1656.86374711837 
944, 1619.27146052049 
945, 1573.04805513395 
946, 1534.52625181411 
947, 1510.7515984038 
948, 1500.92286536854 
949, 1497.5728120182 
950, 1494.91527528002 
951, 1490.21326352008 
952, 1482.90932320009 
953, 1473.71041296388 
954, 1465.61741812344 
955, 1456.98185422927 
956, 1447.9043649218 
957, 1444.162383329 
958, 1441.7460742991 
959, 1438.22544983506 
960, 1435.21864783095 
961, 1438.87571269091 
962, 1438.83048763596 
963, 1440.05707566865 
964, 1445.01932813909 
965, 1449.57293451329 
966, 1450.37980563481 
967, 1447.39890412629 
968, 1441.0470285378 
969, 1431.68017671335 
970, 1420.18722476399 
971, 1404.25454810028 
972, 1383.06383831132 
973, 1357.1380020528 
974, 1326.20169796248 
975, 1295.34654043762 
976, 1265.05634444486 
977, 1235.06186666749 
978, 1211.52199591755 
979, 1191.55435308178 
980, 1174.32995758926 
981, 1158.76086937293 
982, 1141.75829735065 
983, 1123.94061926775 
984, 1105.82818915689 
985, 1087.06417666265 
986, 1066.0319597468 
987, 1043.02187872045 
988, 1020.42008086412 
989, 997.890333414219 
990, 972.608308260472 
991, 948.700632278854 
992, 924.970065048272 
993, 901.095363795382 
994, 877.85038480786 
995, 856.092291713088 
996, 834.125063766107 
997, 810.300953804308 
998, 784.750312250325 
999, 761.872971813388 
1000, 740.918952836319 
1001, 4608.80616878779 
1002, 4583.75080271024 
1003, 4562.50952477553 
1004, 4543.412546221 
1005, 4523.54407755967 
1006, 4510.89813748212 
1007, 4498.95246367255 
1008, 4492.3610764884 
1009, 4491.35164793437 
1010, 4496.42901692822 
1011, 4505.15754804057 
1012, 4522.14413933619 
1013, 4533.97521494996 
1014, 4548.23613509159 
1015, 4564.16459773048 
1016, 4574.38547227358 
1017, 4589.18139278668 
1018, 4606.17521881018 
1019, 4619.58824330493 
1020, 4633.66430477167 
1021, 4652.29974279046 
1022, 4670.68818198996 
1023, 4690.53875288038 
1024, 4709.60958964808 
1025, 4732.37630302089 
1026, 4755.86404651922 
1027, 4780.96437149785 
1028, 4811.65623249254 
1029, 4842.4862571125 
1030, 4871.73431314607 
1031, 4895.93482751938 
1032, 4918.35785857495 
1033, 4941.13196748762 
1034, 4957.69869833865 
1035, 4977.71625319593 
1036, 4999.90693452421 
1037, 5024.77257157934 
1038, 5046.88476731576 
1039, 5070.44496147396 
1040, 5097.67900093642 
1041, 5121.92908748273 
1042, 5141.18235019922 
1043, 5159.7509382796 
1044, 5177.60489763812 
1045, 5192.97097321022 
1046, 5210.07942218133 
1047, 5233.98650578234 
1048, 5265.56367902604 
1049, 5292.44466096784 
1050, 5315.3952351292 
1051, 5344.88138127748 
1052, 5368.63074772207 
1053, 5391.89792147995 
1054, 5423.06293280424 
1055, 5451.17398204559 
1056, 5477.93092755069 
1057, 5509.29373405245 
1058, 5546.92195884996 
1059, 5592.47080192413 
1060, 5640.20855937468 
1061, 5696.72342606807 
1062, 5750.63662426717 
1063, 5805.40936035898 
1064, 5857.77090400434 
1065, 5922.44874945292 
1066, 5989.01509804313 
1067, 6058.70395862601 
1068, 6141.0023566737 
1069, 6221.66740843197 
1070, 6305.71457813969 
1071, 6403.69794742916 
1072, 6497.3070518619 
1073, 6590.54636096832 
1074, 6692.05916732134 
1075, 6780.4055846411 
1076, 6862.56142643654 
1077, 6940.54619005296 
1078, 7010.96884821833 
1079, 7073.5426680939 
1080, 7129.67579286645 
1081, 7181.03605170409 
1082, 7223.42562791774 
1083, 7261.67915676107 
1084, 7298.04899149998 
1085, 7338.64906118359 
1086, 7374.61032607372 
1087, 7413.84546767999 
1088, 7438.99141608249 
1089, 7459.54582830834 
1090, 7467.74530002926 
1091, 7460.2133064954 
1092, 7460.68689310581 
1093, 7451.87310861704 
1094, 7432.01345816742 
1095, 7405.77159394122 
1096, 7371.41193625962 
1097, 7328.68767114864 
1098, 7290.14772234088 
1099, 7258.35146059092 
1100, 7234.18403285452 
1101, 7204.69728372472 
1102, 7186.08161209775 
1103, 7148.07527208422 
1104, 7104.19268203625 
1105, 7051.16525701935 
1106, 6985.27149884253 
1107, 6907.36145335859 
1108, 6808.85349510005 
1109, 6683.55842058245 
1110, 6518.27373955359 
1111, 6312.61098380357 
1112, 6070.54396873412 
1113, 5773.75498953417 
1114, 5482.64641363452 
1115, 5141.47337670652 
1116, 4836.96925472137 
1117, 4512.02477277921 
1118, 4237.53913092008 
1119, 3987.41003095148 
1120, 3754.90210356557 
1121, 3571.07617419277 
1122, 3421.26270621534 
1123, 3305.17441135987 
1124, 3236.20094769246 
1125, 3198.84819957604 
1126, 3211.0063372653 
1127, 3226.78904772479 
1128, 3280.27067402338 
1129, 3329.17787999836 
1130, 3398.45116660782 
1131, 3462.29633502105 
1132, 3519.70133051292 
1133, 3601.02661318201 
1134, 3691.2542206915 
1135, 3788.3405981739 
1136, 3925.6303489924 
1137, 4067.1705714767 
1138, 4199.16782029232 
1139, 4315.52440926454 
1140, 4388.10734664236 
1141, 4434.73096102777 
1142, 4448.4925870305 
1143, 4408.81019435962 
1144, 4383.86134104368 
1145, 4300.63049858212 
1146, 4284.18909288851 
1147, 4272.00125525444 
1148, 4307.61427030578 
1149, 4390.03223535983 
1150, 4497.82893883592 
1151, 4643.77279080322 
1152, 4808.68703240453 
1153, 4976.25395544421 
1154, 5173.4890252272 
1155, 5355.95336518678 
1156, 5542.84067370096 
1157, 5721.18590502236 
1158, 5905.07016779808 
1159, 6070.73938330301 
1160, 6233.82238481586 
1161, 6375.06981525014 
1162, 6506.69610896002 
1163, 6616.13730241722 
1164, 6704.55485607968 
1165, 6777.06215395006 
1166, 6829.0363423132 
1167, 6869.12736336498 
1168, 6894.38319665372 
1169, 6903.88959420509 
1170, 6899.81738138816 
1171, 6879.03919078822 
1172, 6850.14789531616 
1173, 6804.32933784811 
1174, 6757.2544251801 
1175, 6701.82061674622 
1176, 6640.43549120993 
1177, 6569.22984557184 
1178, 6498.05888515798 
1179, 6414.10469549841 
1180, 6339.73688205406 
1181, 6263.92166201895 
1182, 6196.47267670128 
1183, 6137.8803226445 
1184, 6087.09554440218 
1185, 6040.42561203132 
1186, 6001.33019257081 
1187, 5966.55454159134 
1188, 5936.88473281349 
1189, 5911.32293799811 
1190, 5899.55602169193 
1191, 5877.38314438273 
1192, 5862.77555213322 
1193, 5831.21532678661 
1194, 5788.51361539717 
1195, 5741.4647130127 
1196, 5683.2417627484 
1197, 5619.81298818152 
1198, 5556.62341877079 
1199, 5486.61891925582 
1200, 5425.99888145393 
1201, 5362.80931096363 
1202, 5310.13539447605 
1203, 5264.59426561783 
1204, 5223.54926859294 
1205, 5185.94610008394 
1206, 5156.906817146 
1207, 5136.6346443449 
1208, 5118.85415107562 
1209, 5112.51213907624 
1210, 5101.56444067457 
1211, 5091.83210421073 
1212, 5081.96882851655 
1213, 5071.74788486706 
1214, 5060.8505737965 
1215, 5048.51257146927 
1216, 5036.98820903386 
1217, 5022.2345151321 
1218, 5005.61319322658 
1219, 4986.24596580713 
1220, 4964.16830119477 
1221, 4941.92647660256 
1222, 4912.8404564187 
1223, 4891.70039491442 
1224, 4874.93415291484 
1225, 4857.02864712812 
1226, 4842.26618078755 
1227, 4827.70476817451 
1228, 4814.01864506535 
1229, 4798.43879199887 
1230, 4782.58311354616 
1231, 4767.86318204752 
1232, 4752.29361774006 
1233, 4735.91582215469 
1234, 4716.85813722765 
1235, 4698.53089161773 
1236, 4676.9128507943 
1237, 4649.87598436517 
1238, 4625.13471423781 
1239, 4600.03138909385 
1240, 4575.19096240697 
1241, 4549.4896387771 
1242, 4524.99789310782 
1243, 4503.23116747628 
1244, 4478.58746970368 
1245, 4451.44064528275 
1246, 4427.49018728572 
1247, 4399.9654508136 
1248, 4369.7963836586 
1249, 4340.17017496531 
1250, 4312.599854733 
1251, 4278.05643254949 
1252, 4242.07123595473 
1253, 4200.06839668165 
1254, 4154.22552052462 
1255, 4101.38045877808 
1256, 4044.15624797244 
1257, 3980.47759752833 
1258, 3907.62750510344 
1259, 3833.28030596934 
1260, 3748.2077018344 
1261, 3669.74333713125 
1262, 3587.70130257486 
1263, 3510.86351970654 
1264, 3446.23045221299 
1265, 3384.57128456338 
1266, 3344.45433400449 
1267, 3311.56418589059 
1268, 3307.53316240236 
1269, 3323.29583621248 
1270, 3357.71730521088 
1271, 3423.2339159019 
1272, 3486.49632140101 
1273, 3572.31406253793 
1274, 3647.16719712648 
1275, 3731.60787277849 
1276, 3800.83602925213 
1277, 3863.84138425248 
1278, 3919.31276826953 
1279, 3963.53080563882 
1280, 4004.71205491871 
1281, 4037.1653008152 
1282, 4072.1345099638 
1283, 4110.56218007933 
1284, 4148.75556780111 
1285, 4187.05444500598 
1286, 4232.6528155942 
1287, 4266.8604237363 
1288, 4298.37373453524 
1289, 4320.68552188421 
1290, 4335.77956012285 
1291, 4347.34954064537 
1292, 4350.11244327455 
1293, 4352.3858886348 
1294, 4350.38542136883 
1295, 4347.82479519935 
1296, 4342.30453175304 
1297, 4335.84037830785 
1298, 4325.55519252984 
1299, 4320.82282357532 
1300, 4313.38196171233 
1301, 4298.23099724241 
1302, 4283.96693978602 
1303, 4268.36412161925 
1304, 4250.09562612574 
1305, 4229.44780337081 
1306, 4207.93945832169 
1307, 4184.68034341801 
1308, 4159.71362059068 
1309, 4129.30787391995 
1310, 4104.5976061106 
1311, 4081.76428873903 
1312, 4058.27122660627 
1313, 4037.65152343142 
1314, 4017.32955157788 
1315, 3993.23931226579 
1316, 3973.53843756496 
1317, 3958.41974303837 
1318, 3944.66583689868 
1319, 3926.09440315105 
1320, 3906.83647539143 
1321, 3879.14319058097 
1322, 3849.77817257613 
1323, 3815.58479470379 
1324, 3780.21692503975 
1325, 3734.04807962705 
1326, 3680.73565864588 
1327, 3621.27325403891 
1328, 3548.50208974721 
1329, 3482.98072932014 
1330, 3409.81359528831 
1331, 3349.04239400252 
1332, 3286.19674274131 
1333, 3242.80221100148 
1334, 3214.20836798907 
1335, 3190.90275018662 
1336, 3188.2449277776 
1337, 3183.05022914035 
1338, 3168.44485025196 
1339, 3138.49985109428 
1340, 3079.68296507832 
1341, 2997.13519981316 
1342, 2889.74585839919 
1343, 2753.94152906675 
1344, 2602.46390996653 
1345, 2426.67129738639 
1346, 2236.18638978989 
1347, 2016.74702180498 
1348, 1804.53544813623 
1349, 1569.32777609429 
1350, 1356.08616377535 
1351, 1138.92952347624 
1352, 948.707826662216 
1353, 764.419831668251 
1354, 610.103939368842 
1355, 480.868498199593 
1356, 370.67850363637 
1357, 283.75688876575 
1358, 218.444410359197 
1359, 167.077819084719 
1360, 127.209496162303 
1361, 98.1162046636294 
1362, 76.6426211533231 
1363, 58.409619209728 
1364, 45.5530738333129 
1365, 36.7485809273073 
1366, 30.3776962292167 
1367, 31.0671232035133 
1368, 42.463341470236 
1369, 48.7288518105282 
1370, 57.7559564003187 
1371, 66.2465487531085 
1372, 71.9159098326026 
1373, 80.6138941675858 
1374, 94.422686444295 
1375, 103.975273676325 
1376, 116.86957236141 
1377, 121.416420424899 
1378, 120.734251381572 
1379, 116.438466852169 
1380, 109.099775975548 
1381, 100.804390120231 
1382, 91.3472437257563 
1383, 88.8530151190626 
1384, 95.1884070490251 
1385, 102.518468786825 
1386, 115.770206585177 
1387, 134.927614738436 
1388, 149.746623017927 
1389, 163.002851102148 
1390, 175.842989253272 
1391, 191.838600516843 
1392, 199.167258581364 
1393, 201.277476174002 
1394, 204.027078043673 
1395, 199.893210944655 
1396, 199.916410922945 
1397, 198.775671920559 
1398, 203.485820531021 
1399, 213.721025677555 
1400, 221.784173770197 
1401, 235.5553293129 
1402, 243.551347413607 
1403, 245.390387945673 
1404, 249.452552581531 
1405, 255.107887641523 
1406, 262.216754018864 
1407, 274.561934634962 
1408, 283.908482521905 
1409, 290.576490676686 
1410, 301.541901620021 
1411, 316.208121079765 
1412, 335.849263481159 
1413, 351.129853334324 
1414, 369.486344298524 
1415, 383.303348820772 
1416, 392.435326634425 
1417, 401.677579177874 
1418, 415.398648497676 
1419, 419.070923901653 
1420, 412.300091600368 
1421, 409.719236882918 
1422, 405.552540282535 
1423, 398.268306618679 
1424, 391.78582613694 
1425, 385.312533293245 
1426, 375.808082683617 
1427, 362.581804441627 
1428, 348.211933541041 
1429, 333.840425843966 
1430, 314.954265711064 
1431, 295.640105926938 
1432, 278.263630284893 
1433, 257.245827076092 
1434, 235.510207885346 
1435, 212.101222707351 
1436, 189.95910640592 
1437, 176.549550266045 
1438, 162.628032409868 
1439, 151.103380506753 
1440, 141.090700424226 
1441, 134.759187036491 
1442, 125.202007585862 
1443, 114.794860505316 
1444, 107.762199772555 
1445, 99.3751580229062 
1446, 94.5568516380165 
1447, 96.4926482899643 
1448, 93.6526298776886 
1449, 90.3315698981065 
1450, 86.2168757325944 
1451, 78.3599762037924 
1452, 73.1076950121131 
1453, 67.6952653350561 
1454, 65.1598133193926 
1455, 65.3018954775356 
1456, 66.6091796168343 
1457, 65.5890094814349 
1458, 64.9155041532624 
1459, 60.7925794833698 
1460, 54.0224764284976 
1461, 53.8252215359532 
1462, 49.9616007939088 
1463, 45.7727744495749 
1464, 47.0278020668664 
1465, 44.9141029344979 
1466, 41.5385736519264 
1467, 38.077870309387 
1468, 34.4404748364132 
1469, 29.7088353860905 
1470, 22.0941808663419 
1471, 18.8410970296375 
1472, 17.7576130489864 
1473, 15.7558022575681 
1474, 15.0596214457676 
1475, 14.5299305123234 
1476, 13.9198107785959 
1477, 12.3001237466325 
1478, 10.1602971151868 
1479, 10.4677013590173 
1480, 12.6050371182274 
1481, 12.6289082073245 
1482, 11.8460107752605 
1483, 13.7842169995634 
1484, 15.7391394327763 
1485, 16.053174247462 
1486, 19.4572277680515 
1487, 21.2422646752598 
1488, 15.9913798222454 
1489, 12.2880456707539 
1490, 8.89273353126363 
1491, 5.03494353129156 
1492, 7.30573183462131 
1493, 10.7134806100432 
1494, 8.11435325451452 
1495, 10.9560899523917 
1496, 15.6816826603054 
1497, 14.969043264333 
1498, 16.7820405925271 
1499, 23.4812683778334 
1500, 24.5218880547199 
1501, 21.8290805108028 
1502, 19.2319115148554 
1503, 13.3624516025462 
1504, 13.4266756025907 
1505, 14.3959304033045 
1506, 16.422155249036 
1507, 24.4447485393635 
1508, 27.1950549514067 
1509, 26.4054566714965 
1510, 27.9131855240599 
1511, 29.6840939456268 
1512, 30.826259153406 
1513, 33.7809280383585 
1514, 33.8796312024776 
1515, 31.1236289110023 
1516, 29.5435588697629 
1517, 25.2348941912986 
1518, 23.997682514248 
1519, 27.4253498682495 
1520, 27.0456339810036 
1521, 27.0464705907418 
1522, 24.4399827362501 
1523, 19.9228907530861 
1524, 11.4216170253495 
1525, 3.89015615748533 
1526, 3.62378999699017 
1527, 7.1537838367856 
1528, 13.5834523150197 
1529, 19.0259761085815 
1530, 22.3120420962592 
1531, 25.4651635061176 
1532, 22.8385477332189 
1533, 23.5188527875317 
1534, 29.7887021248428 
1535, 31.0860621656711 
1536, 31.3327667951004 
1537, 30.4371806872354 
1538, 27.766994854781 
1539, 24.5774497714431 
1540, 18.2490837159733 
1541, 17.1244514114227 
1542, 15.7701632460913 
1543, 18.6310807859376 
1544, 31.3931989384153 
1545, 32.4441779565633 
1546, 28.1922335548155 
1547, 27.3515918514132 
1548, 20.0043658042642 
1549, 19.2090519206288 
1550, 25.8731971989773 
1551, 29.565842032181 
1552, 31.6876663165492 
1553, 35.7462414118685 
1554, 45.9430793792012 
1555, 46.9752917269805 
1556, 44.0958833327977 
1557, 40.1934925884171 
1558, 23.2995021143158 
1559, 19.3444993802518 
1560, 25.2125285020265 
1561, 26.8950830418682 
1562, 35.1788207706707 
1563, 38.0580186734493 
1564, 35.4915934270506 
1565, 32.4847501258215 
1566, 22.7337538488211 
1567, 21.3147174586928 
1568, 21.6232434786489 
1569, 26.6318709981492 
1570, 35.0530082930418 
1571, 42.88237573854 
1572, 44.7031970411603 
1573, 45.9924940895149 
1574, 54.9331199777304 
1575, 58.7527780511785 
1576, 55.3373499615959 
1577, 50.8886430703908 
1578, 41.0856296084005 
1579, 38.1725152448375 
1580, 39.6950467235968 
1581, 51.9262200344499 
1582, 53.7273075066067 
1583, 52.398398421738 
1584, 55.4844548535943 
1585, 57.2248266159267 
1586, 60.2072297023253 
1587, 68.0078385005857 
1588, 71.3151742875216 
1589, 71.8651014890893 
1590, 72.835277204585 
1591, 75.1236448644076 
1592, 72.422559253366 
1593, 63.1869037528108 
1594, 61.7930713529474 
1595, 60.4299203316843 
1596, 62.5532799763793 
1597, 73.5717611249305 
1598, 75.9752808676956 
1599, 74.9135141305993 
1600, 74.5072675988645 
1601, 69.1856312760045 
1602, 69.7783610509326 
1603, 72.9571375196137 
1604, 76.6925695831568 
1605, 84.6422219505409 
1606, 89.711903885941 
1607, 94.3855027290935 
1608, 98.5844695786445 
1609, 102.524850767578 
1610, 104.099814505053 
1611, 105.990122783125 
1612, 103.937576636001 
1613, 93.7823549910027 
1614, 92.1905523383799 
1615, 93.9370884628379 
1616, 93.8914419702047 
1617, 99.2388268175483 
1618, 100.690009539982 
1619, 96.165586792891 
1620, 94.9769531048287 
1621, 94.0815015590662 
1622, 95.8575076227155 
1623, 100.277715746499 
1624, 104.325495471241 
1625, 112.690175015899 
1626, 116.502605000599 
1627, 117.365500454867 
1628, 117.953071507787 
1629, 115.570397430072 
1630, 114.336203103668 
1631, 113.732767912376 
1632, 112.478830787874 
1633, 110.530449820769 
1634, 109.183624291941 
1635, 105.592745007524 
1636, 105.890033824603 
1637, 110.668524003698 
1638, 112.691011415771 
1639, 117.994951218731 
1640, 119.161335150253 
1641, 114.277249951467 
1642, 112.020038860178 
1643, 108.73549164531 
1644, 106.159153554676 
1645, 105.177670093848 
1646, 104.402032554428 
1647, 100.527671347159 
1648, 101.969303462738 
1649, 111.153403969437 
1650, 115.079448718666 
1651, 118.732003105055 
1652, 123.732679787096 
1653, 124.122619346428 
1654, 117.823855960913 
1655, 118.275224838219 
1656, 120.57282900972 
1657, 122.375532375531 
1658, 126.361733254689 
1659, 126.706101756801 
1660, 125.941458600134 
1661, 123.875511854409 
1662, 119.41440177683 
1663, 116.954299593226 
1664, 113.39317615896 
1665, 113.505096466348 
1666, 116.258978437099 
1667, 116.475980650399 
1668, 117.161897822176 
1669, 119.244883401483 
1670, 119.599524493307 
1671, 123.86440994698 
1672, 133.162856790129 
1673, 136.557092815392 
1674, 138.680971836705 
1675, 140.852806201359 
1676, 138.706271196665 
1677, 143.858647041691 
1678, 153.515474572905 
1679, 158.963951525545 
1680, 169.12140989682 
1681, 168.352517297528 
1682, 160.59972175815 
1683, 154.31031458419 
1684, 140.350337771965 
1685, 136.84826429314 
1686, 136.864648890074 
1687, 138.408198026077 
1688, 146.581021052122 
1689, 149.521530451731 
1690, 151.999731945357 
1691, 151.25571518617 
1692, 146.061523368147 
1693, 147.6936278678 
1694, 151.044775803817 
1695, 152.823705911579 
1696, 158.160663619678 
1697, 160.290633979566 
1698, 159.221168937915 
1699, 158.000822389689 
1700, 155.438236807713 
1701, 158.873830240621 
1702, 163.460303503804 
1703, 166.146454472979 
1704, 174.441825031865 
1705, 176.224420455587 
1706, 169.050410475571 
1707, 172.637548644434 
1708, 182.026961951952 
1709, 185.161595984482 
1710, 191.890078224911 
1711, 190.713434205261 
1712, 180.71019635712 
1713, 179.611435921346 
1714, 179.468327199615 
1715, 181.61612781473 
1716, 181.582694146316 
1717, 180.550172717795 
1718, 178.675772129298 
1719, 177.320096167405 
1720, 177.151960931055 
1721, 174.662760732138 
1722, 173.942205046051 
1723, 176.622321884073 
1724, 182.889257712607 
1725, 184.829860449625 
1726, 183.0702993756 
1727, 186.37913118162 
1728, 186.118427947827 
1729, 186.589861199691 
1730, 192.784422948941 
1731, 191.141112394174 
1732, 185.620270088327 
1733, 179.816905654563 
1734, 172.256234906603 
1735, 169.183632472543 
1736, 166.875880551589 
1737, 171.025347136161 
1738, 182.125657058512 
1739, 189.085688787587 
1740, 191.826038164594 
1741, 187.570845378725 
1742, 178.64460827498 
1743, 169.929060363664 
1744, 164.805593331499 
1745, 166.353571448766 
1746, 170.078967447289 
1747, 169.749817116009 
1748, 174.461923535897 
1749, 180.679416216378 
1750, 178.486478323212 
1751, 181.78417096741 
1752, 183.747387219067 
1753, 181.818147828876 
1754, 183.224662852889 
1755, 183.979230569759 
1756, 182.458750961803 
1757, 180.899860828402 
1758, 182.909525917501 
1759, 180.890043547526 
1760, 177.349016546689 
1761, 175.145085544077 
1762, 173.28974945265 
1763, 183.313712473821 
1764, 185.976833686716 
1765, 186.586075164765 
1766, 185.999657907635 
1767, 177.969118534224 
1768, 175.889322855129 
1769, 179.893588477463 
1770, 179.706820611017 
1771, 177.819100743195 
1772, 176.566577323067 
1773, 172.28100018539 
1774, 169.909274187115 
1775, 171.350439806038 
1776, 171.0350406469 
1777, 169.768241209309 
1778, 169.302234227504 
1779, 170.287151645958 
1780, 169.735540321282 
1781, 166.931270537693 
1782, 164.520187440123 
1783, 160.690696054935 
1784, 156.520067078041 
1785, 156.672788344597 
1786, 152.822582909619 
1787, 143.077737419652 
1788, 140.870753712111 
1789, 139.695246160586 
1790, 137.642130490934 
1791, 142.16870191605 
1792, 138.426608724774 
1793, 126.244430814696 
1794, 119.568825400222 
1795, 115.377168541849 
1796, 109.575406708786 
1797, 104.48349874201 
1798, 100.895534193033 
1799, 90.4333953179354 
1800, 83.4400901100635 
1801, 582.225443482905 
1802, 554.768730814394 
1803, 535.165499606221 
1804, 534.828104221195 
1805, 524.331427289936 
1806, 492.629349584603 
1807, 468.273152693772 
1808, 446.084808099013 
1809, 403.05371727946 
1810, 387.450367058224 
1811, 406.494100299544 
1812, 397.737816780315 
1813, 379.8050061963 
1814, 363.636750534539 
1815, 353.182483895412 
1816, 331.997156824139 
1817, 312.594655769394 
1818, 308.727485303644 
1819, 292.310895739944 
1820, 259.710749030875 
1821, 241.851162419829 
1822, 237.071553833637 
1823, 213.5356764735 
1824, 178.169685910221 
1825, 156.286057721914 
1826, 127.628730545291 
1827, 107.557745232065 
1828, 103.37073731854 
1829, 138.834067778302 
1830, 131.950049358709 
1831, 112.27282480533 
1832, 96.0763054741092 
1833, 70.2038304758699 
1834, 40.9860197967029 
1835, 28.7943493311437 
1836, 42.2880802109111 
1837, 42.1119480501279 
1838, 36.7772650077274 
1839, 45.7015873077112 
1840, 70.2661589549725 
1841, 65.1777934095504 
1842, 49.9846539757333 
1843, 52.4363912946154 
1844, 29.7257512861687 
1845, 33.3421979469534 
1846, 57.0581097032606 
1847, 80.1690334760623 
1848, 84.2576129640246 
1849, 57.9302093667073 
1850, 51.1083404105474 
1851, 37.0042476739992 
1852, 40.2163135675201 
1853, 40.5329628747192 
1854, 44.1914182067579 
1855, 45.5974736351159 
1856, 32.3677729691439 
1857, 22.6137809920581 
1858, 14.6259525137732 
1859, 7.39021053408564 
1860,-1.59197144103198 
1861,-12.4410288405263 
1862,-21.9290217425315 
1863,-7.97823116200013 
1864, 5.73229462749555 
1865,-2.45337285543365 
1866, 0.514110666089884 
1867,-16.1413256050038 
1868,-29.6785799905955 
1869,-12.4414357305393 
1870,-6.6907366102522 
1871,-3.12409315307621 
1872, 6.19110951861512 
1873, 18.7570333277383 
1874, 21.0918891296079 
1875, 19.6170983874223 
1876, 29.0450849745433 
1877, 34.1853195328883 
1878, 27.6851995848132 
1879, 30.4579745354644 
1880, 34.6689121702027 
1881, 43.3352340838659 
1882, 56.5371090805851 
1883, 56.1675305337699 
1884, 39.6032766098067 
1885, 33.3368360460592 
1886, 28.818803381066 
1887, 24.7493508925958 
1888, 37.9746677188304 
1889, 48.7339711063924 
1890, 37.8847179900679 
1891, 26.9829159276117 
1892, 11.2094335941602 
1893,-4.23642444342803 
1894,-21.7344946141389 
1895,-22.1405604755187 
1896,-3.83009477470164 
1897, 21.6335301772364 
1898, 37.0654030012033 
1899, 26.8196748300266 
1900, 23.4519734328039 
1901, 9.22835649735066 
1902, 3.94637123301614 
1903,-1.70674360964817 
1904, 4.09362670445637 
1905, 10.6091737875727 
1906, 11.5630722856997 
1907, 13.01330845592 
1908, 18.8576450163109 
1909, 29.7185309094437 
1910, 28.141401788777 
1911, 21.4427756123206 
1912, 2.80255749190368 
1913,-3.62088507452646 
1914,-14.309684291086 
1915,-15.9459896861486 
1916,-3.03858482471939 
1917, 4.93398982859869 
1918, 12.7735942664387 
1919, 24.5606940656803 
1920, 35.2264810078153 
1921, 40.6273714215421 
1922, 39.0805834473905 
1923, 27.4126334155167 
1924, 28.0913655164359 
1925, 21.0093353164587 
1926, 26.236691704748 
1927, 57.2385653184614 
1928, 69.3403531109936 
1929, 67.6271641765605 
1930, 78.3448076805834 
1931, 69.4242511464253 
1932, 37.683834283616 
1933, 19.3950661874893 
1934,-9.3543410135741 
1935,-24.9875378487637 
1936,-38.2704784623888 
1937,-28.495651394285 
1938,-21.8775865836514 
1939,-13.622800100174 
1940,-12.0426561771821 
1941,-14.7134217737189 
1942,-7.11733179335844 
1943, 11.9232875333863 
1944, 13.4818723745915 
1945, 13.9684720797474 
1946, 11.0245888964235 
1947,-12.2389290474427 
1948,-25.7246834714413 
1949,-37.2795676705977 
1950,-37.8641167987924 
1951,-38.0599661702867 
1952,-39.1733972155984 
1953,-36.5889562745166 
1954,-24.4395108393425 
1955,-17.3376986462325 
1956,-12.0758145877994 
1957,-7.92071726329499 
1958, 0.300839524916779 
1959, 1.10377139673448 
1960,-8.16528727550868 
1961,-5.5707437046544 
1962,-5.73613745383825 
1963,-18.957657814141 
1964,-14.2176780657344 
1965,-3.96551542974953 
1966,-3.90639762662625 
1967, 0.960931090620775 
1968,-2.87763614264606 
1969,-31.5228675216109 
1970,-36.4166072949427 
1971,-29.9246994623698 
1972,-25.639779139256 
1973,-16.2988294141991 
1974, 7.8513503525278 
1975, 20.5636054921795 
1976, 21.5257090958233 
1977, 17.4553749520472 
1978, 21.6395499225972 
1979, 15.9205744879632 
1980, 5.36179297086768 
1981,-7.7906778671743 
1982,-37.0394232963512 
1983,-51.1465766064507 
1984,-70.8627599165609 
1985,-76.5955181896427 
1986,-69.9397759922433 
1987,-45.5336941814237 
1988,-25.7667961724051 
1989, 2.39068561107165 
1990, 12.1860330686842 
1991, 19.631455852309 
1992, 17.2579950567098 
1993,-12.4981039345246 
1994,-18.9942368697395 
1995,-19.6186948542244 
1996,-25.0482422419872 
1997,-34.0064126175583 
1998,-14.5906921699377 
1999,-14.8163355705472 
2000,-20.5942621868502 
2001,-14.4310749747198 
2002,-29.7310438312646 
2003,-33.7711240234191 
2004,-41.1618913008712 
2005,-34.6610112913201 
2006,-11.9445097369515 
2007,-6.41223536776329 
2008,-2.86285723355786 
2009,-1.87434663444397 
2010,-19.6670874426396 
2011,-18.3311745331217 
2012,-17.5452264692486 
2013,-13.9078836953577 
2014,-3.58097315494703 
2015, 13.5947977509731 
2016, 16.2863342559105 
2017, 24.250763584144 
2018, 25.9228866011435 
2019, 5.239204646278 
2020, 6.20325735309996 
2021, 18.0575953419003 
2022, 26.8555243574574 
2023, 45.9637888184737 
2024, 57.3291401013283 
2025, 64.0670870426776 
2026, 73.6878074078283 
2027, 74.6174238921528 
2028, 71.7662682235735 
2029, 65.9534859575629 
2030, 50.6352397009603 
2031, 39.739415926222 
2032, 15.2735993249882 
2033, 12.1941803848116 
2034, 33.7727231861797 
2035, 38.0784703727069 
2036, 50.8525994938666 
2037, 52.6871759899254 
2038, 47.8706877324096 
2039, 12.6219493786638 
2040, 3.721671870435 
2041, 2.52482325849852 
2042,-6.45380786918037 
2043,-16.8559556079191 
2044,-15.8209868383549 
2045,-9.78563323909731 
2046,-12.5488553986813 
2047,-7.28908154266624 
2048,-7.0317866597174 
2049,-27.9428201458715 
2050,-29.8256730368696 
2051,-10.3280027699665 
2052,-5.52191628133763 
2053,-7.41729456907115 
2054,-3.65437357185796 
2055, 0.807119294695469 
2056,-2.50183586658369 
2057, 4.21588493548986 
2058, 28.6149027977314 
2059, 31.3528501144577 
2060, 27.2436844179325 
2061, 18.9943409305389 
2062,-14.8076266701514 
2063,-20.7320703154672 
2064,-11.3425172667398 
2065,-7.95944751292549 
2066, 8.22157973231376 
2067, 23.4735439144839 
2068, 27.6091228068853 
2069, 21.499177140079 
2070, 12.9934713878947 
2071,-2.749986666346 
2072,-10.9514413457468 
2073,-34.1323040021721 
2074,-28.1512008593252 
2075, 0.231639610502008 
2076, 20.2766575749275 
2077, 71.3391268715798 
2078, 84.5166924535858 
2079, 61.2782560556521 
2080, 59.245440045145 
2081, 45.1387591237942 
2082, 43.3285801207051 
2083, 42.2861936230941 
2084, 63.4018069541199 
2085, 62.0817987314665 
2086, 41.8822049824093 
2087, 39.7824029108655 
2088, 43.0287686719545 
2089, 42.5737535176657 
2090, 51.7453294504759 
2091, 51.0122199074796 
2092, 38.8266615584655 
2093, 34.7799461373387 
2094, 25.4473076704393 
2095, 26.5161849545584 
2096, 43.8938050919328 
2097, 49.3534085574917 
2098, 53.9121391293009 
2099, 65.8426222408838 
2100, 61.5990436023989 
2101, 41.0154039405884 
2102, 33.1714257820588 
2103, 16.8405490219614 
2104, 18.3237772848478 
2105, 33.9657953743089 
2106, 43.7481832497389 
2107, 65.3274377109953 
2108, 77.6970206211028 
2109, 87.3326566503404 
2110, 91.9742418460523 
2111, 100.021860099358 
2112, 87.410034083748 
2113, 82.8387590035306 
2114, 68.8703807833321 
2115, 62.9301058231811 
2116, 61.6311752274398 
2117, 55.7983137522098 
2118, 46.4292692719494 
2119, 44.6058122689821 
2120, 44.645993748082 
2121, 43.2696891358175 
2122, 46.3795717362059 
2123, 48.7015293200958 
2124, 37.1319470535255 
2125, 47.1602357533383 
2126, 88.5414248075413 
2127, 101.951523658092 
2128, 118.100734703692 
2129, 120.127724469328 
2130, 115.988303972132 
2131, 82.3476687536595 
2132, 79.078946562047 
2133, 89.1982649383224 
2134, 92.5232833951874 
2135, 103.645916309998 
2136, 102.819368364283 
2137, 92.9296907073105 
2138, 87.5174788091802 
2139, 75.1107409025096 
2140, 72.7048821214331 
2141, 79.9219337811471 
2142, 81.6722115486023 
2143, 87.7188530597763 
2144, 88.6532261631062 
2145, 83.5857096055837 
2146, 79.9339560513823 
2147, 61.4592181344111 
2148, 61.149931929358 
2149, 69.0757548063572 
2150, 84.2712124620274 
2151, 96.9358311171189 
2152, 127.710945078173 
2153, 138.903877345695 
2154, 137.146605790894 
2155, 140.608816265554 
2156, 141.992182511581 
2157, 142.507876328677 
2158, 143.590350529157 
2159, 142.51592016346 
2160, 133.229933339812 
2161, 132.426370105207 
2162, 130.286135284085 
2163, 134.340438754064 
2164, 144.535651128894 
2165, 165.966375208467 
2166, 175.63257680373 
2167, 185.954558598456 
2168, 197.374997493888 
2169, 208.03780077545 
2170, 209.969274510272 
2171, 204.946328358287 
2172, 209.12303968831 
2173, 203.879682679768 
2174, 213.631261607777 
2175, 249.461811508846 
2176, 264.506889393215 
2177, 275.11099828311 
2178, 281.178378016567 
2179, 277.884420368545 
2180, 271.06746530176 
2181, 249.313961593618 
2182, 245.055059547456 
2183, 246.843093013859 
2184, 250.404777690325 
2185, 249.476470448824 
2186, 259.79690813044 
2187, 268.7261320117 
2188, 268.363094514701 
2189, 279.067735596609 
2190, 310.908315920456 
2191, 317.490038838837 
2192, 313.48389829191 
2193, 308.564115324513 
2194, 286.602793749675 
2195, 282.402704700977 
2196, 284.541485187794 
2197, 286.546751963405 
2198, 299.837344714659 
2199, 304.828843434803 
2200, 297.800703719463 
2201, 304.136745763737 
2202, 326.885609671559 
2203, 331.688602624977 
2204, 329.535416362609 
2205, 331.713031724174 
2206, 329.097681602549 
2207, 327.720039837479 
2208, 336.165877962997 
2209, 365.107717787696 
2210, 375.630650331812 
2211, 379.633696855903 
2212, 387.111597137774 
2213, 394.298460168379 
2214, 393.972953127769 
2215, 393.104082901791 
2216, 386.240030062051 
2217, 360.919820237067 
2218, 359.191355980464 
2219, 361.886119519662 
2220, 372.194740440912 
2221, 411.892861784176 
2222, 425.794308170624 
2223, 432.771562792087 
2224, 435.08063236205 
2225, 415.372696262131 
2226, 407.462032686902 
2227, 402.67756612643 
2228, 402.937887078534 
2229, 396.277519650044 
2230, 390.2725447695 
2231, 390.543254221946 
2232, 391.285205574172 
2233, 390.236114282019 
2234, 398.011877019441 
2235, 394.798337399977 
2236, 376.569484846663 
2237, 376.835135859878 
2238, 381.717198849566 
2239, 388.878956555775 
2240, 416.554700734786 
2241, 418.190577322488 
2242, 412.96135898936 
2243, 398.893236813153 
2244, 353.396148649509 
2245, 335.592147280294 
2246, 322.706305701617 
2247, 317.769944265965 
2248, 330.643969391222 
2249, 342.403687966229 
2250, 362.791784163232 
2251, 373.215248476577 
2252, 375.936147153075 
2253, 391.613403741962 
2254, 406.628547468079 
2255, 410.707349329624 
2256, 417.92519304594 
2257, 414.994973489613 
2258, 413.667758157254 
2259, 403.257211256691 
2260, 395.006386067088 
2261, 389.375293581618 
2262, 379.180680592757 
2263, 357.675568301156 
2264, 349.035897342477 
2265, 353.592720453933 
2266, 344.579366135473 
2267, 329.95627101181 
2268, 317.846763600954 
2269, 294.904729183795 
2270, 284.353203715048 
2271, 285.431616536553 
2272, 283.708713701512 
2273, 288.85355749317 
2274, 286.557979557699 
2275, 284.345916538143 
2276, 275.705077538251 
2277, 249.237010723091 
2278, 237.787892540897 
2279, 228.474986646841 
2280, 223.342394217175 
2281, 224.444741603358 
2282, 242.11434234527 
2283, 243.304815542256 
2284, 244.202813323309 
2285, 254.279549946032 
2286, 256.805230527065 
2287, 251.253811945927 
2288, 262.383297671522 
2289, 260.045252411333 
2290, 249.03009782539 
2291, 237.914978704178 
2292, 220.342606848688 
2293, 209.415182103984 
2294, 197.00229037341 
2295, 190.835456377957 
2296, 195.953712320386 
2297, 192.960623368118 
2298, 185.52094605318 
2299, 181.582039658389 
2300, 184.178575370012 
2301, 170.83977839214 
2302, 145.584151976637 
2303, 132.880691059527 
2304, 113.332479141536 
2305, 99.1294585938615 
2306, 101.576138384245 
2307, 97.180165228883 
2308, 78.4627294121365 
2309, 74.1056184162183 
2310, 78.6418720546145 
2311, 84.1100973829149 
2312, 103.596127167948 
2313, 111.531407691251 
2314, 126.862343159591 
2315, 120.355529580368 
2316, 85.4010534198533 
2317, 70.1806029343794 
2318, 54.8909041932899 
2319, 26.937367305628 
2320, 3.85776725776807 
2321,-5.61867756207561E-02 
2322, 6.52547837672096 
2323, 12.6954602127756 
2324, 39.885841198003 
2325, 55.3480690828201 
2326, 51.7541724294204 
2327, 51.9193050631023 
2328, 54.9097540898873 
2329, 60.2444985497163 
2330, 60.3009896406901 
2331, 58.0322903815529 
2332, 60.7404993604272 
2333, 57.3652281700197 
2334, 61.7897184428976 
2335, 84.5660154912037 
2336, 87.1421163003951 
2337, 84.1040309833738 
2338, 74.0344395945862 
2339, 37.3109050126695 
2340, 34.1908028811594 
2341, 44.4649318300437 
2342, 50.7207782278759 
2343, 86.7274312669255 
2344, 90.3748684359133 
2345, 62.6348610701018 
2346, 60.547577106011 
2347, 61.0814347440884 
2348, 57.0622028877011 
2349, 64.6580162095391 
2350, 66.6951758642562 
2351, 57.0742457031414 
2352, 53.9694754463182 
2353, 61.1591353177561 
2354, 59.9215958817674 
2355, 52.5850240998898 
2356, 46.8618664395081 
2357, 34.6441863923933 
2358, 27.6744297868261 
2359, 22.7602604580533 
2360, 19.547930895964 
2361, 29.3745716516958 
2362, 27.4074333088503 
2363, 14.4915579602163 
2364, 9.71006509226599 
2365, 12.7217967771526 
2366, 0.566065820763784 
2367, 0.758768222767717 
2368, 13.1998767753832 
2369, 3.00150688258764 
2370,-7.50197844171691 
2371,-6.59376764036135 
2372,-11.2141336820539 
2373,-4.31748597479825 
2374,-1.82033004206004 
2375, 7.53524379289226 
2376, 40.9723521051999 
2377, 59.522045602795 
2378, 72.1955872531527 
2379, 71.2640142449602 
2380, 32.3615036561732 
2381, 17.6319522871048 
2382, 19.404969999571 
2383, 3.63214833715455 
2384, 10.8585348575697 
2385, 8.36417708391309 
2386, 6.04000957957432 
2387, 24.8357646396081 
2388, 39.0624929962719 
2389, 56.1986733830016 
2390, 73.2019412612147 
2391, 74.1784562059468 
2392, 54.7660813439059 
2393, 41.9687878883036 
2394, 21.6691501102647 
2395,-0.371710493893212 
2396, 11.7583027875217 
2397, 20.3483043095885 
2398, 9.39530413984177 
2399, 7.5985679245761 
2400, 2.8169304854309 
2401,-8.88804024960741 
2402,-7.70117312425966 
2403,-8.49526291261192 
2404,-3.52195233148684 
2405, 10.1410925911602 
2406, 32.5481401409462 
2407, 38.3205888790116 
2408, 53.4990853684666 
2409, 43.737535480372 
2410, 3.94813293744436 
2411,-5.66908807251787 
2412,-13.9120831225807 
2413,-4.18401350066414 
2414, 30.7901161259075 
2415, 41.8991296126445 
2416, 49.6289780938415 
2417, 51.4164944969129 
2418, 38.8846937169398 
2419, 37.9777094494093 
2420, 43.8402022824478 
2421, 44.8412864055065 
2422, 51.5854209581327 
2423, 42.8786562664833 
2424, 23.2807285135712 
2425, 5.79586922871574 
2426,-26.4457730151801 
2427,-39.07381054892 
2428,-46.002054026606 
2429,-34.6518324875107 
2430, 0.284132950656034 
2431, 13.5156763444254 
2432, 33.1478476568137 
2433, 30.5950362751881 
2434, 2.76005524153375 
2435,-9.62426768083884 
2436,-23.3663413307386 
2437,-29.9346938446296 
2438,-27.8092893281643 
2439,-34.2372410668509 
2440,-46.9799121121844 
2441,-43.6313027583653 
2442,-34.9100395624567 
2443,-27.2675555634339 
2444,-11.8503145425272 
2445,-7.00306969349126 
2446, 1.41637727571799 
2447, 9.60603929993309 
2448, 29.7141594734111 
2449, 42.8909522337021 
2450, 44.404894298241 
2451, 43.7445746098789 
2452, 48.8447994564043 
2453, 56.2245092789681 
2454, 67.2606926998855 
2455, 64.7209240176531 
2456, 55.7422355231466 
2457, 50.0584347571827 
2458, 31.2973842992777 
2459, 31.96599437365 
2460, 54.0577694597238 
2461, 60.338411842645 
2462, 52.9405457141841 
2463, 32.6771962011631 
2464,-3.06122515222094 
2465,-17.553845231284 
2466,-19.3786090966103 
2467,-4.04129484589824 
2468, 18.9491850131739 
2469, 9.50594846446864 
2470, 14.9633683780671 
2471, 4.47166823856007 
2472,-22.9709912843838 
2473,-16.8553526616772 
2474,-17.7105126304203 
2475,-1.24810296383937 
2476, 23.2651734675235 
2477, 32.4137089621831 
2478, 38.0660613137827 
2479, 28.575153909926 
2480, 25.4994871257582 
2481, 8.2782712339862 
2482,-13.6011717622743 
2483,-18.9181977514827 
2484,-21.4701187010772 
2485,-9.242276535771 
2486, 19.2121103798673 
2487, 53.0635162867909 
2488, 69.4188678577265 
2489, 68.6261744603796 
2490, 61.1505300098864 
2491, 46.5433945018122 
2492, 28.6498535244191 
2493, 22.2402206382879 
2494, 24.9642632212481 
2495, 21.1502552733946 
2496, 22.5852779338498 
2497, 40.7143953025869 
2498, 45.0944321023184 
2499, 47.2990586999035 
2500, 40.3140093009011 
