Wavelength,0212202100141.asd
350, 2813.00586552235 
351, 2960.0159129477 
352, 3096.81236470409 
353, 3214.33929990574 
354, 3328.16819498787 
355, 3446.41309712974 
356, 3571.79866186984 
357, 3698.14719230148 
358, 3827.17436920538 
359, 3964.15774014813 
360, 4118.0278520794 
361, 4305.14820468757 
362, 4519.54540697861 
363, 4750.59778494386 
364, 4985.75885856488 
365, 5226.65884238197 
366, 5456.64551408004 
367, 5656.61325451694 
368, 5809.83114803831 
369, 5903.48707791964 
370, 5939.24483236658 
371, 5931.38581317594 
372, 5908.75469258073 
373, 5902.54890168401 
374, 5916.94670501571 
375, 5936.3129036984 
376, 5953.92614975326 
377, 5966.03667729159 
378, 5959.49083609269 
379, 5908.70570326033 
380, 5839.13760681148 
381, 5761.4640025072 
382, 5677.01902561802 
383, 5569.36076062603 
384, 5460.80694166377 
385, 5387.04877460763 
386, 5389.22582135663 
387, 5502.57994229246 
388, 5664.59880096117 
389, 5806.80228505217 
390, 5871.60253944999 
391, 5938.95770206337 
392, 6006.02107340643 
393, 6062.4738181209 
394, 6108.25989003581 
395, 6236.03790959445 
396, 6488.14638074531 
397, 6880.45726519822 
398, 7426.44696837447 
399, 8047.82218039047 
400, 8687.04966897459 
401, 9311.04714456726 
402, 9902.18691970514 
403, 10389.9306105731 
404, 10744.1890485032 
405, 11018.0922171877 
406, 11237.1546904338 
407, 11432.7995001474 
408, 11643.5636994966 
409, 11933.1809472101 
410, 12282.0880555584 
411, 12668.3749335549 
412, 13070.0716647391 
413, 13468.0072310731 
414, 13861.4508280759 
415, 14241.3700237019 
416, 14577.7796019651 
417, 14894.7677622186 
418, 15218.8204560717 
419, 15559.2732919996 
420, 15854.6799621371 
421, 16152.5442852859 
422, 16477.951102484 
423, 16829.8817925512 
424, 17153.5569356261 
425, 17409.7860359715 
426, 17564.0442325516 
427, 17580.664913637 
428, 17518.5941614812 
429, 17534.5137229003 
430, 17755.3280400112 
431, 18076.5176425098 
432, 18501.0114835637 
433, 19124.1044771259 
434, 20066.6472482663 
435, 21063.0442961501 
436, 21826.6590188078 
437, 22300.1341097991 
438, 22800.5002355166 
439, 23315.2111834434 
440, 23801.7858148411 
441, 24243.2616505866 
442, 24812.2478966382 
443, 25411.4052083688 
444, 25961.6447115836 
445, 26411.3872404449 
446, 26775.2826799548 
447, 27102.7892144707 
448, 27449.3353170923 
449, 27880.1541394724 
450, 28243.8248130902 
451, 28441.0608606406 
452, 28436.257299297 
453, 28368.5375996539 
454, 28214.6349085 
455, 28018.0299344342 
456, 27882.660021231 
457, 27854.7372570499 
458, 27866.7492521447 
459, 27849.8632156298 
460, 27781.5966981432 
461, 27675.9242059372 
462, 27560.6829355248 
463, 27451.1635570811 
464, 27270.4410734568 
465, 26992.7013430322 
466, 26652.6135924105 
467, 26340.9131733676 
468, 26075.6848421348 
469, 25877.9852472401 
470, 25758.4530252349 
471, 25717.2167145757 
472, 25693.8005670225 
473, 25691.2099699708 
474, 25730.0206149152 
475, 25726.2729363286 
476, 25702.6244416029 
477, 25688.403206249 
478, 25707.8683266217 
479, 25796.056831845 
480, 25916.6659605661 
481, 26004.5532623419 
482, 25987.8357863513 
483, 25798.836801688 
484, 25396.8195742706 
485, 24794.1205177978 
486, 24210.9811331981 
487, 23798.8051392909 
488, 23680.2261874018 
489, 23964.2311659612 
490, 24411.8503398196 
491, 24780.0824453866 
492, 24912.4701794135 
493, 24964.6335884639 
494, 25040.8470868977 
495, 25186.859628083 
496, 25382.9672637814 
497, 25448.7145353655 
498, 25383.1836554273 
499, 25226.181378756 
500, 25014.8388512333 
501, 24854.1793028596 
502, 24790.7917453876 
503, 24846.9197084068 
504, 25081.6629675465 
505, 25406.6656311732 
506, 25736.2359118898 
507, 26002.4216843919 
508, 26204.1244800028 
509, 26363.7919972047 
510, 26516.1388468346 
511, 26717.6371003114 
512, 26858.1984556177 
513, 26887.1794712859 
514, 26792.6744602674 
515, 26576.2014181886 
516, 26282.8932751199 
517, 25995.2432400213 
518, 25831.4950930254 
519, 26051.8351373117 
520, 26682.8589199436 
521, 27576.3058835448 
522, 28318.7702429549 
523, 28873.6062566862 
524, 29264.5008792034 
525, 29554.8742971418 
526, 29682.9939423654 
527, 29735.890388596 
528, 29892.7833371784 
529, 30495.3354544318 
530, 31279.1000800465 
531, 31940.005271634 
532, 32229.955573322 
533, 32326.7645539334 
534, 32475.938156488 
535, 32806.5118787252 
536, 33302.5832796115 
537, 33662.7261662038 
538, 33832.7312374576 
539, 33857.5012670243 
540, 33845.9463328823 
541, 33877.5010883184 
542, 34055.1813756227 
543, 34456.6943117585 
544, 34915.8944188392 
545, 35315.4767737509 
546, 35594.1634566931 
547, 35761.5903157483 
548, 35870.975616408 
549, 35996.1208645676 
550, 36186.2309264782 
551, 36381.5583393682 
552, 36535.0935122175 
553, 36649.3772772923 
554, 36765.2486360611 
555, 36856.8721112207 
556, 36829.0221046191 
557, 36628.4494263354 
558, 36294.2591811042 
559, 36006.9542017142 
560, 35876.075761048 
561, 35942.6939604647 
562, 36109.9591520346 
563, 36208.7405651973 
564, 36156.0287199977 
565, 35978.8429887663 
566, 35728.3337611834 
567, 35473.5050749413 
568, 35256.2191683241 
569, 35035.891909089 
570, 34751.3211113238 
571, 34482.1823259949 
572, 34383.3425993445 
573, 34417.5478957196 
574, 34412.6904721939 
575, 34259.1081529161 
576, 33972.9530068194 
577, 33709.5873899444 
578, 33573.8338526484 
579, 33622.7760779746 
580, 33809.0332159324 
581, 34127.7993139872 
582, 34512.3462975195 
583, 34839.42911605 
584, 35048.2006239613 
585, 35049.381055809 
586, 34831.0196903879 
587, 34556.1574173681 
588, 34211.2711515112 
589, 33742.5464499243 
590, 33154.8156029103 
591, 32948.5368404699 
592, 33109.8270910469 
593, 33404.0650871537 
594, 33392.3307373207 
595, 33227.3353459941 
596, 32994.3063775673 
597, 32751.328157005 
598, 32489.5804206792 
599, 32163.8961528141 
600, 31803.1242857659 
601, 31487.4448426512 
602, 31244.9330260463 
603, 31117.1118196396 
604, 31101.8460267415 
605, 31133.9471190649 
606, 31070.66969283 
607, 30901.7444404603 
608, 30679.9284080003 
609, 30467.4134819504 
610, 30266.3637399161 
611, 30083.8719928762 
612, 29931.5423361645 
613, 29768.2211032199 
614, 29576.0830089776 
615, 29367.2206976234 
616, 29205.643229699 
617, 29107.5667671069 
618, 29113.8631770271 
619, 29246.6382874042 
620, 29383.8098305279 
621, 29402.7609079 
622, 29263.0170063999 
623, 29024.557781783 
624, 28751.5078516534 
625, 28490.9817088305 
626, 28267.3786939647 
627, 28064.4688998726 
628, 27864.4534173798 
629, 27676.4156872098 
630, 27537.156109973 
631, 27556.0845945864 
632, 27665.8810250587 
633, 27800.4965585738 
634, 27939.8804122093 
635, 28049.5829994636 
636, 28128.1957839088 
637, 28183.4246130944 
638, 28207.9095681578 
639, 28170.5604240768 
640, 28051.0103084575 
641, 27849.6697550816 
642, 27692.9726895671 
643, 27601.5593408166 
644, 27544.403120888 
645, 27432.8987848013 
646, 27256.8537611987 
647, 27034.5012753602 
648, 26805.8945717088 
649, 26621.6744237429 
650, 26484.9016752245 
651, 26419.314360507 
652, 26462.042609563 
653, 26408.5423355427 
654, 26119.5926835778 
655, 25572.3805039857 
656, 24933.0601802403 
657, 24474.9578201059 
658, 24488.7185411828 
659, 25121.5081664822 
660, 25763.3678801541 
661, 26133.7763036506 
662, 26213.4923925331 
663, 26252.9810834455 
664, 26232.0977141455 
665, 26194.883731615 
666, 26179.4226821183 
667, 26187.6421410909 
668, 26182.5433200864 
669, 26162.6630436644 
670, 26142.6448880774 
671, 26091.0386208063 
672, 26030.2802329414 
673, 25992.5523383179 
674, 26014.4147216546 
675, 26050.9361013363 
676, 26079.036534059 
677, 26091.1057524414 
678, 26109.409813748 
679, 26118.3304972807 
680, 26116.4711876261 
681, 26109.6153177272 
682, 26094.9991182303 
683, 26036.7144147273 
684, 25819.7812186465 
685, 25228.5603372072 
686, 24178.0147705947 
687, 22763.1275079855 
688, 21331.3433050444 
689, 20745.7000619788 
690, 21191.9312583609 
691, 22270.5805877484 
692, 23236.8148499741 
693, 24078.9763394639 
694, 24685.3260611201 
695, 25050.7256411731 
696, 25314.7899005491 
697, 25550.5734952036 
698, 25713.9918762847 
699, 25749.2322538522 
700, 25690.7755038273 
701, 25632.2919700251 
702, 25640.8091619073 
703, 25756.0130497257 
704, 25981.7345482536 
705, 26241.7370414532 
706, 26463.5970788274 
707, 26596.612788399 
708, 26706.7414883768 
709, 26806.677386609 
710, 26895.0590059849 
711, 26976.1064849402 
712, 27033.2069965922 
713, 27053.3588160473 
714, 27016.8023205215 
715, 26864.350153829 
716, 26478.8748324536 
717, 25809.1176016313 
718, 24896.7399660025 
719, 24142.9531142992 
720, 23870.4629574975 
721, 24198.3842599494 
722, 24874.5575240181 
723, 25340.958437327 
724, 25405.0086129994 
725, 25169.8596935684 
726, 25108.5538344564 
727, 25182.5459587717 
728, 25301.6508437264 
729, 25380.688163832 
730, 25564.3250679835 
731, 25890.319372772 
732, 26339.1168191904 
733, 26834.0233241556 
734, 27265.7328871974 
735, 27546.7373174253 
736, 27636.9337723041 
737, 27622.2674573097 
738, 27593.5453350089 
739, 27572.1346421012 
740, 27524.0573547533 
741, 27519.7085963129 
742, 27569.7753888644 
743, 27665.6909311988 
744, 27788.2996375845 
745, 27875.7316038903 
746, 27918.2619243832 
747, 27924.2674718816 
748, 27895.915498665 
749, 27813.8425718869 
750, 27698.0425737617 
751, 27595.2079431746 
752, 27547.501383679 
753, 27538.6564166495 
754, 27541.5740569251 
755, 27523.4282970492 
756, 27397.351050836 
757, 26829.0278078053 
758, 25282.7891068755 
759, 21841.7492695254 
760, 16785.7962113215 
761, 11836.1736498777 
762, 9068.30065613058 
763, 9063.77186009408 
764, 10540.9019077445 
765, 12844.6027758374 
766, 15892.3001640131 
767, 19219.0917008577 
768, 22109.0119896784 
769, 24122.1134058681 
770, 25258.2375110671 
771, 25823.6500011578 
772, 26052.8552975514 
773, 26124.0358416973 
774, 26124.7389114777 
775, 26073.0620887441 
776, 26002.9117673241 
777, 25938.3862879778 
778, 25840.4743191356 
779, 25723.5275136793 
780, 25607.7542025343 
781, 25511.3073516306 
782, 25409.177548978 
783, 25285.2808527423 
784, 25139.8761716219 
785, 24994.9986538657 
786, 24849.132625049 
787, 24675.0985701755 
788, 24451.6024039413 
789, 24190.2000273101 
790, 23914.6978856765 
791, 23636.3132304797 
792, 23362.1087696989 
793, 23105.6307925933 
794, 22897.8637555753 
795, 22759.2645510833 
796, 22691.9739674788 
797, 22640.7170981409 
798, 22553.990122293 
799, 22404.6275536699 
800, 22197.0872146916 
801, 21967.4419368132 
802, 21754.548205454 
803, 21575.4433368559 
804, 21400.5231855266 
805, 21255.6771892752 
806, 21123.3670435848 
807, 20970.0086641925 
808, 20765.93521396 
809, 20514.5091202582 
810, 20230.7788300852 
811, 19925.7090588589 
812, 19555.5135909337 
813, 19067.9923420056 
814, 18458.3368854072 
815, 17777.1328828766 
816, 17148.0005973636 
817, 16664.3321236526 
818, 16380.7354672397 
819, 16305.3094660002 
820, 16300.3103647924 
821, 16256.8292160698 
822, 16129.4228753428 
823, 15979.3308009317 
824, 15881.5171666653 
825, 15902.7556215065 
826, 16026.7564249159 
827, 16002.3841786502 
828, 15827.8148296657 
829, 15587.4735732105 
830, 15400.1782188745 
831, 15285.2893576026 
832, 15206.0909981578 
833, 15144.5104247967 
834, 15103.2410046587 
835, 15090.3657398404 
836, 15089.2500989578 
837, 15072.5107754362 
838, 15007.6901018929 
839, 14905.0132752443 
840, 14779.0390164911 
841, 14640.5142568643 
842, 14490.8355151867 
843, 14333.9703530171 
844, 14180.2376897319 
845, 14035.0819392431 
846, 13893.3401280574 
847, 13713.2836063384 
848, 13492.6469939569 
849, 13247.0986399295 
850, 12998.640539922 
851, 12709.3150120833 
852, 12410.6532316828 
853, 12161.599146531 
854, 11977.787331578 
855, 11831.7998638259 
856, 11767.5136108842 
857, 11847.7712995511 
858, 11972.1506023883 
859, 12005.9950974138 
860, 11925.5692286537 
861, 11805.8108957521 
862, 11660.5096304024 
863, 11468.5767981805 
864, 11231.5893174066 
865, 10983.0998797472 
866, 10751.2266601247 
867, 10557.0437376599 
868, 10431.5760563735 
869, 10417.8218763978 
870, 10450.5973360573 
871, 10448.1165917733 
872, 10370.9700744307 
873, 10258.3279113362 
874, 10134.5162202675 
875, 10009.8879643026 
876, 9887.3271160899 
877, 9765.54347213319 
878, 9648.83719933432 
879, 9534.82755361182 
880, 9419.29417939362 
881, 9298.6782943897 
882, 9180.79295711136 
883, 9070.55734653878 
884, 8967.74336669794 
885, 8861.33183146341 
886, 8747.27149500258 
887, 8627.56644219559 
888, 8507.16582908724 
889, 8390.10420907535 
890, 8273.74974236282 
891, 8142.964229625 
892, 7979.08321483377 
893, 7775.43791817948 
894, 7537.90015104338 
895, 7273.99539795462 
896, 6994.01931343427 
897, 6713.33771580671 
898, 6448.65409684638 
899, 6229.47249216503 
900, 6084.11333242242 
901, 6002.96485758634 
902, 5970.51565730544 
903, 5962.82905764195 
904, 5952.59210574302 
905, 5922.94008700347 
906, 5859.24031028488 
907, 5750.40954001379 
908, 5596.19706498942 
909, 5430.96661645647 
910, 5291.85778921956 
911, 5192.50971027086 
912, 5124.43411236443 
913, 5068.28970745516 
914, 5013.32863200568 
915, 4958.21027262718 
916, 4909.54760529684 
917, 4878.68713726526 
918, 4857.58285213536 
919, 4838.52130436431 
920, 4816.27551171952 
921, 4790.73770660019 
922, 4754.24387105624 
923, 4694.90063496603 
924, 4601.81225845904 
925, 4481.5897097016 
926, 4336.19846478615 
927, 4160.87463301294 
928, 3947.89548562997 
929, 3697.38312273869 
930, 3415.97166832188 
931, 3119.05797983994 
932, 2829.25540376736 
933, 2573.10022728418 
934, 2372.20161932925 
935, 2238.39272485126 
936, 2171.81707101509 
937, 2157.54658650615 
938, 2178.00389278666 
939, 2211.35945423907 
940, 2239.49599494817 
941, 2264.29300564692 
942, 2274.58286696016 
943, 2257.50325918175 
944, 2208.85098520998 
945, 2149.00586405836 
946, 2100.48608628388 
947, 2072.22198882907 
948, 2062.260541802 
949, 2060.20274638802 
950, 2057.61840722186 
951, 2054.07597580361 
952, 2050.28634724541 
953, 2041.4375121829 
954, 2033.04733501688 
955, 2026.30550241319 
956, 2021.68784900198 
957, 2020.65098234826 
958, 2021.41299739853 
959, 2023.17912685979 
960, 2026.81143358972 
961, 2034.84528063567 
962, 2042.73886672736 
963, 2054.35930491134 
964, 2069.68725309674 
965, 2082.7422466898 
966, 2093.98719721754 
967, 2099.40370625799 
968, 2098.83329055801 
969, 2095.47849290984 
970, 2087.42719707896 
971, 2073.84957384219 
972, 2052.76887584095 
973, 2022.46736130433 
974, 1984.90038672481 
975, 1946.55058791646 
976, 1910.83680751295 
977, 1879.22385646396 
978, 1853.36609022535 
979, 1834.83733313217 
980, 1820.28663213905 
981, 1805.40506997054 
982, 1788.47672156832 
983, 1772.434143115 
984, 1754.18799066645 
985, 1732.46821391468 
986, 1710.98348402958 
987, 1685.88305017114 
988, 1658.74335079683 
989, 1629.94230666817 
990, 1598.30110944023 
991, 1569.16905169772 
992, 1539.56838180154 
993, 1508.27941885231 
994, 1476.4356211502 
995, 1446.33774392627 
996, 1414.89709826001 
997, 1382.50344193401 
998, 1350.61335019376 
999, 1318.10418932947 
1000, 1288.13376563494 
1001, 8187.90964080329 
1002, 8180.7076703876 
1003, 8179.48859494577 
1004, 8181.68298213733 
1005, 8183.62295812198 
1006, 8196.7016195199 
1007, 8222.07849877159 
1008, 8262.20930043631 
1009, 8305.00732695481 
1010, 8361.40573142549 
1011, 8413.3530049496 
1012, 8469.07126163089 
1013, 8522.06918934666 
1014, 8574.41896117644 
1015, 8628.69845535178 
1016, 8680.44762124704 
1017, 8724.89324810373 
1018, 8770.10644866196 
1019, 8819.77842613379 
1020, 8874.11876967403 
1021, 8935.34991680766 
1022, 8993.43482389393 
1023, 9053.46267201353 
1024, 9115.17152487287 
1025, 9176.39120496436 
1026, 9231.1859102849 
1027, 9292.59407319305 
1028, 9345.48728447322 
1029, 9387.97654235535 
1030, 9442.72088246259 
1031, 9489.31297294657 
1032, 9527.35565344488 
1033, 9572.56576705181 
1034, 9606.85736204422 
1035, 9639.50078195506 
1036, 9668.1833356874 
1037, 9703.00713197815 
1038, 9728.05120736219 
1039, 9752.88143811011 
1040, 9779.21955162415 
1041, 9800.29404142958 
1042, 9820.38814416393 
1043, 9836.56389937958 
1044, 9847.90167230229 
1045, 9851.31178046189 
1046, 9858.06108764162 
1047, 9869.4621149214 
1048, 9882.8795593924 
1049, 9891.9931557353 
1050, 9907.05202220124 
1051, 9921.18906430356 
1052, 9927.19061782726 
1053, 9935.63205804145 
1054, 9951.00926185954 
1055, 9970.35579774251 
1056, 9988.99170002395 
1057, 10013.6451021234 
1058, 10040.0334983893 
1059, 10066.6192127239 
1060, 10103.6383239973 
1061, 10147.8855408769 
1062, 10197.279305386 
1063, 10252.2620810633 
1064, 10317.4729531004 
1065, 10391.0316574595 
1066, 10469.8282122328 
1067, 10555.3871787283 
1068, 10653.0103593835 
1069, 10758.8857617785 
1070, 10867.6407092551 
1071, 10990.7410310255 
1072, 11116.8831934292 
1073, 11241.7186627534 
1074, 11376.703412768 
1075, 11497.8668130087 
1076, 11616.7047373313 
1077, 11726.639842343 
1078, 11820.129320824 
1079, 11901.7917437853 
1080, 11977.3138717979 
1081, 12043.8922892527 
1082, 12108.8180537892 
1083, 12169.6696607804 
1084, 12229.9478756735 
1085, 12289.7665120368 
1086, 12340.6269240065 
1087, 12390.1222333536 
1088, 12428.0325753221 
1089, 12459.4061204089 
1090, 12476.606985635 
1091, 12483.1133404302 
1092, 12482.7389202555 
1093, 12464.1217767883 
1094, 12435.6350322026 
1095, 12396.8799724078 
1096, 12350.5148041374 
1097, 12311.6742411145 
1098, 12274.220339067 
1099, 12236.0303102541 
1100, 12205.7870821846 
1101, 12165.8770006309 
1102, 12122.8924337984 
1103, 12072.044492758 
1104, 12025.1353061763 
1105, 11957.8026704128 
1106, 11879.9096715233 
1107, 11770.7675431591 
1108, 11612.637933771 
1109, 11407.5924161792 
1110, 11121.1504619192 
1111, 10775.6298243103 
1112, 10372.8545788047 
1113, 9880.41517742319 
1114, 9395.1767445794 
1115, 8831.37091347362 
1116, 8323.1124042878 
1117, 7774.22001097803 
1118, 7311.85764606072 
1119, 6886.08276589893 
1120, 6504.89754925685 
1121, 6193.145126176 
1122, 5933.1809617002 
1123, 5749.61952423703 
1124, 5625.58273017723 
1125, 5565.90664582085 
1126, 5600.55429812944 
1127, 5636.72685410265 
1128, 5732.87350837576 
1129, 5827.36345188798 
1130, 5952.95106650242 
1131, 6079.84926293987 
1132, 6209.41835875778 
1133, 6368.3957867213 
1134, 6541.37535843574 
1135, 6730.09307704567 
1136, 6986.14654288965 
1137, 7245.78535065495 
1138, 7505.82719768579 
1139, 7748.7504874977 
1140, 7908.08583172059 
1141, 8026.24431207179 
1142, 8076.72246470173 
1143, 8025.28217737947 
1144, 8005.42781030013 
1145, 7873.53905911332 
1146, 7874.7971918787 
1147, 7889.58967347991 
1148, 7997.38022457858 
1149, 8198.13426891784 
1150, 8445.8243022335 
1151, 8765.54257149081 
1152, 9124.86057831231 
1153, 9503.16941394337 
1154, 9940.09252363432 
1155, 10362.9846492774 
1156, 10818.159385092 
1157, 11241.2349705009 
1158, 11672.3934509645 
1159, 12076.5890648651 
1160, 12469.7000773283 
1161, 12835.3098134519 
1162, 13190.7451953192 
1163, 13513.1013789264 
1164, 13809.1294005708 
1165, 14073.242111341 
1166, 14307.243030643 
1167, 14516.130888406 
1168, 14694.4627703407 
1169, 14840.649523811 
1170, 14960.8115165138 
1171, 15050.7834981146 
1172, 15120.2678109404 
1173, 15152.2723651189 
1174, 15182.3146037485 
1175, 15190.6043119617 
1176, 15195.1188695105 
1177, 15187.4744025122 
1178, 15174.6492565882 
1179, 15142.4652351015 
1180, 15121.205547362 
1181, 15094.0818457085 
1182, 15073.2538183232 
1183, 15067.869817192 
1184, 15065.3689552374 
1185, 15091.9117887843 
1186, 15131.0884147097 
1187, 15195.3446978787 
1188, 15295.9742750822 
1189, 15387.9935123627 
1190, 15513.948262914 
1191, 15604.6426176384 
1192, 15702.0966559419 
1193, 15760.9410872419 
1194, 15798.7160291164 
1195, 15808.1659674762 
1196, 15780.3462033558 
1197, 15737.546201418 
1198, 15685.8558406221 
1199, 15595.615682216 
1200, 15546.6076994937 
1201, 15491.8594095212 
1202, 15471.1317891965 
1203, 15473.0182687583 
1204, 15489.7481031721 
1205, 15527.2727920678 
1206, 15576.3573387762 
1207, 15649.6958095032 
1208, 15722.0804625058 
1209, 15811.3451810051 
1210, 15895.4929905504 
1211, 15982.0221121248 
1212, 16068.6393143461 
1213, 16155.6340757859 
1214, 16248.9902335491 
1215, 16322.3168033542 
1216, 16395.2779862395 
1217, 16447.6853575331 
1218, 16480.2001880179 
1219, 16510.9424694101 
1220, 16525.7703603843 
1221, 16547.0578334748 
1222, 16558.906504078 
1223, 16580.3145240855 
1224, 16608.923556029 
1225, 16634.0867438497 
1226, 16657.8746503251 
1227, 16686.9965623254 
1228, 16724.8558248465 
1229, 16752.3385095093 
1230, 16777.0137182152 
1231, 16806.8241350186 
1232, 16821.9308696033 
1233, 16827.0011299674 
1234, 16824.5056688936 
1235, 16819.0275073927 
1236, 16798.5222456528 
1237, 16762.4459115477 
1238, 16724.1436064639 
1239, 16674.428929657 
1240, 16624.2060218564 
1241, 16566.3300742549 
1242, 16510.6965636347 
1243, 16454.1651089478 
1244, 16394.963018186 
1245, 16337.3595214764 
1246, 16276.9924192759 
1247, 16204.7425702237 
1248, 16128.9764957738 
1249, 16038.9958316141 
1250, 15939.9021154995 
1251, 15827.6412138813 
1252, 15712.2608019843 
1253, 15566.5678433882 
1254, 15405.2410202368 
1255, 15220.5400466065 
1256, 15015.5415795192 
1257, 14783.1146536499 
1258, 14525.6671047252 
1259, 14250.067125225 
1260, 13923.0032006337 
1261, 13618.6003444643 
1262, 13296.6432836425 
1263, 12986.1535619326 
1264, 12727.2755509399 
1265, 12473.6973681453 
1266, 12309.1426622718 
1267, 12180.1614641297 
1268, 12150.0272858804 
1269, 12194.5228406498 
1270, 12305.7726420932 
1271, 12530.8931515404 
1272, 12743.8079401968 
1273, 13039.3413874439 
1274, 13287.8861625634 
1275, 13561.4964202778 
1276, 13784.9630361194 
1277, 13986.2317671607 
1278, 14160.4969431282 
1279, 14297.4082145368 
1280, 14413.9104081084 
1281, 14528.1843552067 
1282, 14631.7433591199 
1283, 14737.8707377863 
1284, 14843.4191850781 
1285, 14941.476490072 
1286, 15035.9444319582 
1287, 15122.8548510426 
1288, 15212.3305318715 
1289, 15275.6944643928 
1290, 15324.8654013035 
1291, 15363.1691885827 
1292, 15381.9235450025 
1293, 15393.2354270886 
1294, 15396.49737263 
1295, 15388.3633702884 
1296, 15363.7878563541 
1297, 15335.0795577648 
1298, 15297.0421984646 
1299, 15255.504308933 
1300, 15207.5517327258 
1301, 15150.6087931667 
1302, 15089.2532698163 
1303, 15020.8092444257 
1304, 14950.041404636 
1305, 14873.6095801301 
1306, 14794.9591399005 
1307, 14715.3252779856 
1308, 14628.0348686674 
1309, 14530.7671462343 
1310, 14438.1609243254 
1311, 14339.7981180091 
1312, 14245.5459768625 
1313, 14149.4522547746 
1314, 14063.7360633546 
1315, 13979.8543415439 
1316, 13905.5331917503 
1317, 13841.571986667 
1318, 13785.8159155717 
1319, 13731.1415827098 
1320, 13676.8237834042 
1321, 13620.0336768148 
1322, 13549.8367856135 
1323, 13446.8842599866 
1324, 13338.0714991121 
1325, 13170.4740384593 
1326, 12952.4926211501 
1327, 12727.4499035232 
1328, 12439.2254929078 
1329, 12194.0013153546 
1330, 11923.9182511669 
1331, 11716.3985869543 
1332, 11528.2589504502 
1333, 11391.7116924295 
1334, 11324.5683136636 
1335, 11255.3610640859 
1336, 11230.4741472853 
1337, 11206.3769679807 
1338, 11161.5047998906 
1339, 11065.8977251049 
1340, 10898.4680878899 
1341, 10645.1362571935 
1342, 10284.9252846913 
1343, 9825.16281392599 
1344, 9288.35541700529 
1345, 8638.32950064952 
1346, 7950.8260674801 
1347, 7152.46708248878 
1348, 6390.71623534675 
1349, 5551.30539638849 
1350, 4795.44734380741 
1351, 4028.47602968168 
1352, 3361.34232333857 
1353, 2735.69231645741 
1354, 2194.35181516065 
1355, 1735.52816346968 
1356, 1342.44772670353 
1357, 1016.46869619677 
1358, 767.672282474211 
1359, 579.797736718239 
1360, 438.514184194277 
1361, 339.772042824581 
1362, 271.97340099743 
1363, 223.901597672556 
1364, 188.01908650903 
1365, 160.935815338594 
1366, 145.310820358736 
1367, 140.949123662476 
1368, 149.129924553347 
1369, 165.950906933985 
1370, 197.012552194117 
1371, 231.448616663662 
1372, 280.595556650379 
1373, 323.059379994192 
1374, 375.922584291477 
1375, 412.145266876014 
1376, 447.385377864138 
1377, 464.321840958486 
1378, 467.3388920534 
1379, 459.588960651909 
1380, 438.296796094096 
1381, 416.581775464726 
1382, 401.693594106412 
1383, 400.121847984437 
1384, 415.700953754639 
1385, 445.188718612064 
1386, 483.384364252535 
1387, 533.453991123627 
1388, 587.067814255712 
1389, 656.8471908119 
1390, 707.941230393515 
1391, 763.273710168304 
1392, 800.455453711884 
1393, 815.889987108848 
1394, 841.04728641004 
1395, 857.472025242023 
1396, 885.414037612769 
1397, 917.780026018864 
1398, 954.027667457912 
1399, 996.41718676375 
1400, 1041.20765489876 
1401, 1088.60665224335 
1402, 1141.02772450969 
1403, 1198.02332437175 
1404, 1256.38454998992 
1405, 1318.11485412197 
1406, 1393.12656672828 
1407, 1479.15507748427 
1408, 1578.12743793894 
1409, 1701.32623393776 
1410, 1842.84213994323 
1411, 1988.46910975808 
1412, 2156.34866016468 
1413, 2312.58069358692 
1414, 2473.2725462696 
1415, 2624.32150959552 
1416, 2772.71808078485 
1417, 2915.29331226536 
1418, 3055.93458814556 
1419, 3184.49975517299 
1420, 3303.42716846657 
1421, 3422.68870778746 
1422, 3539.99152037214 
1423, 3643.25402398486 
1424, 3757.45625745978 
1425, 3832.56344062556 
1426, 3888.54845547575 
1427, 3913.1285151471 
1428, 3908.48729303613 
1429, 3875.32458853286 
1430, 3821.57264599494 
1431, 3750.60901248031 
1432, 3673.1500087755 
1433, 3597.73307974323 
1434, 3528.59527881031 
1435, 3477.76650066798 
1436, 3443.54721211659 
1437, 3422.51801736166 
1438, 3410.15674542252 
1439, 3411.05857864524 
1440, 3421.16161816468 
1441, 3443.39664245591 
1442, 3467.33865707749 
1443, 3506.23853539315 
1444, 3535.17104935133 
1445, 3565.63861268478 
1446, 3591.60011556776 
1447, 3609.80575611258 
1448, 3635.54604533871 
1449, 3658.40743704131 
1450, 3689.42960676291 
1451, 3727.4762908183 
1452, 3768.28670565326 
1453, 3821.89322429091 
1454, 3864.52048634116 
1455, 3913.98461654299 
1456, 3949.78812006264 
1457, 3961.04319259276 
1458, 3944.04941915856 
1459, 3892.25929906735 
1460, 3806.67628486294 
1461, 3694.93540521938 
1462, 3550.99220708852 
1463, 3389.29328401801 
1464, 3219.11981748735 
1465, 3064.2749331492 
1466, 2900.3198639478 
1467, 2765.4483736843 
1468, 2641.38510445798 
1469, 2541.95921309113 
1470, 2460.48669102526 
1471, 2399.82947722425 
1472, 2364.64139292672 
1473, 2339.87666778416 
1474, 2338.91290394307 
1475, 2336.07491925682 
1476, 2348.4513305732 
1477, 2356.31795239574 
1478, 2366.21456394904 
1479, 2375.03869810054 
1480, 2383.1588791727 
1481, 2394.53489639235 
1482, 2402.33372052391 
1483, 2421.07785392076 
1484, 2446.41748761984 
1485, 2476.77517873517 
1486, 2514.70911401398 
1487, 2556.77522301995 
1488, 2603.75685397223 
1489, 2655.29102623353 
1490, 2707.69547179499 
1491, 2764.42619369714 
1492, 2819.98086300919 
1493, 2872.54487085854 
1494, 2922.37992034893 
1495, 2963.78774511146 
1496, 3001.51675505388 
1497, 3026.68834247742 
1498, 3049.75854585518 
1499, 3066.44439030347 
1500, 3083.39349648992 
1501, 3095.10969594341 
1502, 3107.72485896316 
1503, 3116.29764431793 
1504, 3131.28435482623 
1505, 3141.90859212859 
1506, 3165.78560690426 
1507, 3200.67672257984 
1508, 3235.07913358217 
1509, 3282.2971208928 
1510, 3318.84997203461 
1511, 3353.39103670703 
1512, 3382.74967120775 
1513, 3403.6352810199 
1514, 3426.88587181468 
1515, 3449.37194882465 
1516, 3470.69112445857 
1517, 3493.01708373981 
1518, 3511.16833630143 
1519, 3524.47670118406 
1520, 3539.16285533412 
1521, 3551.84859734929 
1522, 3565.014500001 
1523, 3579.45896057207 
1524, 3592.57080840645 
1525, 3605.69526680015 
1526, 3620.43796963909 
1527, 3636.51996215071 
1528, 3650.23506957551 
1529, 3661.23366484222 
1530, 3670.84940515162 
1531, 3677.51341049006 
1532, 3687.8872413524 
1533, 3703.44936945418 
1534, 3714.23128516487 
1535, 3725.46371497565 
1536, 3736.70609560253 
1537, 3748.86077839961 
1538, 3759.62243185812 
1539, 3773.23966157573 
1540, 3789.02166200822 
1541, 3805.29297744826 
1542, 3823.88039090671 
1543, 3838.5754466447 
1544, 3849.81199124895 
1545, 3868.06050473684 
1546, 3887.93170808571 
1547, 3907.44263470322 
1548, 3935.10736460051 
1549, 3953.98552363888 
1550, 3964.73186118524 
1551, 3979.79867704736 
1552, 3994.35603787225 
1553, 4009.77571572468 
1554, 4026.93949851253 
1555, 4043.6853091294 
1556, 4060.36993386965 
1557, 4076.16588669705 
1558, 4092.90371456231 
1559, 4107.09027005815 
1560, 4120.29384295263 
1561, 4131.98843779747 
1562, 4148.91152089756 
1563, 4152.62310608562 
1564, 4146.55192592366 
1565, 4139.2252706212 
1566, 4122.08235222392 
1567, 4104.2356803351 
1568, 4084.39345893127 
1569, 4065.30654912513 
1570, 4044.7214919562 
1571, 4025.65108386527 
1572, 4008.39718990907 
1573, 4000.13078568413 
1574, 3994.53283636268 
1575, 3998.98118675103 
1576, 4017.88816197125 
1577, 4048.23397969245 
1578, 4091.71569673968 
1579, 4140.12920123781 
1580, 4192.77375620495 
1581, 4255.50399669427 
1582, 4313.5927286125 
1583, 4377.37321911097 
1584, 4429.2636468092 
1585, 4478.77330950042 
1586, 4521.45809950337 
1587, 4555.91774608779 
1588, 4587.83192234102 
1589, 4616.44254875442 
1590, 4639.17752470236 
1591, 4655.62774242016 
1592, 4669.90711032783 
1593, 4680.97248476016 
1594, 4686.91352724142 
1595, 4691.14073018987 
1596, 4685.35211277346 
1597, 4673.36239697607 
1598, 4653.78287467803 
1599, 4620.8469271234 
1600, 4593.07140979003 
1601, 4556.21339943814 
1602, 4532.04895236219 
1603, 4510.81333770072 
1604, 4498.32442267559 
1605, 4493.3443014461 
1606, 4495.05833529809 
1607, 4505.2592691458 
1608, 4518.41008301369 
1609, 4539.38086814358 
1610, 4560.88019217726 
1611, 4584.96842036335 
1612, 4612.21299144538 
1613, 4645.6640270228 
1614, 4675.24744999534 
1615, 4707.94633426558 
1616, 4736.09261720866 
1617, 4760.57414155775 
1618, 4783.96534070342 
1619, 4807.98265575747 
1620, 4825.3097115993 
1621, 4838.18108570493 
1622, 4848.7487509247 
1623, 4854.20201913246 
1624, 4857.79154929088 
1625, 4862.12252418934 
1626, 4859.18069142629 
1627, 4847.87370210528 
1628, 4838.07474788072 
1629, 4829.6497293336 
1630, 4811.61857756024 
1631, 4785.56723047329 
1632, 4762.71924198277 
1633, 4730.0401949266 
1634, 4703.83363980233 
1635, 4690.65227590626 
1636, 4667.36639397508 
1637, 4637.02293622627 
1638, 4610.10173074304 
1639, 4572.49893358887 
1640, 4547.53887018652 
1641, 4532.48016898617 
1642, 4519.24120999323 
1643, 4512.13243549967 
1644, 4509.17831506777 
1645, 4510.35966020898 
1646, 4513.32314941887 
1647, 4526.16965011764 
1648, 4532.99227960526 
1649, 4533.79404060322 
1650, 4539.36863085444 
1651, 4546.3428336721 
1652, 4550.79285479301 
1653, 4558.88856502095 
1654, 4572.79194919585 
1655, 4580.08851235811 
1656, 4584.62379829742 
1657, 4590.08786446554 
1658, 4596.36158292931 
1659, 4595.06673650436 
1660, 4592.91101812925 
1661, 4581.77224906769 
1662, 4562.21898028347 
1663, 4543.0057984385 
1664, 4518.18142041244 
1665, 4496.9182672623 
1666, 4471.84951491141 
1667, 4457.93568210738 
1668, 4446.33075977458 
1669, 4444.55706787272 
1670, 4453.94122441127 
1671, 4457.79582249006 
1672, 4466.08494030745 
1673, 4471.37683265031 
1674, 4476.47020156499 
1675, 4476.15938897697 
1676, 4475.75755292625 
1677, 4469.69665786883 
1678, 4454.23662969981 
1679, 4448.88439979748 
1680, 4445.41064504888 
1681, 4440.97756911599 
1682, 4442.10961139004 
1683, 4434.67307228884 
1684, 4419.87146300762 
1685, 4414.03030382829 
1686, 4407.36490212657 
1687, 4406.81602512244 
1688, 4414.52497996606 
1689, 4416.02325474566 
1690, 4418.59827126322 
1691, 4416.45658049917 
1692, 4413.01164153779 
1693, 4404.22596736382 
1694, 4388.91778396677 
1695, 4379.35961907095 
1696, 4367.07776503671 
1697, 4358.71513303443 
1698, 4357.30675042609 
1699, 4347.99177246006 
1700, 4335.92146536917 
1701, 4323.2577455341 
1702, 4306.75181936492 
1703, 4293.36339253092 
1704, 4280.41409081586 
1705, 4268.51322986552 
1706, 4258.20848964842 
1707, 4244.9526027624 
1708, 4229.42571037153 
1709, 4219.92413579186 
1710, 4211.65657717759 
1711, 4203.52682397107 
1712, 4199.5618142932 
1713, 4192.2662417341 
1714, 4181.43213320096 
1715, 4181.62236162284 
1716, 4180.12798485116 
1717, 4178.850380031 
1718, 4170.66032587866 
1719, 4151.29336696167 
1720, 4127.32517876599 
1721, 4099.98611918787 
1722, 4072.71788833198 
1723, 4041.80753533913 
1724, 4012.61249812806 
1725, 3992.98173455282 
1726, 3972.90269608948 
1727, 3958.12318396727 
1728, 3947.9724070925 
1729, 3931.93766783013 
1730, 3909.54321601107 
1731, 3884.04224512134 
1732, 3855.46142555725 
1733, 3819.27921216114 
1734, 3786.24994679155 
1735, 3759.53509087712 
1736, 3743.08050629945 
1737, 3744.12877502744 
1738, 3744.78573681842 
1739, 3740.04073003668 
1740, 3733.96364382559 
1741, 3725.91984026334 
1742, 3715.7267867492 
1743, 3708.35102516964 
1744, 3703.59073515717 
1745, 3687.3493690588 
1746, 3670.57941681699 
1747, 3658.56928856518 
1748, 3646.55645462473 
1749, 3649.68765511953 
1750, 3652.8807209532 
1751, 3651.10907116016 
1752, 3651.94688725322 
1753, 3642.54300564675 
1754, 3631.358516604 
1755, 3620.25395305811 
1756, 3602.58660997475 
1757, 3578.92530851156 
1758, 3549.23447454417 
1759, 3517.83004482497 
1760, 3488.6666328955 
1761, 3462.03773123885 
1762, 3434.07429024923 
1763, 3405.75566539585 
1764, 3377.01198758138 
1765, 3344.08009499706 
1766, 3316.52092333035 
1767, 3292.15396899095 
1768, 3267.92716498413 
1769, 3250.93364867798 
1770, 3225.0984866576 
1771, 3198.88243491315 
1772, 3164.35889613815 
1773, 3120.20128831798 
1774, 3073.4120892486 
1775, 3017.63618797808 
1776, 2967.28925820664 
1777, 2915.61297571659 
1778, 2867.92813046827 
1779, 2822.63865012375 
1780, 2781.43606979692 
1781, 2742.59086412856 
1782, 2704.41400031154 
1783, 2669.92971658244 
1784, 2636.48850375246 
1785, 2607.07127562764 
1786, 2571.4175257011 
1787, 2537.98330893286 
1788, 2495.8134039263 
1789, 2448.86284847975 
1790, 2392.47526756273 
1791, 2332.55515295446 
1792, 2260.4280826908 
1793, 2172.78443032398 
1794, 2087.65627745661 
1795, 1997.00083073969 
1796, 1905.83446117094 
1797, 1810.19432509221 
1798, 1709.94168559444 
1799, 1606.47518702042 
1800, 1504.83217485174 
1801, 8868.15193628462 
1802, 8411.87659843661 
1803, 8027.67943918366 
1804, 7699.69987606505 
1805, 7430.67181795267 
1806, 7233.4347920993 
1807, 7016.41274964184 
1808, 6772.24249234487 
1809, 6574.62313817867 
1810, 6294.47499447278 
1811, 5927.29729043209 
1812, 5606.58468511454 
1813, 5278.7488795349 
1814, 4937.43344969078 
1815, 4616.36982710716 
1816, 4308.87931918421 
1817, 4016.94091708739 
1818, 3752.49719693518 
1819, 3522.5279557065 
1820, 3340.99451008266 
1821, 3163.54234607208 
1822, 3026.61661955 
1823, 2873.22634067245 
1824, 2705.19167921397 
1825, 2522.26157199963 
1826, 2322.56619282817 
1827, 2098.50141196943 
1828, 1868.27797422208 
1829, 1619.42663076312 
1830, 1387.62801111583 
1831, 1134.6538624704 
1832, 909.052023003098 
1833, 725.209858485556 
1834, 557.858982416308 
1835, 445.709521640985 
1836, 372.46068421162 
1837, 323.925123342291 
1838, 304.513552624244 
1839, 280.500049486454 
1840, 260.012438515703 
1841, 257.853536023463 
1842, 268.790352891983 
1843, 282.921110289825 
1844, 327.976011668995 
1845, 354.980252838328 
1846, 382.272609160083 
1847, 428.076257307524 
1848, 431.861172024097 
1849, 420.834142526265 
1850, 415.921573147084 
1851, 406.409176615071 
1852, 374.346813540703 
1853, 348.85805148556 
1854, 349.24515553879 
1855, 341.360452334293 
1856, 332.281969264399 
1857, 340.796854432007 
1858, 350.165861957281 
1859, 378.867064227084 
1860, 422.88372553983 
1861, 477.725239073849 
1862, 532.848842304331 
1863, 585.795194676053 
1864, 612.182679026911 
1865, 608.064550140032 
1866, 570.437395438787 
1867, 524.970904404074 
1868, 473.78971144065 
1869, 393.219209043752 
1870, 329.25291154411 
1871, 265.32166885161 
1872, 216.598740692717 
1873, 178.799666445972 
1874, 179.905205866701 
1875, 214.463679967274 
1876, 269.416211929406 
1877, 338.553612102808 
1878, 422.880994478652 
1879, 514.45185891119 
1880, 594.343533038847 
1881, 668.721285409895 
1882, 747.655547933785 
1883, 813.894484810654 
1884, 858.009636146174 
1885, 918.306077987818 
1886, 949.971043707645 
1887, 953.435925728515 
1888, 963.169635864373 
1889, 946.202120799833 
1890, 922.8972625922 
1891, 901.744892943887 
1892, 883.120554751253 
1893, 863.60024783879 
1894, 828.808816517177 
1895, 768.499479298883 
1896, 719.768870376617 
1897, 650.238319511393 
1898, 580.171818480068 
1899, 534.051727881001 
1900, 476.477213740865 
1901, 408.169536099093 
1902, 355.288193535855 
1903, 304.484315013759 
1904, 252.589126608832 
1905, 239.109250900456 
1906, 236.966656956932 
1907, 231.775227242218 
1908, 254.952508747681 
1909, 272.7878857735 
1910, 273.450253980263 
1911, 296.824390325201 
1912, 336.303923148672 
1913, 379.963893997201 
1914, 433.664513569749 
1915, 494.815785005932 
1916, 548.773639069292 
1917, 603.412813959977 
1918, 654.368122560618 
1919, 711.03165981856 
1920, 789.439726152909 
1921, 883.667639649088 
1922, 936.706136891503 
1923, 974.913466949914 
1924, 994.478321351215 
1925, 986.448588971054 
1926, 958.199960911751 
1927, 942.212580459146 
1928, 940.620429058515 
1929, 943.822261069976 
1930, 950.023924691957 
1931, 969.390763280037 
1932, 1003.65675905492 
1933, 1034.07386297904 
1934, 1081.13175066867 
1935, 1113.63782731513 
1936, 1140.59488007614 
1937, 1160.33908234129 
1938, 1191.67039517106 
1939, 1202.35157970737 
1940, 1204.05647126883 
1941, 1202.79655100343 
1942, 1195.34011528484 
1943, 1201.48067991651 
1944, 1197.87550900983 
1945, 1204.34894671202 
1946, 1192.87833582445 
1947, 1157.81982208166 
1948, 1135.3623784368 
1949, 1119.89792790335 
1950, 1093.90046138874 
1951, 1049.06041598218 
1952, 1001.23822525367 
1953, 934.460981852931 
1954, 866.794915454842 
1955, 826.820844131043 
1956, 800.221651135322 
1957, 792.623028943987 
1958, 803.113412977064 
1959, 827.71835874667 
1960, 874.285011132976 
1961, 929.88429975321 
1962, 981.990057883028 
1963, 1050.72651054899 
1964, 1124.66451520683 
1965, 1196.44022509417 
1966, 1266.06704260983 
1967, 1334.30616737773 
1968, 1409.84752831981 
1969, 1484.60545493736 
1970, 1564.77818093032 
1971, 1655.85775036669 
1972, 1750.52949723938 
1973, 1848.34113803664 
1974, 1939.70692697098 
1975, 2050.29130508406 
1976, 2160.24136807621 
1977, 2252.57466924028 
1978, 2335.58258444679 
1979, 2398.73045374801 
1980, 2430.11332894809 
1981, 2476.56949492701 
1982, 2515.906964161 
1983, 2552.30454428402 
1984, 2602.92684721544 
1985, 2631.66811681927 
1986, 2642.7613378892 
1987, 2653.1864205557 
1988, 2659.09804412796 
1989, 2633.83572487709 
1990, 2606.84783436854 
1991, 2586.65950402711 
1992, 2522.90276652449 
1993, 2445.17933077491 
1994, 2331.52915292326 
1995, 2170.38031405869 
1996, 2001.57777749464 
1997, 1803.53934158244 
1998, 1597.95286362181 
1999, 1378.13489640892 
2000, 1172.14817592573 
2001, 970.863393480525 
2002, 790.17454330066 
2003, 664.866362833121 
2004, 582.132215732399 
2005, 514.610168344445 
2006, 509.837010185412 
2007, 482.350309790316 
2008, 449.836397075425 
2009, 441.154602451997 
2010, 445.714094247332 
2011, 458.950441229595 
2012, 491.528535968345 
2013, 536.391094662925 
2014, 571.032878494723 
2015, 590.509718314894 
2016, 651.131968566037 
2017, 717.086132522469 
2018, 817.087942496476 
2019, 960.964496725907 
2020, 1097.88249388972 
2021, 1258.65184098151 
2022, 1406.49829250901 
2023, 1551.73564607695 
2024, 1709.19099120761 
2025, 1861.77585557207 
2026, 2009.5739693084 
2027, 2140.64252816428 
2028, 2268.15706304434 
2029, 2381.57120763393 
2030, 2482.8776353701 
2031, 2561.7637517965 
2032, 2627.25848566858 
2033, 2681.68167760114 
2034, 2704.00906955925 
2035, 2738.91998127276 
2036, 2776.52344885045 
2037, 2804.168516724 
2038, 2836.97606455222 
2039, 2846.51383587542 
2040, 2849.11882054138 
2041, 2844.07743170592 
2042, 2819.71732909729 
2043, 2783.18409812568 
2044, 2734.62008273838 
2045, 2669.67418686055 
2046, 2593.76811604539 
2047, 2498.36176775785 
2048, 2403.52136979244 
2049, 2293.13772178354 
2050, 2188.89688241654 
2051, 2083.18670484571 
2052, 1975.57170158551 
2053, 1868.72574989167 
2054, 1783.62115061346 
2055, 1736.77568635559 
2056, 1709.12209642294 
2057, 1720.50830085812 
2058, 1790.61440528823 
2059, 1836.56327642758 
2060, 1909.92465854928 
2061, 1967.40210133585 
2062, 2029.92539379198 
2063, 2069.79319916943 
2064, 2094.08403790202 
2065, 2117.40774741624 
2066, 2111.13562306547 
2067, 2118.37081333172 
2068, 2152.74585799935 
2069, 2193.34194719939 
2070, 2273.1033414164 
2071, 2392.99063646041 
2072, 2497.87711508681 
2073, 2628.62863084244 
2074, 2745.93334572008 
2075, 2851.2842864815 
2076, 2970.77096161846 
2077, 3109.49624013877 
2078, 3228.40092371021 
2079, 3351.87763844725 
2080, 3457.2160488922 
2081, 3539.08667836172 
2082, 3623.10487797759 
2083, 3705.07503538152 
2084, 3782.39993203062 
2085, 3853.29618448254 
2086, 3920.91517840698 
2087, 3985.45335631234 
2088, 4041.07061452721 
2089, 4097.37120262315 
2090, 4148.73263098719 
2091, 4208.57708994903 
2092, 4274.88574671318 
2093, 4331.9584317682 
2094, 4385.24392859497 
2095, 4443.71109928944 
2096, 4501.57666436821 
2097, 4547.45174313018 
2098, 4612.38088787468 
2099, 4696.35648871775 
2100, 4764.26514737758 
2101, 4834.10418757147 
2102, 4895.89206406552 
2103, 4945.41154081056 
2104, 5003.98396651278 
2105, 5065.56177043227 
2106, 5122.1505883846 
2107, 5177.67116742013 
2108, 5235.32646130731 
2109, 5285.10396594278 
2110, 5343.14603275397 
2111, 5405.64337423199 
2112, 5479.94380417778 
2113, 5535.11057514191 
2114, 5597.58253403862 
2115, 5649.41981636093 
2116, 5686.57890927289 
2117, 5735.92372982994 
2118, 5779.89280999002 
2119, 5842.78032396496 
2120, 5918.29268665302 
2121, 5994.12436376708 
2122, 6087.01703678271 
2123, 6168.203905599 
2124, 6238.83186970972 
2125, 6320.72973990352 
2126, 6408.23887833086 
2127, 6493.3913740638 
2128, 6579.68807194792 
2129, 6676.66919141457 
2130, 6762.07993471688 
2131, 6845.62714172603 
2132, 6917.9909877334 
2133, 6977.55913285112 
2134, 7053.01605736276 
2135, 7123.29387502005 
2136, 7202.18434299253 
2137, 7306.24462419379 
2138, 7382.03833049336 
2139, 7439.59429965642 
2140, 7506.92790067567 
2141, 7564.85714729885 
2142, 7631.1152729744 
2143, 7718.64476329419 
2144, 7784.15137148716 
2145, 7845.29450682517 
2146, 7893.91525913681 
2147, 7917.51070736893 
2148, 7938.18461077043 
2149, 7972.54748219934 
2150, 8003.8148243231 
2151, 8042.92250964136 
2152, 8093.6893578915 
2153, 8145.18622599638 
2154, 8202.55828219939 
2155, 8248.87375269025 
2156, 8306.62132894012 
2157, 8342.31677042215 
2158, 8357.69404278318 
2159, 8375.28241150077 
2160, 8382.59355513938 
2161, 8390.89987718979 
2162, 8388.27220112617 
2163, 8397.88084473125 
2164, 8404.59785119834 
2165, 8421.84015071964 
2166, 8462.16794729344 
2167, 8514.00570481576 
2168, 8589.44230797273 
2169, 8691.32750615416 
2170, 8794.52230205266 
2171, 8925.25299348216 
2172, 9031.96091017951 
2173, 9142.63000996017 
2174, 9238.56885724833 
2175, 9339.04965527197 
2176, 9400.24017734651 
2177, 9432.53951493449 
2178, 9465.65670875808 
2179, 9455.38216057453 
2180, 9470.08406514746 
2181, 9495.32068947555 
2182, 9523.95517721901 
2183, 9549.08758392917 
2184, 9596.71217510167 
2185, 9637.04012675947 
2186, 9688.80445508724 
2187, 9748.5958723032 
2188, 9824.21870952488 
2189, 9877.89720425708 
2190, 9938.98815854293 
2191, 9979.60986335287 
2192, 10013.9310436171 
2193, 10015.3436539091 
2194, 10007.3688109142 
2195, 9966.33830018242 
2196, 9868.96448560107 
2197, 9794.97436478659 
2198, 9694.32342424408 
2199, 9626.2224568966 
2200, 9554.89916991447 
2201, 9526.04248793123 
2202, 9518.30484015354 
2203, 9544.30514343088 
2204, 9606.48001459696 
2205, 9700.12719739816 
2206, 9826.29491924015 
2207, 9953.8811859366 
2208, 10069.8098942387 
2209, 10198.2948386049 
2210, 10305.005997679 
2211, 10405.9295428113 
2212, 10479.7819824879 
2213, 10552.2861022509 
2214, 10581.7614591571 
2215, 10568.6556862936 
2216, 10555.080662798 
2217, 10501.5257235406 
2218, 10474.1113270433 
2219, 10446.6578486201 
2220, 10420.4850575147 
2221, 10405.2213687082 
2222, 10386.2852844931 
2223, 10366.2235403655 
2224, 10344.1208386011 
2225, 10331.0124688078 
2226, 10300.9960687676 
2227, 10252.602459095 
2228, 10210.6827610115 
2229, 10168.487467708 
2230, 10127.9058969148 
2231, 10088.6509716817 
2232, 10058.2334784609 
2233, 10023.0221115758 
2234, 9976.31514146771 
2235, 9949.50437330384 
2236, 9939.67545846729 
2237, 9915.6084717429 
2238, 9907.40932946412 
2239, 9865.88142766955 
2240, 9800.11967383763 
2241, 9738.586095506 
2242, 9653.75010948094 
2243, 9585.98768707432 
2244, 9522.2728145933 
2245, 9464.60697131239 
2246, 9421.44926866649 
2247, 9369.53729199621 
2248, 9325.87025660785 
2249, 9265.61652999335 
2250, 9194.36061647952 
2251, 9113.17898016779 
2252, 9019.0257942796 
2253, 8922.1267660163 
2254, 8805.47901348086 
2255, 8718.47135829978 
2256, 8614.21571974652 
2257, 8509.65033460634 
2258, 8413.74653374027 
2259, 8315.41224252536 
2260, 8227.55665907248 
2261, 8154.37081242849 
2262, 8074.19227890497 
2263, 7993.20454567593 
2264, 7920.78875979259 
2265, 7840.56826320438 
2266, 7785.7467326519 
2267, 7759.15465240405 
2268, 7712.6163382658 
2269, 7687.68952827546 
2270, 7624.18975018252 
2271, 7519.89223888769 
2272, 7441.73645441438 
2273, 7356.09008192534 
2274, 7279.32688093773 
2275, 7225.23837804252 
2276, 7154.26181942073 
2277, 7067.2394341072 
2278, 6989.50766219076 
2279, 6916.77574765251 
2280, 6837.79250082981 
2281, 6761.17132112412 
2282, 6681.90897309726 
2283, 6587.25219453368 
2284, 6509.0575507673 
2285, 6436.06457563878 
2286, 6357.81246699205 
2287, 6270.91835082729 
2288, 6178.78322103915 
2289, 6083.28191776035 
2290, 5978.78737030395 
2291, 5867.91738672166 
2292, 5757.86579516816 
2293, 5634.65859847675 
2294, 5480.40744714462 
2295, 5370.4587692554 
2296, 5269.62074290498 
2297, 5179.86698212291 
2298, 5121.50809722163 
2299, 5050.09028706678 
2300, 4973.16022198269 
2301, 4910.02907727219 
2302, 4840.71702246377 
2303, 4807.02782443744 
2304, 4793.35751765752 
2305, 4792.69437037384 
2306, 4833.95037111423 
2307, 4850.38548778205 
2308, 4888.3598717551 
2309, 4880.10956321657 
2310, 4854.01919786282 
2311, 4800.20530145946 
2312, 4716.28219082066 
2313, 4606.53869877603 
2314, 4462.64459057833 
2315, 4308.54543892298 
2316, 4125.44897449776 
2317, 3954.97995938354 
2318, 3830.35252504578 
2319, 3744.86180924714 
2320, 3724.39066434494 
2321, 3711.87950156572 
2322, 3708.33461128215 
2323, 3706.77828171593 
2324, 3698.07323467615 
2325, 3703.90223915276 
2326, 3694.28505875904 
2327, 3678.51824986944 
2328, 3645.25273946263 
2329, 3589.53595093872 
2330, 3536.59741120743 
2331, 3466.92226025362 
2332, 3420.63524454578 
2333, 3386.82674342799 
2334, 3329.37527514112 
2335, 3284.30879927264 
2336, 3208.78209304623 
2337, 3089.6100318811 
2338, 3008.46053587665 
2339, 2931.14722985408 
2340, 2859.54365682768 
2341, 2799.66437416215 
2342, 2745.35554135443 
2343, 2695.24463023278 
2344, 2647.78906060198 
2345, 2620.50070667042 
2346, 2574.57694304164 
2347, 2517.66072047395 
2348, 2462.84362059713 
2349, 2388.86967181247 
2350, 2343.14568503549 
2351, 2312.35103485875 
2352, 2280.91286006382 
2353, 2262.6112775321 
2354, 2249.82135261944 
2355, 2236.21532885663 
2356, 2232.68269133071 
2357, 2254.31387622565 
2358, 2255.70829817756 
2359, 2250.8576292685 
2360, 2244.21171618787 
2361, 2229.11563361464 
2362, 2212.69947918099 
2363, 2206.58964271083 
2364, 2177.57516310584 
2365, 2128.32146479086 
2366, 2053.90650915629 
2367, 1949.58439374201 
2368, 1868.44973911099 
2369, 1785.91863192864 
2370, 1709.07192152669 
2371, 1653.9975927269 
2372, 1595.53308607408 
2373, 1564.93813034612 
2374, 1572.14054013017 
2375, 1581.19192487819 
2376, 1594.77518713071 
2377, 1620.75728017032 
2378, 1633.57819050832 
2379, 1643.7420089512 
2380, 1646.03170533104 
2381, 1628.46651142341 
2382, 1592.45409311836 
2383, 1564.87120331653 
2384, 1537.1477336661 
2385, 1492.62529232174 
2386, 1468.52850953952 
2387, 1433.14131906179 
2388, 1412.96755504937 
2389, 1424.08690923597 
2390, 1416.26323558024 
2391, 1425.03250082916 
2392, 1447.92099822049 
2393, 1439.11479605512 
2394, 1429.39598586688 
2395, 1432.43577678306 
2396, 1413.78128451994 
2397, 1404.43110545114 
2398, 1418.32151364921 
2399, 1419.40477006342 
2400, 1402.75832929897 
2401, 1377.00005711898 
2402, 1330.58225338637 
2403, 1288.29762501982 
2404, 1272.94251809762 
2405, 1248.04615198801 
2406, 1240.94013114204 
2407, 1213.64766899678 
2408, 1167.40824639139 
2409, 1130.20215131239 
2410, 1091.31257710448 
2411, 1063.05969089003 
2412, 1042.89091992339 
2413, 1013.82727789379 
2414, 982.775596380488 
2415, 955.388520733156 
2416, 919.173807781774 
2417, 904.457776668268 
2418, 902.642768016485 
2419, 906.474102146087 
2420, 929.745124358095 
2421, 937.412429043307 
2422, 941.877327613447 
2423, 942.565729082971 
2424, 933.8598200004 
2425, 935.119164869872 
2426, 942.37873865107 
2427, 949.26419100356 
2428, 969.81488699349 
2429, 951.773512810399 
2430, 912.4367758261 
2431, 886.631493500847 
2432, 843.799817952293 
2433, 806.960743875569 
2434, 774.87800013084 
2435, 753.816640128115 
2436, 721.234497388422 
2437, 726.255324251263 
2438, 775.257765697018 
2439, 787.297306956413 
2440, 804.772713467978 
2441, 798.710513207457 
2442, 769.561761088102 
2443, 740.90165986747 
2444, 703.042965091452 
2445, 641.100882168652 
2446, 586.299430214804 
2447, 543.500713625541 
2448, 533.577565303356 
2449, 531.010341118681 
2450, 534.315515226012 
2451, 538.413386049231 
2452, 522.310623673976 
2453, 525.914583793221 
2454, 534.167648550023 
2455, 535.695199402055 
2456, 556.416932253158 
2457, 562.967986003457 
2458, 562.317218921255 
2459, 573.904271608481 
2460, 573.604755628047 
2461, 573.388255484778 
2462, 577.768967741025 
2463, 576.366261656699 
2464, 559.486553981315 
2465, 519.186617708018 
2466, 484.429056570759 
2467, 461.21445609872 
2468, 450.385671349416 
2469, 470.274185274743 
2470, 484.113719410638 
2471, 474.446529224108 
2472, 458.080274749972 
2473, 417.469116809114 
2474, 394.909573045675 
2475, 400.866849041838 
2476, 390.442904010279 
2477, 379.685981114726 
2478, 370.787255250784 
2479, 335.1196321262 
2480, 291.152940343982 
2481, 262.818392685373 
2482, 227.524247340232 
2483, 218.846786646126 
2484, 223.746451662502 
2485, 222.417813761394 
2486, 238.666643319983 
2487, 237.284127771586 
2488, 233.630576410343 
2489, 234.50166792485 
2490, 230.401892802034 
2491, 236.752511877492 
2492, 234.049619648656 
2493, 238.126311484822 
2494, 246.768416813375 
2495, 227.189226315751 
2496, 213.864093830252 
2497, 190.535072338963 
2498, 189.133793505132 
2499, 212.322853385626 
2500, 214.480642743678 
