Wavelength,0212202100143.asd
350, 2701.98822557346 
351, 2841.8492665615 
352, 2969.35590052911 
353, 3078.95694162049 
354, 3186.46989632945 
355, 3299.18611423685 
356, 3418.27734309908 
357, 3534.72583637949 
358, 3656.21224829827 
359, 3786.05900007082 
360, 3928.43151177574 
361, 4103.34622183803 
362, 4304.57791393018 
363, 4522.4374593885 
364, 4746.22724721836 
365, 4971.43716248904 
366, 5186.64252033928 
367, 5376.63746509948 
368, 5522.30673196914 
369, 5607.3898936986 
370, 5637.09539130265 
371, 5629.12879411656 
372, 5606.03691366947 
373, 5597.62565304373 
374, 5607.69285110067 
375, 5621.44636596764 
376, 5636.47369267946 
377, 5645.72813211331 
378, 5635.51826358476 
379, 5584.60493684913 
380, 5517.59125188644 
381, 5443.30046642792 
382, 5361.80928671603 
383, 5258.22713094996 
384, 5153.20219982823 
385, 5080.9760502554 
386, 5081.29067853988 
387, 5187.55261542835 
388, 5339.27094442434 
389, 5471.19072625529 
390, 5529.55568730665 
391, 5594.00103763797 
392, 5656.70564969523 
393, 5705.36605890701 
394, 5747.46252936987 
395, 5866.38103280812 
396, 6101.35122580771 
397, 6468.1783062494 
398, 6982.31329930179 
399, 7565.50278438916 
400, 8163.95823507876 
401, 8751.02139526057 
402, 9306.13719535662 
403, 9762.54746571302 
404, 10092.6339102398 
405, 10347.9692172298 
406, 10551.5848423398 
407, 10734.9218090336 
408, 10935.1478607184 
409, 11205.5182431573 
410, 11529.9385754557 
411, 11889.2697715082 
412, 12263.5105825933 
413, 12636.0440827078 
414, 13004.8976087007 
415, 13360.1721980593 
416, 13672.6976861507 
417, 13968.5516436071 
418, 14270.8532196634 
419, 14586.3471487324 
420, 14861.0942942771 
421, 15138.5925613536 
422, 15441.5668659677 
423, 15768.6654254147 
424, 16069.7463752711 
425, 16306.9362779433 
426, 16447.474665027 
427, 16459.1888424244 
428, 16399.1070225637 
429, 16412.3551423037 
430, 16615.9552122703 
431, 16914.2651127141 
432, 17307.882477713 
433, 17885.3047224948 
434, 18760.7684831332 
435, 19693.649872738 
436, 20406.5980698037 
437, 20842.2257239112 
438, 21306.8745072652 
439, 21785.9166073372 
440, 22236.5279985084 
441, 22641.5836938975 
442, 23169.7744464137 
443, 23725.9882585321 
444, 24235.5188445647 
445, 24652.0561579388 
446, 24987.8449706048 
447, 25289.6252034564 
448, 25609.2110750924 
449, 26005.9405285024 
450, 26341.2553080763 
451, 26522.4454003315 
452, 26515.2334657362 
453, 26448.9840396011 
454, 26301.4280047104 
455, 26113.5004015883 
456, 25983.2568368912 
457, 25952.5305712414 
458, 25961.9185769912 
459, 25947.1791097244 
460, 25877.4021612801 
461, 25774.5826641947 
462, 25664.3910782736 
463, 25558.5021959479 
464, 25390.5802179641 
465, 25130.5472271637 
466, 24809.282405821 
467, 24515.2510268932 
468, 24265.4794204966 
469, 24079.7239889193 
470, 23967.5652314356 
471, 23928.5177865311 
472, 23900.7016243344 
473, 23892.2866574385 
474, 23930.1814066203 
475, 23921.2772686779 
476, 23893.9398652323 
477, 23878.5859836354 
478, 23893.3929482588 
479, 23973.0345967089 
480, 24082.5797844454 
481, 24160.7559017862 
482, 24144.0925658784 
483, 23966.0399165264 
484, 23589.2208897634 
485, 23027.751728612 
486, 22484.1399785924 
487, 22098.3332928956 
488, 21984.0498951252 
489, 22242.7679548964 
490, 22654.0896844867 
491, 22993.2675781223 
492, 23114.6823310744 
493, 23158.9024290231 
494, 23224.0497400335 
495, 23355.1104851283 
496, 23536.5420526022 
497, 23595.0364163542 
498, 23530.7323513484 
499, 23382.0710736946 
500, 23183.6611362509 
501, 23031.9278781638 
502, 22969.8858068604 
503, 23018.2320119283 
504, 23231.2167138356 
505, 23528.4717480072 
506, 23831.2864769276 
507, 24076.3466826135 
508, 24262.1760761188 
509, 24408.3418306702 
510, 24546.4974151294 
511, 24730.7319263896 
512, 24858.6049772854 
513, 24884.637775526 
514, 24798.8857449788 
515, 24592.8998174236 
516, 24316.4223050704 
517, 24049.4447887972 
518, 23895.8240431157 
519, 24100.4285714012 
520, 24684.0844466155 
521, 25506.0569579962 
522, 26189.8743141302 
523, 26700.7219973093 
524, 27060.1359634633 
525, 27326.8470958561 
526, 27443.3144090921 
527, 27488.7698220816 
528, 27629.5060021384 
529, 28186.4394923572 
530, 28907.8238170463 
531, 29514.0195815307 
532, 29779.938804365 
533, 29869.4676005645 
534, 30005.7506916181 
535, 30308.1984688533 
536, 30766.5563785068 
537, 31095.9995919308 
538, 31248.1656392548 
539, 31267.7571035189 
540, 31257.9391954001 
541, 31285.3225634183 
542, 31444.867845943 
543, 31811.8649645085 
544, 32232.3200486386 
545, 32599.8548119901 
546, 32856.9755028918 
547, 33006.8697766914 
548, 33104.1079292617 
549, 33217.8783277096 
550, 33392.7651192504 
551, 33571.2017834401 
552, 33708.5051652938 
553, 33809.2758456012 
554, 33915.7861229073 
555, 33997.7057612809 
556, 33968.6030868972 
557, 33781.0466431806 
558, 33470.0515550661 
559, 33204.3790353134 
560, 33083.8142196846 
561, 33143.7716337599 
562, 33295.453549515 
563, 33382.5976789962 
564, 33329.7082295771 
565, 33164.3040692064 
566, 32932.2415580039 
567, 32694.9164454926 
568, 32489.4491471905 
569, 32279.6588430723 
570, 32012.2051536752 
571, 31760.783607648 
572, 31666.4173305095 
573, 31693.5078494587 
574, 31684.4902382856 
575, 31539.6014519953 
576, 31274.8607627426 
577, 31033.4530551893 
578, 30908.4230029347 
579, 30949.718299736 
580, 31121.0065122228 
581, 31413.3816489562 
582, 31764.4729749249 
583, 32063.509850611 
584, 32253.995023957 
585, 32254.3346679647 
586, 32053.1587265153 
587, 31797.7881481246 
588, 31474.3033601962 
589, 31035.705410322 
590, 30490.2048029308 
591, 30295.7246318726 
592, 30438.0819930752 
593, 30702.6018628671 
594, 30689.7858740121 
595, 30537.0043239866 
596, 30321.0204434485 
597, 30095.0671481656 
598, 29854.5922894659 
599, 29554.4638454606 
600, 29220.0720395382 
601, 28926.086256662 
602, 28701.5927886834 
603, 28582.6478539663 
604, 28565.4648594603 
605, 28590.1035279104 
606, 28527.9244430877 
607, 28369.5138575228 
608, 28162.2063683984 
609, 27961.2121900279 
610, 27771.6118535846 
611, 27600.0008449018 
612, 27454.3644078531 
613, 27302.5186551404 
614, 27124.0973728135 
615, 26926.9370642048 
616, 26772.7125176258 
617, 26678.6867426728 
618, 26679.8664992959 
619, 26792.8733069932 
620, 26911.3686500817 
621, 26922.8726220571 
622, 26789.2257018424 
623, 26563.8045157194 
624, 26306.2196874663 
625, 26060.9250899384 
626, 25850.674324045 
627, 25657.9964979215 
628, 25465.5735877565 
629, 25285.0249772221 
630, 25154.7917419384 
631, 25165.88590543 
632, 25258.5143934852 
633, 25374.969954982 
634, 25498.891816176 
635, 25594.3618993227 
636, 25660.7153720707 
637, 25706.3261272081 
638, 25721.1097239749 
639, 25680.8167466014 
640, 25567.1673272978 
641, 25377.6876869096 
642, 25230.0136889608 
643, 25140.9871832068 
644, 25081.4545904707 
645, 24973.6684822622 
646, 24805.5898762622 
647, 24595.0123499282 
648, 24380.7266783545 
649, 24208.6882607538 
650, 24079.5442569931 
651, 24013.7123823719 
652, 24045.0769614051 
653, 23990.3602196929 
654, 23722.9702556438 
655, 23221.8181963111 
656, 22638.9823506913 
657, 22217.6277979254 
658, 22223.5303498938 
659, 22794.6930159892 
660, 23374.5216779485 
661, 23706.5580511508 
662, 23773.7667743383 
663, 23806.4283271716 
664, 23781.4942887816 
665, 23741.1118347734 
666, 23722.5094859273 
667, 23726.9844900109 
668, 23715.2786878997 
669, 23688.8575221281 
670, 23667.4308584745 
671, 23616.9454044255 
672, 23557.784679186 
673, 23519.1509052263 
674, 23533.4473453515 
675, 23561.8044749779 
676, 23581.1340550967 
677, 23583.0842050413 
678, 23591.9363205797 
679, 23594.5804748029 
680, 23588.3748568052 
681, 23575.6799180636 
682, 23552.1543573041 
683, 23492.473456616 
684, 23293.1760889602 
685, 22748.6486776463 
686, 21787.6226670155 
687, 20499.2590966522 
688, 19197.9812675037 
689, 18655.5745324297 
690, 19048.7806375117 
691, 20017.9221179875 
692, 20885.5712279652 
693, 21634.7091457321 
694, 22174.3210594546 
695, 22501.5693963602 
696, 22729.3207806002 
697, 22929.0068074709 
698, 23065.1980097203 
699, 23089.2371078661 
700, 23025.3067502835 
701, 22962.103902139 
702, 22960.5446225445 
703, 23054.3249825162 
704, 23244.9717626467 
705, 23467.3882185038 
706, 23657.4012146005 
707, 23765.8187494384 
708, 23858.0283335506 
709, 23940.775405971 
710, 24008.8956428363 
711, 24074.2993165918 
712, 24118.7164238372 
713, 24128.8726338461 
714, 24086.9114534309 
715, 23942.7160496213 
716, 23588.3785920084 
717, 22978.5227730215 
718, 22156.1562566205 
719, 21473.6072377099 
720, 21225.2978729391 
721, 21520.9841642218 
722, 22122.8968348406 
723, 22535.6726674051 
724, 22588.1674556814 
725, 22372.91753406 
726, 22315.151236264 
727, 22379.3810383703 
728, 22483.5165821663 
729, 22550.0373429771 
730, 22712.5445202815 
731, 23001.8378161479 
732, 23398.7409954067 
733, 23839.5880413061 
734, 24224.4921416001 
735, 24472.9494435635 
736, 24547.5433706457 
737, 24527.4242457652 
738, 24495.8237825936 
739, 24472.3416241321 
740, 24425.3398776207 
741, 24412.2859953629 
742, 24447.1339872852 
743, 24523.8915621062 
744, 24619.3758790588 
745, 24682.8336588684 
746, 24707.8815287542 
747, 24701.9436390727 
748, 24661.0204861545 
749, 24572.2211316383 
750, 24453.0050764429 
751, 24342.4571026474 
752, 24282.9830547231 
753, 24259.177480411 
754, 24243.9417717973 
755, 24203.81300782 
756, 24070.5212509542 
757, 23548.746141562 
758, 22167.5513026323 
759, 19129.4418326794 
760, 14679.7290876311 
761, 10323.1715276487 
762, 7875.00829564817 
763, 7850.70330040182 
764, 9121.93904635002 
765, 11114.0898765022 
766, 13757.6426161629 
767, 16639.036322975 
768, 19136.5557665019 
769, 20867.6635897826 
770, 21828.6621264808 
771, 22296.1631294969 
772, 22469.3288304024 
773, 22499.0617825452 
774, 22471.0602668147 
775, 22398.748223946 
776, 22308.0144503309 
777, 22218.3209310208 
778, 22109.2835086418 
779, 21982.4265889834 
780, 21853.4952365951 
781, 21745.1012907611 
782, 21632.8960199465 
783, 21501.4850955976 
784, 21351.0516378112 
785, 21202.5856516899 
786, 21052.5366602395 
787, 20881.8179019023 
788, 20674.1977402407 
789, 20430.981231272 
790, 20177.2835346182 
791, 19924.1741441489 
792, 19677.3328497555 
793, 19446.0203346625 
794, 19259.5652550466 
795, 19132.0729803643 
796, 19058.8213254619 
797, 19003.4533040826 
798, 18923.3434700662 
799, 18792.3665311518 
800, 18607.9705629929 
801, 18407.2476606107 
802, 18222.8184823604 
803, 18068.3379956122 
804, 17920.6188492321 
805, 17796.4636835577 
806, 17684.0233751511 
807, 17557.9945506619 
808, 17385.5290968278 
809, 17175.7595406466 
810, 16940.5699688576 
811, 16684.9733747212 
812, 16374.3822682406 
813, 15964.9908153373 
814, 15453.4111533228 
815, 14883.5048606008 
816, 14361.5287236553 
817, 13960.4990664872 
818, 13725.1131056774 
819, 13668.7361519335 
820, 13672.0667029604 
821, 13640.4521052951 
822, 13535.4345231398 
823, 13414.516536438 
824, 13338.2505452168 
825, 13362.0065727822 
826, 13471.7728278838 
827, 13456.3425572819 
828, 13311.5676762956 
829, 13110.2896694711 
830, 12955.918050923 
831, 12863.339702815 
832, 12799.0467568185 
833, 12748.121309983 
834, 12715.0241103875 
835, 12703.0042171244 
836, 12701.400919183 
837, 12687.4210160707 
838, 12629.7787733021 
839, 12540.0227335688 
840, 12428.5789428052 
841, 12304.6118049168 
842, 12173.8821910105 
843, 12036.855304287 
844, 11900.446015746 
845, 11768.3786873289 
846, 11636.3961833667 
847, 11476.8548591135 
848, 11283.4187986628 
849, 11063.9258232008 
850, 10843.5389133797 
851, 10589.1554123139 
852, 10326.5396301235 
853, 10104.7445019967 
854, 9936.78668211502 
855, 9800.16711128018 
856, 9731.12882481305 
857, 9781.36051206135 
858, 9866.94285731627 
859, 9878.06986914551 
860, 9795.11480838577 
861, 9678.61440716862 
862, 9539.65707625628 
863, 9362.65401407965 
864, 9151.08231423232 
865, 8934.13629858027 
866, 8727.46610713604 
867, 8549.81423306311 
868, 8428.85505080651 
869, 8400.62763960317 
870, 8407.09571479015 
871, 8384.90076787794 
872, 8304.26721731958 
873, 8194.47437004852 
874, 8077.35243354548 
875, 7959.64560832352 
876, 7843.19168138163 
877, 7731.28782091565 
878, 7621.2969505783 
879, 7512.19051782753 
880, 7403.22548423995 
881, 7292.82660763853 
882, 7184.6436371358 
883, 7082.34201731072 
884, 6986.672588549 
885, 6890.66389970171 
886, 6788.81216386875 
887, 6683.19801505067 
888, 6578.68851556677 
889, 6476.3285924646 
890, 6375.85936807379 
891, 6264.14441988883 
892, 6125.30515689062 
893, 5959.45517513196 
894, 5769.03438836549 
895, 5559.55721668573 
896, 5339.13565728146 
897, 5116.42790471454 
898, 4907.66737355918 
899, 4735.8435177442 
900, 4620.93666922752 
901, 4554.46754424169 
902, 4527.1068772074 
903, 4519.33373515962 
904, 4507.52289664483 
905, 4482.68928189033 
906, 4433.0604449086 
907, 4349.01732387467 
908, 4229.50029178305 
909, 4102.49695356521 
910, 3995.91827733432 
911, 3919.66404364648 
912, 3866.76959052406 
913, 3821.3799768718 
914, 3778.72595742654 
915, 3737.26917713403 
916, 3698.9838087179 
917, 3674.17201848276 
918, 3657.68148734305 
919, 3644.36584268216 
920, 3630.14428754684 
921, 3611.77552677127 
922, 3582.41297955086 
923, 3534.78573294526 
924, 3463.52819595864 
925, 3372.0773578066 
926, 3262.09567540121 
927, 3129.24190038561 
928, 2966.78433122187 
929, 2776.85571159185 
930, 2562.21595121385 
931, 2336.06228353072 
932, 2118.46409469744 
933, 1926.4924522686 
934, 1773.70617781275 
935, 1670.55564426951 
936, 1620.05252063917 
937, 1607.96497471134 
938, 1621.99052467045 
939, 1646.10096803188 
940, 1666.33230179165 
941, 1682.22426289898 
942, 1688.54949068355 
943, 1675.57317173639 
944, 1638.55805374355 
945, 1591.99722372252 
946, 1554.08574582184 
947, 1531.2543800752 
948, 1521.43613577173 
949, 1517.01564316908 
950, 1514.39529870277 
951, 1511.20962485785 
952, 1506.1182033288 
953, 1498.25364877916 
954, 1488.43427269496 
955, 1479.10584226891 
956, 1472.62681188283 
957, 1470.06590955032 
958, 1466.49091286925 
959, 1464.40597315795 
960, 1465.27436388949 
961, 1466.32344472836 
962, 1467.88850631855 
963, 1472.51371749013 
964, 1479.16267215092 
965, 1482.74205022964 
966, 1485.4539196941 
967, 1484.79585064599 
968, 1479.91640412964 
969, 1472.04934448276 
970, 1462.16585739197 
971, 1447.07202873874 
972, 1424.92238668146 
973, 1396.40098581176 
974, 1366.79320481154 
975, 1335.32668552888 
976, 1303.7007843986 
977, 1274.89428120677 
978, 1251.4562292287 
979, 1231.62966384377 
980, 1215.30643203565 
981, 1200.70407150114 
982, 1181.23032875262 
983, 1163.035908182 
984, 1145.54432327594 
985, 1127.18765099751 
986, 1107.68514881207 
987, 1084.72304750127 
988, 1061.76605978393 
989, 1039.288950535 
990, 1014.10561295434 
991, 989.493017931459 
992, 964.521259862186 
993, 940.498996888331 
994, 918.938517846547 
995, 893.459768224237 
996, 869.639974122405 
997, 846.868503615577 
998, 822.945711368584 
999, 800.805732999381 
1000, 778.950540472975 
1001, 4973.72665702659 
1002, 4953.08583499216 
1003, 4929.00937664623 
1004, 4909.80273454476 
1005, 4894.45913038907 
1006, 4883.77499407672 
1007, 4878.53170270232 
1008, 4876.29658992234 
1009, 4877.14061290636 
1010, 4878.3052665424 
1011, 4883.39225824034 
1012, 4892.98191007204 
1013, 4909.07936217357 
1014, 4918.94042078299 
1015, 4932.46034509188 
1016, 4951.25826616588 
1017, 4967.66464050431 
1018, 4982.59909977202 
1019, 4999.73590837127 
1020, 5015.62586466965 
1021, 5029.11579992476 
1022, 5048.00179893971 
1023, 5070.39153780602 
1024, 5097.62943315333 
1025, 5124.91126522999 
1026, 5156.67097478594 
1027, 5194.29906829085 
1028, 5227.82083999795 
1029, 5259.22909556043 
1030, 5288.47135927064 
1031, 5306.87052714616 
1032, 5325.06225582143 
1033, 5346.20402082777 
1034, 5365.31311916123 
1035, 5387.64091610167 
1036, 5412.70816354268 
1037, 5439.8538681291 
1038, 5464.11221196488 
1039, 5488.48611734616 
1040, 5516.28714257043 
1041, 5540.81613442802 
1042, 5559.78711969892 
1043, 5576.56314638071 
1044, 5588.73918502512 
1045, 5602.58836714434 
1046, 5622.23762710962 
1047, 5645.47074564031 
1048, 5675.66003951194 
1049, 5704.3061743136 
1050, 5727.1352887703 
1051, 5752.28247350188 
1052, 5776.89568774808 
1053, 5806.39599237441 
1054, 5839.48494118052 
1055, 5869.42183788617 
1056, 5899.86021452392 
1057, 5929.34881966767 
1058, 5961.06623122279 
1059, 6003.04198202348 
1060, 6050.82741426586 
1061, 6106.71323829135 
1062, 6162.59013144472 
1063, 6225.36350216331 
1064, 6286.48381211041 
1065, 6345.07318568458 
1066, 6410.76273684183 
1067, 6480.59447507954 
1068, 6558.5391384763 
1069, 6643.53824374718 
1070, 6736.24792742714 
1071, 6838.81205722838 
1072, 6938.45451479066 
1073, 7036.14451728915 
1074, 7141.41094202445 
1075, 7234.07550018906 
1076, 7319.6726813944 
1077, 7401.73994270443 
1078, 7476.31265862218 
1079, 7540.8132354863 
1080, 7597.97216921627 
1081, 7648.874859523 
1082, 7694.51418986789 
1083, 7737.43286512977 
1084, 7777.74353740164 
1085, 7815.33868412472 
1086, 7850.89780386736 
1087, 7888.96648927437 
1088, 7915.8048643892 
1089, 7941.84037506283 
1090, 7953.46900564654 
1091, 7955.57669031923 
1092, 7945.74373468167 
1093, 7923.55284573892 
1094, 7897.98367421329 
1095, 7871.16894483664 
1096, 7841.85282872253 
1097, 7813.27593005504 
1098, 7776.03922874622 
1099, 7739.77251696225 
1100, 7697.86184512259 
1101, 7660.71272688105 
1102, 7628.91342885306 
1103, 7589.05258516928 
1104, 7553.06404673086 
1105, 7504.22615880885 
1106, 7444.80321453004 
1107, 7371.16050409011 
1108, 7266.35501591193 
1109, 7125.22882496623 
1110, 6935.58246862745 
1111, 6701.19049747553 
1112, 6435.51326065836 
1113, 6112.21142542026 
1114, 5798.81276746057 
1115, 5439.3121319557 
1116, 5118.60787316108 
1117, 4781.53147192957 
1118, 4488.10352449135 
1119, 4217.18824249821 
1120, 3967.48621784165 
1121, 3758.40086685839 
1122, 3593.28283730778 
1123, 3474.30445376979 
1124, 3397.68787952647 
1125, 3357.96154082882 
1126, 3372.55017098591 
1127, 3392.50344803648 
1128, 3454.02288109433 
1129, 3510.89738806303 
1130, 3590.1035794857 
1131, 3663.0357396102 
1132, 3732.78914412856 
1133, 3821.10121842987 
1134, 3913.11546329111 
1135, 4015.77095310923 
1136, 4166.0030801491 
1137, 4320.49755652487 
1138, 4465.38176875056 
1139, 4601.49023354761 
1140, 4682.42584460637 
1141, 4726.29031973495 
1142, 4740.26023762582 
1143, 4698.65285121713 
1144, 4670.98877297943 
1145, 4580.18590859326 
1146, 4564.05852586077 
1147, 4550.18259808512 
1148, 4592.52066197205 
1149, 4691.88289048216 
1150, 4812.45456123591 
1151, 4976.37090603881 
1152, 5165.75966486712 
1153, 5356.25784361738 
1154, 5578.47516302677 
1155, 5783.1824279543 
1156, 5994.42467411222 
1157, 6193.66790395237 
1158, 6396.67783417001 
1159, 6580.64677660977 
1160, 6759.92967125944 
1161, 6915.9407980096 
1162, 7058.25973267936 
1163, 7181.90488661935 
1164, 7286.01962462555 
1165, 7373.97507495874 
1166, 7445.7199954359 
1167, 7493.69548889804 
1168, 7525.07464597532 
1169, 7533.41815101482 
1170, 7533.75725260187 
1171, 7517.18603687598 
1172, 7490.07487790592 
1173, 7447.00803205366 
1174, 7399.12941715365 
1175, 7337.01812126841 
1176, 7272.39573543129 
1177, 7196.8399218556 
1178, 7125.00205640036 
1179, 7047.50603121436 
1180, 6971.89013676745 
1181, 6894.55482520417 
1182, 6820.91585709784 
1183, 6756.07714019072 
1184, 6688.70878586044 
1185, 6640.6656476077 
1186, 6607.04230921741 
1187, 6577.53054612611 
1188, 6561.81163569851 
1189, 6544.05063216088 
1190, 6538.41708021336 
1191, 6521.36709398072 
1192, 6514.97907479684 
1193, 6483.62658429331 
1194, 6436.63878200717 
1195, 6382.89332154747 
1196, 6310.01407916042 
1197, 6231.4564495035 
1198, 6158.67815943206 
1199, 6079.99533480381 
1200, 6012.76388288525 
1201, 5947.23965034914 
1202, 5890.3699670169 
1203, 5838.12927851241 
1204, 5796.63347604449 
1205, 5762.10853309099 
1206, 5736.51539264375 
1207, 5727.75251455338 
1208, 5713.31312311682 
1209, 5703.84305137597 
1210, 5694.2947058158 
1211, 5684.01051420206 
1212, 5674.99621412623 
1213, 5667.36268193322 
1214, 5665.51069216922 
1215, 5653.38384364526 
1216, 5637.69895386682 
1217, 5621.35259199883 
1218, 5602.19519302854 
1219, 5578.0831458464 
1220, 5547.84095281203 
1221, 5523.92039352148 
1222, 5494.81525912249 
1223, 5471.94268924805 
1224, 5458.83099861742 
1225, 5441.58324734303 
1226, 5421.64593465386 
1227, 5404.76266167935 
1228, 5388.26203908821 
1229, 5374.23698039295 
1230, 5362.25419635168 
1231, 5355.94016347548 
1232, 5340.51620505658 
1233, 5324.3689986301 
1234, 5304.90340829561 
1235, 5279.97849461849 
1236, 5254.09151821091 
1237, 5225.96622457445 
1238, 5198.42783182844 
1239, 5168.55329779739 
1240, 5137.72084629573 
1241, 5105.24858817696 
1242, 5075.6772634913 
1243, 5045.05575091107 
1244, 5015.42550648328 
1245, 4988.36455483277 
1246, 4962.69776316231 
1247, 4936.81108386309 
1248, 4912.93479559541 
1249, 4881.45896171584 
1250, 4852.16232793112 
1251, 4811.02788435064 
1252, 4761.27332369317 
1253, 4707.46618734682 
1254, 4646.11019657995 
1255, 4583.37472566339 
1256, 4516.88176261943 
1257, 4444.80652283912 
1258, 4369.13154222421 
1259, 4289.13321658794 
1260, 4200.2774214673 
1261, 4112.70449824419 
1262, 4017.78814319343 
1263, 3926.65503561644 
1264, 3850.87535634152 
1265, 3772.81768994857 
1266, 3726.25181463925 
1267, 3692.94123315456 
1268, 3689.96670293718 
1269, 3708.22508349651 
1270, 3752.24524196323 
1271, 3836.14540740099 
1272, 3913.35163001343 
1273, 4020.26573833775 
1274, 4107.37262552045 
1275, 4195.61294243162 
1276, 4273.27032725462 
1277, 4344.57727038876 
1278, 4407.57920002182 
1279, 4461.38714994996 
1280, 4509.74315398134 
1281, 4551.64208030431 
1282, 4590.71239259518 
1283, 4630.7991079212 
1284, 4669.73955562321 
1285, 4705.66112413773 
1286, 4741.8484958251 
1287, 4772.26797978508 
1288, 4799.7093194183 
1289, 4821.91948059536 
1290, 4839.43399820441 
1291, 4854.20430173395 
1292, 4865.08082236442 
1293, 4871.21172081278 
1294, 4872.22869206617 
1295, 4872.00685946959 
1296, 4869.34801032695 
1297, 4861.74146604648 
1298, 4850.39830638414 
1299, 4837.10484997545 
1300, 4822.42710422034 
1301, 4804.52051856432 
1302, 4782.97582942591 
1303, 4759.84654721805 
1304, 4736.04660339585 
1305, 4704.93726924416 
1306, 4680.68258432381 
1307, 4662.20157482819 
1308, 4638.99662310269 
1309, 4616.05139276361 
1310, 4589.94719211239 
1311, 4557.92399068393 
1312, 4530.88595581925 
1313, 4503.06517138352 
1314, 4478.35189925457 
1315, 4459.6862709966 
1316, 4438.62124994815 
1317, 4416.66414497636 
1318, 4396.64168519942 
1319, 4376.83895031035 
1320, 4355.67545691858 
1321, 4332.63186185709 
1322, 4306.5060361313 
1323, 4271.35863654194 
1324, 4231.56671246922 
1325, 4179.28071698987 
1326, 4119.70403096963 
1327, 4048.56939418437 
1328, 3957.16944627437 
1329, 3877.38880272786 
1330, 3780.78638726202 
1331, 3710.80930567505 
1332, 3652.37058430447 
1333, 3605.90863602773 
1334, 3581.73150489911 
1335, 3555.60967578092 
1336, 3539.4993546037 
1337, 3525.74159228984 
1338, 3507.47960639327 
1339, 3469.03160503806 
1340, 3416.94104152662 
1341, 3335.73305105067 
1342, 3219.64397087003 
1343, 3076.12350407256 
1344, 2902.64103059674 
1345, 2685.73909504153 
1346, 2465.52676163034 
1347, 2211.98245282995 
1348, 1970.08521040937 
1349, 1706.5764560511 
1350, 1470.70836429737 
1351, 1232.6057453221 
1352, 1024.73225102972 
1353, 832.197900957135 
1354, 665.271577491721 
1355, 520.007666528533 
1356, 399.870195074946 
1357, 305.17393077784 
1358, 234.202123741802 
1359, 179.151433918799 
1360, 138.231277010163 
1361, 104.890654910554 
1362, 78.2598487671394 
1363, 64.4783901568562 
1364, 54.8869082978796 
1365, 45.7574177425746 
1366, 41.6345903608242 
1367, 40.7845244811645 
1368, 39.2991160026263 
1369, 45.2312129739864 
1370, 61.514934138664 
1371, 74.2500055023935 
1372, 93.1312388860543 
1373, 104.448491564014 
1374, 112.911565081874 
1375, 117.373339134641 
1376, 115.144329696437 
1377, 115.041465512227 
1378, 112.861857161335 
1379, 113.871018813973 
1380, 110.884976509009 
1381, 105.209272200232 
1382, 97.6843356274151 
1383, 93.7950408612602 
1384, 98.3739182638224 
1385, 103.798359256757 
1386, 115.276836458638 
1387, 133.915495336001 
1388, 148.506737510167 
1389, 166.116517606325 
1390, 178.635428362421 
1391, 189.548900435968 
1392, 196.403960765627 
1393, 198.693511934391 
1394, 201.972762210866 
1395, 202.237952754018 
1396, 204.255092705173 
1397, 201.381831461235 
1398, 208.201602548576 
1399, 221.30826834629 
1400, 233.100183113664 
1401, 255.661820809752 
1402, 270.04405968602 
1403, 279.797450284924 
1404, 286.733907128288 
1405, 291.827737536688 
1406, 296.483838702682 
1407, 308.701463702027 
1408, 323.523276805103 
1409, 334.549032608159 
1410, 347.11589725148 
1411, 364.189584094533 
1412, 382.026014996942 
1413, 398.81998489369 
1414, 423.969841340214 
1415, 438.949492460214 
1416, 445.32273834162 
1417, 454.34933193467 
1418, 464.735816058169 
1419, 469.704391688661 
1420, 471.255473059368 
1421, 472.283641705036 
1422, 469.999791826967 
1423, 464.817851027395 
1424, 461.047734620346 
1425, 451.196681357 
1426, 434.453033583302 
1427, 417.897184932259 
1428, 399.452153974663 
1429, 376.239537357372 
1430, 354.307269409595 
1431, 332.088139203176 
1432, 308.477664637276 
1433, 287.934861272219 
1434, 270.172454002507 
1435, 255.068596235437 
1436, 237.346454605365 
1437, 217.756658670185 
1438, 202.142615238947 
1439, 184.324039800376 
1440, 172.034165382937 
1441, 166.428957305627 
1442, 158.378373917814 
1443, 150.870095849127 
1444, 144.931627885187 
1445, 141.333333964299 
1446, 135.588059222699 
1447, 129.427534607275 
1448, 122.901344551408 
1449, 115.880392288303 
1450, 108.166288581145 
1451, 98.7921993891652 
1452, 92.9539019449693 
1453, 86.2479984577141 
1454, 81.5463736252821 
1455, 80.8787928128987 
1456, 80.4568646771006 
1457, 78.073059875966 
1458, 76.6730236977371 
1459, 73.8466359634069 
1460, 70.2208149337108 
1461, 66.625062434749 
1462, 64.0382953663429 
1463, 63.2205012179688 
1464, 56.9683904667101 
1465, 50.0737028979785 
1466, 38.4674883927699 
1467, 34.0261892593962 
1468, 31.4100735176163 
1469, 29.9457392472497 
1470, 33.9286099911234 
1471, 35.6727523913923 
1472, 35.4860736420266 
1473, 36.1892979630546 
1474, 40.2173318607776 
1475, 38.779316192226 
1476, 30.6156830498896 
1477, 29.2310628277322 
1478, 30.0763774289273 
1479, 29.9631993240092 
1480, 37.1286404809384 
1481, 37.3363929424364 
1482, 28.6648550017563 
1483, 25.4408368926417 
1484, 19.6801340577585 
1485, 18.2227235582193 
1486, 21.9117410752442 
1487, 26.7822794603679 
1488, 29.4089875855086 
1489, 34.8171976166492 
1490, 32.8260743447743 
1491, 26.6787860711624 
1492, 27.0882544884767 
1493, 27.1557440525418 
1494, 30.451077481092 
1495, 39.3119507990815 
1496, 36.7085241594552 
1497, 31.1990651723794 
1498, 29.4717840955642 
1499, 24.4912712071499 
1500, 23.666876776545 
1501, 29.8629419498935 
1502, 29.4549405317776 
1503, 27.0881421232026 
1504, 24.9147319563882 
1505, 18.3550871549671 
1506, 15.8329452033705 
1507, 14.3711562994115 
1508, 15.1801860700372 
1509, 18.8408183838024 
1510, 23.392678301387 
1511, 32.0380785327589 
1512, 34.6263498946662 
1513, 37.518210958873 
1514, 36.7619799396836 
1515, 27.1830389729971 
1516, 24.8539130783672 
1517, 25.0296766241479 
1518, 22.6526653085457 
1519, 24.93532048455 
1520, 23.1307121209956 
1521, 15.1325593071097 
1522, 10.2772384116009 
1523, 8.94725224358114 
1524, 7.78975614623455 
1525, 12.5390112474725 
1526, 18.2269324463035 
1527, 24.9518139276651 
1528, 31.2811530256217 
1529, 31.1297195677376 
1530, 33.556075129766 
1531, 37.2862254465811 
1532, 35.5582098883877 
1533, 40.1961333191206 
1534, 43.8498526178484 
1535, 45.8401074719571 
1536, 46.4142991931997 
1537, 47.5507079329706 
1538, 47.7510233125005 
1539, 49.1612420220686 
1540, 50.0814461752753 
1541, 52.0930462310165 
1542, 57.5930962839067 
1543, 56.5304940528094 
1544, 51.9261340434738 
1545, 49.7780233029364 
1546, 43.4178169292043 
1547, 42.1753310249541 
1548, 46.0920469122801 
1549, 47.2224567586047 
1550, 48.676223808594 
1551, 48.5284818065789 
1552, 48.8556385315286 
1553, 46.7989445455498 
1554, 38.9581076952845 
1555, 38.2837831345728 
1556, 37.7288262546184 
1557, 40.5405064515722 
1558, 54.3570146123868 
1559, 59.8173026974011 
1560, 62.2257414031953 
1561, 64.9141109797851 
1562, 63.9823229428586 
1563, 62.2595972922488 
1564, 58.2354897326592 
1565, 58.209171641897 
1566, 57.7160770023129 
1567, 58.554450272536 
1568, 64.5514353780423 
1569, 69.5783015794344 
1570, 68.0857504930255 
1571, 69.5563578018857 
1572, 69.4818187718498 
1573, 65.8694970033322 
1574, 65.7792875748477 
1575, 69.8367795952156 
1576, 73.4284762350438 
1577, 75.8037997755923 
1578, 77.9377538454115 
1579, 77.4901948032846 
1580, 78.3333576956872 
1581, 80.690533570036 
1582, 79.6212671686008 
1583, 75.3630514322497 
1584, 74.8842141163474 
1585, 72.9793666033847 
1586, 74.5783807196943 
1587, 80.4629290976763 
1588, 85.5058582031889 
1589, 92.3248771592565 
1590, 95.7664341188314 
1591, 99.1103967516997 
1592, 100.692249835842 
1593, 98.9713166995904 
1594, 98.5679191133759 
1595, 97.3511600622707 
1596, 98.219607192461 
1597, 98.6868499512426 
1598, 102.454569242802 
1599, 113.162394035186 
1600, 114.178541466111 
1601, 111.176503992722 
1602, 109.728889027912 
1603, 101.581134850673 
1604, 99.4900635898513 
1605, 101.922560678642 
1606, 104.24284916861 
1607, 107.853472358425 
1608, 111.185381246583 
1609, 118.599724825009 
1610, 120.25490319554 
1611, 117.781987347608 
1612, 117.096641437541 
1613, 112.409879565948 
1614, 111.844108208042 
1615, 115.217492863286 
1616, 116.302922586789 
1617, 116.762178351218 
1618, 119.292985430628 
1619, 123.969995536351 
1620, 126.003731939915 
1621, 127.475336572172 
1622, 129.618555706569 
1623, 129.494363302468 
1624, 130.375678925734 
1625, 135.519342636766 
1626, 136.557890102066 
1627, 134.722788424001 
1628, 132.607185400597 
1629, 125.196015355562 
1630, 123.105722343543 
1631, 122.783854609025 
1632, 124.392840931214 
1633, 132.828302643395 
1634, 137.285852827114 
1635, 141.635763255605 
1636, 143.858341511991 
1637, 142.927607200775 
1638, 141.847717207761 
1639, 138.708172947433 
1640, 136.453496026332 
1641, 133.905383746971 
1642, 131.818719859928 
1643, 128.275532816424 
1644, 128.263897353324 
1645, 132.354129408487 
1646, 134.064940159214 
1647, 137.062472485447 
1648, 139.715791937799 
1649, 139.636520844708 
1650, 140.617474569632 
1651, 143.9363224243 
1652, 144.970133676293 
1653, 148.413047016883 
1654, 153.016820988599 
1655, 154.497418144435 
1656, 155.693700365753 
1657, 157.430624093245 
1658, 157.809675392022 
1659, 156.457957045058 
1660, 154.614163487176 
1661, 156.287503866205 
1662, 156.998514309937 
1663, 157.334878455199 
1664, 161.773273975172 
1665, 162.752009915684 
1666, 158.461082596644 
1667, 160.354263474358 
1668, 166.649025109745 
1669, 168.144394164037 
1670, 169.162666261544 
1671, 169.736445648166 
1672, 167.445756634444 
1673, 169.197752582062 
1674, 174.368503335944 
1675, 173.641424366718 
1676, 171.028564526026 
1677, 170.773562235026 
1678, 167.072870686855 
1679, 168.75839499289 
1680, 176.229492097381 
1681, 178.364585876143 
1682, 178.554000963494 
1683, 181.561195951064 
1684, 184.808082023679 
1685, 186.634363593457 
1686, 189.578530741839 
1687, 192.518829410274 
1688, 195.465360656945 
1689, 193.369807815622 
1690, 189.150302869527 
1691, 188.419729273838 
1692, 183.701434310366 
1693, 183.443885040403 
1694, 189.601538837305 
1695, 191.523524639071 
1696, 190.182301727811 
1697, 192.373964956854 
1698, 197.103017250662 
1699, 200.248974920932 
1700, 205.022581621475 
1701, 205.335946323391 
1702, 202.574424636811 
1703, 202.691725580742 
1704, 201.926980977851 
1705, 198.67173134206 
1706, 194.3384552204 
1707, 195.917013120782 
1708, 196.136828210752 
1709, 201.435207242353 
1710, 216.748773157116 
1711, 220.432152564449 
1712, 220.060672811084 
1713, 220.146594144354 
1714, 216.152622714226 
1715, 219.204516997358 
1716, 216.158366394998 
1717, 212.065336779766 
1718, 214.963793861977 
1719, 217.335525039117 
1720, 219.929850734372 
1721, 225.890093778905 
1722, 225.613784719478 
1723, 224.668836249354 
1724, 226.655366458238 
1725, 227.568870878196 
1726, 231.83871355014 
1727, 229.205635397297 
1728, 224.124779035349 
1729, 227.439739468527 
1730, 226.853863428098 
1731, 224.908743537819 
1732, 229.452585910689 
1733, 231.138346615928 
1734, 227.937041073471 
1735, 231.909206942675 
1736, 238.894935638576 
1737, 236.715873198307 
1738, 237.226926794652 
1739, 241.740833925482 
1740, 237.89569410856 
1741, 237.595919974163 
1742, 239.754006774093 
1743, 231.408589394196 
1744, 224.36944851651 
1745, 221.258419265392 
1746, 216.150924258693 
1747, 215.104667071644 
1748, 215.877260367278 
1749, 215.840876885324 
1750, 214.351791226423 
1751, 213.670032217262 
1752, 217.971533250713 
1753, 216.72002021483 
1754, 214.620525818832 
1755, 215.130181418866 
1756, 212.887971502409 
1757, 214.475863058476 
1758, 217.671945224171 
1759, 219.147119661132 
1760, 218.927033831149 
1761, 219.059384871285 
1762, 217.989089116099 
1763, 220.830142040608 
1764, 221.951093104479 
1765, 224.760857445177 
1766, 223.350753447302 
1767, 213.872285061078 
1768, 209.116873412184 
1769, 206.678861532219 
1770, 203.090495680914 
1771, 202.765097962648 
1772, 202.306027817695 
1773, 200.89190258488 
1774, 195.669331516178 
1775, 185.871035425923 
1776, 182.122012990752 
1777, 176.90268455923 
1778, 176.494249836682 
1779, 186.854858251044 
1780, 189.764036994917 
1781, 188.92788197007 
1782, 190.354243047064 
1783, 190.80020282562 
1784, 189.811056210689 
1785, 190.213553981324 
1786, 188.267575002743 
1787, 184.197953738825 
1788, 178.949301068174 
1789, 171.478156576121 
1790, 167.044738448612 
1791, 163.309756333724 
1792, 158.095271863769 
1793, 154.778367659606 
1794, 150.146037877914 
1795, 140.530199043651 
1796, 134.545180910715 
1797, 128.470681236231 
1798, 118.418856902632 
1799, 113.111275606374 
1800, 102.864301491416 
1801, 682.967365505308 
1802, 643.309819299218 
1803, 611.658986409395 
1804, 583.324514822282 
1805, 558.6159138608 
1806, 547.462335544408 
1807, 536.555630770934 
1808, 517.309587098821 
1809, 496.768391647579 
1810, 481.818085667198 
1811, 466.411616458153 
1812, 437.543191723159 
1813, 397.592896447641 
1814, 387.63108871672 
1815, 357.730228695085 
1816, 335.380482045692 
1817, 327.113308133806 
1818, 320.096897751556 
1819, 319.031347422217 
1820, 325.75264290731 
1821, 320.070709322672 
1822, 319.663523851077 
1823, 313.587447579993 
1824, 286.268279345724 
1825, 254.202589653971 
1826, 237.916111684986 
1827, 218.031617494834 
1828, 192.179268989773 
1829, 167.625336062826 
1830, 142.450009710088 
1831, 108.054736382833 
1832, 73.9004299746743 
1833, 66.8850266857817 
1834, 62.0738116235569 
1835, 35.1840192522636 
1836, 40.4917629434798 
1837, 58.4630915902195 
1838, 41.6702824719061 
1839, 34.8319212012047 
1840, 43.5235506076783 
1841, 35.6813524729801 
1842,-1.21029959280119 
1843,-1.84005605716537 
1844, 25.2185156397758 
1845, 46.4692831792796 
1846, 54.0075624179654 
1847, 64.225607556835 
1848, 54.5271773108431 
1849, 39.9704524816743 
1850, 34.4663190677724 
1851, 42.0948884688222 
1852, 42.5247717397471 
1853, 37.1531986657086 
1854, 40.2791634797735 
1855, 36.6205825272716 
1856, 34.8174188178965 
1857, 52.6464044861224 
1858, 53.7630932291437 
1859, 57.7214313496862 
1860, 70.0816497092967 
1861, 76.4304043680683 
1862, 60.1616016258193 
1863, 56.2219350004095 
1864, 35.2726315208962 
1865, 27.6977948007727 
1866, 36.0805980877429 
1867, 33.3658034362795 
1868, 51.2796633215272 
1869, 61.1474600475153 
1870, 64.8843334515601 
1871, 58.8395877889187 
1872, 66.8567531731602 
1873, 60.0696831644106 
1874, 55.7525535885474 
1875, 61.4460297245575 
1876, 58.7239115113062 
1877, 82.1086153943198 
1878, 91.3646683749494 
1879, 84.5075123004565 
1880, 88.6981457724465 
1881, 98.3813437995427 
1882, 84.7179800218196 
1883, 80.1823190998769 
1884, 77.2815765297853 
1885, 67.0148922001678 
1886, 45.8414031794646 
1887, 19.0523341696965 
1888, 14.8689521914993 
1889, 1.75236799042444 
1890,-8.23177550250846 
1891,-0.671655423459159 
1892, 31.6751505032751 
1893, 49.9419695982411 
1894, 51.4315313990924 
1895, 65.8714752780944 
1896, 55.571528950446 
1897, 43.9493301618565 
1898, 58.1822774151626 
1899, 44.716831486801 
1900, 30.1526873948343 
1901, 1.83270571619454 
1902,-11.761389958288 
1903,-31.5722907796208 
1904,-29.0966722938202 
1905,-33.3932787698973 
1906,-30.7534785469818 
1907,-14.6416493108838 
1908,-8.33351323625032 
1909,-1.76502382929547 
1910, 11.0477605922264 
1911, 13.5956861183121 
1912,-11.881543248207 
1913,-10.2900371741644 
1914, 8.63222963943469 
1915, 14.6172940227523 
1916, 24.3807003165435 
1917, 31.1395646252814 
1918, 19.3178487389471 
1919, 25.1799169043881 
1920, 24.9091616142401 
1921, 21.0639330539646 
1922, 17.3172485237539 
1923,-2.23665029530015 
1924,-1.67589983277452 
1925, 8.4829904005215 
1926, 24.8982919174165 
1927, 39.0939236957776 
1928, 70.6863854225201 
1929, 77.8879972179739 
1930, 71.0418070895055 
1931, 81.5258156651543 
1932, 82.7357620348664 
1933, 82.9352198062911 
1934, 89.0085177998185 
1935, 86.4447729302037 
1936, 75.5850068440423 
1937, 62.9439180029551 
1938, 45.4795731827371 
1939, 37.3246112903995 
1940, 31.3702436400784 
1941, 20.4887237677018 
1942, 21.0575385196823 
1943, 21.4237290981065 
1944, 22.3639109295797 
1945, 22.9606974783664 
1946, 28.0895686905761 
1947, 50.4725630277441 
1948, 47.4197944650577 
1949, 28.863890992629 
1950, 18.6915004074377 
1951,-6.07189016566574 
1952,-26.9023867451464 
1953,-17.7650708119235 
1954,-12.1610277643158 
1955,-1.81366267404915 
1956, 20.9846139744727 
1957, 27.7041731774606 
1958, 31.007392273514 
1959, 36.5377626805928 
1960, 31.4075966559624 
1961, 40.5643254754567 
1962, 50.356032921902 
1963, 45.4380666464966 
1964, 31.7309392656025 
1965, 24.7280712169197 
1966, 21.5305596629603 
1967, 12.6679686971907 
1968, 17.0475948398209 
1969, 45.5473394651189 
1970, 45.6725498408543 
1971, 35.3225718498442 
1972, 33.3417610898729 
1973, 20.8558332070954 
1974, 6.55496300076113 
1975, 18.08633089121 
1976, 20.3053838097661 
1977, 19.6799808349307 
1978, 30.1006826701162 
1979, 35.1328183389137 
1980, 42.2991560669205 
1981, 45.388743848016 
1982, 51.2714829283946 
1983, 43.2608464477185 
1984, 13.0450188914694 
1985, 2.34015362868102 
1986,-5.57091421933847 
1987,-10.4163055946095 
1988,-11.828922264186 
1989,-3.69940047176237 
1990, 1.90408967859074 
1991, 7.27010619535273 
1992, 5.16273153959373 
1993,-5.89799706592842 
1994, 2.99720857048577 
1995, 22.2280613205083 
1996, 27.9533098590947 
1997, 40.8223257845315 
1998, 59.4778561039347 
1999, 47.8824742888122 
2000, 21.6230308842555 
2001, 25.8797519939681 
2002, 22.2627754335402 
2003, 20.0272013455695 
2004, 26.3350674999315 
2005, 22.6876053942719 
2006, 3.91492997800792 
2007, 4.86172242284376 
2008, 13.2203812601887 
2009, 18.6251223322604 
2010, 35.4725688142286 
2011, 48.8713682493126 
2012, 44.6851544718722 
2013, 36.4082113664135 
2014, 33.9784034982464 
2015, 24.7598688077517 
2016, 22.8576909217804 
2017, 35.285827857608 
2018, 31.2723267083558 
2019, 15.9872716770389 
2020, 14.3392565598382 
2021, 1.63243315624696 
2022, 5.54705008233554 
2023, 31.9598786868513 
2024, 52.2715526782917 
2025, 56.1616314815349 
2026, 72.1277524374502 
2027, 79.2284793078891 
2028, 73.4721227702284 
2029, 79.0054125292345 
2030, 92.3891947935559 
2031, 97.7291672468626 
2032, 109.601573808241 
2033, 100.264363775432 
2034, 68.4245094717123 
2035, 54.7066823834884 
2036, 31.5596674102689 
2037, 19.8618456816707 
2038, 23.8622811019438 
2039, 29.6579938194035 
2040, 38.6569443671967 
2041, 50.5716808459066 
2042, 63.662980139441 
2043, 94.1532477436522 
2044, 97.1616169660264 
2045, 88.2133991517998 
2046, 72.368614120588 
2047, 22.8554904971521 
2048, 8.57193752847824 
2049, 5.4595850092231 
2050, 6.10620535217786 
2051, 29.260941704272 
2052, 48.8035167069644 
2053, 54.1224808020927 
2054, 62.5080229220556 
2055, 60.0471440681574 
2056, 47.978949685415 
2057, 39.8094689050504 
2058, 22.2394832552007 
2059, 14.5310799757175 
2060, 12.1054844218011 
2061, 9.58877203958587 
2062, 8.9981825923008 
2063, 12.1226866663801 
2064, 27.7976872329318 
2065, 27.6490671779222 
2066, 10.5355674134282 
2067, 8.98504559306782 
2068, 15.6425876371109 
2069, 14.982819241875 
2070, 28.9971766866361 
2071, 85.2297773126516 
2072, 82.2933467298455 
2073, 43.5064246633839 
2074, 32.9975768624121 
2075, 0.957120425125866 
2076,-12.044572921537 
2077, 7.91642701990988 
2078, 9.65198993579281 
2079,-1.25755800269925 
2080,-3.16560076503217 
2081, 4.74366671355999 
2082,-3.88693179905887 
2083, 0.789663451786736 
2084, 6.20605824237143 
2085, 24.2570702034777 
2086, 59.1587561747082 
2087, 77.4702139149948 
2088, 107.902507960833 
2089, 112.267243134682 
2090, 86.4030586678876 
2091, 76.8102806382558 
2092, 60.5936406988997 
2093, 51.0074842261583 
2094, 53.3576391877854 
2095, 49.2719238973797 
2096, 39.8829176985402 
2097, 33.5212005495805 
2098, 31.6611099061075 
2099, 32.3163439389949 
2100, 30.5406970771298 
2101, 29.8079141278422 
2102, 34.109472937954 
2103, 41.7434781366009 
2104, 42.584040609173 
2105, 45.3720238689448 
2106, 48.7570581174313 
2107, 39.4246349642758 
2108, 43.1659715167656 
2109, 67.1791603742814 
2110, 73.7399037494362 
2111, 71.8697227587901 
2112, 78.3681584027172 
2113, 62.283089148539 
2114, 49.2727802354279 
2115, 45.3369143897319 
2116, 45.5968496708433 
2117, 43.8284141991051 
2118, 48.891419762924 
2119, 50.7969616231485 
2120, 45.5214383358611 
2121, 49.7325918330532 
2122, 64.6050944860828 
2123, 71.6286349843302 
2124, 75.7114027773755 
2125, 83.3060490762332 
2126, 90.9407974056643 
2127, 94.9036411025021 
2128, 93.6056435898752 
2129, 107.977755708288 
2130, 111.44662787667 
2131, 111.04508684633 
2132, 108.937605197371 
2133, 107.63322999176 
2134, 101.137986798181 
2135, 75.294080219441 
2136, 81.1384136286494 
2137, 107.095075654718 
2138, 117.540352201283 
2139, 147.886998138049 
2140, 156.173448877316 
2141, 128.609649652967 
2142, 128.076974265739 
2143, 147.380849738299 
2144, 147.841516218389 
2145, 145.034350348586 
2146, 147.052487538932 
2147, 126.47829330336 
2148, 123.527322722554 
2149, 132.033732484504 
2150, 162.982706323349 
2151, 175.657326879269 
2152, 197.225845824351 
2153, 198.992258110867 
2154, 187.083927809707 
2155, 175.939179571056 
2156, 143.047182192132 
2157, 133.517836691097 
2158, 134.897158216776 
2159, 133.415210810414 
2160, 145.145577577965 
2161, 152.338848179803 
2162, 158.302154737137 
2163, 159.288920163973 
2164, 158.851641468075 
2165, 151.730128102374 
2166, 159.192885720332 
2167, 164.595573337181 
2168, 177.413570668029 
2169, 211.306193312438 
2170, 222.654545927484 
2171, 225.821332938825 
2172, 226.539104423506 
2173, 215.769312763049 
2174, 212.634956552786 
2175, 202.620401635018 
2176, 206.699084510601 
2177, 227.514286383645 
2178, 235.935833105905 
2179, 248.84273152549 
2180, 256.122645544068 
2181, 243.465515798551 
2182, 244.907833129575 
2183, 253.034340375059 
2184, 265.536410908513 
2185, 283.364112724246 
2186, 296.21790004971 
2187, 300.477768051828 
2188, 297.283067474188 
2189, 295.683518558617 
2190, 283.668891753193 
2191, 285.913365024877 
2192, 293.900424224862 
2193, 301.390602080731 
2194, 324.40194517294 
2195, 326.987061714871 
2196, 308.397279651835 
2197, 311.033028667882 
2198, 312.916328789964 
2199, 317.956098279917 
2200, 344.18492361549 
2201, 359.162124605328 
2202, 365.491912511321 
2203, 373.056786613524 
2204, 379.987481992755 
2205, 387.361232136755 
2206, 392.222323623332 
2207, 392.688148825015 
2208, 394.998746438752 
2209, 397.671565887337 
2210, 398.189634761199 
2211, 390.756186194419 
2212, 402.710734307937 
2213, 423.401965896279 
2214, 439.097784998214 
2215, 475.809638495795 
2216, 483.92346659255 
2217, 473.657519570599 
2218, 467.547053112683 
2219, 439.327507458638 
2220, 433.874394091808 
2221, 440.774835666093 
2222, 444.758682239382 
2223, 470.886033166962 
2224, 476.267575574098 
2225, 467.54130732775 
2226, 458.730953171948 
2227, 438.133497168149 
2228, 412.886707849688 
2229, 408.321333825442 
2230, 413.292829804881 
2231, 423.319270207937 
2232, 452.432687919681 
2233, 464.439570176665 
2234, 471.549668116483 
2235, 480.785482281905 
2236, 487.901485181209 
2237, 495.850279613542 
2238, 509.915621337473 
2239, 512.8712416604 
2240, 509.269106566174 
2241, 503.636852350483 
2242, 489.131203711346 
2243, 479.270029907325 
2244, 467.248134377781 
2245, 459.551586200821 
2246, 446.982734729296 
2247, 448.499395695782 
2248, 469.1840466701 
2249, 476.267488794475 
2250, 488.275066107531 
2251, 495.547916544329 
2252, 491.517741789534 
2253, 484.306882471344 
2254, 494.431904566577 
2255, 492.65256322471 
2256, 490.591197633303 
2257, 482.37986143671 
2258, 467.168433083631 
2259, 439.554272156268 
2260, 419.562780806302 
2261, 393.807358714381 
2262, 380.134831858508 
2263, 370.978095871173 
2264, 365.189986171476 
2265, 367.479455793549 
2266, 369.309039780646 
2267, 377.507076499575 
2268, 377.75922799382 
2269, 376.660986018 
2270, 373.155935316755 
2271, 362.989953268944 
2272, 354.858952904995 
2273, 350.107362768572 
2274, 342.888250639324 
2275, 331.705640399354 
2276, 322.973718384723 
2277, 316.413480097126 
2278, 302.642289837934 
2279, 278.687229233922 
2280, 267.44690588658 
2281, 252.444635753244 
2282, 253.802194037159 
2283, 269.276839484265 
2284, 267.695405339438 
2285, 267.231220877725 
2286, 268.835635713872 
2287, 259.417607108265 
2288, 266.817345881693 
2289, 263.057035450032 
2290, 255.989088951289 
2291, 244.685211688638 
2292, 229.238889808578 
2293, 214.606086425075 
2294, 189.644943698082 
2295, 187.837770052054 
2296, 199.630727653423 
2297, 201.176588602459 
2298, 215.117183638192 
2299, 216.27518694545 
2300, 206.296580086413 
2301, 195.870560354062 
2302, 179.40383212199 
2303, 171.319453556096 
2304, 162.098839976424 
2305, 156.040448482481 
2306, 159.436101578955 
2307, 154.908476351645 
2308, 142.263522462583 
2309, 134.56166995125 
2310, 127.425208447421 
2311, 125.103391255489 
2312, 128.831864004784 
2313, 132.72450894754 
2314, 143.609101701772 
2315, 147.931789848629 
2316, 136.540732350524 
2317, 111.763898432426 
2318, 94.5634857423815 
2319, 79.0212797188661 
2320, 83.9418084154951 
2321, 99.0609294542795 
2322, 101.173244403275 
2323, 109.156937818315 
2324, 103.061487314106 
2325, 93.5586314383264 
2326, 102.32405487093 
2327, 100.644286663967 
2328, 107.610908811917 
2329, 131.399310007102 
2330, 137.271316253118 
2331, 143.160332218676 
2332, 129.527540655755 
2333, 94.2148115062826 
2334, 78.9687359989728 
2335, 51.0738307158971 
2336, 42.7193727455619 
2337, 63.966861757342 
2338, 61.8010801809586 
2339, 48.8192766270059 
2340, 45.023247848098 
2341, 33.2044252712471 
2342, 36.0084961090952 
2343, 59.6706791522404 
2344, 68.3939597698441 
2345, 80.6400509559871 
2346, 78.9220550359895 
2347, 59.6383026550512 
2348, 49.380768059556 
2349, 29.6509635433608 
2350, 26.1543990123657 
2351, 33.5248894942095 
2352, 42.197753423533 
2353, 70.2591514145701 
2354, 74.8348059617007 
2355, 71.0994198179814 
2356, 64.0809242395026 
2357, 29.792769220105 
2358, 21.6687322552073 
2359, 35.6957866335089 
2360, 32.1713653363159 
2361, 35.9521906268323 
2362, 30.1889071799654 
2363, 3.89605789378293 
2364,-14.9413434523277 
2365,-17.5888910499277 
2366,-29.3487989255135 
2367,-17.331016014317 
2368, 3.67700523950018 
2369, 31.2775301641119 
2370, 64.5180135850251 
2371, 70.140759069597 
2372, 78.1253702250876 
2373, 76.3946440730513 
2374, 57.3869855564037 
2375, 44.9589695167461 
2376, 25.4642830953408 
2377, 18.0117468254673 
2378, 24.5092065042938 
2379, 28.711122295706 
2380, 42.3689843633493 
2381, 46.6025962799712 
2382, 43.7777610478356 
2383, 56.2160982342675 
2384, 60.4174683524957 
2385, 51.8632645254335 
2386, 45.3485004324529 
2387, 29.360927932955 
2388, 25.0749123906969 
2389, 37.2519311737308 
2390, 41.902781631495 
2391, 58.9419725972847 
2392, 71.9243386239427 
2393, 85.950189022735 
2394, 106.499828534069 
2395, 114.268748100119 
2396, 120.716807660247 
2397, 90.8146152418591 
2398, 49.2002048877571 
2399, 35.393979072776 
2400, 19.6251688149305 
2401, 11.2893373580885 
2402, 15.761004457469 
2403, 9.32590228845786 
2404, 1.36400277150896 
2405, 4.7645401264366 
2406, 24.3670885782617 
2407, 30.5575713046999 
2408, 38.2854980498076 
2409, 40.9442963424275 
2410, 39.6025894237842 
2411, 32.478789973056 
2412, 16.0873125369719 
2413, 10.076427151055 
2414,-0.533549309726868 
2415, 7.06178547570058 
2416, 35.1440672381141 
2417, 36.4146071606375 
2418, 37.4019197723114 
2419, 31.576644397884 
2420, 7.15942474727818 
2421,-10.0090922619207 
2422,-31.5304297400907 
2423,-40.2810427718853 
2424,-45.996222710821 
2425,-35.7375052943876 
2426,-4.66560946943278 
2427, 11.4978616585413 
2428, 25.0022077254899 
2429, 36.1596439290736 
2430, 50.5632144077227 
2431, 50.0719621215848 
2432, 44.1573436496634 
2433, 33.1561976325111 
2434, 0.777094896305908 
2435,-5.20536395576552 
2436,-4.37115307901278 
2437, 4.3840083548531 
2438, 31.3572654033628 
2439, 39.3623222057737 
2440, 51.678315525852 
2441, 47.3870835605803 
2442, 28.9718120466898 
2443, 11.876238931767 
2444,-19.5455935258587 
2445,-44.2632446950629 
2446,-56.4403672375763 
2447,-45.8810490918365 
2448,-21.5065250051947 
2449,-0.429704072729546 
2450, 18.9251676790967 
2451, 26.0904066109498 
2452, 10.0370637525416 
2453, 21.6092405968946 
2454, 24.7598936820287 
2455, 5.33352118846502 
2456, 2.59009600242535 
2457,-20.8257714748984 
2458,-28.3394058335432 
2459,-4.24510871174314 
2460, 10.8204462948518 
2461, 38.9772235002089 
2462, 56.3805132935027 
2463, 39.9836389098325 
2464, 48.8383294671526 
2465, 46.4133611369368 
2466, 36.1343973493588 
2467, 58.1189165046653 
2468, 62.0109715238785 
2469, 57.2776219337641 
2470, 52.1994973288231 
2471, 54.6384496775736 
2472, 55.0778007929354 
2473, 50.5907123423451 
2474, 57.2899604516157 
2475, 52.2376046581881 
2476, 46.8847633217547 
2477, 50.5614652256699 
2478, 57.4969951523329 
2479, 52.1683379775819 
2480, 37.635950417845 
2481, 39.8840086868583 
2482, 40.8816676787481 
2483, 42.262078670143 
2484, 57.8014384643355 
2485, 50.5495307172057 
2486, 29.6328215568895 
2487, 37.7377117429196 
2488, 41.2764686625478 
2489, 37.5320525951505 
2490, 44.2272282555094 
2491, 13.9085610185384 
2492,-19.0881644149955 
2493,-22.3994094578935 
2494,-23.9760541511886 
2495,-5.76501464758758 
2496, 14.8609268187937 
2497, 38.6885975417899 
2498, 42.2752724532043 
2499, 28.0052570436989 
2500, 24.8868981717929 
