Wavelength,0212202100032.asd
350, 3741.25574251526 
351, 3933.33674826264 
352, 4109.69874942458 
353, 4258.93737781898 
354, 4408.61078651666 
355, 4566.81109741777 
356, 4732.58577382526 
357, 4895.60561369773 
358, 5065.46071240421 
359, 5249.03250402505 
360, 5454.34466543829 
361, 5702.3269853091 
362, 5982.84601224015 
363, 6283.58632222684 
364, 6592.92941135058 
365, 6906.00538741562 
366, 7204.3452768489 
367, 7464.28704350508 
368, 7657.88108641217 
369, 7771.75374024072 
370, 7813.48236435781 
371, 7805.33209172792 
372, 7779.63464949385 
373, 7773.03430858951 
374, 7790.49088672331 
375, 7813.82459753872 
376, 7836.70041753385 
377, 7850.27447862632 
378, 7835.62152358067 
379, 7761.6133033438 
380, 7669.45695102757 
381, 7566.9205189948 
382, 7451.58358966561 
383, 7314.64282389787 
384, 7174.98652540674 
385, 7082.06623022978 
386, 7095.53318021353 
387, 7247.36787058633 
388, 7451.38141780726 
389, 7624.84842343508 
390, 7709.16888224054 
391, 7804.48881053124 
392, 7893.19089968044 
393, 7958.83263493304 
394, 8027.15597083532 
395, 8210.58666941455 
396, 8558.62479727946 
397, 9086.47543289367 
398, 9806.72392476307 
399, 10624.160265395 
400, 11464.3815176225 
401, 12279.093678232 
402, 13045.1647299301 
403, 13677.5844101311 
404, 14141.6275718592 
405, 14504.5865089363 
406, 14793.6404767696 
407, 15054.8543426316 
408, 15343.7133171784 
409, 15732.3652755096 
410, 16195.6405129357 
411, 16705.329159081 
412, 17233.3862937055 
413, 17759.8271152068 
414, 18278.0718764327 
415, 18773.5442797433 
416, 19211.3360311151 
417, 19633.915838298 
418, 20067.076323787 
419, 20512.7303209677 
420, 20901.4280359823 
421, 21297.1380958075 
422, 21729.8554236518 
423, 22192.5179384033 
424, 22614.6390164477 
425, 22945.7455195501 
426, 23139.1143442524 
427, 23141.3702699786 
428, 23060.4974422284 
429, 23098.2620308063 
430, 23405.9136059574 
431, 23833.7672231616 
432, 24405.5358003232 
433, 25245.5537109836 
434, 26494.7544405693 
435, 27781.3702603458 
436, 28763.8126897971 
437, 29387.1143365135 
438, 30049.3560997105 
439, 30724.3195898397 
440, 31363.7609402131 
441, 31953.295854423 
442, 32702.8471035567 
443, 33483.2219212505 
444, 34198.2415154183 
445, 34792.3905638338 
446, 35265.4493887701 
447, 35695.9707809032 
448, 36160.6972359858 
449, 36722.6326737541 
450, 37182.040300407 
451, 37421.246618466 
452, 37406.9332025213 
453, 37310.682819435 
454, 37107.4807688421 
455, 36853.0944360622 
456, 36676.4669048992 
457, 36637.3557612051 
458, 36653.0839104278 
459, 36634.6388483545 
460, 36540.6825756266 
461, 36399.3706720744 
462, 36245.2951333366 
463, 36094.0937536213 
464, 35852.1308191329 
465, 35482.3055702121 
466, 35031.4254906867 
467, 34624.5889423077 
468, 34276.5626656843 
469, 34020.2641183561 
470, 33872.8701355953 
471, 33825.6538341058 
472, 33796.1937743491 
473, 33793.6821210278 
474, 33852.0343874188 
475, 33847.4299917791 
476, 33820.0502391971 
477, 33809.3197518768 
478, 33833.9597486946 
479, 33951.749022044 
480, 34106.9252757149 
481, 34206.8770351755 
482, 34168.8498584149 
483, 33897.5872558447 
484, 33344.1749150728 
485, 32536.7266015179 
486, 31776.9137231872 
487, 31252.3816048723 
488, 31113.8805052371 
489, 31501.6251115404 
490, 32084.5834743774 
491, 32553.7667825523 
492, 32719.4329932227 
493, 32783.9599521219 
494, 32883.6274387864 
495, 33076.3037899662 
496, 33332.5209069838 
497, 33409.7933100564 
498, 33312.4921609391 
499, 33098.6924106372 
500, 32818.7111746665 
501, 32615.445732016 
502, 32545.905061073 
503, 32632.6390375933 
504, 32958.3143803958 
505, 33393.2300680692 
506, 33821.2383017141 
507, 34161.5611736703 
508, 34417.879778849 
509, 34620.0036418857 
510, 34813.0575185127 
511, 35073.5903947472 
512, 35248.8566467693 
513, 35274.4406852809 
514, 35141.2858029539 
515, 34844.0156145589 
516, 34446.5218236303 
517, 34064.7844197645 
518, 33864.2274371911 
519, 34181.0612694293 
520, 35035.0835120747 
521, 36217.1216685149 
522, 37183.2484586883 
523, 37900.6455409466 
524, 38405.3065012714 
525, 38776.6312605251 
526, 38930.568682337 
527, 38997.4945620021 
528, 39221.0738704668 
529, 40039.1319022906 
530, 41082.55885822 
531, 41940.6033931264 
532, 42290.0994883891 
533, 42408.3316928342 
534, 42606.8576255302 
535, 43047.1165570497 
536, 43707.0364489776 
537, 44165.5979329639 
538, 44367.5699750641 
539, 44390.9361081886 
540, 44377.2264401267 
541, 44424.4260504533 
542, 44667.3651966114 
543, 45209.1243955053 
544, 45816.1889463813 
545, 46336.6116107619 
546, 46692.49591296 
547, 46895.5998426718 
548, 47033.1279912449 
549, 47198.5138454283 
550, 47447.4200900052 
551, 47701.7117491654 
552, 47894.5857001179 
553, 48034.8910486287 
554, 48189.160968223 
555, 48308.890843728 
556, 48265.4709096316 
557, 47990.5687163352 
558, 47542.0478586323 
559, 47172.1552340189 
560, 47020.9450793587 
561, 47129.1464546865 
562, 47361.2132339314 
563, 47492.2877460879 
564, 47418.4545165634 
565, 47188.3748055488 
566, 46862.8579764766 
567, 46541.2521585803 
568, 46282.0500534025 
569, 46009.8185400902 
570, 45645.2529349041 
571, 45300.5331622246 
572, 45189.9955471693 
573, 45265.8098356289 
574, 45275.0405907914 
575, 45063.0813367801 
576, 44672.7433834747 
577, 44326.9220411702 
578, 44150.7918703312 
579, 44201.8327525237 
580, 44434.9386963052 
581, 44844.7243582116 
582, 45337.5401167317 
583, 45740.9736397452 
584, 45991.5292679297 
585, 45972.8177072954 
586, 45673.0837558862 
587, 45325.5814685852 
588, 44907.4113997446 
589, 44328.8881271463 
590, 43580.6135932188 
591, 43382.8307598683 
592, 43641.9461690059 
593, 44015.2319228585 
594, 43959.3187765183 
595, 43716.9244192258 
596, 43394.4478094271 
597, 43050.9799524644 
598, 42670.1193964518 
599, 42207.6400726638 
600, 41707.9690465054 
601, 41275.6852413008 
602, 40938.5139805858 
603, 40764.0220274959 
604, 40751.6446187235 
605, 40794.2813563176 
606, 40695.4157518521 
607, 40456.4037949336 
608, 40163.3081325409 
609, 39876.0183009073 
610, 39603.9913456157 
611, 39360.3410500128 
612, 39159.9654207287 
613, 38943.6173239233 
614, 38686.6614347302 
615, 38405.8804435843 
616, 38189.115784024 
617, 38053.6480528113 
618, 38062.553489325 
619, 38253.4208224931 
620, 38426.9283994855 
621, 38440.0260137244 
622, 38248.4475947558 
623, 37922.0263199575 
624, 37562.9186246393 
625, 37228.7677781453 
626, 36946.7196800111 
627, 36710.9717684695 
628, 36470.3671149632 
629, 36232.138628841 
630, 36053.8475777222 
631, 36067.2811642797 
632, 36188.4669073069 
633, 36338.8687664917 
634, 36503.2221912988 
635, 36623.6008186417 
636, 36703.2412093638 
637, 36760.0565338465 
638, 36779.2331502073 
639, 36717.7977060392 
640, 36544.9571627678 
641, 36257.6868095383 
642, 36046.1347798817 
643, 35929.9614579105 
644, 35859.3823440349 
645, 35716.961986064 
646, 35497.7149090369 
647, 35229.8319082861 
648, 34962.9170589096 
649, 34737.537166181 
650, 34549.9597366951 
651, 34443.6201646042 
652, 34496.5695911768 
653, 34413.4860912699 
654, 34017.5942947818 
655, 33282.1136664551 
656, 32399.6733346685 
657, 31776.5964515949 
658, 31818.5497823344 
659, 32709.3026688506 
660, 33511.517884552 
661, 33945.1045454485 
662, 34031.8182928015 
663, 34073.2845193453 
664, 34032.8080390281 
665, 33976.328749759 
666, 33959.0710670591 
667, 33964.9602614617 
668, 33952.2978450951 
669, 33922.3311310377 
670, 33894.5301085757 
671, 33820.2891810674 
672, 33734.6012109965 
673, 33683.7336431078 
674, 33715.7751004692 
675, 33760.1868401795 
676, 33790.2745489243 
677, 33801.7538363002 
678, 33821.3747822677 
679, 33830.3314511714 
680, 33825.301386941 
681, 33811.3119086967 
682, 33790.2522368395 
683, 33713.9580752154 
684, 33436.1835104805 
685, 32687.7209511143 
686, 31355.6563874432 
687, 29537.6802344891 
688, 27686.7118358984 
689, 27052.1033725007 
690, 27704.8090875295 
691, 29097.8705102623 
692, 30333.1422241008 
693, 31417.0992327497 
694, 32201.7976286835 
695, 32667.7874231717 
696, 32976.2628266881 
697, 33224.812235609 
698, 33380.3007962725 
699, 33395.9356170637 
700, 33326.9920091056 
701, 33255.8524356441 
702, 33253.2328157705 
703, 33372.8333435776 
704, 33634.7085468508 
705, 33936.6350239952 
706, 34184.7778284232 
707, 34321.5583830313 
708, 34432.8756593835 
709, 34533.8704563595 
710, 34623.348567541 
711, 34716.7872098795 
712, 34776.4361069969 
713, 34792.8074594279 
714, 34762.3703824751 
715, 34620.984660118 
716, 34233.2758192364 
717, 33534.739487723 
718, 32562.8817503907 
719, 31750.9933186515 
720, 31467.4919085778 
721, 31854.8825714168 
722, 32628.4965904014 
723, 33144.4179975783 
724, 33213.5189157118 
725, 32990.0371255519 
726, 32969.3537640849 
727, 33069.2173032107 
728, 33182.3254367912 
729, 33243.7112299284 
730, 33440.2098016757 
731, 33803.7998362943 
732, 34295.0126644853 
733, 34813.3357013731 
734, 35250.6436479241 
735, 35518.6302883488 
736, 35579.5129081215 
737, 35532.9333198931 
738, 35465.6556565727 
739, 35395.1868967052 
740, 35287.4704133696 
741, 35244.0145767225 
742, 35277.5340356932 
743, 35375.2786918924 
744, 35514.3097001478 
745, 35601.6974852443 
746, 35633.6077126481 
747, 35630.0138983653 
748, 35579.2826150521 
749, 35455.6429984901 
750, 35288.1176140792 
751, 35141.7092170418 
752, 35065.8292517469 
753, 35045.3628496807 
754, 35041.7316829765 
755, 34997.2721896477 
756, 34821.6461287371 
757, 34096.2340422952 
758, 32129.9572643085 
759, 27706.9377348419 
760, 21270.3555387112 
761, 15096.9179743316 
762, 11850.8395857819 
763, 12043.0737792156 
764, 13993.4389730561 
765, 16892.964362503 
766, 20706.5726041597 
767, 24786.4017018627 
768, 28267.6629393579 
769, 30640.6050334097 
770, 31937.7427166212 
771, 32559.2527474208 
772, 32787.5712558751 
773, 32830.0232891539 
774, 32795.3518308945 
775, 32703.0760715464 
776, 32589.6384019647 
777, 32480.2964622144 
778, 32332.8227932732 
779, 32162.0263247975 
780, 31994.1154673137 
781, 31855.5829054897 
782, 31705.2400835062 
783, 31527.372193691 
784, 31327.382348755 
785, 31135.30184167 
786, 30947.5250860851 
787, 30731.8062342935 
788, 30462.0280665534 
789, 30149.0152139377 
790, 29812.8710511572 
791, 29461.3597777925 
792, 29100.9600830074 
793, 28751.8493064699 
794, 28470.7996690689 
795, 28290.0646203522 
796, 28207.8331530234 
797, 28145.103454443 
798, 28030.6305643973 
799, 27833.0698655192 
800, 27571.4126931465 
801, 27289.6322523465 
802, 27027.3163079916 
803, 26799.2176764394 
804, 26572.1094546766 
805, 26371.5780893014 
806, 26185.9082993705 
807, 25985.8412777389 
808, 25731.7291988624 
809, 25433.0797732641 
810, 25110.7612531263 
811, 24779.0688468962 
812, 24387.8758222887 
813, 23872.98233911 
814, 23221.2908184934 
815, 22480.825124138 
816, 21787.5739869158 
817, 21231.2463577351 
818, 20870.523144078 
819, 20731.5920508001 
820, 20671.751004539 
821, 20583.3808745531 
822, 20421.7619156017 
823, 20245.5440304223 
824, 20127.7654888455 
825, 20131.4296987433 
826, 20233.7843126549 
827, 20169.8305426697 
828, 19949.3795063167 
829, 19662.8179480303 
830, 19429.8756696611 
831, 19263.13879272 
832, 19129.5063404817 
833, 19015.3608779776 
834, 18927.4053592828 
835, 18873.6448783452 
836, 18837.3305676314 
837, 18786.8093859059 
838, 18681.4078141515 
839, 18533.4037622424 
840, 18357.1880812898 
841, 18166.0487909345 
842, 17968.4154081166 
843, 17763.5873440701 
844, 17559.5755228331 
845, 17361.7299075884 
846, 17169.223878554 
847, 16932.3803201367 
848, 16648.0575877363 
849, 16334.2084311 
850, 16016.905027531 
851, 15649.1933868556 
852, 15271.8309654955 
853, 14958.1967814863 
854, 14718.4829266499 
855, 14524.989831555 
856, 14434.7282909476 
857, 14523.7111846916 
858, 14656.4227720951 
859, 14679.2207407579 
860, 14565.0613470276 
861, 14398.7804840896 
862, 14201.4026868721 
863, 13948.2280482993 
864, 13643.660504251 
865, 13332.063920768 
866, 13037.6490179784 
867, 12788.9823516555 
868, 12625.3232981034 
869, 12595.3453249545 
870, 12619.3480454786 
871, 12598.4271802264 
872, 12486.1767075689 
873, 12332.6426373956 
874, 12169.8568901812 
875, 12006.2637539508 
876, 11842.9761577601 
877, 11684.0178849364 
878, 11531.6262100347 
879, 11381.111399492 
880, 11227.891941952 
881, 11073.8981289688 
882, 10921.4243106569 
883, 10776.9230098061 
884, 10643.4554039855 
885, 10511.1412903503 
886, 10366.4670782591 
887, 10213.6286809906 
888, 10063.6867081173 
889, 9920.75550923413 
890, 9778.72717025164 
891, 9622.22348300493 
892, 9434.35209844889 
893, 9210.8725676447 
894, 8955.32702325757 
895, 8673.39758726965 
896, 8373.99824554741 
897, 8071.10943290563 
898, 7783.66585194901 
899, 7541.47835070286 
900, 7372.0582736826 
901, 7266.13671053948 
902, 7210.63796369864 
903, 7182.32246843384 
904, 7153.57734837112 
905, 7109.57936379065 
906, 7032.84346540911 
907, 6909.76017399567 
908, 6739.1225677345 
909, 6559.32444017621 
910, 6408.29359094955 
911, 6297.66172881383 
912, 6216.15906437984 
913, 6148.44091816376 
914, 6082.03899106615 
915, 6014.0995789952 
916, 5950.30603607583 
917, 5901.21091327667 
918, 5859.65151508391 
919, 5819.93843272418 
920, 5779.03716709367 
921, 5736.42060121111 
922, 5680.80370936969 
923, 5602.55679019839 
924, 5496.03256762427 
925, 5364.12455110437 
926, 5208.10148164527 
927, 5021.15767220575 
928, 4793.38924312444 
929, 4527.33660612096 
930, 4226.79325989049 
931, 3906.78167869459 
932, 3592.0763035256 
933, 3313.8342536074 
934, 3091.18567464188 
935, 2937.7967748049 
936, 2857.16926033956 
937, 2831.86049289256 
938, 2844.93540562602 
939, 2873.45277231228 
940, 2897.2074662479 
941, 2916.59960076206 
942, 2918.04276888424 
943, 2889.89772852204 
944, 2830.15409770991 
945, 2758.08998757056 
946, 2697.2420927032 
947, 2658.64663748187 
948, 2641.63505522828 
949, 2634.0484971169 
950, 2624.01739996588 
951, 2609.98596623953 
952, 2594.18499203138 
953, 2576.99680623371 
954, 2557.92222347299 
955, 2541.09300151046 
956, 2529.13497458868 
957, 2519.33174295988 
958, 2508.92305719522 
959, 2500.27432830092 
960, 2495.27177756648 
961, 2492.82716069942 
962, 2489.47398079832 
963, 2487.85621496368 
964, 2488.37002057747 
965, 2487.39467344029 
966, 2483.24785204668 
967, 2474.60247088737 
968, 2460.40098359361 
969, 2440.52312384624 
970, 2419.71495378481 
971, 2394.12915067133 
972, 2360.64586013452 
973, 2318.55384238819 
974, 2271.58036709074 
975, 2221.56592371753 
976, 2173.15930034504 
977, 2130.79451222085 
978, 2093.90464677497 
979, 2062.14303072076 
980, 2033.9923981575 
981, 2007.0456946693 
982, 1978.16326864045 
983, 1949.18205756157 
984, 1919.76753475511 
985, 1888.94262018194 
986, 1855.69361767266 
987, 1819.19157317956 
988, 1782.35136627781 
989, 1745.61469585861 
990, 1706.54479446885 
991, 1667.42677270942 
992, 1629.6940850577 
993, 1592.93240353161 
994, 1555.74040896514 
995, 1518.43118706964 
996, 1481.04590772341 
997, 1442.83989138783 
998, 1403.88191474758 
999, 1367.4199134873 
1000, 1332.73937463127 
1001, 8377.57667898903 
1002, 8343.41487956061 
1003, 8307.03860889944 
1004, 8284.66485368389 
1005, 8275.17225432416 
1006, 8272.99297884309 
1007, 8283.87629079488 
1008, 8303.31344957981 
1009, 8324.656182023 
1010, 8353.77579750166 
1011, 8383.70797719121 
1012, 8418.77194989849 
1013, 8450.53239351109 
1014, 8484.2209984798 
1015, 8515.13566249813 
1016, 8544.16921019787 
1017, 8579.38018595256 
1018, 8616.39192192175 
1019, 8653.73076611108 
1020, 8692.32584014954 
1021, 8734.45471071077 
1022, 8779.25168206076 
1023, 8825.54101561722 
1024, 8875.57949193702 
1025, 8929.97622647618 
1026, 8982.276137195 
1027, 9035.07220760569 
1028, 9088.3854399044 
1029, 9136.27143654303 
1030, 9181.94206967714 
1031, 9220.31065070302 
1032, 9252.08433758615 
1033, 9295.80589798865 
1034, 9338.76451128024 
1035, 9376.95440911509 
1036, 9414.5641559352 
1037, 9457.49372208101 
1038, 9489.57891542418 
1039, 9516.81423086805 
1040, 9547.01819810959 
1041, 9574.40132879539 
1042, 9595.67203220238 
1043, 9616.25608104846 
1044, 9639.82458703826 
1045, 9662.55612810528 
1046, 9690.28815286904 
1047, 9720.56955163729 
1048, 9755.25197595852 
1049, 9788.54673082782 
1050, 9821.84859269981 
1051, 9857.2228580633 
1052, 9892.80485503626 
1053, 9923.11642155931 
1054, 9955.95808935493 
1055, 9991.73081069832 
1056, 10023.884835125 
1057, 10064.6213395779 
1058, 10109.3862085532 
1059, 10161.8772820773 
1060, 10223.3197952951 
1061, 10291.0043744046 
1062, 10366.5106518187 
1063, 10452.8666862784 
1064, 10543.3865388157 
1065, 10639.5249988136 
1066, 10748.5566302577 
1067, 10854.0774642438 
1068, 10965.3045892127 
1069, 11087.6892930762 
1070, 11218.8650152528 
1071, 11372.120397911 
1072, 11526.4276957427 
1073, 11675.66971329 
1074, 11833.3192505537 
1075, 11974.6268924849 
1076, 12107.0285723557 
1077, 12237.2149349623 
1078, 12352.864733277 
1079, 12457.0491228427 
1080, 12548.4189387188 
1081, 12627.8827671654 
1082, 12704.2437255621 
1083, 12778.4120787135 
1084, 12854.233875964 
1085, 12928.6116558662 
1086, 12994.6251810798 
1087, 13058.3759833617 
1088, 13109.4783270061 
1089, 13159.0562135776 
1090, 13189.0001965594 
1091, 13205.350088335 
1092, 13209.4690001902 
1093, 13198.0752269058 
1094, 13173.881527906 
1095, 13146.0386047755 
1096, 13118.343119446 
1097, 13087.2110138021 
1098, 13053.1909089807 
1099, 13024.5460193563 
1100, 12999.3997194952 
1101, 12969.2564956685 
1102, 12948.5095872704 
1103, 12910.204612995 
1104, 12870.3743093429 
1105, 12810.7950560623 
1106, 12738.1243661252 
1107, 12635.1717407246 
1108, 12486.2935690448 
1109, 12291.6754223364 
1110, 12019.4013629127 
1111, 11686.2139463911 
1112, 11300.8224914764 
1113, 10828.7508801013 
1114, 10361.5950924159 
1115, 9820.35207167443 
1116, 9333.61118486547 
1117, 8803.92770611412 
1118, 8361.09971852063 
1119, 7960.00661042681 
1120, 7595.43610712427 
1121, 7290.76046370472 
1122, 7045.21405006381 
1123, 6866.92490886222 
1124, 6743.78317458001 
1125, 6689.30784119449 
1126, 6732.95037840085 
1127, 6767.93192171751 
1128, 6861.11355196477 
1129, 6948.62939295407 
1130, 7057.1810635127 
1131, 7170.11432002156 
1132, 7285.21896680805 
1133, 7430.47114016204 
1134, 7586.37750148847 
1135, 7761.63453349222 
1136, 8013.25634074345 
1137, 8268.62711125697 
1138, 8514.48924044776 
1139, 8742.61647585702 
1140, 8892.1822487601 
1141, 8991.11188087919 
1142, 9036.74942104029 
1143, 8999.41123948337 
1144, 8980.24795959615 
1145, 8855.17898925661 
1146, 8846.73878478339 
1147, 8840.4639503729 
1148, 8924.49122827457 
1149, 9090.22665020169 
1150, 9305.14920681536 
1151, 9586.14165160355 
1152, 9895.57142369992 
1153, 10214.8059526551 
1154, 10583.8999881211 
1155, 10924.6797073054 
1156, 11280.5187760096 
1157, 11613.1279039627 
1158, 11943.3090241015 
1159, 12250.6923322245 
1160, 12554.1161150454 
1161, 12822.418126197 
1162, 13074.2893413288 
1163, 13293.4501975965 
1164, 13483.1198598915 
1165, 13642.3978845357 
1166, 13773.4674484922 
1167, 13878.7327166991 
1168, 13959.5231292666 
1169, 14010.69742949 
1170, 14043.561829902 
1171, 14051.896155589 
1172, 14041.862774438 
1173, 14004.7702993688 
1174, 13959.4452208514 
1175, 13890.1200533299 
1176, 13819.688701793 
1177, 13734.125173289 
1178, 13649.2939836489 
1179, 13553.6522572212 
1180, 13463.7570363718 
1181, 13366.1270017996 
1182, 13278.4592610346 
1183, 13206.6246594262 
1184, 13139.0884701544 
1185, 13092.2129744131 
1186, 13061.265724861 
1187, 13045.0819368946 
1188, 13049.1721897309 
1189, 13054.9857372465 
1190, 13093.1522533329 
1191, 13100.4243036186 
1192, 13117.4959930432 
1193, 13098.1444163594 
1194, 13051.4264047005 
1195, 12992.7191401631 
1196, 12907.0178704369 
1197, 12811.1129340221 
1198, 12712.0841661991 
1199, 12593.7366325907 
1200, 12497.4443076749 
1201, 12393.3387010978 
1202, 12315.9802059011 
1203, 12252.5977570292 
1204, 12204.4464931311 
1205, 12174.1286991319 
1206, 12151.657320678 
1207, 12147.2105890098 
1208, 12145.1318861845 
1209, 12157.6153838335 
1210, 12165.4946172238 
1211, 12178.4507743964 
1212, 12189.801780184 
1213, 12200.5564752976 
1214, 12212.3119027872 
1215, 12215.566033319 
1216, 12221.2316774083 
1217, 12211.1420921126 
1218, 12186.7097413092 
1219, 12165.6381602854 
1220, 12134.4177614585 
1221, 12109.5328253416 
1222, 12086.3385237351 
1223, 12062.611383575 
1224, 12038.8381664452 
1225, 12016.0517612013 
1226, 11991.8057824539 
1227, 11971.0989463271 
1228, 11954.6760822649 
1229, 11936.37680508 
1230, 11918.4004529087 
1231, 11902.687150683 
1232, 11884.3795367103 
1233, 11868.0781897865 
1234, 11841.5918418214 
1235, 11815.4006044793 
1236, 11776.5187595722 
1237, 11724.1953483601 
1238, 11673.0880762483 
1239, 11612.0057158468 
1240, 11556.2410470278 
1241, 11500.8393985282 
1242, 11444.6611430096 
1243, 11390.8287927656 
1244, 11333.878069132 
1245, 11270.8866971684 
1246, 11213.2220412949 
1247, 11156.157465843 
1248, 11103.9449863087 
1249, 11038.1344920715 
1250, 10974.7117538986 
1251, 10894.7640544715 
1252, 10803.0497149641 
1253, 10701.8044667007 
1254, 10595.868434404 
1255, 10471.297583783 
1256, 10335.025551072 
1257, 10181.4586856433 
1258, 10009.8160957708 
1259, 9827.96366414497 
1260, 9614.86131356454 
1261, 9416.66008535519 
1262, 9204.65212575794 
1263, 9005.06292717061 
1264, 8838.93055457802 
1265, 8677.65976960226 
1266, 8576.61410284323 
1267, 8500.27788989693 
1268, 8489.10340425172 
1269, 8531.19086395191 
1270, 8610.86431765914 
1271, 8759.98465717645 
1272, 8907.43289384285 
1273, 9107.50790541662 
1274, 9280.90585882665 
1275, 9480.75642343944 
1276, 9640.02272868206 
1277, 9781.6028130541 
1278, 9905.39661930346 
1279, 10004.0613064059 
1280, 10084.7739332635 
1281, 10158.5767751774 
1282, 10235.6191749777 
1283, 10318.320864695 
1284, 10404.4188017032 
1285, 10481.4992773153 
1286, 10565.9100695857 
1287, 10632.0407250205 
1288, 10685.1737604743 
1289, 10734.9654986747 
1290, 10780.3972474974 
1291, 10812.7435195192 
1292, 10834.4303436307 
1293, 10850.6997038079 
1294, 10854.3674930341 
1295, 10856.3465832559 
1296, 10855.897382932 
1297, 10847.2311397615 
1298, 10831.119622357 
1299, 10810.6772058915 
1300, 10785.8510297627 
1301, 10752.8809038298 
1302, 10719.7014692533 
1303, 10682.1037517414 
1304, 10646.3941241603 
1305, 10609.0095215553 
1306, 10570.5424531812 
1307, 10535.6083256653 
1308, 10491.0208597365 
1309, 10439.3473687456 
1310, 10388.4502930638 
1311, 10329.7661958781 
1312, 10276.2161842317 
1313, 10218.727469218 
1314, 10172.5306947486 
1315, 10132.3031408163 
1316, 10095.4996417191 
1317, 10065.8597103521 
1318, 10042.5531228656 
1319, 10018.1887776743 
1320, 9995.41411897395 
1321, 9974.24999587974 
1322, 9940.58349713974 
1323, 9881.46860244595 
1324, 9813.30511812143 
1325, 9711.76591268138 
1326, 9573.20491860232 
1327, 9436.98534682904 
1328, 9268.73621897812 
1329, 9119.56886868482 
1330, 8953.98538168458 
1331, 8826.25029282314 
1332, 8705.03234723553 
1333, 8619.15292106541 
1334, 8578.58889395471 
1335, 8535.12477067298 
1336, 8520.01812741791 
1337, 8505.12533801389 
1338, 8470.50657904974 
1339, 8398.89604463444 
1340, 8280.80259489845 
1341, 8108.11939982886 
1342, 7863.56514651515 
1343, 7561.07484717508 
1344, 7192.45672158295 
1345, 6741.69892587586 
1346, 6262.620277318 
1347, 5707.54012738473 
1348, 5161.11551716394 
1349, 4552.13460563706 
1350, 3998.25714996399 
1351, 3423.2725518883 
1352, 2917.05574487708 
1353, 2440.6888867255 
1354, 2016.20166854261 
1355, 1632.73965050981 
1356, 1306.1015855567 
1357, 1027.13238036044 
1358, 803.60635028301 
1359, 634.969561789846 
1360, 508.198050951682 
1361, 413.01437750292 
1362, 344.704745604253 
1363, 291.438436196454 
1364, 257.099281031753 
1365, 233.237517646211 
1366, 227.487898550425 
1367, 225.297174799881 
1368, 233.818131731705 
1369, 251.383402915118 
1370, 276.729164162661 
1371, 313.842458639232 
1372, 371.802385451201 
1373, 420.033633471938 
1374, 483.982672942526 
1375, 525.259626354147 
1376, 560.656828172192 
1377, 579.117957561115 
1378, 582.91302084022 
1379, 571.751942718099 
1380, 551.208951126655 
1381, 526.139426081047 
1382, 506.437819835742 
1383, 497.486342799352 
1384, 504.872844296178 
1385, 536.33041806659 
1386, 577.754837741322 
1387, 632.270668245316 
1388, 686.820984848449 
1389, 758.504462615369 
1390, 806.829669300944 
1391, 855.009412323678 
1392, 884.559116363315 
1393, 891.715580415742 
1394, 904.594477666008 
1395, 906.348576847421 
1396, 917.080877266275 
1397, 927.419929842707 
1398, 943.707650340239 
1399, 962.141363279124 
1400, 987.91019122354 
1401, 1023.09198256038 
1402, 1055.64109911186 
1403, 1090.10315965808 
1404, 1129.06310613539 
1405, 1165.69774802352 
1406, 1206.74813402288 
1407, 1260.26995255365 
1408, 1315.20258482547 
1409, 1377.727651602 
1410, 1449.77410433415 
1411, 1519.48305711765 
1412, 1596.13457950121 
1413, 1666.11046677993 
1414, 1738.82978206455 
1415, 1798.73521334845 
1416, 1853.8985457271 
1417, 1898.52852790591 
1418, 1930.93777386641 
1419, 1962.64818392839 
1420, 1987.66517758669 
1421, 2011.17124203944 
1422, 2040.42553402187 
1423, 2048.97362914564 
1424, 2051.10164611552 
1425, 2036.44233511423 
1426, 2000.67624549049 
1427, 1958.28675092412 
1428, 1904.54168820779 
1429, 1842.34804904611 
1430, 1767.23589130614 
1431, 1692.49311764591 
1432, 1616.07565485751 
1433, 1537.51326199485 
1434, 1468.47714903886 
1435, 1405.13002687346 
1436, 1344.26031111411 
1437, 1293.77034356988 
1438, 1246.22639736951 
1439, 1203.88540811895 
1440, 1165.57432567681 
1441, 1134.31928830899 
1442, 1102.07381139266 
1443, 1074.68794492112 
1444, 1044.32131762991 
1445, 1013.94877012925 
1446, 983.640803196766 
1447, 954.399268225462 
1448, 921.236326214303 
1449, 882.645348250115 
1450, 850.634146467561 
1451, 816.223963128573 
1452, 789.688176750887 
1453, 773.456822170201 
1454, 754.337613728633 
1455, 737.757286291947 
1456, 721.238741402206 
1457, 700.856003199578 
1458, 679.005498038055 
1459, 653.773605745152 
1460, 617.876043558276 
1461, 578.806532404919 
1462, 540.817950337498 
1463, 501.676729975966 
1464, 465.437240992002 
1465, 431.407529590077 
1466, 399.795272086858 
1467, 368.484752439084 
1468, 336.962272085546 
1469, 311.47042025919 
1470, 288.620695047216 
1471, 270.438998056145 
1472, 257.497304447817 
1473, 247.368201429178 
1474, 240.853067023994 
1475, 235.288754671062 
1476, 234.466027425319 
1477, 231.446841595491 
1478, 230.175638342841 
1479, 227.93108298129 
1480, 222.978030317966 
1481, 221.702968235545 
1482, 220.474111751162 
1483, 221.625936314935 
1484, 230.905038768629 
1485, 233.753135029169 
1486, 236.534963990674 
1487, 232.528311243602 
1488, 229.666729033016 
1489, 223.421094663591 
1490, 221.324220754966 
1491, 225.999100111906 
1492, 229.778648820947 
1493, 232.523090149662 
1494, 233.997571097446 
1495, 236.194576910411 
1496, 238.338252985426 
1497, 242.492342063185 
1498, 246.26433269776 
1499, 252.761434162415 
1500, 254.900572538867 
1501, 254.489111391049 
1502, 253.976829559426 
1503, 250.968990358127 
1504, 251.299443416107 
1505, 251.382079169713 
1506, 255.039376133707 
1507, 261.675441015936 
1508, 267.034094882472 
1509, 276.242333780936 
1510, 280.367620060073 
1511, 282.932361251727 
1512, 284.68948709134 
1513, 281.075531651291 
1514, 282.263578472438 
1515, 283.245418255162 
1516, 286.176362431825 
1517, 295.740816972402 
1518, 300.054923693682 
1519, 303.812706577829 
1520, 306.570527239206 
1521, 307.84920675074 
1522, 302.61930385873 
1523, 302.869992971335 
1524, 308.639691255114 
1525, 315.399457878837 
1526, 324.938705442501 
1527, 332.591778901673 
1528, 332.159913366044 
1529, 330.832399589039 
1530, 333.828545152459 
1531, 337.336891215439 
1532, 341.935714823124 
1533, 344.417208467891 
1534, 344.060454967002 
1535, 345.447334420585 
1536, 344.040758924118 
1537, 347.742503296989 
1538, 355.914422357095 
1539, 360.407871259705 
1540, 365.410763282452 
1541, 371.298214906588 
1542, 375.92438668138 
1543, 380.015419712271 
1544, 383.780965796484 
1545, 391.068756202297 
1546, 400.356025067771 
1547, 406.632656188625 
1548, 414.927991816995 
1549, 421.657890690261 
1550, 421.854000909702 
1551, 428.167003181667 
1552, 443.496751549092 
1553, 448.558642965321 
1554, 448.781032481454 
1555, 452.062929818331 
1556, 448.422266140235 
1557, 451.340265210942 
1558, 461.387605322052 
1559, 468.019436109586 
1560, 475.973555655514 
1561, 481.483221775677 
1562, 483.877410644816 
1563, 489.153000925116 
1564, 495.630641375324 
1565, 500.717863096451 
1566, 506.396283158682 
1567, 511.874191934102 
1568, 515.506658707461 
1569, 519.428434889035 
1570, 526.19175467677 
1571, 532.271888398627 
1572, 535.210092799287 
1573, 540.314138575174 
1574, 546.678286205157 
1575, 550.810431400192 
1576, 560.217162896204 
1577, 568.812105184229 
1578, 580.438600620921 
1579, 596.324655634929 
1580, 608.992660549564 
1581, 622.934792492947 
1582, 635.615152614472 
1583, 646.470945524959 
1584, 658.026682565852 
1585, 670.113263747052 
1586, 682.673883099201 
1587, 695.608706716771 
1588, 705.6449614316 
1589, 715.564874726815 
1590, 723.958580536253 
1591, 730.08459018057 
1592, 734.545957322371 
1593, 736.572612236286 
1594, 742.574649709722 
1595, 748.35507967678 
1596, 754.110642260286 
1597, 763.03371655203 
1598, 770.138553819415 
1599, 777.380868671392 
1600, 778.972889551116 
1601, 778.685860456413 
1602, 777.767900426809 
1603, 766.746042940552 
1604, 767.834396801184 
1605, 777.508083434038 
1606, 782.624726793257 
1607, 790.46499991997 
1608, 797.879703958604 
1609, 802.550220283186 
1610, 809.406704562754 
1611, 820.512131972056 
1612, 827.657865938523 
1613, 832.468928200869 
1614, 837.90550146817 
1615, 839.45733152371 
1616, 847.116092516442 
1617, 861.583155618919 
1618, 869.4773540626 
1619, 878.785312209903 
1620, 884.614269877568 
1621, 882.007549140268 
1622, 883.55823207439 
1623, 883.617289497571 
1624, 889.40486897176 
1625, 904.224017110812 
1626, 910.264414843991 
1627, 916.613818803321 
1628, 919.554176775874 
1629, 911.618677046464 
1630, 909.481753400327 
1631, 910.799934240615 
1632, 911.537624000727 
1633, 913.884950413195 
1634, 914.792354450831 
1635, 916.398495502951 
1636, 915.122815775567 
1637, 909.959312685569 
1638, 907.037806196442 
1639, 901.328603487461 
1640, 899.557742723193 
1641, 904.40839159391 
1642, 905.177165852695 
1643, 904.778534670141 
1644, 905.123114112699 
1645, 901.860859080989 
1646, 901.335376482908 
1647, 902.173671702492 
1648, 905.798852643552 
1649, 911.265062999589 
1650, 918.717549658794 
1651, 932.577285205411 
1652, 943.383456506704 
1653, 950.055826498414 
1654, 954.255926545342 
1655, 962.013508171002 
1656, 966.747755205269 
1657, 974.818413368738 
1658, 988.598140360671 
1659, 995.632346338502 
1660, 999.038246468862 
1661, 1004.46508806995 
1662, 1009.53709833347 
1663, 1013.43225570222 
1664, 1017.53655997066 
1665, 1019.46281216796 
1666, 1019.42009169426 
1667, 1019.58405427233 
1668, 1018.60759509421 
1669, 1018.39394796189 
1670, 1016.48006658682 
1671, 1019.74979443641 
1672, 1024.66075443919 
1673, 1031.92500935537 
1674, 1045.45668862935 
1675, 1050.45485996507 
1676, 1053.10960236016 
1677, 1056.43572747164 
1678, 1054.82104197102 
1679, 1059.24657170752 
1680, 1068.61875951649 
1681, 1071.74449308653 
1682, 1073.90616639595 
1683, 1075.85412173382 
1684, 1073.57688964775 
1685, 1077.13817473071 
1686, 1083.93621398367 
1687, 1088.43847937365 
1688, 1093.51961146377 
1689, 1099.62910307641 
1690, 1105.97456025215 
1691, 1111.52817325983 
1692, 1119.87632523405 
1693, 1121.75292933017 
1694, 1119.59363940147 
1695, 1118.52263292043 
1696, 1112.68164893614 
1697, 1115.1202835644 
1698, 1120.89023801066 
1699, 1125.78371740167 
1700, 1136.60637776231 
1701, 1138.78148355844 
1702, 1136.46112496613 
1703, 1136.01749518304 
1704, 1131.99536395087 
1705, 1132.49934152113 
1706, 1134.51997476189 
1707, 1138.59078842296 
1708, 1146.36388835612 
1709, 1148.50734595996 
1710, 1150.33449968874 
1711, 1152.23988189448 
1712, 1149.14824075352 
1713, 1153.11676100746 
1714, 1162.6653146341 
1715, 1166.71325304544 
1716, 1169.68357727638 
1717, 1170.04322540105 
1718, 1167.69480233683 
1719, 1166.08572320258 
1720, 1166.40110077029 
1721, 1164.55988827476 
1722, 1164.63125010708 
1723, 1162.06418495925 
1724, 1158.65290725073 
1725, 1160.28790420047 
1726, 1155.95638817213 
1727, 1156.00613756267 
1728, 1161.31621139248 
1729, 1159.40705941804 
1730, 1159.22188222816 
1731, 1154.45077297259 
1732, 1145.34455139826 
1733, 1139.22462293242 
1734, 1133.2625923398 
1735, 1127.81710478972 
1736, 1124.40459069492 
1737, 1124.24648657315 
1738, 1124.07858199842 
1739, 1124.33345027424 
1740, 1123.81470602066 
1741, 1122.19066936221 
1742, 1121.83238426465 
1743, 1119.64101623346 
1744, 1117.98708329899 
1745, 1119.81732636388 
1746, 1117.99396701032 
1747, 1117.80078147502 
1748, 1120.3651191267 
1749, 1117.86951720863 
1750, 1115.03348379371 
1751, 1113.83255683601 
1752, 1116.49321882565 
1753, 1113.75598127931 
1754, 1107.38431254033 
1755, 1107.52301370959 
1756, 1099.19160468861 
1757, 1095.98435826436 
1758, 1102.1758032787 
1759, 1096.67877695848 
1760, 1092.44545350499 
1761, 1089.09325799271 
1762, 1079.75152957993 
1763, 1079.94992603116 
1764, 1076.77822250656 
1765, 1072.84831255308 
1766, 1066.45875322797 
1767, 1054.37795115845 
1768, 1046.69986298443 
1769, 1041.53526432375 
1770, 1036.33436029893 
1771, 1034.72937968909 
1772, 1028.53318832441 
1773, 1020.46951699714 
1774, 1008.94108321059 
1775, 993.229839525013 
1776, 980.075663707687 
1777, 964.387094637584 
1778, 952.677375551755 
1779, 944.236867332033 
1780, 933.083379861956 
1781, 921.470361401525 
1782, 910.381874984541 
1783, 897.636480122237 
1784, 888.609626336076 
1785, 882.902455226132 
1786, 876.365822503298 
1787, 872.906756275927 
1788, 863.362345362627 
1789, 852.621305853171 
1790, 837.275423807722 
1791, 816.126853116445 
1792, 798.975673613682 
1793, 784.216135010126 
1794, 759.938726067853 
1795, 729.454932040726 
1796, 698.124394233466 
1797, 666.803696399682 
1798, 634.042827460244 
1799, 611.342677717413 
1800, 583.252228382294 
1801, 3274.1291235762 
1802, 3131.5154288899 
1803, 3018.36169192525 
1804, 2930.40318517669 
1805, 2843.5503256113 
1806, 2782.49891080342 
1807, 2704.0096416133 
1808, 2627.38092315922 
1809, 2557.73710025326 
1810, 2480.51900227815 
1811, 2403.84990561434 
1812, 2315.52312120105 
1813, 2216.40381471871 
1814, 2133.81056955535 
1815, 2005.00022178493 
1816, 1858.03920296389 
1817, 1756.77765720753 
1818, 1639.68770804365 
1819, 1545.54579064648 
1820, 1488.58945517524 
1821, 1427.80853454373 
1822, 1370.42961058281 
1823, 1317.69074789738 
1824, 1267.52464908164 
1825, 1210.20666964096 
1826, 1134.63851276625 
1827, 1029.52604168421 
1828, 915.031711586758 
1829, 770.169277347286 
1830, 655.381019516591 
1831, 526.349618443843 
1832, 426.842023288119 
1833, 356.242427361749 
1834, 275.744846546425 
1835, 233.931315679271 
1836, 193.897207425958 
1837, 146.831668254713 
1838, 146.974494422919 
1839, 145.95346724509 
1840, 145.20978907439 
1841, 154.829453059074 
1842, 189.989825766168 
1843, 213.097257829535 
1844, 231.442799547833 
1845, 250.152557194074 
1846, 247.368696623409 
1847, 246.937122023278 
1848, 255.920390714515 
1849, 254.852809273276 
1850, 244.695220459948 
1851, 234.392634056453 
1852, 217.014691102083 
1853, 190.215445992859 
1854, 173.918330997423 
1855, 167.919653525158 
1856, 169.049390740094 
1857, 180.457584180547 
1858, 188.761777484134 
1859, 203.881523393522 
1860, 231.241850301855 
1861, 253.786452226445 
1862, 269.621465400482 
1863, 291.306670165283 
1864, 286.007818342134 
1865, 294.443388006192 
1866, 307.741205057148 
1867, 297.271399858301 
1868, 273.242990195838 
1869, 229.689066269534 
1870, 201.117796818598 
1871, 165.933125676185 
1872, 127.155727598785 
1873, 101.964530863016 
1874, 123.465599394809 
1875, 132.299112284162 
1876, 126.219344123062 
1877, 155.173779642653 
1878, 184.762594391669 
1879, 205.364482036517 
1880, 233.095653569894 
1881, 282.104258529726 
1882, 320.691227426602 
1883, 328.009191180935 
1884, 326.935899525675 
1885, 326.519028375347 
1886, 299.557005156409 
1887, 275.905279773975 
1888, 275.271627905175 
1889, 255.413297335842 
1890, 234.813982196562 
1891, 216.764931912657 
1892, 199.709545259341 
1893, 171.364173632514 
1894, 156.779678467809 
1895, 155.926417403502 
1896, 157.735455232996 
1897, 141.017235184803 
1898, 131.864548710417 
1899, 122.247222464013 
1900, 106.176402211097 
1901, 89.7608140888475 
1902, 81.5857498482586 
1903, 68.9987915819739 
1904, 55.1168322256825 
1905, 62.2497827758015 
1906, 58.2440007544417 
1907, 66.4884054860046 
1908, 64.4352869083839 
1909, 55.0826299852871 
1910, 73.3669912574012 
1911, 76.8485329203881 
1912, 68.4545914713811 
1913, 70.5197417504148 
1914, 81.1533972355384 
1915, 75.5647386661393 
1916, 73.7240324848075 
1917, 96.2500049723679 
1918, 119.917217997767 
1919, 111.679426417895 
1920, 106.711020706696 
1921, 109.203369467099 
1922, 103.037522582958 
1923, 87.7370207928177 
1924, 84.3366802403166 
1925, 89.2953666004534 
1926, 74.1600767991426 
1927, 69.8250951706965 
1928, 70.9498712327566 
1929, 67.488179287143 
1930, 72.7731871193044 
1931, 86.974687986017 
1932, 115.759693832271 
1933, 126.401463070299 
1934, 137.534054914036 
1935, 135.695601390323 
1936, 125.342752633927 
1937, 94.3513358723723 
1938, 62.3311063100707 
1939, 53.2970119759723 
1940, 54.7094226254712 
1941, 58.5994039541991 
1942, 75.8481982296568 
1943, 91.084860809141 
1944, 91.9350244019923 
1945, 77.2714725156538 
1946, 72.2920204520944 
1947, 56.2872709897595 
1948, 51.9683974240446 
1949, 56.2287327452978 
1950, 65.3460965770816 
1951, 66.6382886716671 
1952, 61.3984192091759 
1953, 57.3293092743644 
1954, 54.6589510134544 
1955, 60.4044013413734 
1956, 84.4192172231707 
1957, 85.3055597296033 
1958, 80.318474743455 
1959, 73.5455296047646 
1960, 44.2626739135636 
1961, 38.3019763409686 
1962, 38.027734682264 
1963, 41.775809234237 
1964, 55.6991195692036 
1965, 48.5758450622808 
1966, 49.1457208490169 
1967, 53.0230908614889 
1968, 54.5999928516123 
1969, 46.5924093635 
1970, 57.1442662644798 
1971, 82.2010898987801 
1972, 93.1865209984644 
1973, 115.138886167912 
1974, 120.853632294684 
1975, 109.45092131468 
1976, 101.151301943385 
1977, 91.777386451094 
1978, 100.154636725467 
1979, 93.7219885632188 
1980, 80.7905144277346 
1981, 72.1877566972245 
1982, 49.7527769289877 
1983, 48.1365102234599 
1984, 71.4042066590926 
1985, 80.9786708474133 
1986, 97.9153843547683 
1987, 100.823959826256 
1988, 97.9447580921147 
1989, 95.7123336967771 
1990, 92.443679563941 
1991, 86.5009219265869 
1992, 86.0029710951608 
1993, 84.7633398526339 
1994, 86.1829042221947 
1995, 94.7527827412901 
1996, 101.560990569433 
1997, 111.123146495763 
1998, 115.341029063764 
1999, 116.113572660827 
2000, 112.40652314872 
2001, 97.7382673073235 
2002, 59.3045722574469 
2003, 41.3456277893902 
2004, 26.6954816026995 
2005, 11.1766496940117 
2006,-0.948072467372177 
2007,-4.32009262061336 
2008,-7.62379861094361 
2009,-9.92115452265544 
2010, 2.55880801157789 
2011, 7.44546293439218 
2012,-8.68564930616658 
2013,-18.4904645030043 
2014,-13.2067173547727 
2015,-3.00356640863162 
2016, 7.96451123740412 
2017, 41.8581837376806 
2018, 49.545029245687 
2019, 36.991654071819 
2020, 38.1581467065249 
2021, 42.065419400509 
2022, 39.414281843982 
2023, 42.635979531414 
2024, 32.0530307325858 
2025, 19.8166848943954 
2026, 10.199524383876 
2027, 7.97206457969649 
2028, 12.5327976368632 
2029, 20.3225200290831 
2030, 32.5741911627966 
2031, 47.0606458648995 
2032, 74.2256535559611 
2033, 84.306679344942 
2034, 89.2274597088201 
2035, 91.8236214579149 
2036, 78.6835210729519 
2037, 77.0360900958925 
2038, 77.9951715156698 
2039, 86.130936968425 
2040, 90.2779149132641 
2041, 95.3110588159912 
2042, 102.997526718503 
2043, 117.420621922719 
2044, 114.064269779533 
2045, 105.663734357895 
2046, 99.0875085480531 
2047, 72.9945968437963 
2048, 65.0920581870118 
2049, 71.3863951745551 
2050, 70.7897342763855 
2051, 74.0141541834556 
2052, 76.5979734385616 
2053, 61.6210172184762 
2054, 63.3813379222301 
2055, 65.2105026774048 
2056, 67.7178495801461 
2057, 71.6564118964196 
2058, 88.2204933440361 
2059, 90.6452640780383 
2060, 80.1845076865831 
2061, 80.7502828300682 
2062, 74.8309193448788 
2063, 80.3854594920158 
2064, 104.072127097321 
2065, 117.781797131856 
2066, 131.690893223537 
2067, 150.226901782211 
2068, 155.270534970473 
2069, 149.534671696588 
2070, 149.694883347783 
2071, 148.329346601802 
2072, 144.457038186353 
2073, 134.703350257062 
2074, 133.857632803029 
2075, 130.853677245058 
2076, 132.709936244603 
2077, 146.480919872081 
2078, 156.588929116145 
2079, 165.156028975769 
2080, 176.106598312609 
2081, 187.447146271312 
2082, 202.464086870266 
2083, 215.842230441811 
2084, 227.914556209865 
2085, 243.729556876215 
2086, 268.75411996764 
2087, 275.466600172863 
2088, 275.849170862813 
2089, 277.59710686454 
2090, 258.767664024912 
2091, 260.16931967778 
2092, 277.193031880979 
2093, 288.414999619654 
2094, 309.709658293863 
2095, 320.86317847265 
2096, 332.415469119913 
2097, 326.308617863608 
2098, 329.862297224706 
2099, 330.911954837314 
2100, 333.737550281102 
2101, 338.373671545163 
2102, 342.822600412735 
2103, 343.542433891099 
2104, 350.188087241059 
2105, 358.824894056889 
2106, 373.072342958943 
2107, 401.877855474351 
2108, 413.292819169809 
2109, 411.849173871448 
2110, 422.493777220258 
2111, 430.955857379587 
2112, 437.618419639678 
2113, 454.014500385902 
2114, 481.373928241884 
2115, 499.937853546179 
2116, 512.953323117982 
2117, 526.693456955674 
2118, 545.128554183726 
2119, 554.931186678171 
2120, 559.279749052032 
2121, 562.881852248438 
2122, 552.987151745691 
2123, 560.385222968598 
2124, 577.034312023122 
2125, 589.444460579121 
2126, 602.765576163077 
2127, 626.416498013113 
2128, 655.503246199229 
2129, 679.111751749335 
2130, 713.829006171805 
2131, 773.096580206497 
2132, 795.550831216447 
2133, 802.549247641921 
2134, 816.004552910303 
2135, 811.495928673554 
2136, 823.340276919499 
2137, 845.178167700574 
2138, 865.107483569938 
2139, 887.269753349789 
2140, 908.730119461081 
2141, 933.717736163634 
2142, 956.294345520738 
2143, 971.339218408096 
2144, 996.606925580899 
2145, 1030.56637217195 
2146, 1063.39295174915 
2147, 1087.10540440765 
2148, 1103.14578780945 
2149, 1122.0360011878 
2150, 1126.18347751128 
2151, 1145.40019210958 
2152, 1178.33443308455 
2153, 1201.40355195454 
2154, 1223.56016749088 
2155, 1241.98208031271 
2156, 1254.05409759001 
2157, 1271.8233156601 
2158, 1288.78417128507 
2159, 1306.82812646054 
2160, 1334.77048192469 
2161, 1352.4275164409 
2162, 1358.52881120629 
2163, 1373.89271104029 
2164, 1394.55172391698 
2165, 1405.39422894959 
2166, 1419.3879370639 
2167, 1435.3468383048 
2168, 1456.45172982039 
2169, 1474.6459127524 
2170, 1500.17976436822 
2171, 1538.33062095377 
2172, 1568.79082384857 
2173, 1594.32223483862 
2174, 1625.97556444096 
2175, 1667.14521406473 
2176, 1694.42349488729 
2177, 1719.96844224733 
2178, 1739.95601626486 
2179, 1744.12383111976 
2180, 1756.38925498825 
2181, 1758.74549370551 
2182, 1780.89358617379 
2183, 1821.48425526282 
2184, 1857.74969705208 
2185, 1883.20797530346 
2186, 1927.89249539126 
2187, 1953.51344591586 
2188, 1956.08548021521 
2189, 1982.85674856454 
2190, 2027.666375944 
2191, 2044.89373027644 
2192, 2058.35262885777 
2193, 2064.99309531609 
2194, 2056.06983362369 
2195, 2046.80755748838 
2196, 2028.00875790973 
2197, 2021.50460376553 
2198, 2002.59637324236 
2199, 2004.2369715093 
2200, 2024.64296299697 
2201, 2050.09059470643 
2202, 2093.91041486234 
2203, 2128.54877652701 
2204, 2173.20174432317 
2205, 2206.42912922535 
2206, 2225.17912705827 
2207, 2236.81541991738 
2208, 2255.57813551952 
2209, 2264.5778739533 
2210, 2293.68213136724 
2211, 2343.04931851288 
2212, 2371.48970627866 
2213, 2398.60359452453 
2214, 2423.1233052156 
2215, 2446.80454584915 
2216, 2449.09848624059 
2217, 2440.65253984523 
2218, 2436.28007360404 
2219, 2399.64908320327 
2220, 2393.58024847747 
2221, 2407.25606571494 
2222, 2423.67781973685 
2223, 2453.07729371939 
2224, 2480.6940071539 
2225, 2529.66248100942 
2226, 2554.21907454148 
2227, 2566.78614676772 
2228, 2576.91774902526 
2229, 2567.91037691046 
2230, 2542.40109405151 
2231, 2536.88347166683 
2232, 2536.93187396231 
2233, 2531.22081125002 
2234, 2537.01450751339 
2235, 2523.01532102921 
2236, 2489.18818669713 
2237, 2470.58801832361 
2238, 2445.77789534495 
2239, 2435.18827188947 
2240, 2443.01945881791 
2241, 2437.04392424786 
2242, 2428.34521124776 
2243, 2423.07677408411 
2244, 2414.88349660129 
2245, 2405.92659041582 
2246, 2403.20295008205 
2247, 2396.02272275 
2248, 2381.91627499008 
2249, 2370.19164163118 
2250, 2364.40608177764 
2251, 2350.68231540209 
2252, 2335.78486375022 
2253, 2310.53798271977 
2254, 2291.79919701205 
2255, 2251.22918314954 
2256, 2216.09406052756 
2257, 2191.59982621466 
2258, 2163.06951473818 
2259, 2134.47863161184 
2260, 2110.55678013986 
2261, 2087.76964390033 
2262, 2065.79984669406 
2263, 2048.00803444441 
2264, 2027.66002796669 
2265, 2009.73677445006 
2266, 1984.68549841705 
2267, 1959.75835047288 
2268, 1928.09324273288 
2269, 1882.07763126208 
2270, 1850.42848469904 
2271, 1821.18181637369 
2272, 1789.94874167778 
2273, 1771.68317436802 
2274, 1740.25823696294 
2275, 1695.84424026069 
2276, 1661.50177225632 
2277, 1628.80361887633 
2278, 1592.08590963296 
2279, 1557.07703199601 
2280, 1520.96978836433 
2281, 1479.76949301126 
2282, 1435.74454778987 
2283, 1410.78234122479 
2284, 1390.80112636182 
2285, 1371.08228747095 
2286, 1368.00990045168 
2287, 1341.18726512621 
2288, 1319.65836120452 
2289, 1300.8943158524 
2290, 1284.78092963401 
2291, 1251.0329635412 
2292, 1217.16984077619 
2293, 1174.85038210434 
2294, 1106.21234679689 
2295, 1068.20577710156 
2296, 1037.67152739385 
2297, 1017.91848012399 
2298, 1020.87812823516 
2299, 1007.39124980237 
2300, 996.792442935573 
2301, 983.191052422504 
2302, 957.027846726842 
2303, 939.343864535656 
2304, 924.135354973374 
2305, 912.859798164432 
2306, 911.248246200631 
2307, 900.072413297064 
2308, 883.658409464517 
2309, 875.466481106936 
2310, 880.560183660647 
2311, 861.097186634547 
2312, 839.487277126381 
2313, 805.368727701744 
2314, 738.81099387222 
2315, 675.108465118318 
2316, 644.12053877717 
2317, 628.663753476602 
2318, 619.786706221511 
2319, 609.919147098319 
2320, 601.038550089226 
2321, 578.666831071859 
2322, 569.986300205307 
2323, 575.83998995806 
2324, 568.471392880553 
2325, 567.505110300028 
2326, 560.71135435973 
2327, 552.911958353976 
2328, 547.660876994408 
2329, 538.572543345607 
2330, 535.862410491221 
2331, 549.98605846357 
2332, 533.988421414737 
2333, 503.868182088578 
2334, 483.293787232453 
2335, 441.327737845471 
2336, 422.390464918899 
2337, 427.002623541243 
2338, 415.035039556858 
2339, 401.944019683389 
2340, 390.062269240426 
2341, 373.550525547697 
2342, 357.2203555955 
2343, 338.019081409744 
2344, 323.95390805726 
2345, 314.30339308922 
2346, 304.433140942999 
2347, 300.192681938051 
2348, 291.678664209497 
2349, 274.871427468585 
2350, 261.215516622225 
2351, 246.576590933268 
2352, 241.954844244688 
2353, 242.344296158784 
2354, 247.33628043267 
2355, 272.741778475368 
2356, 274.100947430946 
2357, 253.552041681375 
2358, 249.69180575418 
2359, 237.593796869137 
2360, 237.017707881405 
2361, 273.81030840201 
2362, 282.658174077474 
2363, 274.581108968558 
2364, 267.567311685123 
2365, 257.381254720756 
2366, 234.90230980471 
2367, 225.414842948892 
2368, 227.914365428616 
2369, 229.587577009294 
2370, 220.688296927545 
2371, 215.18568206056 
2372, 189.681916376274 
2373, 165.297585592279 
2374, 152.868129325172 
2375, 132.272516969661 
2376, 141.953005953033 
2377, 169.649269066426 
2378, 181.055689009349 
2379, 193.611801304681 
2380, 193.271047818888 
2381, 184.243272831041 
2382, 180.241163782039 
2383, 176.250724981544 
2384, 181.857109786056 
2385, 166.660262363944 
2386, 147.919089290895 
2387, 130.188221223116 
2388, 103.522710932975 
2389, 98.3144507174028 
2390, 95.1707988622358 
2391, 111.130217930894 
2392, 138.548158556981 
2393, 161.837110658843 
2394, 191.612566001592 
2395, 190.398739109253 
2396, 189.687399079237 
2397, 176.059463165599 
2398, 142.693482125946 
2399, 148.058829429736 
2400, 156.520229762865 
2401, 161.06469806253 
2402, 173.009118477988 
2403, 165.112508242397 
2404, 135.329493855432 
2405, 118.209883505545 
2406, 101.838590933928 
2407, 89.0065052033588 
2408, 82.704647146321 
2409, 76.5370239112106 
2410, 73.3031615538018 
2411, 57.7106990604919 
2412, 22.2582148271555 
2413, 15.667905841813 
2414, 16.5359129116337 
2415, 30.7258599569627 
2416, 81.1072019847152 
2417, 100.592238448812 
2418, 111.341405258928 
2419, 109.517164237617 
2420, 89.6604099587441 
2421, 81.4797012839345 
2422, 69.1875419690696 
2423, 63.6817887072475 
2424, 59.7459739072571 
2425, 57.099623105503 
2426, 53.4023026861425 
2427, 53.3895315870216 
2428, 67.345607755504 
2429, 78.4741091506938 
2430, 90.0737838420826 
2431, 91.6031128461357 
2432, 95.0185018000854 
2433, 79.8701436414928 
2434, 44.6914395703789 
2435, 28.1654593730819 
2436, 0.938395686401822 
2437,-10.4484942165326 
2438,-2.84686743752974 
2439, 1.78467797769012 
2440, 9.21771566749404 
2441, 23.2724806823518 
2442, 44.5813877012283 
2443, 60.4965197589771 
2444, 83.8162838706885 
2445, 102.142085947064 
2446, 82.6217068763212 
2447, 48.617340147144 
2448, 41.326404293615 
2449, 23.3542523239078 
2450, 26.4324089126593 
2451, 57.8509316563706 
2452, 63.2417865330613 
2453, 68.3871809058655 
2454, 78.4877910631366 
2455, 58.6591556486519 
2456, 53.094285002619 
2457, 48.8743500080991 
2458, 41.4244601805299 
2459, 53.526317844519 
2460, 48.6415156862409 
2461, 56.8880831655235 
2462, 65.085616840096 
2463, 65.5049690598178 
2464, 88.7380906826334 
2465, 80.6741595344918 
2466, 64.4548131672568 
2467, 67.4332993040691 
2468, 60.1335185573962 
2469, 64.460226665904 
2470, 73.4929488874481 
2471, 63.4664738542502 
2472, 66.5817478438668 
2473, 98.9195487884291 
2474, 115.526104739177 
2475, 115.434633615903 
2476, 104.632026210155 
2477, 58.7404127475931 
2478, 23.5249919918934 
2479, 27.9524514631836 
2480, 33.914531544027 
2481, 28.8399322036872 
2482, 33.070695310216 
2483, 33.5430680844275 
2484, 13.032823137348 
2485, 9.22726253981566 
2486, 12.6547441389349 
2487,-2.37750466074444 
2488,-6.40008328687466 
2489,-2.53839621200678 
2490,-13.1589543408048 
2491,-10.9010853443849 
2492,-0.317026023846225 
2493,-2.16328611248521 
2494, 5.38266428468933 
2495, 18.8645098164558 
2496, 27.800719011052 
2497, 27.4558529199542 
2498, 25.1254548357364 
2499,-5.08629281436033 
2500,-9.67539111260639 
