Wavelength,0212202100071.asd
350, 490.738825009308 
351, 515.487740889146 
352, 539.882738150184 
353, 562.894081392006 
354, 582.867649673143 
355, 601.839757292524 
356, 622.024225202732 
357, 642.566367727537 
358, 666.345026636278 
359, 692.314663410291 
360, 718.63083426487 
361, 750.759434974308 
362, 787.966055429817 
363, 828.031302276272 
364, 868.045383124365 
365, 910.592195535218 
366, 951.038431254137 
367, 985.147223575599 
368, 1012.10273122043 
369, 1028.10664163978 
370, 1034.49858255462 
371, 1034.56293779207 
372, 1029.82298623794 
373, 1028.17847668751 
374, 1030.67381387986 
375, 1033.57261239074 
376, 1037.05771788976 
377, 1040.06196038422 
378, 1039.73009874944 
379, 1031.15528977742 
380, 1020.09495161643 
381, 1006.93174011243 
382, 990.950768923526 
383, 971.78598371546 
384, 952.371154750347 
385, 939.379087437104 
386, 940.807384311205 
387, 961.859909090834 
388, 991.56368334606 
389, 1017.30136874784 
390, 1027.88830841844 
391, 1041.11888655484 
392, 1053.35028941536 
393, 1060.96477941831 
394, 1068.2056524787 
395, 1090.18057418451 
396, 1133.78786882259 
397, 1201.79777451242 
398, 1298.45671545085 
399, 1408.67591396883 
400, 1521.58890753468 
401, 1631.37790150128 
402, 1736.16225059809 
403, 1822.21039906711 
404, 1883.55098177546 
405, 1930.76102762277 
406, 1969.47990039172 
407, 2004.41379759174 
408, 2041.2503344939 
409, 2092.26403375658 
410, 2153.86648644532 
411, 2222.68879886498 
412, 2295.53073071605 
413, 2366.118384537 
414, 2435.27105252589 
415, 2501.95666885052 
416, 2559.64652379785 
417, 2615.70737647286 
418, 2672.99015228646 
419, 2731.38637396661 
420, 2785.0450120174 
421, 2840.05870799176 
422, 2898.32795289322 
423, 2957.8525001116 
424, 3014.2793200889 
425, 3061.33739869497 
426, 3091.49312793305 
427, 3094.81432158157 
428, 3083.69457395405 
429, 3085.82080590278 
430, 3123.58622553402 
431, 3180.41476056879 
432, 3255.88444436857 
433, 3366.56733951115 
434, 3533.81215200875 
435, 3707.14325088669 
436, 3841.61286416706 
437, 3928.26474639826 
438, 4014.24616667167 
439, 4104.3814071567 
440, 4190.91992750446 
441, 4269.18038735393 
442, 4372.02296057692 
443, 4478.92534735779 
444, 4575.81020274099 
445, 4655.9096260668 
446, 4720.31754789576 
447, 4778.10465029126 
448, 4839.46805651262 
449, 4915.90195790279 
450, 4982.03086866656 
451, 5018.91742133771 
452, 5018.51241207837 
453, 5006.8877427962 
454, 4979.26839094411 
455, 4944.21686707912 
456, 4922.20594555042 
457, 4920.83368541298 
458, 4924.19358516043 
459, 4919.27841597589 
460, 4909.223172929 
461, 4893.49922417973 
462, 4875.48543515325 
463, 4857.09155117975 
464, 4825.77879683916 
465, 4777.81991751229 
466, 4718.7829734868 
467, 4662.93610040264 
468, 4617.38348571068 
469, 4583.78815061255 
470, 4562.57568840173 
471, 4557.19860961278 
472, 4554.68623934245 
473, 4555.7829123697 
474, 4564.9926985738 
475, 4564.60258694685 
476, 4560.60829802829 
477, 4559.4792640678 
478, 4565.34309311111 
479, 4581.35289323239 
480, 4602.53557447123 
481, 4618.72033843207 
482, 4614.03406640934 
483, 4580.6507397697 
484, 4511.00771081453 
485, 4404.26109689686 
486, 4299.22756922222 
487, 4224.96894477072 
488, 4204.19835975038 
489, 4254.74088032261 
490, 4334.61846017132 
491, 4399.31402604492 
492, 4420.54498662406 
493, 4431.11908239066 
494, 4445.46679494872 
495, 4470.87840121263 
496, 4505.83644911922 
497, 4518.36463709311 
498, 4507.49212644663 
499, 4480.03890926073 
500, 4444.10324414503 
501, 4415.31868218803 
502, 4404.01247371044 
503, 4416.7406151945 
504, 4457.8035501155 
505, 4514.58425644966 
506, 4573.46918251402 
507, 4621.70859867953 
508, 4657.29402243491 
509, 4684.34544984631 
510, 4709.89787229911 
511, 4745.56395669731 
512, 4769.84851676033 
513, 4773.53929816254 
514, 4755.49391327182 
515, 4718.3659091555 
516, 4667.11070423958 
517, 4614.83371958832 
518, 4584.0267062047 
519, 4622.66452629341 
520, 4734.44269979149 
521, 4891.83804588866 
522, 5023.2258306125 
523, 5121.95163550112 
524, 5191.52641054256 
525, 5242.3831371001 
526, 5266.93111470833 
527, 5276.02324715241 
528, 5299.77733958339 
529, 5405.6300812213 
530, 5545.20664609595 
531, 5663.05927381251 
532, 5713.78968459087 
533, 5729.96091122087 
534, 5754.61739336088 
535, 5811.36315218018 
536, 5899.38756009265 
537, 5962.76382855854 
538, 5991.23937873092 
539, 5993.41161018237 
540, 5991.82771111835 
541, 5996.44355787694 
542, 6025.61028849635 
543, 6095.31225999407 
544, 6174.09060130704 
545, 6243.1166840886 
546, 6291.98298916665 
547, 6319.85814241245 
548, 6337.79274823049 
549, 6358.1206001339 
550, 6388.77625094683 
551, 6420.9611238443 
552, 6446.85222339038 
553, 6466.47489382288 
554, 6485.87757413379 
555, 6499.60320057639 
556, 6492.95145321954 
557, 6457.36242483866 
558, 6396.40447631139 
559, 6344.2163531365 
560, 6320.20926010925 
561, 6330.94399712258 
562, 6359.6917773075 
563, 6376.27788505975 
564, 6366.23564420986 
565, 6335.14730965218 
566, 6290.79770653487 
567, 6245.40080889339 
568, 6206.53897999761 
569, 6166.43735597004 
570, 6116.82052874397 
571, 6069.97856243082 
572, 6049.47200423514 
573, 6053.57565708185 
574, 6053.12720039344 
575, 6027.81242444128 
576, 5976.77175769618 
577, 5928.12414728031 
578, 5901.09856061937 
579, 5905.97224556254 
580, 5931.26251343376 
581, 5980.25677463131 
582, 6042.19258812082 
583, 6093.33470644402 
584, 6125.78632011823 
585, 6122.70569905732 
586, 6081.59891412804 
587, 6034.57006137384 
588, 5977.17031683446 
589, 5898.0993058668 
590, 5796.37649265786 
591, 5758.2733350011 
592, 5783.77051123361 
593, 5832.2971181726 
594, 5824.62519331975 
595, 5789.56726043106 
596, 5744.0269364058 
597, 5698.47266948141 
598, 5646.02242938749 
599, 5583.42563961319 
600, 5516.63046748415 
601, 5457.74938741367 
602, 5409.41021583644 
603, 5381.24197780045 
604, 5374.22623324323 
605, 5375.2005817883 
606, 5360.70112462612 
607, 5327.70900808087 
608, 5283.85724018019 
609, 5241.02094617256 
610, 5202.44885201688 
611, 5168.22861443967 
612, 5135.71759165601 
613, 5102.09858353874 
614, 5064.24933484027 
615, 5023.52565610609 
616, 4990.75544182015 
617, 4967.90633924093 
618, 4962.83767451108 
619, 4980.45849861603 
620, 4996.68533611664 
621, 4994.46542642913 
622, 4966.98485879945 
623, 4919.18117530838 
624, 4867.76136689845 
625, 4819.98373380679 
626, 4778.20058583924 
627, 4740.17080893531 
628, 4702.81482627123 
629, 4667.59160742279 
630, 4640.31783284415 
631, 4636.47804863007 
632, 4645.33352808239 
633, 4657.31479381973 
634, 4671.24873165065 
635, 4681.12059575555 
636, 4686.04345133308 
637, 4686.73113496412 
638, 4682.38854153887 
639, 4669.94055956604 
640, 4644.80461217899 
641, 4603.45962725985 
642, 4570.31591412389 
643, 4547.65162111637 
644, 4530.49190623828 
645, 4508.91859968025 
646, 4476.58659096866 
647, 4436.21939299882 
648, 4395.44167348972 
649, 4361.45830277069 
650, 4333.58344476959 
651, 4315.929700572 
652, 4316.23745211125 
653, 4301.69670403868 
654, 4249.86249842769 
655, 4156.60207591485 
656, 4047.5208991588 
657, 3965.37290686514 
658, 3959.76243221204 
659, 4058.02506215538 
660, 4157.47041587375 
661, 4211.04200661535 
662, 4216.65956281295 
663, 4218.74767976088 
664, 4211.37595953268 
665, 4201.50148365358 
666, 4195.31926792182 
667, 4191.96949086867 
668, 4187.24121853263 
669, 4180.37310897811 
670, 4172.46741673924 
671, 4162.19520248491 
672, 4149.52085192248 
673, 4138.57568984686 
674, 4138.71908502007 
675, 4141.8489276178 
676, 4143.21153841707 
677, 4140.94201376468 
678, 4139.52986338921 
679, 4137.30239297039 
680, 4133.62182841281 
681, 4128.4666969957 
682, 4123.10843338834 
683, 4110.81979306535 
684, 4074.10509639371 
685, 3982.51333469806 
686, 3819.63729958494 
687, 3602.40233576238 
688, 3385.09487269001 
689, 3291.00410398036 
690, 3352.28855199379 
691, 3510.88436559226 
692, 3654.93528925373 
693, 3781.19038469193 
694, 3870.7165927667 
695, 3921.55515646488 
696, 3955.05701464482 
697, 3978.84048188902 
698, 3991.3271172054 
699, 3989.13886400843 
700, 3973.99380199917 
701, 3957.38540632827 
702, 3949.60236164142 
703, 3958.17446850899 
704, 3979.27971229411 
705, 4006.79822833092 
706, 4031.41272352268 
707, 4040.10206395479 
708, 4045.4433230495 
709, 4050.35553865033 
710, 4054.65727771008 
711, 4056.97002637673 
712, 4056.92535417838 
713, 4053.45542677007 
714, 4043.7810581011 
715, 4019.22422773981 
716, 3967.04434795113 
717, 3879.8904987887 
718, 3758.10452145465 
719, 3654.56115321463 
720, 3612.86429212955 
721, 3650.21608915617 
722, 3734.53890556215 
723, 3793.78084946996 
724, 3802.0225925957 
725, 3771.16996118591 
726, 3762.69457396799 
727, 3770.19011247206 
728, 3781.1840994644 
729, 3784.8588907401 
730, 3805.1040192925 
731, 3843.72805961247 
732, 3895.7453024203 
733, 3954.66623503266 
734, 4003.35450164158 
735, 4032.05851815531 
736, 4038.1561695854 
737, 4031.4782282937 
738, 4019.04834938728 
739, 4004.43966122354 
740, 3988.66954005854 
741, 3979.58419545754 
742, 3978.04000379548 
743, 3982.45687031088 
744, 3989.98085818589 
745, 3992.28290589018 
746, 3988.66676767923 
747, 3980.33451569669 
748, 3965.12862464898 
749, 3941.5910115834 
750, 3912.46026918922 
751, 3883.87142689659 
752, 3865.28836300389 
753, 3851.71783626416 
754, 3837.96715622352 
755, 3820.53983896337 
756, 3788.27292038473 
757, 3699.47343949081 
758, 3484.14086530392 
759, 3017.54212545326 
760, 2330.34513096174 
761, 1655.5856781157 
762, 1276.75476767336 
763, 1272.15410928585 
764, 1460.31056996489 
765, 1749.1289959203 
766, 2128.63054442618 
767, 2539.45326675845 
768, 2887.57513556548 
769, 3118.0869829257 
770, 3238.1200669636 
771, 3287.39182992152 
772, 3293.94766511623 
773, 3279.20372798274 
774, 3257.14626333241 
775, 3229.46989749973 
776, 3199.05064528023 
777, 3167.99211545598 
778, 3135.01365277891 
779, 3100.98537473758 
780, 3066.8769493937 
781, 3033.61800231844 
782, 3002.34009353915 
783, 2970.3726902368 
784, 2936.14919644218 
785, 2900.66285210799 
786, 2867.37856618319 
787, 2832.79650333503 
788, 2793.83098896604 
789, 2754.04132930877 
790, 2710.98106419576 
791, 2666.31546263072 
792, 2623.13444761099 
793, 2581.11076455088 
794, 2546.11161734961 
795, 2521.25287420303 
796, 2506.03761033591 
797, 2492.76995488813 
798, 2477.31749702981 
799, 2455.96672809591 
800, 2425.29687333885 
801, 2395.65999967145 
802, 2371.06927129649 
803, 2350.78890442806 
804, 2327.18481493238 
805, 2307.42459854793 
806, 2290.83529982276 
807, 2273.65456798084 
808, 2251.63123829187 
809, 2226.47153926652 
810, 2199.63972628341 
811, 2171.50196819012 
812, 2138.31242328513 
813, 2094.50841589569 
814, 2038.56565297858 
815, 1974.07949266497 
816, 1913.62856860145 
817, 1867.00156714589 
818, 1839.74952282583 
819, 1832.17366054893 
820, 1830.11052922014 
821, 1825.25019399658 
822, 1814.70904590143 
823, 1802.70145098451 
824, 1795.32511712457 
825, 1799.51495825075 
826, 1814.08892931457 
827, 1812.35933770928 
828, 1796.58480016551 
829, 1774.05235874385 
830, 1754.27501841751 
831, 1741.41282674984 
832, 1732.00900503033 
833, 1723.97476660519 
834, 1717.19533052299 
835, 1714.15634101918 
836, 1711.63876211866 
837, 1706.13551573872 
838, 1695.13628168302 
839, 1682.34587826942 
840, 1665.37975488575 
841, 1644.12671799235 
842, 1623.90142249233 
843, 1602.87784602487 
844, 1580.12933428935 
845, 1556.14064037372 
846, 1534.82219280225 
847, 1509.73321758144 
848, 1478.89169880135 
849, 1443.19013127181 
850, 1407.14290320138 
851, 1367.38720130548 
852, 1327.50488544788 
853, 1293.35010926422 
854, 1264.98409024806 
855, 1238.50183165473 
856, 1219.68706940011 
857, 1217.3440311112 
858, 1220.1487200182 
859, 1213.24153165492 
860, 1193.5942411504 
861, 1169.00937143925 
862, 1143.03300770007 
863, 1112.53218137105 
864, 1077.86000483868 
865, 1044.09574153555 
866, 1011.26406229452 
867, 981.427672184041 
868, 957.896839087891 
869, 944.859800744451 
870, 936.359456454225 
871, 924.747383420601 
872, 906.312005389612 
873, 884.696451664885 
874, 863.355156578011 
875, 842.613321517242 
876, 822.015768167545 
877, 801.7318559373 
878, 781.437397864087 
879, 762.073396919866 
880, 743.911533197177 
881, 724.165392548362 
882, 706.285897072987 
883, 690.267235188755 
884, 674.727398023169 
885, 658.37297296339 
886, 640.852006603454 
887, 623.833753007981 
888, 609.329715710886 
889, 597.598577762297 
890, 583.441511552834 
891, 568.287272195291 
892, 554.988844403123 
893, 537.426663131899 
894, 517.263537304531 
895, 496.392809413364 
896, 476.207799396009 
897, 455.576969237658 
898, 436.143486287658 
899, 420.037068850632 
900, 408.756967521917 
901, 399.822842960508 
902, 395.744739167978 
903, 394.130311366653 
904, 390.224707617403 
905, 386.083142047144 
906, 380.283263956356 
907, 372.491478941927 
908, 363.397185416176 
909, 353.76684331541 
910, 343.811309296165 
911, 335.960398417732 
912, 332.731979831199 
913, 327.633037243491 
914, 324.679567795011 
915, 322.764682643168 
916, 317.82600556558 
917, 315.478366726432 
918, 312.595714808612 
919, 309.496725429326 
920, 308.601655977046 
921, 306.268960804842 
922, 302.826971266474 
923, 298.040975549141 
924, 291.509174847148 
925, 285.483933768571 
926, 277.136622372862 
927, 266.058747229904 
928, 253.48623916259 
929, 238.240214388011 
930, 222.066487722056 
931, 204.701346031596 
932, 185.845913566479 
933, 171.92258668538 
934, 160.510015840455 
935, 152.126979869124 
936, 148.205362859421 
937, 145.147661703701 
938, 144.843246037311 
939, 146.010774430512 
940, 146.532721511646 
941, 148.620801978137 
942, 148.147053043283 
943, 145.342040048754 
944, 142.108009457468 
945, 138.06255960907 
946, 132.93045594224 
947, 129.85667895186 
948, 130.734283879302 
949, 130.172482984148 
950, 128.002208700612 
951, 126.411277286748 
952, 126.554196828269 
953, 124.985802379618 
954, 121.68997667581 
955, 118.843254634733 
956, 117.646751473682 
957, 116.121815035126 
958, 114.015803967775 
959, 113.067790335074 
960, 113.247795694927 
961, 111.397991339402 
962, 109.068395370618 
963, 107.42056640031 
964, 106.427095278712 
965, 104.861549596535 
966, 103.429148464044 
967, 101.432752364389 
968, 99.1768827591848 
969, 97.6100081607669 
970, 94.7765332867402 
971, 90.8748036138859 
972, 87.6059510744314 
973, 86.3322825302218 
974, 82.9714173443553 
975, 79.1084044702894 
976, 76.1523871300154 
977, 74.3063934811469 
978, 70.7159034101458 
979, 67.0939134789331 
980, 64.2312098818174 
981, 62.4436282636247 
982, 61.8396987913802 
983, 59.7772755328621 
984, 56.6892191922221 
985, 53.9433838811966 
986, 52.6306361771746 
987, 49.8860819432003 
988, 48.4272084444671 
989, 47.4828487403204 
990, 42.8790742748156 
991, 41.8983946122008 
992, 40.3229416252554 
993, 37.719016313471 
994, 36.5900043110325 
995, 35.3366096339868 
996, 34.7773943652132 
997, 33.9550982789728 
998, 31.927976450754 
999, 30.1377956533952 
1000, 31.2449739533112 
1001, 162.238115728941 
1002, 150.039761456774 
1003, 141.673197654687 
1004, 139.809628945301 
1005, 138.115768672584 
1006, 136.337652121411 
1007, 134.253998565715 
1008, 132.403756644474 
1009, 133.531158292637 
1010, 138.02494849183 
1011, 138.753680242754 
1012, 141.434008364789 
1013, 140.956877411214 
1014, 134.936476389927 
1015, 132.232309494012 
1016, 127.562687113505 
1017, 129.090753015131 
1018, 131.730565744928 
1019, 126.412411398547 
1020, 125.027647757105 
1021, 125.228818376294 
1022, 126.485383681106 
1023, 128.36780148652 
1024, 133.720044412905 
1025, 139.181582669658 
1026, 141.204160501584 
1027, 136.583113434407 
1028, 136.948693595736 
1029, 136.163131832657 
1030, 131.868227942897 
1031, 135.389028574993 
1032, 138.707299034442 
1033, 141.033892022836 
1034, 143.0361893379 
1035, 142.689285639947 
1036, 139.609023334719 
1037, 134.461009700901 
1038, 132.346759678278 
1039, 135.871877466536 
1040, 134.099740595096 
1041, 136.266397900584 
1042, 144.408738542337 
1043, 140.873153179413 
1044, 142.028059313372 
1045, 148.482776024837 
1046, 146.489557439132 
1047, 147.630276111505 
1048, 151.46156834865 
1049, 157.369423268944 
1050, 156.710513815469 
1051, 158.114728433792 
1052, 161.561834894959 
1053, 162.517361578895 
1054, 166.80951605957 
1055, 171.3624653909 
1056, 175.231737391865 
1057, 182.475003774282 
1058, 190.798969740451 
1059, 196.51998649756 
1060, 198.516547040139 
1061, 194.286691514662 
1062, 196.953515412194 
1063, 198.348055847109 
1064, 202.806913654657 
1065, 216.012939814304 
1066, 222.970627804056 
1067, 230.543846415834 
1068, 240.966543216285 
1069, 240.11029297481 
1070, 241.517077623914 
1071, 245.935915509669 
1072, 247.158175314315 
1073, 254.504886331375 
1074, 273.379396807119 
1075, 283.662875482989 
1076, 292.587341108015 
1077, 300.270948068207 
1078, 304.89392186252 
1079, 308.252861818258 
1080, 309.415557093614 
1081, 311.815106670174 
1082, 314.769407975838 
1083, 314.951573771773 
1084, 322.217368708681 
1085, 326.923969461118 
1086, 330.559240566472 
1087, 334.81943000097 
1088, 339.19765107957 
1089, 343.032853484984 
1090, 344.90982389041 
1091, 347.003010672418 
1092, 343.778969150096 
1093, 343.932098702823 
1094, 342.957270258399 
1095, 339.483766870368 
1096, 335.274170640804 
1097, 331.173971481206 
1098, 330.60649483559 
1099, 326.704701003389 
1100, 324.815852158751 
1101, 320.771531923076 
1102, 308.611614899892 
1103, 303.731107995151 
1104, 300.200286399287 
1105, 305.420820478638 
1106, 311.113329518432 
1107, 312.180769690694 
1108, 306.58894407176 
1109, 295.978567606632 
1110, 282.74370153345 
1111, 272.121571468396 
1112, 262.538743966979 
1113, 256.91156423868 
1114, 246.594725962468 
1115, 232.238019159889 
1116, 222.517689095022 
1117, 216.040624943574 
1118, 206.946513052904 
1119, 199.373588359393 
1120, 189.677421328826 
1121, 178.053995059245 
1122, 160.914696991342 
1123, 145.632787323505 
1124, 138.54987454332 
1125, 136.321718954567 
1126, 140.328867078074 
1127, 143.042639450571 
1128, 152.937206232542 
1129, 155.78336118466 
1130, 153.690374920286 
1131, 155.46059964247 
1132, 157.333655244227 
1133, 161.17825724425 
1134, 168.153319231166 
1135, 172.489926721964 
1136, 181.769432282951 
1137, 187.743490931352 
1138, 188.847067241549 
1139, 194.756918865103 
1140, 197.143068699862 
1141, 196.169620536927 
1142, 195.429917276502 
1143, 195.54717051619 
1144, 192.664927082065 
1145, 183.906307632216 
1146, 180.742743642869 
1147, 183.289486045578 
1148, 178.742178592219 
1149, 169.012031578134 
1150, 164.435596461069 
1151, 163.825707981339 
1152, 161.970505371944 
1153, 163.881569742304 
1154, 175.496641002356 
1155, 181.820821712105 
1156, 184.551516811614 
1157, 189.852031443261 
1158, 201.28043367385 
1159, 204.673731301494 
1160, 204.568490520867 
1161, 203.119277336196 
1162, 192.901487530059 
1163, 190.60298591483 
1164, 192.386402762329 
1165, 192.203591000026 
1166, 191.11767581662 
1167, 196.31967336202 
1168, 193.07898165966 
1169, 181.400133256515 
1170, 177.575466099734 
1171, 175.365402429946 
1172, 172.181358289389 
1173, 172.438709420406 
1174, 169.680080354407 
1175, 163.132361288294 
1176, 159.15155386714 
1177, 156.815145992213 
1178, 153.358943355517 
1179, 149.439220529202 
1180, 146.002998857768 
1181, 143.06619981716 
1182, 137.678554812883 
1183, 135.856151511995 
1184, 137.232280827902 
1185, 135.3837734839 
1186, 132.316867002947 
1187, 132.045463183094 
1188, 132.726590640983 
1189, 131.095907887076 
1190, 130.200291416434 
1191, 130.005864341175 
1192, 127.000933702682 
1193, 125.584329421714 
1194, 130.88541252822 
1195, 128.815022409073 
1196, 118.465814267523 
1197, 113.479429325314 
1198, 110.531958835582 
1199, 106.890430246453 
1200, 103.638897806414 
1201, 106.101150219826 
1202, 103.162885266121 
1203, 94.0485443318514 
1204, 90.1608958063057 
1205, 86.758878605461 
1206, 86.3339914835766 
1207, 89.1899595557117 
1208, 91.4385895661617 
1209, 99.9323147340638 
1210, 101.074725020784 
1211, 94.7727693377861 
1212, 93.4260132620567 
1213, 92.3600709078584 
1214, 89.0897517519756 
1215, 86.5979430092551 
1216, 88.2883697476732 
1217, 85.9910645135407 
1218, 78.4149030089271 
1219, 75.6942071213465 
1220, 72.9887502858498 
1221, 74.7191434478256 
1222, 82.2487459966048 
1223, 85.1670707904306 
1224, 89.4961564664382 
1225, 92.8205827682899 
1226, 92.9257433440004 
1227, 93.3460474733234 
1228, 93.3537339755311 
1229, 95.2129932891518 
1230, 97.5289101896491 
1231, 100.731661777995 
1232, 99.3689918977237 
1233, 97.5657389465703 
1234, 95.7530060991779 
1235, 89.1814298494307 
1236, 86.0226135640131 
1237, 86.4349467367863 
1238, 84.7718257770237 
1239, 80.6397509504096 
1240, 78.7762115726641 
1241, 77.3439928235191 
1242, 77.662176646829 
1243, 80.3838147850014 
1244, 82.2619044154857 
1245, 84.480112615613 
1246, 88.0964880412456 
1247, 90.5053784295515 
1248, 93.7302452409643 
1249, 92.1761433281177 
1250, 87.7361309497152 
1251, 85.321613811969 
1252, 79.9232730714998 
1253, 76.7127251813611 
1254, 76.7755798887567 
1255, 74.7893794446809 
1256, 69.7218993702258 
1257, 67.7935507150272 
1258, 66.031299979893 
1259, 66.7340574962435 
1260, 75.1053036012076 
1261, 75.8312583431219 
1262, 71.2460551826742 
1263, 71.5406869857401 
1264, 68.3766748528483 
1265, 57.647566907274 
1266, 56.1127054929474 
1267, 61.0619447510415 
1268, 60.1749771421042 
1269, 59.3566577708459 
1270, 58.2376158542317 
1271, 51.6940457271343 
1272, 52.9953839957652 
1273, 60.1675450672045 
1274, 64.634421168372 
1275, 73.2620596289669 
1276, 77.4863539794973 
1277, 78.2793478592125 
1278, 79.5251877845066 
1279, 80.3563526618908 
1280, 79.4592996450838 
1281, 78.3872387312707 
1282, 76.4597734698854 
1283, 76.4770697054403 
1284, 77.4584532685678 
1285, 76.9176032542097 
1286, 77.941817481272 
1287, 76.3190949540107 
1288, 69.2658027604913 
1289, 68.6929395987459 
1290, 70.4064299190746 
1291, 72.0028331541579 
1292, 79.1392948212223 
1293, 81.5932150616409 
1294, 81.0737133015084 
1295, 81.6410228057504 
1296, 79.3777509911051 
1297, 79.7973538515177 
1298, 82.8721179100158 
1299, 84.9350238246154 
1300, 85.1503341788972 
1301, 87.2082378143022 
1302, 87.9707039139753 
1303, 87.2634632230883 
1304, 85.6352165988255 
1305, 83.8037642072087 
1306, 81.5400323049649 
1307, 77.1971551764813 
1308, 75.6709924704752 
1309, 75.7546504216082 
1310, 75.1206332121882 
1311, 74.0078108054908 
1312, 74.3748389707898 
1313, 76.2316011276393 
1314, 76.9845436110709 
1315, 78.7313647565417 
1316, 79.5779823536477 
1317, 77.9099091535174 
1318, 77.6891187276976 
1319, 82.5967837666355 
1320, 86.2610042367225 
1321, 85.1442122256565 
1322, 85.6593895633797 
1323, 83.8676547967923 
1324, 73.7077097362009 
1325, 74.8686085650143 
1326, 83.4022590289114 
1327, 86.8371007825807 
1328, 96.0688195100318 
1329, 97.0561975987372 
1330, 89.8369102826833 
1331, 87.1907424746936 
1332, 81.1358439009162 
1333, 79.2573999604723 
1334, 84.4710795745939 
1335, 82.9268815280701 
1336, 77.6368769485627 
1337, 76.0951573100729 
1338, 72.0593112022289 
1339, 65.358523060945 
1340, 60.5697810717878 
1341, 59.0454135301286 
1342, 57.347369882936 
1343, 54.7168266472406 
1344, 54.6087473309935 
1345, 59.1799983728244 
1346, 58.3057790696108 
1347, 56.0256363856641 
1348, 53.0092860162279 
1349, 45.3711416502925 
1350, 41.6733655371439 
1351, 39.1281835260256 
1352, 36.5783673305216 
1353, 37.0816186555961 
1354, 36.7873945100836 
1355, 35.7834474174608 
1356, 35.3412516249205 
1357, 38.5960410008502 
1358, 32.8684584798751 
1359, 33.1500023094387 
1360, 30.5253912515102 
1361, 21.9061878446863 
1362, 17.6414304394586 
1363, 13.1132102171645 
1364, 4.36222626454511 
1365, 0.446940230333598 
1366, 1.38197721328728E-02 
1367, 0.735521458069222 
1368, 4.18420312807768 
1369, 6.17941982493873 
1370, 10.733281044765 
1371, 12.114325183184 
1372, 10.2888720147359 
1373, 9.29844674199788 
1374, 9.47251856274014 
1375, 7.9644371470007 
1376, 3.48820543878475 
1377, 1.10132365937776 
1378,-1.03927543522038 
1379,-4.1539676505681 
1380,-3.04526183716491 
1381, 1.81035682478653 
1382, 3.46782274750776 
1383, 1.74086907739144 
1384, 5.0250015021464 
1385, 7.75732534789481 
1386, 9.46696100758229 
1387, 13.3093053204588 
1388, 11.7886358758973 
1389, 1.08521576166972 
1390,-0.939734474596326 
1391,-0.667783005441188 
1392, 0.632643845285664 
1393, 6.75828828954791 
1394, 9.83594587286469 
1395, 12.2563465056698 
1396, 14.4812832272199 
1397, 17.525593640585 
1398, 16.0648139856205 
1399, 8.88364398262538 
1400, 7.72077666098708 
1401, 5.54024867545411 
1402, 6.74144115666294 
1403, 15.7037665699931 
1404, 22.5864713891061 
1405, 20.2777572074846 
1406, 20.7176421661598 
1407, 18.7763329755324 
1408, 9.10236125617564 
1409, 8.17608096666957 
1410, 10.2596880089646 
1411, 13.1973923830951 
1412, 24.1529416918987 
1413, 23.3009227670517 
1414, 16.5869193742988 
1415, 13.5003912460419 
1416, 1.77989358028873 
1417, 0.646650309513974 
1418, 10.8134347688279 
1419, 12.485853655306 
1420, 14.6282218006405 
1421, 14.7185150680323 
1422, 8.62205410296504 
1423, 6.71367486017001 
1424, 5.72415889255261 
1425, 5.59996979571541 
1426, 8.25221918170917 
1427, 8.6562846683669 
1428, 9.88170564132614 
1429, 8.60852386947145 
1430, 5.37348612598694 
1431, 4.75734293261262 
1432,-0.034560662547302 
1433, 0.461717474690904 
1434, 2.65750541920203 
1435, 0.224113614505798 
1436, 2.88848579358608 
1437, 5.97726073177542 
1438, 7.07025780388274 
1439, 8.90460387897424 
1440, 8.59701904797113 
1441, 5.18419772811707 
1442, 2.80841754507423 
1443,-1.33028989586105 
1444,-2.93880698377394 
1445,-2.89416351307977 
1446,-2.70050413932608 
1447, 0.525024252960154 
1448,-0.271874381877787 
1449,-3.48026194105287 
1450,-5.95373405179849 
1451,-11.4140037503574 
1452,-14.5128278648293 
1453,-17.322100103288 
1454,-17.9258434913703 
1455,-17.086308485217 
1456,-13.6990150343913 
1457,-11.9095498502653 
1458,-7.17215624497706 
1459,-6.41961752067006 
1460,-5.32715286793533 
1461,-4.12711635411932 
1462,-6.24289247036387 
1463,-5.80940382969003 
1464,-2.44151785982425 
1465,-3.64619477572556 
1466,-6.78185805287855 
1467,-8.04567219063319 
1468,-13.6230883878165 
1469,-13.1818853400678 
1470,-6.08036238504276 
1471,-1.38448928389714 
1472, 4.91654274607354 
1473, 7.23989565346809 
1474, 7.89242071309996 
1475, 8.5677797886365 
1476, 8.41293308016184 
1477, 6.8666834044814 
1478, 1.24962817912302 
1479, 0.33562792993341 
1480, 1.02578601124787 
1481, 0.867033973837569 
1482, 6.31643377588026 
1483, 7.53272858739838 
1484, 0.755380377958141 
1485,-0.385590213164276 
1486, 0.961795679473371 
1487, 3.03709610381665 
1488, 4.59907852338766 
1489, 7.67297027942369 
1490, 5.24883655699855 
1491, 0.795184749523488 
1492,-2.20152619370692 
1493,-3.66714344604409 
1494,-0.219420584855386 
1495, 1.36466038965385 
1496,-0.546772766295497 
1497, 3.65459182529532 
1498, 5.17187338100084 
1499, 4.58466071071389 
1500, 4.09437518418057 
1501, 3.9970986320281 
1502, 3.59528318000991 
1503, 3.39107217655744 
1504, 2.3325841476477 
1505,-0.561225797943725 
1506, 0.1324583980571 
1507, 1.79141090939032 
1508, 2.02443023928016 
1509, 5.92426274950094 
1510, 6.78227038999544 
1511, 3.4747625087069 
1512, 1.13481925469535 
1513,-3.383319845569 
1514,-2.35081983613939 
1515, 3.67843787885805 
1516, 5.60009216340876 
1517, 9.33703594111867 
1518, 11.0337612410221 
1519, 6.92218199425224 
1520, 5.48758982424665 
1521, 6.66699635270616 
1522, 7.91203300413626 
1523, 2.61793183394763 
1524,-2.30986498785833 
1525,-1.58468739735687 
1526,-0.236810116253734 
1527,-1.83699301226658 
1528, 1.306209289574 
1529, 2.66163386082999 
1530,-1.58216555270047 
1531, 3.77760249392002 
1532, 10.6827568011991 
1533, 11.2468520371909 
1534, 13.6670167801492 
1535, 13.6710284268381 
1536, 11.0777662157533 
1537, 10.1349022526005 
1538, 8.04230670660222 
1539, 7.51037952759258 
1540, 8.66432742691972 
1541, 7.94328418127048 
1542, 8.53056947062521 
1543, 6.25019886419273 
1544,-0.627086598892862 
1545,-2.45078634929131 
1546,-3.09430580732538 
1547,-3.32430866680613 
1548, 1.94706293598219 
1549, 0.628711117222493 
1550,-8.65910913405291 
1551,-9.50907783278194 
1552,-9.673198727404 
1553,-5.40554778377652 
1554, 10.2267473935448 
1555, 15.4722518228167 
1556, 18.3392975745629 
1557, 17.1290241741304 
1558, 6.0651918422656 
1559, 2.92411505451283 
1560, 1.05316866961127 
1561, 0.368828663150819 
1562, 5.7073859401682 
1563, 7.58627935157585 
1564, 3.8224631943055 
1565, 6.80762238424132 
1566, 19.0834549648009 
1567, 20.3385617638876 
1568, 19.8767278846872 
1569, 19.0837318001968 
1570, 1.2798717434014 
1571,-13.053485046525 
1572,-13.0091891089879 
1573,-15.6693765490057 
1574,-10.8228808544066 
1575,-2.31305995307131 
1576,-5.08476038803206 
1577,-1.48123289238445 
1578, 6.27352250890782 
1579, 5.07858246582914 
1580, 6.66418145973452 
1581, 10.2320688803265 
1582, 10.5156684473777 
1583, 7.7858014869024 
1584, 7.49003342439161 
1585, 7.89593991776522 
1586, 6.24864826925671 
1587, 2.42097816130071 
1588, 1.50931966790565 
1589, 0.424730113743749 
1590, 1.30673239159966 
1591, 5.53771537059973 
1592, 7.93533482990108 
1593, 10.4284825377509 
1594, 12.1551135245164 
1595, 12.227512115272 
1596, 15.2042887106661 
1597, 21.601779626938 
1598, 21.7404095187866 
1599, 21.435186394361 
1600, 19.4242296984579 
1601, 10.3542238799141 
1602, 6.42044416478298 
1603, 3.42914140017521 
1604, 3.36876369513006 
1605, 8.4070603873872 
1606, 7.38000839269429 
1607, 4.53406750892173 
1608, 4.44200863833208 
1609, 0.26307780365042 
1610, 0.566237205361348 
1611, 9.07675908411542 
1612, 11.2738680908463 
1613, 11.8076192309969 
1614, 10.5726854747172 
1615, 5.3367490104837 
1616, 1.86886243111659 
1617,-3.36720045191639 
1618,-6.35530713480672 
1619,-8.02527198271203 
1620,-8.83525517757084 
1621,-7.42149440812358 
1622,-7.34756811278399 
1623,-6.83800564426129 
1624,-6.82379894866252 
1625,-7.72715543705648 
1626,-8.36794735825396 
1627,-11.7700540825657 
1628,-10.1559615457979 
1629,-3.64123343599424 
1630,-0.434502307486954 
1631, 6.35144468354798 
1632, 9.06800166702359 
1633, 4.05536678862836 
1634, 3.82779798163476 
1635, 6.33043523065959 
1636, 7.0367051089592 
1637, 8.54684778013147 
1638, 10.0918643333965 
1639, 11.3773555297988 
1640, 10.9435985053092 
1641, 11.2565036211269 
1642, 9.85305728047102 
1643, 2.79091460061959 
1644,-0.415454410664031 
1645,-1.95678473758355 
1646,-2.98043125695725 
1647,-1.9523059858541 
1648,-0.153260011692192 
1649, 3.86389581117538 
1650, 5.61451985097017 
1651, 6.80451506292488 
1652, 8.02394394631238 
1653, 9.41538937429181 
1654, 9.56615931460886 
1655, 8.88226391496434 
1656, 8.47423511808129 
1657, 8.96624314646625 
1658, 7.84498174388593 
1659, 8.05331974040542 
1660, 11.005164831403 
1661, 11.181323864836 
1662, 10.0602433569799 
1663, 7.46006530781686 
1664, 3.99677858452247 
1665, 0.606417278351081 
1666,-5.81456788409463 
1667,-6.97986957369702 
1668,-5.78757624765568 
1669,-4.27933274630608 
1670, 1.15849275782479 
1671,-3.26324249363302E-02 
1672,-5.80312574330179 
1673,-2.59490499241714 
1674, 2.06694237452367 
1675, 4.34517750124465 
1676, 13.192382908656 
1677, 13.9746515464227 
1678, 6.30770515458481 
1679, 5.30848353514152 
1680, 6.43885648985779 
1681, 6.36890834273017 
1682, 6.8695058742284 
1683, 6.35430864137804 
1684, 4.70136752204059 
1685, 5.11838203872391 
1686, 5.90902575348573 
1687, 7.04296161856952 
1688, 10.2346029560741 
1689, 10.8932515324841 
1690, 9.16157674934411 
1691, 11.8057045658147 
1692, 15.8467784738094 
1693, 18.9203539185723 
1694, 25.4737716963761 
1695, 25.2931387429434 
1696, 20.9328151220681 
1697, 18.7355913827395 
1698, 15.1060770639012 
1699, 12.0519428856703 
1700, 9.35973625733804 
1701, 6.18495120147583 
1702, 1.2335637036075 
1703,-0.518919986552841 
1704,-0.522252520401722 
1705,-0.110989990021377 
1706, 1.41700518645039 
1707, 2.41701776113421 
1708, 4.18877301926493 
1709, 5.22903571348936 
1710, 5.75390376825455 
1711, 8.38941338117544 
1712, 13.2072805438064 
1713, 11.8557270915257 
1714, 9.19786181864307 
1715, 5.68601251818108 
1716,-0.670711673883193 
1717,-4.24695609496571 
1718,-3.62033614586114 
1719,-1.49459620138431 
1720, 2.98863049999885 
1721, 15.0444200875377 
1722, 20.9534427960718 
1723, 22.0382231245933 
1724, 22.6582813203703 
1725, 14.0329058930313 
1726, 9.5045069282027 
1727, 7.22783514350725 
1728, 4.05060268456363 
1729, 7.14663327996582 
1730, 6.23657235823095 
1731, 6.72015177153361 
1732, 7.10418651111266 
1733, 0.311306398128724 
1734, 0.730864757894513 
1735,-3.66170421542114 
1736,-8.87237803149045 
1737,-3.43847233135681 
1738,-6.30739893978321 
1739,-11.5999152758018 
1740,-9.60491721440829 
1741,-13.0777970633624 
1742,-17.293109643509 
1743,-9.11265935385741 
1744,-7.39704214670261 
1745,-6.86984476110969 
1746, 0.715698982947336 
1747, 2.95822474758024 
1748, 3.62880820594496 
1749, 4.32177647802315 
1750, 5.14748146411758 
1751, 3.0450299289246 
1752, 1.91079235330611 
1753, 3.08753991045644 
1754, 2.80649262894132 
1755, 9.98442436281127 
1756, 17.9112448768407 
1757, 19.6523359722099 
1758, 25.320264590249 
1759, 25.3463432963042 
1760, 23.2932827374323 
1761, 25.0511611268987 
1762, 21.6194899927253 
1763, 13.0377520508956 
1764, 8.90622480091822 
1765, 7.55180828322932 
1766, 7.51346173083489 
1767, 13.0312294885469 
1768, 13.3178282963072 
1769, 9.12189567105755 
1770, 6.76264467459735 
1771, 1.36950274907171 
1772,-0.822623839968513 
1773, 1.96277208872304 
1774, 2.09897021510874 
1775, 1.79629933898038 
1776, 1.43319800353024 
1777,-1.65250197123164 
1778,-2.39736661728685 
1779,-2.14321313861568 
1780,-1.1030591302376 
1781, 4.91878112182746 
1782, 5.75343841686158 
1783, 1.79069466916737 
1784, 1.58886072139688 
1785, 0.425409385574208 
1786,-5.85097441925674E-02 
1787, 4.36859197932941 
1788, 4.40295747760793 
1789, 1.21368932402941 
1790, 0.244647825463307 
1791,-2.61680473335338 
1792,-1.27354690871796 
1793, 2.41649297671911 
1794, 4.0876436049882 
1795, 7.78759214663078 
1796, 7.69592127087301 
1797, 6.92098944649767 
1798, 9.93568392411134 
1799, 13.2978299609725 
1800, 15.5523280489331 
1801, 26.8590058275924 
1802, 10.021487411647 
1803, 9.42649339543359 
1804, 19.1696119996726 
1805, 10.4786178351438 
1806, 5.50401716075235 
1807,-5.4478635617213 
1808,-3.37274422305362 
1809,-2.02259575450741 
1810, 1.99199439058641 
1811, 36.7756609485657 
1812, 39.1587667147198 
1813, 21.9578564963825 
1814,-9.723074208049 
1815,-21.7084406972298 
1816,-35.150827375603 
1817,-31.7328194504532 
1818,-18.0567395232583 
1819,-8.01009946805255 
1820, 6.49537883540271 
1821, 9.56475696122321 
1822, 8.84157308975781 
1823, 12.3379334111589 
1824, 5.17287660996318 
1825, 1.16923551154487 
1826,-9.05096848377374 
1827,-27.7911213095631 
1828,-24.2426386198755 
1829,-13.1019104181857 
1830,-4.81352423313494 
1831, 13.2348690375201 
1832, 52.8551176511221 
1833, 59.1500880195639 
1834, 29.4391978502667 
1835, 27.8647495885443 
1836, 17.7039984478377 
1837,-4.08820505397571 
1838,-8.87926656125501 
1839,-14.4024274864562 
1840,-31.7123436139813 
1841,-33.562773468212 
1842,-25.6268484364466 
1843, 1.91261210019905 
1844, 2.12488070158269 
1845, 1.79717589410555 
1846, 15.1178057635323 
1847, 13.119826519062 
1848, 18.7025128395116 
1849, 29.802653784822 
1850, 32.4345473585644 
1851, 25.9710756552666 
1852, 4.55483452609939 
1853,-17.1749328069696 
1854,-15.6621238765243 
1855,-17.0529914220478 
1856,-15.3581083548677 
1857,-2.09858187916301 
1858,-3.93868887216262 
1859,-7.77136605259202 
1860,-25.5494680428996 
1861,-31.637590858571 
1862,-16.668762593767 
1863,-3.60094094979085 
1864, 7.33242379027714 
1865, 27.1346894373897 
1866, 27.2238820031598 
1867, 8.87231256645165 
1868, 1.61322256794682 
1869,-3.76950689753194 
1870,-6.56481362780629 
1871,-9.1292913469039 
1872, 2.77386235782979 
1873, 6.56665707899583 
1874, 14.3375428071887 
1875, 29.9490428484668 
1876, 34.5100188941017 
1877, 44.0639190626617 
1878, 49.1962740448323 
1879, 30.2661792383082 
1880, 20.1888378091317 
1881, 10.0659813821076 
1882, 6.82545422862155 
1883, 2.9108528928689 
1884, 4.87079116796423 
1885,-4.69030772205446 
1886,-2.14175650892362 
1887,-6.56634597408089 
1888,-23.8334730828989 
1889,-8.83415134821564 
1890,-8.76177288068867 
1891,-13.6586297630622 
1892,-27.1074563530159 
1893,-20.6744550144299 
1894,-25.7872938501084 
1895,-21.1938329104364 
1896,-16.0221072139862 
1897,-15.0335971785573 
1898,-0.435773302684264 
1899, 2.18376125125265 
1900, 7.77311673617162 
1901, 38.551799771554 
1902, 36.2548082126594 
1903, 9.81492051563105 
1904,-11.9530341690387 
1905,-34.429715267771 
1906,-48.5292691356443 
1907,-23.9919319890524 
1908,-28.9006039177078 
1909,-22.8509033655551 
1910,-14.8129498047234 
1911,-14.2854754060825 
1912,-10.3901094247237 
1913,-7.63146875186079 
1914,-14.6458424512033 
1915,-21.8376658843283 
1916, 1.00296708735634 
1917, 0.771980636359713 
1918, 22.0458624960999 
1919, 35.8695259379276 
1920, 19.9446164456315 
1921, 6.44415669480746 
1922, 7.9653493704413 
1923, 23.643134900666 
1924, 29.5531295972956 
1925, 41.2370076088129 
1926, 53.0693418488849 
1927, 46.7815669585673 
1928, 33.9684524930873 
1929, 45.6284372526992 
1930, 39.6552980959855 
1931, 25.9639173730075 
1932, 21.7809403800431 
1933, 10.8368578172941 
1934,-18.2612876299769 
1935,-24.269177160205 
1936,-18.4021721195133 
1937,-17.7006013048703 
1938,-0.600363618571092 
1939, 16.6274733504545 
1940, 33.456476366856 
1941, 57.9666234634675 
1942, 72.658738484446 
1943, 73.9004667305762 
1944, 68.1198293602466 
1945, 40.202838457761 
1946, 31.4040056433106 
1947, 24.5639677504623 
1948, 17.3979115974773 
1949, 16.8654531867111 
1950, 21.573496832807 
1951, 18.146465412694 
1952, 10.9193329333322 
1953, 3.65063977435232 
1954,-1.68199895449967 
1955, 2.28808287233647 
1956, 11.959535744765 
1957, 18.9199918698918 
1958, 40.0305652583909 
1959, 49.1182241361613 
1960, 52.4323758000647 
1961, 45.4553941440015 
1962, 43.8398468377611 
1963, 36.631652881383 
1964, 13.0692082935707 
1965,-12.854852747635 
1966,-23.5174688389487 
1967,-37.2686155667909 
1968,-39.177796519543 
1969,-20.9854495522023 
1970,-8.00495549528553 
1971, 17.02755595182 
1972, 25.8687816285041 
1973, 30.1202928502102 
1974, 29.0184848418073 
1975, 21.6808085298058 
1976, 12.2172821872078 
1977, 1.68101813526286 
1978,-12.1154960454642 
1979,-14.3713694080216 
1980,-16.4400050466257 
1981,-16.7466201687753 
1982, 3.59914525352713 
1983, 9.79059644427981 
1984,-0.726391197257019 
1985, 0.214330844861675 
1986, 14.5376886920911 
1987, 1.37476066616911 
1988, 1.68191234959956 
1989, 11.8910148821549 
1990, 15.3091219533836 
1991, 17.4405115844495 
1992, 22.5511935465027 
1993, 28.9933926557373 
1994, 30.3109742930735 
1995, 31.1337416298186 
1996, 27.2326317225964 
1997, 9.78457518553026 
1998, 9.28421788380284 
1999, 15.6109433670122 
2000, 18.1904522117477 
2001, 28.3248916019688 
2002, 33.7942127993586 
2003, 34.6547153283348 
2004, 31.4215886556334 
2005, 22.4679489874118 
2006,-1.29518749285773 
2007,-6.05276971844683 
2008,-4.52284955199338 
2009,-8.32566780992555 
2010,-6.60382303971971E-02 
2011, 3.14295047982421 
2012,-19.0952376677342 
2013,-37.1923686352518 
2014,-36.9539509025414 
2015,-26.0026005378212 
2016,-20.8566880959132 
2017,-2.37369703137914 
2018, 5.77845342887771 
2019,-0.839495259999675 
2020, 4.75942389381582 
2021, 23.1205700758637 
2022, 31.2232418602429 
2023, 38.868018717137 
2024, 43.2614858007783 
2025, 36.8345629277991 
2026, 32.5278171749665 
2027, 30.8885854149024 
2028, 33.4086701152928 
2029, 21.5863474571476 
2030, 3.7994860577832 
2031,-9.46180174412051 
2032,-42.6070284664054 
2033,-47.0354720588756 
2034,-22.7806044462515 
2035,-18.5489833582617 
2036,-7.89980734634117 
2037,-6.83660310014023 
2038,-28.5718556500316 
2039,-37.3754994148598 
2040,-35.1745082000469 
2041,-18.5630899413381 
2042,-19.9750812572927 
2043,-17.0525755274627 
2044,-23.7403490951121 
2045,-59.0243362958752 
2046,-64.3717363578882 
2047,-50.2286829104238 
2048,-46.4909049445668 
2049,-38.414917141798 
2050,-26.7959010729133 
2051,-15.5513859369847 
2052,-6.3645783688668 
2053, 3.4441876049436 
2054, 13.8910396540209 
2055, 30.036622656372 
2056, 52.1306457553568 
2057, 53.5925869976837 
2058, 55.8518910310746 
2059, 50.4890909527876 
2060, 14.0649691381403 
2061, 2.79635444830307 
2062, 5.66089081090525 
2063, 4.68285742515592 
2064, 8.60430577046029 
2065, 10.241797017717 
2066, 5.11651940886342 
2067, 13.4629271742277 
2068, 21.1749817293639 
2069, 37.8547153898995 
2070, 38.0196478802006 
2071, 36.8561803231749 
2072, 27.7969265104339 
2073,-11.6925097086258 
2074,-12.8356212765584 
2075, 14.8947200821781 
2076, 19.3641365908699 
2077, 37.2609390334093 
2078, 38.5499185603521 
2079,-2.2157628479967 
2080,-11.7510094690345 
2081,-12.5810874369307 
2082, 7.77703930588532 
2083, 10.3082294936314 
2084, 24.6714870220862 
2085, 23.5579669735313 
2086, 2.76873285196066 
2087,-5.99993002184821 
2088,-17.3893687269442 
2089,-17.6707277939115 
2090,-7.15703058739367 
2091,-2.82627058241938 
2092, 14.0901298491935 
2093, 17.3799783670786 
2094, 0.124876906785594 
2095,-5.71185445647278 
2096,-14.2139973661881 
2097,-14.3498342407135 
2098,-11.4156411384883 
2099, 3.25169138083211 
2100, 8.75065884127585 
2101, 13.0312608640898 
2102, 17.9903332526009 
2103, 20.9249757802932 
2104, 23.5201990771998 
2105, 30.0275379427156 
2106, 28.6732936705399 
2107, 21.0140809027113 
2108, 17.3564836962563 
2109, 4.55690292783085 
2110, 2.72305446254425 
2111, 8.193442539214 
2112, 16.3992609412499 
2113, 28.0115589398101 
2114, 41.9465175331059 
2115, 36.4091616011569 
2116, 14.2184958496107 
2117, 8.63985428980591 
2118,-9.69156834754924 
2119,-7.53214638877335 
2120, 20.2143852736861 
2121, 30.9548266199316 
2122, 43.4226764935774 
2123, 50.1176828143038 
2124, 53.7775645761755 
2125, 50.42418912085 
2126, 34.7901260974514 
2127, 28.011384665667 
2128, 28.4282199248495 
2129, 8.56112251990535 
2130, 6.22463347281522 
2131, 15.8651969678538 
2132, 14.1021880474372 
2133, 10.9860529512007 
2134, 8.30206362050613 
2135,-1.30370634320017 
2136,-2.43477187402011 
2137, 4.38475383083371 
2138, 4.04911507217475 
2139, 4.35370431082662 
2140, 3.58339593109747 
2141,-11.2691144631571 
2142,-9.13516428269493 
2143, 12.2299531695952 
2144, 19.0784444124252 
2145, 30.2035509813171 
2146, 38.1375500298577 
2147, 21.8632449166478 
2148,-5.08803898116448 
2149,-12.8232332629691 
2150,-16.69842137414 
2151,-22.4640077373459 
2152,-17.9447018453463 
2153,-18.8138815029434 
2154,-30.4008718220683 
2155,-32.5103601694758 
2156,-25.4567967107493 
2157,-23.3133698672952 
2158,-22.2273055570022 
2159,-19.1184943697101 
2160,-15.7079614339261 
2161,-11.1395740289735 
2162,-3.79505849610663 
2163, 2.47503091663694 
2164, 6.3510778757178 
2165, 14.9248063979541 
2166, 19.4357815885489 
2167, 25.144963677335 
2168, 19.4152751896202 
2169, 5.75222804164738 
2170,-3.67825476615648 
2171,-25.8580424016277 
2172,-26.7889147515061 
2173,-14.0637026038295 
2174,-3.50005588163259 
2175, 23.1194378275175 
2176, 33.3057332310696 
2177, 42.0835974005371 
2178, 37.5539639525819 
2179, 8.98397082603863 
2180,-2.67936256432861 
2181,-17.1894722349372 
2182,-24.9606583186162 
2183,-31.1284793337178 
2184,-12.4363778597297 
2185, 4.30642721830822E-02 
2186, 2.60840716010648 
2187, 6.78176169363256 
2188, 10.6837432117552 
2189, 15.457888479689 
2190, 15.8624788447881 
2191, 23.1608260933754 
2192, 46.9232624577982 
2193, 45.6612974113472 
2194, 31.0181646355633 
2195, 20.3716697307071 
2196,-15.8865255794605 
2197,-22.3367995077983 
2198,-3.66868203893631 
2199, 2.91789358888405 
2200, 14.1956948282272 
2201, 28.268565270767 
2202, 49.5020470722062 
2203, 53.3286859707249 
2204, 54.2574821653727 
2205, 53.245546828163 
2206, 24.9651431162888 
2207, 1.44211840778003 
2208,-14.984804693354 
2209,-28.4352571523979 
2210,-38.3878924943125 
2211,-50.9972723281907 
2212,-42.566631081136 
2213,-13.5478244575442 
2214,-3.10443872954841 
2215, 19.4167141123222 
2216, 23.602790970511 
2217, 3.80593581906696 
2218,-0.937697070839462 
2219,-4.87803387282796 
2220,-4.88217749651588 
2221, 0.786477745519164 
2222, 1.56229737859073 
2223, 3.72930064484848 
2224, 2.25117804174517 
2225,-7.51490332209544 
2226,-9.07071613563615 
2227,-9.80750356461587 
2228,-2.52477516049097 
2229, 8.75553135622011 
2230, 7.3083521638371 
2231,-2.43027687814566 
2232,-24.030754912372 
2233,-37.9972170342775 
2234,-63.7806191679988 
2235,-69.2420530121125 
2236,-62.4470520993529 
2237,-59.241569972062 
2238,-49.2700950993038 
2239,-39.0572080301426 
2240,-29.7859070236366 
2241,-16.706093197267 
2242, 8.59878592235714 
2243, 20.0742644069292 
2244, 25.1065761351165 
2245, 31.0196766575991 
2246, 34.4803749830351 
2247, 30.6122782151415 
2248, 18.7001661016844 
2249, 12.3860430082824 
2250,-1.14227139837155 
2251,-8.23046883921067 
2252,-12.696278648957 
2253,-3.32811471371204 
2254, 4.21814148375495 
2255, 8.86656101187354 
2256, 20.9907744314781 
2257, 27.7517268763094 
2258, 33.5012911175669 
2259, 41.3941400890429 
2260, 34.9469183581846 
2261, 17.4023379702331 
2262, 13.0146595491948 
2263, 1.18817362671837 
2264,-1.89396539808335 
2265, 13.9874093708549 
2266, 8.86381407533095 
2267,-10.8830764183276 
2268,-17.1797083822689 
2269,-31.4167154081123 
2270,-27.9328817562236 
2271, 1.21224251171047 
2272, 8.8239222244521 
2273, 13.7448267932752 
2274, 15.7818176253317 
2275, 5.47710375458047 
2276,-1.25637707701064 
2277,-1.72169342571109 
2278,-9.25684172267557 
2279,-33.875554217039 
2280,-40.9971406331197 
2281,-43.5400059916635 
2282,-36.3498387192157 
2283,-26.5892167460378 
2284,-22.257936744309 
2285,-21.645294962169 
2286,-31.344969759745 
2287,-27.0436207730164 
2288,-28.9377386110079 
2289,-33.8150721763834 
2290,-50.0821303869949 
2291,-38.0888369112411 
2292,-13.6230059119197 
2293, 4.12273129462514 
2294, 46.8255956614048 
2295, 53.3708257462048 
2296, 33.5337083255911 
2297, 23.6500171941913 
2298, 0.731506507548821 
2299,-9.04659190297637 
2300,-13.5493665238531 
2301,-16.1926104035985 
2302,-13.0501483527662 
2303,-10.7572601214932 
2304,-7.92492652661891 
2305,-0.618387767211199 
2306, 16.3424883738693 
2307, 19.7166715688384 
2308, 20.8924907801739 
2309, 17.1653767272515 
2310,-2.49721239579246 
2311,-14.8264131933747 
2312,-22.5320066203312 
2313,-32.1238089895974 
2314,-47.7017503517425 
2315,-53.3255204183696 
2316,-54.4538050761594 
2317,-47.808059395367 
2318,-36.0042238833617 
2319,-22.4742491397599 
2320,-11.2342034730955 
2321,-13.1842338482044 
2322,-17.9015146279751 
2323,-7.10257896222155 
2324, 16.9513093728646 
2325, 25.3352741271508 
2326, 29.5250537095868 
2327, 29.5737609953212 
2328, 19.6940597029911 
2329,-17.5343492444825 
2330,-16.1951714744637 
2331, 2.38223923238849 
2332, 6.55569761208173 
2333, 25.9805183725488 
2334, 28.7066505671923 
2335, 10.0394807721517 
2336, 3.98036232297754 
2337, 6.57441908504827 
2338,-0.139461830922241 
2339,-19.2908279566385 
2340,-19.6490790268608 
2341,-13.1924264210938 
2342,-7.3494803144462 
2343, 15.9731670423248 
2344, 22.7239063069043 
2345, 12.9160420166492 
2346, 9.85785893857569 
2347, 6.1249660851932 
2348, 9.23496806488997 
2349, 23.0907185698443 
2350, 26.9057657447526 
2351, 28.2578942020402 
2352, 24.1009845916501 
2353, 4.01862429433162 
2354,-0.141619726094892 
2355, 10.8913453283004 
2356, 4.5396623392194 
2357,-8.57394891527157 
2358,-12.0460608639331 
2359,-25.6286706587651 
2360,-29.141841910114 
2361,-14.7473903711487 
2362,-8.56724858060122 
2363,-1.537656352516 
2364,-1.23882480915017 
2365,-11.873927438474 
2366,-11.6363697034678 
2367,-12.1686931694098 
2368, 0.912376613733612 
2369, 24.266103575173 
2370, 31.5552587837192 
2371, 32.9028991088631 
2372, 26.1255093579059 
2373, 19.2088467023594 
2374, 27.4403459449953 
2375, 19.3616002913928 
2376, 24.757923611411 
2377, 44.5575721486624 
2378, 43.7775286314867 
2379, 57.7616211466667 
2380, 55.683072897144 
2381, 33.6963699636518 
2382, 15.9061578130305 
2383, 8.670525742891 
2384, 20.5238190707292 
2385, 27.5668784405844 
2386, 41.7526066588835 
2387, 33.3791683979638 
2388, 11.2123920983158 
2389, 10.0950095452942 
2390,-0.822725278068509 
2391, 3.32193139093199 
2392,-0.419815789919598 
2393,-2.5084891151959 
2394,-1.26194166083244 
2395,-19.6212593912623 
2396,-0.843599222359865 
2397, 6.50934348795035 
2398,-2.34345697490381E-02 
2399, 0.766006626113173 
2400,-11.3510983722218 
2401,-9.90768169509303 
2402,-1.29727521139354 
2403, 7.1130354685843 
2404, 15.179158237405 
2405, 25.9723953395026 
2406, 26.6808742024479 
2407, 38.3268875722463 
2408, 71.331468543899 
2409, 71.0655139942351 
2410, 56.0546117361894 
2411, 43.6684494997173 
2412, 10.6297966275437 
2413, 0.774954812274291 
2414, 2.41788276184543 
2415,-3.24509584843431 
2416,-5.26048303703339 
2417,-6.00280486407465 
2418,-1.83938791206536 
2419,-5.96903093054472 
2420,-15.1651974606535 
2421,-11.4995071173283 
2422,-12.6357805158506 
2423,-12.6366820428156 
2424, 1.94607015274868 
2425, 6.57327527897518 
2426, 5.11478478277832 
2427, 1.18173543684576 
2428,-9.68210582099 
2429,-8.54763663916058 
2430,-9.03764726201985 
2431,-1.30947282466919 
2432, 32.8327918775598 
2433, 33.7636857702824 
2434, 11.0174078216017 
2435, 8.07460230033969 
2436,-6.6358212332996 
2437,-4.44230958477496 
2438, 26.1321281084204 
2439, 34.8712612148022 
2440, 41.8066396104536 
2441, 36.2554374074909 
2442, 15.3710933260952 
2443, 5.10127179006956 
2444,-11.53010313667 
2445,-11.6261301471695 
2446,-12.6571595738364 
2447, 0.688772470403022 
2448,-3.26193188084872 
2449,-4.97411351371246 
2450, 0.329578799724975 
2451,-1.81193460472505 
2452, 2.78913638214784 
2453,-10.8755579768353 
2454,-12.7612712090146 
2455,-21.8346060110346 
2456,-46.0966796601818 
2457,-28.3170432912873 
2458,-13.3608143300489 
2459,-2.45489596973399 
2460, 38.5060604990813 
2461, 51.9581605616758 
2462, 36.3171474820815 
2463, 21.9826714854877 
2464,-6.64258225597503 
2465,-13.1882947883038 
2466,-3.34899781103652 
2467,-12.8672741516175 
2468,-3.70793554337248 
2469, 3.47742637207724 
2470,-8.84625816621244 
2471,-3.39616275813469 
2472,-14.2301207574029 
2473,-52.3834408253473 
2474,-60.8483883936162 
2475,-54.8891853494289 
2476,-37.8211135264329 
2477,-1.95423141320154 
2478, 8.9721594098254 
2479, 0.319778637441978 
2480,-13.4908955443527 
2481,-19.7447192875302 
2482,-13.9293399645796 
2483, 1.61464926125954 
2484, 28.4527285336587 
2485, 39.1350419814842 
2486, 25.3146312595774 
2487, 2.0692641919523 
2488,-22.9718103196705 
2489,-57.8287715428954 
2490,-81.4975001558396 
2491,-74.7346143064292 
2492,-67.8654451930643 
2493,-37.0788470566947 
2494,-3.51296812029472 
2495,-3.53965362156764 
2496, 11.9621754370663 
2497, 27.6751096066231 
2498, 32.3883906790652 
2499, 43.8319488563635 
2500, 41.2482470026352 
