Wavelength,0212202100031.asd
350, 3788.81536205 
351, 3982.82532898542 
352, 4160.92198304599 
353, 4313.34350338344 
354, 4466.24940827571 
355, 4627.58761999767 
356, 4796.29803474781 
357, 4960.72872483506 
358, 5134.40605806411 
359, 5322.4752842381 
360, 5529.57092456725 
361, 5781.27227998828 
362, 6066.18849628286 
363, 6371.87393663153 
364, 6687.79417568291 
365, 7005.38393886662 
366, 7306.74703093635 
367, 7569.83577959412 
368, 7768.91148920202 
369, 7885.60238202955 
370, 7928.17411140282 
371, 7920.89354725618 
372, 7895.03080770386 
373, 7888.66471875176 
374, 7906.71963526408 
375, 7930.34680187713 
376, 7956.86772122603 
377, 7971.50619716335 
378, 7954.25410717775 
379, 7880.77795099068 
380, 7788.74829173079 
381, 7685.58894939915 
382, 7568.89574502582 
383, 7428.49788402001 
384, 7287.15584802126 
385, 7195.02119294625 
386, 7210.85955578549 
387, 7367.18710749064 
388, 7575.12639559314 
389, 7750.67342026352 
390, 7835.83155447615 
391, 7933.59164707529 
392, 8024.5386862218 
393, 8091.087219534 
394, 8161.27808319357 
395, 8348.51345573266 
396, 8703.88590486627 
397, 9243.43077843863 
398, 9976.88271413115 
399, 10807.5845753856 
400, 11661.5105767934 
401, 12491.8987490931 
402, 13271.3731474119 
403, 13915.395568087 
404, 14389.4421896007 
405, 14758.8659928468 
406, 15051.7125084218 
407, 15317.6287352371 
408, 15614.8274290165 
409, 16010.3833481092 
410, 16482.3960537657 
411, 17003.3166675194 
412, 17543.3074928443 
413, 18078.834264589 
414, 18607.5252183833 
415, 19115.7881089205 
416, 19562.1510287489 
417, 19992.9599750782 
418, 20434.7293430824 
419, 20889.4350862889 
420, 21289.0267644587 
421, 21694.1997346332 
422, 22134.5110148752 
423, 22604.7015960008 
424, 23035.5047361183 
425, 23375.0511054272 
426, 23575.0305157116 
427, 23580.8735614564 
428, 23500.4454366702 
429, 23540.1554799636 
430, 23855.3262051935 
431, 24291.5869127161 
432, 24877.6975930058 
433, 25738.5521861702 
434, 27011.8353884705 
435, 28322.3364042806 
436, 29323.6993308864 
437, 29960.2605370856 
438, 30635.9010888687 
439, 31329.0225953373 
440, 31985.2735633603 
441, 32585.1602215311 
442, 33353.6700864957 
443, 34152.7216366693 
444, 34881.5982697089 
445, 35485.1106371874 
446, 35972.6807330139 
447, 36415.0963910148 
448, 36886.6792427607 
449, 37463.4617380081 
450, 37935.7200816211 
451, 38181.5686303021 
452, 38166.990163291 
453, 38069.230588854 
454, 37862.7724195815 
455, 37604.777428632 
456, 37427.2760787106 
457, 37390.7964048633 
458, 37409.1417059272 
459, 37390.6813637283 
460, 37294.7058125501 
461, 37153.3220165878 
462, 36999.974382128 
463, 36847.0198544929 
464, 36598.6288642546 
465, 36221.01847769 
466, 35763.4313720395 
467, 35351.9968420348 
468, 35001.7660673139 
469, 34741.9431028888 
470, 34588.5287599047 
471, 34539.9799525811 
472, 34512.2718895564 
473, 34512.0359055956 
474, 34570.8107143838 
475, 34568.524656665 
476, 34543.2805652674 
477, 34534.3178807423 
478, 34563.0644323547 
479, 34683.5596529299 
480, 34842.1415586861 
481, 34946.8301911134 
482, 34906.4698138959 
483, 34629.3743541896 
484, 34065.5621434009 
485, 33240.7117516804 
486, 32466.078810794 
487, 31931.7467069076 
488, 31791.6244484669 
489, 32192.3205526713 
490, 32788.6333685421 
491, 33266.4420960979 
492, 33435.5608455699 
493, 33502.8889386058 
494, 33607.5457860154 
495, 33807.1367114397 
496, 34069.1679432798 
497, 34146.7288065141 
498, 34048.5242641575 
499, 33834.56148659 
500, 33548.1088609049 
501, 33340.8284496464 
502, 33271.0156575396 
503, 33359.9931292774 
504, 33692.3969427794 
505, 34139.3162710316 
506, 34581.2814763748 
507, 34930.2266294859 
508, 35193.388147042 
509, 35400.909651992 
510, 35598.2451394562 
511, 35864.0384239472 
512, 36043.3791228739 
513, 36071.0869693762 
514, 35937.5114984131 
515, 35631.2428957839 
516, 35225.0816524777 
517, 34839.2592146549 
518, 34633.8778378051 
519, 34961.3370547461 
520, 35837.8453985996 
521, 37044.5318401386 
522, 38030.7303487149 
523, 38764.4810970783 
524, 39283.1494496653 
525, 39667.2049202732 
526, 39824.9233640749 
527, 39893.2164444036 
528, 40124.4276339358 
529, 40965.9438783572 
530, 42032.9179401663 
531, 42908.3010065076 
532, 43267.3510008772 
533, 43388.2199970698 
534, 43595.6130075714 
535, 44051.5351482804 
536, 44720.3607208314 
537, 45189.9978794586 
538, 45398.145252987 
539, 45418.7937912557 
540, 45407.7267293295 
541, 45458.7198592327 
542, 45708.8122158113 
543, 46265.3069063148 
544, 46886.6838121713 
545, 47418.8149009281 
546, 47783.0118288998 
547, 47991.1446024047 
548, 48130.930743214 
549, 48300.9898793705 
550, 48559.8459172867 
551, 48816.6008829156 
552, 49014.5158094467 
553, 49163.5369269929 
554, 49323.338168173 
555, 49445.343737629 
556, 49399.6754061974 
557, 49117.8555971532 
558, 48659.4615978225 
559, 48280.7033497449 
560, 48126.7911781993 
561, 48241.5384218067 
562, 48479.2643733074 
563, 48613.4189418726 
564, 48539.1384134319 
565, 48304.2637753929 
566, 47972.0407998309 
567, 47645.3521283104 
568, 47383.7446295172 
569, 47104.7011887058 
570, 46731.0048325292 
571, 46378.6327512491 
572, 46266.2243259046 
573, 46344.0384137138 
574, 46353.9175820304 
575, 46138.6355915924 
576, 45743.4029087402 
577, 45391.4257745846 
578, 45211.7173027939 
579, 45265.6778298159 
580, 45507.6574477815 
581, 45927.5322695405 
582, 46430.521324255 
583, 46846.1068794104 
584, 47101.6075703462 
585, 47080.7110476769 
586, 46774.080495846 
587, 46418.0703511955 
588, 45987.7128683492 
589, 45394.7053368888 
590, 44633.2969860057 
591, 44429.2093146322 
592, 44694.7190313875 
593, 45080.9823248797 
594, 45023.8158134866 
595, 44772.8686857941 
596, 44441.1508078517 
597, 44091.4218876012 
598, 43699.5523450902 
599, 43226.0942462887 
600, 42716.1621325675 
601, 42272.788589861 
602, 41929.4367874316 
603, 41753.1499247209 
604, 41740.9701748348 
605, 41781.9303380584 
606, 41679.5529339131 
607, 41436.866549616 
608, 41140.9501935338 
609, 40845.84620307 
610, 40565.3382372587 
611, 40315.526460453 
612, 40112.2039193917 
613, 39891.2910097172 
614, 39626.8798760708 
615, 39337.2169695608 
616, 39116.060108414 
617, 38979.0606447735 
618, 38989.639996336 
619, 39185.8742894897 
620, 39366.3783802796 
621, 39380.3360424399 
622, 39181.5664439814 
623, 38845.7748541523 
624, 38476.953018168 
625, 38136.6781458968 
626, 37852.9670087399 
627, 37610.6513505733 
628, 37361.7043726983 
629, 37116.750522697 
630, 36936.3580778877 
631, 36949.3787562899 
632, 37072.8216268757 
633, 37228.0908868879 
634, 37397.5805948699 
635, 37520.7306224132 
636, 37601.7316454228 
637, 37659.9883189595 
638, 37678.6739157268 
639, 37614.7281745888 
640, 37437.0281540532 
641, 37142.506013073 
642, 36928.5597438911 
643, 36809.8413112865 
644, 36733.9226629239 
645, 36590.7724631932 
646, 36367.1052035234 
647, 36092.1707507325 
648, 35819.5722243819 
649, 35588.6175088846 
650, 35395.5270900098 
651, 35286.024924966 
652, 35342.0850424937 
653, 35255.874297602 
654, 34847.7346768018 
655, 34092.4649521636 
656, 33187.4668656911 
657, 32552.6412866021 
658, 32599.7329468932 
659, 33511.0534297904 
660, 34332.3059197411 
661, 34775.7235451541 
662, 34863.3125314758 
663, 34905.0767749645 
664, 34863.4361057172 
665, 34806.8520429523 
666, 34791.4699162645 
667, 34795.9631701137 
668, 34780.552554347 
669, 34748.9136870146 
670, 34722.3060667277 
671, 34646.4652164455 
672, 34558.3156043886 
673, 34506.3608925493 
674, 34540.1785038381 
675, 34584.948861656 
676, 34615.0510576267 
677, 34627.9096368642 
678, 34649.416136832 
679, 34657.2116613771 
680, 34649.5538265909 
681, 34635.5519056416 
682, 34613.0488478899 
683, 34534.7699931243 
684, 34250.8174401801 
685, 33481.1903083955 
686, 32114.1194564203 
687, 30252.0694190348 
688, 28359.4772127837 
689, 27712.1405594513 
690, 28381.6250693594 
691, 29807.8678305448 
692, 31071.9706008196 
693, 32180.5122520269 
694, 32983.5100986515 
695, 33460.4992366875 
696, 33772.6503911279 
697, 34026.4560777975 
698, 34185.4358202866 
699, 34198.4366631966 
700, 34125.7558257853 
701, 34051.3477575147 
702, 34048.3994541961 
703, 34172.4949680554 
704, 34436.6395115781 
705, 34743.9254696484 
706, 35000.3364287956 
707, 35138.2857239514 
708, 35251.3039676529 
709, 35353.1804035593 
710, 35441.0623023772 
711, 35535.3524161481 
712, 35597.0427753105 
713, 35614.5285533341 
714, 35581.8712465903 
715, 35435.3558554767 
716, 35037.1346547209 
717, 34321.8313065001 
718, 33328.488930257 
719, 32497.8926145405 
720, 32207.9030624582 
721, 32604.8259206607 
722, 33394.1471460189 
723, 33918.5109547692 
724, 33987.2328299371 
725, 33760.417467843 
726, 33739.390692633 
727, 33842.0269298784 
728, 33958.9185612063 
729, 34021.5278832554 
730, 34219.8931270125 
731, 34589.1865555906 
732, 35090.7433272115 
733, 35620.0621872229 
734, 36065.2058107717 
735, 36335.9926519874 
736, 36395.3710010829 
737, 36350.582896526 
738, 36281.5475303841 
739, 36206.3464148771 
740, 36097.7243654056 
741, 36050.4318054196 
742, 36083.3024463929 
743, 36185.6817931825 
744, 36326.4433796425 
745, 36415.2403850417 
746, 36447.814015974 
747, 36443.19006752 
748, 36389.2519513359 
749, 36263.9965829647 
750, 36094.0677566593 
751, 35940.3489524234 
752, 35865.9427464523 
753, 35845.8798234289 
754, 35838.2700552105 
755, 35792.8507272401 
756, 35612.1892190486 
757, 34869.9297624431 
758, 32859.3600135552 
759, 28328.2330252808 
760, 21745.5354187578 
761, 15438.4263149548 
762, 12124.1988862059 
763, 12324.8108347093 
764, 14321.4664480652 
765, 17287.9359266682 
766, 21190.0806261564 
767, 25360.6343858697 
768, 28917.246014824 
769, 31340.559838565 
770, 32664.0888696137 
771, 33299.3574365473 
772, 33532.3455043496 
773, 33573.1442802341 
774, 33537.8174084576 
775, 33442.6072222448 
776, 33324.4549564112 
777, 33210.9187662929 
778, 33062.7671611783 
779, 32889.165952952 
780, 32715.8346366555 
781, 32573.4691630374 
782, 32420.3268629079 
783, 32239.2186296243 
784, 32035.0409897223 
785, 31839.0956062004 
786, 31645.530538009 
787, 31424.2211758801 
788, 31150.0909673458 
789, 30828.462224833 
790, 30485.9765411958 
791, 30127.926271988 
792, 29756.5424288768 
793, 29398.8581425458 
794, 29112.9300792825 
795, 28929.0589778808 
796, 28842.1667222672 
797, 28781.1895926197 
798, 28665.645892376 
799, 28460.6953906095 
800, 28192.0553637836 
801, 27902.2899473146 
802, 27634.5257094574 
803, 27404.2976724968 
804, 27170.9930647783 
805, 26964.8674959926 
806, 26774.4588428121 
807, 26569.6733314506 
808, 26311.9773609463 
809, 26006.022134418 
810, 25675.1091332389 
811, 25338.4925839487 
812, 24938.9676148208 
813, 24412.0389322476 
814, 23746.4832514474 
815, 22993.3393727303 
816, 22286.459637069 
817, 21717.2667244151 
818, 21347.3599994496 
819, 21206.4796800475 
820, 21142.5355430615 
821, 21049.0950843282 
822, 20883.8178107929 
823, 20703.8916826129 
824, 20585.7945176242 
825, 20590.6753627868 
826, 20692.6517320949 
827, 20626.533143666 
828, 20401.01786798 
829, 20107.8351961119 
830, 19869.2447370357 
831, 19698.8434094312 
832, 19562.8068153409 
833, 19446.2390285578 
834, 19354.7714864319 
835, 19299.7707765106 
836, 19262.5831853446 
837, 19209.9153655783 
838, 19100.7680118625 
839, 18950.2004424729 
840, 18771.1630353438 
841, 18575.4477052607 
842, 18371.3356906438 
843, 18158.794193699 
844, 17949.7245980412 
845, 17750.6500628885 
846, 17553.6710048364 
847, 17311.8805637622 
848, 17021.9406287714 
849, 16701.0335642363 
850, 16375.4483746069 
851, 15999.1837704724 
852, 15613.1835925554 
853, 15291.196734504 
854, 15046.2989542531 
855, 14849.8870231977 
856, 14759.0019702668 
857, 14849.733009745 
858, 14982.7237956785 
859, 15005.4566116776 
860, 14889.9775276578 
861, 14718.8152323416 
862, 14517.3715884891 
863, 14259.8120633275 
864, 13948.978636906 
865, 13628.4649531859 
866, 13327.5694730426 
867, 13072.728324823 
868, 12904.2036515024 
869, 12877.2828443475 
870, 12902.2692848912 
871, 12879.5027024157 
872, 12764.2687766942 
873, 12608.7593707119 
874, 12441.7440546746 
875, 12273.5456437006 
876, 12107.1663752643 
877, 11945.6466924194 
878, 11787.973857503 
879, 11632.9845338924 
880, 11478.9443302744 
881, 11322.8565342177 
882, 11167.5665046792 
883, 11019.1838193471 
884, 10880.8925044214 
885, 10744.7163705753 
886, 10598.1809649801 
887, 10443.8000995709 
888, 10290.4487458411 
889, 10142.837068396 
890, 9996.20230618341 
891, 9837.18267831412 
892, 9649.15580837 
893, 9420.36855989152 
894, 9157.11419635989 
895, 8867.50442830807 
896, 8561.91478030502 
897, 8253.1491999784 
898, 7960.63383234351 
899, 7713.32226814123 
900, 7538.18641061368 
901, 7431.61906462915 
902, 7375.02998638892 
903, 7344.71993187514 
904, 7315.70991537339 
905, 7270.67387470999 
906, 7192.03608630556 
907, 7066.16369971081 
908, 6891.88895540374 
909, 6707.94539462928 
910, 6553.71343871106 
911, 6441.23154749689 
912, 6358.56752496414 
913, 6288.97002069937 
914, 6219.60703798647 
915, 6148.86908458731 
916, 6084.21521389206 
917, 6034.2926170035 
918, 5993.32740168803 
919, 5954.40124470002 
920, 5911.78764791833 
921, 5866.06991491615 
922, 5808.91836507083 
923, 5730.10302238095 
924, 5621.17545749612 
925, 5485.90391591855 
926, 5325.76699524679 
927, 5134.6931104908 
928, 4903.20914724842 
929, 4630.79921535873 
930, 4323.66921135875 
931, 3997.68062916431 
932, 3676.76847534662 
933, 3389.17164229218 
934, 3161.33673962781 
935, 3006.61461325152 
936, 2924.34258021007 
937, 2899.41564409713 
938, 2911.94792151325 
939, 2939.66600772374 
940, 2964.33789230986 
941, 2985.16356934106 
942, 2986.96197178737 
943, 2957.47643865892 
944, 2895.0404406226 
945, 2820.10250749535 
946, 2759.41157362934 
947, 2721.70303628928 
948, 2703.53770608817 
949, 2695.60835840499 
950, 2685.71187972324 
951, 2672.04830999786 
952, 2656.22804954995 
953, 2637.07664068399 
954, 2620.56933301747 
955, 2604.25323314541 
956, 2587.05982517316 
957, 2575.13165821442 
958, 2566.81037521831 
959, 2559.5446126364 
960, 2552.74366110828 
961, 2549.04091102205 
962, 2547.22276228958 
963, 2546.16387589209 
964, 2545.05404411515 
965, 2543.4390961138 
966, 2540.36618085313 
967, 2531.9075643541 
968, 2517.56767165116 
969, 2499.77240646565 
970, 2475.91998321945 
971, 2448.32031998558 
972, 2415.1254300608 
973, 2372.68135251089 
974, 2323.09973696816 
975, 2273.20816774633 
976, 2224.77422283141 
977, 2178.41399179747 
978, 2140.98405652048 
979, 2109.78041562987 
980, 2082.0938176146 
981, 2055.10666093889 
982, 2026.23750243396 
983, 1995.50669679651 
984, 1964.26932420939 
985, 1932.47673371986 
986, 1897.45446684324 
987, 1859.53332517511 
988, 1822.32824166049 
989, 1785.49461167389 
990, 1744.91757715127 
991, 1705.88591294391 
992, 1667.51172784057 
993, 1629.32340178328 
994, 1591.48038762071 
995, 1553.36619212885 
996, 1515.32359995164 
997, 1476.89041973129 
998, 1437.81962333874 
999, 1399.4603774368 
1000, 1362.81955833321 
1001, 8549.37170937952 
1002, 8515.77325727875 
1003, 8492.37557963956 
1004, 8475.29497257971 
1005, 8454.63440492976 
1006, 8441.83774448516 
1007, 8442.96490730784 
1008, 8463.47385749161 
1009, 8485.76498140295 
1010, 8528.5973337016 
1011, 8559.77056574091 
1012, 8592.00640296091 
1013, 8615.30085845701 
1014, 8640.46243200728 
1015, 8676.02760352331 
1016, 8716.97267567084 
1017, 8757.90467824588 
1018, 8800.79267215408 
1019, 8845.17173863886 
1020, 8889.22306176685 
1021, 8930.47474569209 
1022, 8975.02434152103 
1023, 9020.63406069509 
1024, 9070.1918274427 
1025, 9119.82730863818 
1026, 9175.62758781893 
1027, 9232.5566597268 
1028, 9287.52126392229 
1029, 9340.44971909389 
1030, 9389.14355038786 
1031, 9431.33396008701 
1032, 9464.12422888199 
1033, 9497.34945531453 
1034, 9527.90298475921 
1035, 9560.32157894264 
1036, 9592.46771731649 
1037, 9632.67623649086 
1038, 9668.56917906214 
1039, 9703.70788383602 
1040, 9738.837726594 
1041, 9767.48505690442 
1042, 9797.04285961277 
1043, 9823.37972862245 
1044, 9846.64547060295 
1045, 9869.6448788441 
1046, 9895.03870795875 
1047, 9921.32025849362 
1048, 9948.76516269954 
1049, 9975.739174056 
1050, 10008.2956838431 
1051, 10042.1381685862 
1052, 10076.2615704946 
1053, 10115.9213800065 
1054, 10152.7107767284 
1055, 10186.7524868814 
1056, 10228.1010213126 
1057, 10274.5479245334 
1058, 10326.4423625441 
1059, 10388.4160306743 
1060, 10454.5727574592 
1061, 10522.804955132 
1062, 10601.7882972477 
1063, 10691.162090904 
1064, 10781.6098331793 
1065, 10878.8337158039 
1066, 10982.4922417013 
1067, 11089.1454943636 
1068, 11206.8831122262 
1069, 11337.6867931089 
1070, 11476.0661101211 
1071, 11624.6045201402 
1072, 11773.268851557 
1073, 11921.5771822032 
1074, 12078.5747814627 
1075, 12221.4628869009 
1076, 12361.4189810006 
1077, 12494.4433579786 
1078, 12608.4929691486 
1079, 12714.751234444 
1080, 12809.7160739028 
1081, 12891.215593698 
1082, 12970.5063782298 
1083, 13044.2800076696 
1084, 13116.5074047201 
1085, 13190.5013835305 
1086, 13257.5597256603 
1087, 13328.136855577 
1088, 13378.8464674542 
1089, 13422.4265219433 
1090, 13451.0910317869 
1091, 13465.7353779807 
1092, 13468.134847199 
1093, 13456.200454102 
1094, 13434.8557652983 
1095, 13405.9611516475 
1096, 13375.4968720907 
1097, 13347.4822174765 
1098, 13317.9475095438 
1099, 13292.1707985344 
1100, 13272.7545449606 
1101, 13244.6849784407 
1102, 13221.788029474 
1103, 13182.5079459467 
1104, 13143.3731425505 
1105, 13078.2111367808 
1106, 13001.2837665072 
1107, 12895.5916589421 
1108, 12737.4436771084 
1109, 12539.22428917 
1110, 12266.0789626252 
1111, 11930.0388309524 
1112, 11538.9122402941 
1113, 11059.72652485 
1114, 10587.8701051005 
1115, 10042.1023908142 
1116, 9547.90312817169 
1117, 9015.35685824333 
1118, 8561.95044932146 
1119, 8142.79442658691 
1120, 7754.48900002973 
1121, 7434.58092907743 
1122, 7187.08510162836 
1123, 7008.96674038402 
1124, 6887.39016932229 
1125, 6832.85674048931 
1126, 6872.52653362066 
1127, 6908.6706026958 
1128, 7006.28462490386 
1129, 7099.57028223594 
1130, 7222.46899479707 
1131, 7342.14688847093 
1132, 7460.73117765035 
1133, 7607.44181799077 
1134, 7761.57847762337 
1135, 7930.87072824931 
1136, 8176.90648151493 
1137, 8433.95902906629 
1138, 8688.9238313 
1139, 8923.86153927121 
1140, 9078.88412221596 
1141, 9188.75930605973 
1142, 9238.28206994998 
1143, 9197.66804164725 
1144, 9176.78183011477 
1145, 9045.85946550267 
1146, 9036.44686926894 
1147, 9031.10026364143 
1148, 9117.69500879346 
1149, 9290.79093670643 
1150, 9509.12382998032 
1151, 9796.44090368579 
1152, 10115.159979003 
1153, 10443.001098128 
1154, 10822.8282233337 
1155, 11174.4107332769 
1156, 11542.8476460854 
1157, 11882.1957650505 
1158, 12221.6658889305 
1159, 12531.283396047 
1160, 12824.2600875493 
1161, 13091.8101878236 
1162, 13342.5348970324 
1163, 13563.5568384339 
1164, 13760.6449755086 
1165, 13928.4789087775 
1166, 14066.6981934999 
1167, 14178.0898954416 
1168, 14262.6114387764 
1169, 14317.6663035195 
1170, 14349.6914964973 
1171, 14350.3408572014 
1172, 14339.2533937937 
1173, 14301.1348571982 
1174, 14255.2265083826 
1175, 14190.6980251323 
1176, 14120.8244597846 
1177, 14031.5344758955 
1178, 13945.738340558 
1179, 13849.0225345056 
1180, 13758.5837637656 
1181, 13665.1128537205 
1182, 13575.2821166569 
1183, 13501.4695750017 
1184, 13429.1698480085 
1185, 13382.5283053377 
1186, 13353.9464637997 
1187, 13336.5887122299 
1188, 13341.4236770735 
1189, 13345.7969451324 
1190, 13378.8214437017 
1191, 13380.3860509185 
1192, 13387.0202950859 
1193, 13365.9760436715 
1194, 13323.7774059 
1195, 13263.7714617864 
1196, 13176.543979825 
1197, 13085.2112749856 
1198, 12987.627653335 
1199, 12863.8725039085 
1200, 12767.7903802016 
1201, 12671.911633926 
1202, 12594.6099851066 
1203, 12525.4432876703 
1204, 12474.8946516612 
1205, 12440.1286447666 
1206, 12417.000147394 
1207, 12415.3930224896 
1208, 12414.5197067567 
1209, 12428.0714636996 
1210, 12439.0440338731 
1211, 12459.1913495653 
1212, 12472.1548571148 
1213, 12482.7801530292 
1214, 12494.0490662335 
1215, 12497.2570398001 
1216, 12497.6972533382 
1217, 12487.3147270527 
1218, 12470.604976917 
1219, 12446.7947891431 
1220, 12405.7758961274 
1221, 12376.4137573883 
1222, 12343.8697494815 
1223, 12317.0873643023 
1224, 12300.2717049581 
1225, 12277.0016659113 
1226, 12245.2006355139 
1227, 12225.3669567078 
1228, 12214.449870573 
1229, 12197.7660165745 
1230, 12182.2037815192 
1231, 12177.6037046449 
1232, 12157.2021444807 
1233, 12126.4123615869 
1234, 12096.6615109266 
1235, 12065.3050468025 
1236, 12028.1534707551 
1237, 11988.0406291629 
1238, 11941.5292495335 
1239, 11887.5439180148 
1240, 11832.8841124134 
1241, 11766.9528132645 
1242, 11710.6839700461 
1243, 11662.10481703 
1244, 11606.6514528482 
1245, 11551.4583263845 
1246, 11497.8381827718 
1247, 11437.4815815943 
1248, 11372.3366561078 
1249, 11300.0400601882 
1250, 11226.4580060493 
1251, 11142.9668629351 
1252, 11052.8804199315 
1253, 10950.0988983102 
1254, 10844.6980602372 
1255, 10718.8146250828 
1256, 10579.8937731302 
1257, 10423.1386205666 
1258, 10247.032905609 
1259, 10062.0625179612 
1260, 9847.62263780261 
1261, 9644.50394368641 
1262, 9427.25954268788 
1263, 9220.00790726049 
1264, 9047.73408418037 
1265, 8875.95948727245 
1266, 8770.62482091704 
1267, 8694.36835470588 
1268, 8682.58734866425 
1269, 8722.31206662897 
1270, 8807.99933278809 
1271, 8971.6979952332 
1272, 9125.4026863488 
1273, 9337.3192744105 
1274, 9513.27335874535 
1275, 9700.67967770557 
1276, 9858.01458927262 
1277, 9999.58701131179 
1278, 10124.135806825 
1279, 10225.1812341222 
1280, 10314.878974368 
1281, 10396.2046159037 
1282, 10476.1259251239 
1283, 10557.1499467017 
1284, 10637.4669736169 
1285, 10714.2963175216 
1286, 10792.3047003658 
1287, 10861.1627995358 
1288, 10929.5082857578 
1289, 10983.1409892042 
1290, 11029.7276267775 
1291, 11063.0653592047 
1292, 11078.2746098687 
1293, 11094.6464600905 
1294, 11104.3657825349 
1295, 11108.0486914371 
1296, 11109.6297574535 
1297, 11103.563735466 
1298, 11089.2168595701 
1299, 11066.5953579506 
1300, 11044.0092615684 
1301, 11013.8176119615 
1302, 10982.6934869995 
1303, 10948.4828364964 
1304, 10909.5500992166 
1305, 10864.2362439086 
1306, 10824.0996205672 
1307, 10784.6211143671 
1308, 10739.4609040816 
1309, 10695.3329742268 
1310, 10645.5642746121 
1311, 10584.8497261246 
1312, 10530.3405705319 
1313, 10472.2502713447 
1314, 10423.7569500329 
1315, 10377.3578024374 
1316, 10339.0112762392 
1317, 10310.98365261 
1318, 10286.2378076346 
1319, 10264.9053777661 
1320, 10239.5363176224 
1321, 10206.5506691259 
1322, 10166.4275286151 
1323, 10103.8233071074 
1324, 10031.5412429532 
1325, 9930.83078121216 
1326, 9803.4967673993 
1327, 9667.40740637626 
1328, 9496.20902204534 
1329, 9345.06344320359 
1330, 9172.40592347567 
1331, 9039.00565110243 
1332, 8914.64217104683 
1333, 8824.30581245762 
1334, 8776.99607180917 
1335, 8728.10631547731 
1336, 8709.35595661818 
1337, 8686.5686627359 
1338, 8651.50967104329 
1339, 8578.94953315232 
1340, 8461.68835981718 
1341, 8290.16078731889 
1342, 8041.43794478391 
1343, 7728.42827723543 
1344, 7354.94267093471 
1345, 6900.31174003871 
1346, 6413.94369666157 
1347, 5850.82395809894 
1348, 5299.48948079206 
1349, 4688.41313194039 
1350, 4124.37836234916 
1351, 3539.23006231968 
1352, 3019.49467013794 
1353, 2514.61319380563 
1354, 2074.13297667003 
1355, 1680.74975426755 
1356, 1345.86997775941 
1357, 1063.26015620033 
1358, 839.518939150026 
1359, 664.974204821426 
1360, 532.588354802551 
1361, 433.170952170685 
1362, 354.931869542618 
1363, 297.571060995452 
1364, 257.675105015353 
1365, 229.886930334466 
1366, 217.990796757319 
1367, 218.669526979503 
1368, 237.465278273608 
1369, 259.996892812035 
1370, 295.190833509006 
1371, 334.846399869651 
1372, 387.059670327365 
1373, 434.746089764773 
1374, 497.290253269378 
1375, 539.898159385803 
1376, 582.149865772345 
1377, 601.810155910518 
1378, 603.114102010265 
1379, 594.742272618107 
1380, 569.985279139277 
1381, 544.566452880337 
1382, 523.692523694312 
1383, 509.270825447411 
1384, 514.331277600763 
1385, 538.703359640377 
1386, 583.722153582865 
1387, 643.19314576489 
1388, 702.143168798862 
1389, 782.612601968867 
1390, 835.787972472103 
1391, 888.793040442933 
1392, 919.961348018195 
1393, 926.192313270799 
1394, 935.750496889359 
1395, 926.972372443011 
1396, 932.858511962635 
1397, 938.785909668086 
1398, 954.633669868698 
1399, 979.248751685965 
1400, 1007.28508330489 
1401, 1044.82961363882 
1402, 1078.99820757579 
1403, 1115.22150258999 
1404, 1150.98654735089 
1405, 1188.66717489011 
1406, 1227.53454882489 
1407, 1277.56705112424 
1408, 1338.31416422517 
1409, 1402.23184654472 
1410, 1479.34587011636 
1411, 1556.95753597531 
1412, 1646.23917955769 
1413, 1720.44211284204 
1414, 1798.48175408822 
1415, 1858.9899917023 
1416, 1902.96285684134 
1417, 1948.56807783192 
1418, 1990.6074040886 
1419, 2022.61633368911 
1420, 2050.35398103883 
1421, 2070.95422968354 
1422, 2083.05681153139 
1423, 2087.04171947526 
1424, 2088.99125226904 
1425, 2074.80273283357 
1426, 2048.38242592662 
1427, 2010.55331544914 
1428, 1961.47007712221 
1429, 1899.06144753434 
1430, 1824.45508875444 
1431, 1739.60065152815 
1432, 1654.81391129803 
1433, 1571.87828734358 
1434, 1497.29658019618 
1435, 1440.13200034214 
1436, 1387.10094964538 
1437, 1336.87464437522 
1438, 1291.58162085133 
1439, 1252.17718101112 
1440, 1213.39111806903 
1441, 1180.20244928344 
1442, 1146.26969105293 
1443, 1114.68138650515 
1444, 1081.16075273818 
1445, 1048.2211994984 
1446, 1012.9718473427 
1447, 972.959741815608 
1448, 940.417088362748 
1449, 908.277755826877 
1450, 881.176257843098 
1451, 861.736231771081 
1452, 839.550398654449 
1453, 821.274074291026 
1454, 799.678102063418 
1455, 774.552836296885 
1456, 753.704722800284 
1457, 734.915014364739 
1458, 706.278981628879 
1459, 673.243968686067 
1460, 640.900636735617 
1461, 601.329086381065 
1462, 559.872372056872 
1463, 524.916244979915 
1464, 485.934522643481 
1465, 449.426260903173 
1466, 411.58893855325 
1467, 381.605531411436 
1468, 353.653372272834 
1469, 331.212209946253 
1470, 315.890392474873 
1471, 300.974851695433 
1472, 290.240850792438 
1473, 278.302327710608 
1474, 266.585854095161 
1475, 259.173696875635 
1476, 253.120617698004 
1477, 248.655540910167 
1478, 252.645435719723 
1479, 248.9635152619 
1480, 240.584944168954 
1481, 234.311933298506 
1482, 222.941765531339 
1483, 216.967556776304 
1484, 213.810257514405 
1485, 213.789271700936 
1486, 219.924559543806 
1487, 223.571865890765 
1488, 225.359956644182 
1489, 225.615375749606 
1490, 223.070552850497 
1491, 225.365590119141 
1492, 229.209691989885 
1493, 234.867990323756 
1494, 239.636267224708 
1495, 237.74184321367 
1496, 239.791661154187 
1497, 243.906558647845 
1498, 248.818852358505 
1499, 259.008040681457 
1500, 261.753135309061 
1501, 260.506484071015 
1502, 261.971600158366 
1503, 260.759039489837 
1504, 260.988548271434 
1505, 263.850468908553 
1506, 265.838425979087 
1507, 264.079075150917 
1508, 268.207347659677 
1509, 277.894882418299 
1510, 283.665083517352 
1511, 292.233819984072 
1512, 296.652878273764 
1513, 296.269893355293 
1514, 297.428385391147 
1515, 294.830295958033 
1516, 296.905935345635 
1517, 301.868002998077 
1518, 307.786905374014 
1519, 319.859072641628 
1520, 327.016709222003 
1521, 333.008069024753 
1522, 336.111304752958 
1523, 337.627007591562 
1524, 332.95069673427 
1525, 335.348090734448 
1526, 338.049840953074 
1527, 337.50452299542 
1528, 344.481259016169 
1529, 346.74807641786 
1530, 345.851724616392 
1531, 349.967963826621 
1532, 354.531465070422 
1533, 357.548225284428 
1534, 359.89138489794 
1535, 363.112523199938 
1536, 364.879909953557 
1537, 369.127662288278 
1538, 375.754194386002 
1539, 380.986939746519 
1540, 387.218445657489 
1541, 391.146314993244 
1542, 391.672105432189 
1543, 397.810290936993 
1544, 408.64853589942 
1545, 411.799243243589 
1546, 411.801545739394 
1547, 417.361675986591 
1548, 419.276866135496 
1549, 424.878109731925 
1550, 442.10166596262 
1551, 448.750792259989 
1552, 446.8954887855 
1553, 449.977331346989 
1554, 449.397479855706 
1555, 454.569668495094 
1556, 466.026635327863 
1557, 474.580994172384 
1558, 485.584746653269 
1559, 494.437131661476 
1560, 502.475688335292 
1561, 508.007728226815 
1562, 509.312012988756 
1563, 514.588824157536 
1564, 519.345936399243 
1565, 525.118430738412 
1566, 537.253873692779 
1567, 544.217067616415 
1568, 547.376836773066 
1569, 551.356293329207 
1570, 557.08044762206 
1571, 553.328087772894 
1572, 550.906955810265 
1573, 552.903700024301 
1574, 549.162592439947 
1575, 555.839854669279 
1576, 571.2945672585 
1577, 585.69280005041 
1578, 606.041632376386 
1579, 621.788130504328 
1580, 635.297062454566 
1581, 643.62520840996 
1582, 658.304347956766 
1583, 674.093705321427 
1584, 690.257435790622 
1585, 711.646816940683 
1586, 724.781207681795 
1587, 732.221913288294 
1588, 742.995088582961 
1589, 752.046821608708 
1590, 762.140501757702 
1591, 776.426264125145 
1592, 784.28817088989 
1593, 788.038017003714 
1594, 792.236282223468 
1595, 793.880886504944 
1596, 795.586173944038 
1597, 799.656400051811 
1598, 797.291879455402 
1599, 786.524818922133 
1600, 785.027037243499 
1601, 784.091436131523 
1602, 784.688256338901 
1603, 791.73394783576 
1604, 797.102640201863 
1605, 800.892170062095 
1606, 805.141799395756 
1607, 812.301733367621 
1608, 817.337479541359 
1609, 818.052027069296 
1610, 823.775544225169 
1611, 830.445252871423 
1612, 840.402459731288 
1613, 855.465927559095 
1614, 868.758819830858 
1615, 886.795788506064 
1616, 898.260944403587 
1617, 905.369637198494 
1618, 912.906352434423 
1619, 915.500446864325 
1620, 921.056179230864 
1621, 927.888174553094 
1622, 935.592327547568 
1623, 946.332260641522 
1624, 953.91974183431 
1625, 963.193703388805 
1626, 967.461029217638 
1627, 966.063541469427 
1628, 965.546256798697 
1629, 962.627901347456 
1630, 959.725912403702 
1631, 956.513451129646 
1632, 953.377460213961 
1633, 948.132158340688 
1634, 945.089441494745 
1635, 942.996812835448 
1636, 942.460096211871 
1637, 946.440305886232 
1638, 946.491448643675 
1639, 943.594744526716 
1640, 943.061396544987 
1641, 938.729143834116 
1642, 939.482597192021 
1643, 950.52701807307 
1644, 953.843624219902 
1645, 951.845634328152 
1646, 953.973395775343 
1647, 950.736968721555 
1648, 953.025178912256 
1649, 966.65449083355 
1650, 974.772970514917 
1651, 981.674824576442 
1652, 987.140677458979 
1653, 994.033524671811 
1654, 998.396631206442 
1655, 1005.56232223304 
1656, 1015.79502491229 
1657, 1023.35735526022 
1658, 1030.43878963324 
1659, 1035.32209777957 
1660, 1039.76932383458 
1661, 1041.61499832144 
1662, 1041.4216289768 
1663, 1038.61481749106 
1664, 1032.56705775482 
1665, 1029.99887500272 
1666, 1023.729859187 
1667, 1027.43336378511 
1668, 1038.01834785208 
1669, 1044.21497057881 
1670, 1053.86765164231 
1671, 1060.72663711923 
1672, 1065.01363662173 
1673, 1069.76559702558 
1674, 1075.01040225049 
1675, 1080.41359719838 
1676, 1083.70461631854 
1677, 1090.37216997126 
1678, 1100.72022615372 
1679, 1106.8505753001 
1680, 1112.97805630924 
1681, 1115.8693478342 
1682, 1115.38958944866 
1683, 1116.52533783757 
1684, 1115.00823066788 
1685, 1119.32282582649 
1686, 1126.47651864011 
1687, 1132.14156305226 
1688, 1140.25390795488 
1689, 1146.77610129096 
1690, 1153.17722524641 
1691, 1156.70102889493 
1692, 1160.3320926323 
1693, 1161.26631857989 
1694, 1156.98892469445 
1695, 1157.30712032633 
1696, 1158.88040329136 
1697, 1159.99911433484 
1698, 1162.12626836508 
1699, 1164.18596527301 
1700, 1165.4761995109 
1701, 1167.94038914184 
1702, 1172.20231853862 
1703, 1174.11831359428 
1704, 1175.38456038925 
1705, 1177.18298436267 
1706, 1177.44915584376 
1707, 1179.9082432713 
1708, 1183.59604658531 
1709, 1186.90245388556 
1710, 1192.97734916088 
1711, 1192.59085677062 
1712, 1188.677138953 
1713, 1188.23827179196 
1714, 1184.28613883155 
1715, 1184.64023805389 
1716, 1190.34406506202 
1717, 1191.67644772983 
1718, 1189.16524205532 
1719, 1188.70892938263 
1720, 1186.00077626691 
1721, 1182.56757232418 
1722, 1186.73223447798 
1723, 1187.66112529696 
1724, 1184.47242919982 
1725, 1182.51098376159 
1726, 1177.96031688808 
1727, 1177.82043562357 
1728, 1177.76832311246 
1729, 1175.36075931584 
1730, 1170.89456530688 
1731, 1161.71280534315 
1732, 1155.29513606028 
1733, 1148.17109013451 
1734, 1140.78540501823 
1735, 1133.51766462089 
1736, 1130.47762602657 
1737, 1136.82307037097 
1738, 1140.8477996936 
1739, 1146.80620819669 
1740, 1150.40309250955 
1741, 1148.65930653595 
1742, 1150.3094347488 
1743, 1149.70955835276 
1744, 1148.1197358287 
1745, 1146.63035661381 
1746, 1147.16772585651 
1747, 1152.68289128253 
1748, 1161.71595128879 
1749, 1168.41582469185 
1750, 1173.74145527083 
1751, 1182.57194978046 
1752, 1181.34746112539 
1753, 1174.51450263063 
1754, 1171.91348891536 
1755, 1163.40496236316 
1756, 1154.9763653361 
1757, 1150.95189984183 
1758, 1144.37194598709 
1759, 1140.28548753687 
1760, 1138.67869531705 
1761, 1134.48764273653 
1762, 1132.21391262663 
1763, 1120.15522366546 
1764, 1111.48288075954 
1765, 1103.51248351897 
1766, 1095.08295400332 
1767, 1087.83020041061 
1768, 1082.65808920569 
1769, 1079.41002549306 
1770, 1075.23822384796 
1771, 1074.05486069505 
1772, 1066.70815279689 
1773, 1055.9153121242 
1774, 1044.67886542433 
1775, 1028.1091519049 
1776, 1014.15955672686 
1777, 1001.4973839049 
1778, 988.264395552761 
1779, 973.187972604652 
1780, 962.699174169919 
1781, 953.369093937083 
1782, 944.221920854811 
1783, 941.532481364155 
1784, 933.454001610196 
1785, 923.12588715394 
1786, 914.932239640744 
1787, 904.769173113905 
1788, 892.621303549271 
1789, 882.699251500965 
1790, 864.589454439023 
1791, 840.917381280299 
1792, 819.702543142165 
1793, 797.430502497085 
1794, 768.888806825236 
1795, 738.417127247605 
1796, 705.426251296377 
1797, 667.482143340817 
1798, 638.899078112831 
1799, 609.133359654695 
1800, 576.114715283063 
1801, 3453.45257173164 
1802, 3285.99697253594 
1803, 3169.51692923603 
1804, 3088.49704399433 
1805, 3008.16976495054 
1806, 2933.58464028449 
1807, 2887.46079282116 
1808, 2811.13313630685 
1809, 2717.13894861522 
1810, 2624.73164315884 
1811, 2533.7714653559 
1812, 2422.51065856062 
1813, 2294.64490020371 
1814, 2165.37597428063 
1815, 2022.22181209771 
1816, 1894.06249850852 
1817, 1790.07561148879 
1818, 1707.57110636366 
1819, 1628.36998222617 
1820, 1568.92512320101 
1821, 1510.94793106876 
1822, 1476.40601618188 
1823, 1405.12254707532 
1824, 1324.82976024799 
1825, 1267.1128905468 
1826, 1167.9938141827 
1827, 1056.23039569908 
1828, 945.661532858744 
1829, 820.055158943105 
1830, 702.179137067342 
1831, 572.230618716989 
1832, 461.703357059244 
1833, 379.910756204404 
1834, 339.978778300608 
1835, 309.832413481365 
1836, 290.53954597154 
1837, 266.21408682799 
1838, 223.95332146895 
1839, 200.58722420655 
1840, 175.975263123225 
1841, 174.606087439696 
1842, 197.423244926404 
1843, 214.675119903473 
1844, 236.338237974254 
1845, 269.002646529774 
1846, 282.818929963535 
1847, 288.376444359606 
1848, 273.464525493673 
1849, 250.266188349031 
1850, 235.013453069708 
1851, 209.554536880943 
1852, 196.763360236682 
1853, 209.29595511702 
1854, 202.247573047176 
1855, 201.259122628521 
1856, 221.606241007646 
1857, 241.037860911132 
1858, 266.178917404253 
1859, 290.700449596676 
1860, 319.989624889104 
1861, 347.998015114577 
1862, 367.206021397281 
1863, 388.808458884849 
1864, 405.630583992688 
1865, 394.581917378049 
1866, 369.895400828853 
1867, 332.042020333408 
1868, 290.439714933408 
1869, 238.492072666525 
1870, 198.897603134347 
1871, 157.901286463789 
1872, 147.495970560007 
1873, 123.229690797159 
1874, 111.502437549823 
1875, 127.46460478252 
1876, 127.561795496368 
1877, 144.779723858109 
1878, 168.387816288096 
1879, 196.825286328836 
1880, 232.887397102331 
1881, 281.871915085364 
1882, 314.269280238441 
1883, 342.340169745086 
1884, 362.190182632723 
1885, 359.79592369818 
1886, 368.555575420593 
1887, 389.114384022211 
1888, 386.87285212429 
1889, 358.549535639347 
1890, 317.032007344439 
1891, 287.109523516733 
1892, 245.716036809233 
1893, 222.737625446216 
1894, 219.918992232453 
1895, 209.152187558209 
1896, 197.025644719086 
1897, 187.940048258228 
1898, 151.470755226005 
1899, 118.49117551331 
1900, 98.2049133521673 
1901, 73.1393791667898 
1902, 58.6637518687862 
1903, 56.0356003911092 
1904, 68.8276343283781 
1905, 75.6366166710547 
1906, 62.5990230402812 
1907, 54.4287789273079 
1908, 53.0275070339405 
1909, 47.8426879846292 
1910, 58.7040137554739 
1911, 62.3803751727082 
1912, 65.9338106555536 
1913, 69.7018019820658 
1914, 70.0869289847916 
1915, 70.3494722867778 
1916, 88.4610550586722 
1917, 115.173789400896 
1918, 133.259304791162 
1919, 144.468232494281 
1920, 149.247769783907 
1921, 133.982992508867 
1922, 132.682187410576 
1923, 132.674937253214 
1924, 137.662600684141 
1925, 149.667701787922 
1926, 167.281240444404 
1927, 156.472201635818 
1928, 166.805831367557 
1929, 163.35215333919 
1930, 144.300473165451 
1931, 144.993113671087 
1932, 118.10710254487 
1933, 100.308385262724 
1934, 68.0816754579179 
1935, 65.7517655588018 
1936, 76.7751933048042 
1937, 93.7775120803344 
1938, 112.356924287479 
1939, 128.272947104089 
1940, 124.856516477732 
1941, 132.050789185451 
1942, 147.250653663964 
1943, 138.276371479373 
1944, 133.980389289873 
1945, 115.883046448663 
1946, 112.310334356292 
1947, 123.987625202834 
1948, 124.97931837809 
1949, 133.451341304997 
1950, 124.714626214299 
1951, 99.8677636959126 
1952, 68.752510660091 
1953, 42.7084919608286 
1954, 30.3180221797507 
1955, 25.493551907188 
1956, 37.6635756265169 
1957, 43.2792906779322 
1958, 56.4444516074233 
1959, 60.7545079695384 
1960, 65.164485292198 
1961, 62.3231056387074 
1962, 47.9635500153171 
1963, 49.3398730136629 
1964, 65.808037964532 
1965, 66.7689211418979 
1966, 67.8286989350174 
1967, 76.8973641707249 
1968, 75.2216375419328 
1969, 52.7715660983327 
1970, 49.2293250998637 
1971, 54.0931333515384 
1972, 52.7087967858027 
1973, 42.3054567335746 
1974, 65.9327626891061 
1975, 74.3961032568893 
1976, 69.38992136906 
1977, 69.4824607225319 
1978, 63.4823963449393 
1979, 67.4069796690141 
1980, 73.2730664760329 
1981, 83.7463094503178 
1982, 109.444089757049 
1983, 120.042270531649 
1984, 125.267085215194 
1985, 126.986728460636 
1986, 117.978662689129 
1987, 117.770527732907 
1988, 110.936487201415 
1989, 106.768096014685 
1990, 108.51921267984 
1991, 114.211622983655 
1992, 115.769743193452 
1993, 129.499093667933 
1994, 128.030768946707 
1995, 108.66793939156 
1996, 107.55632161747 
1997, 124.876310590153 
1998, 107.900019462293 
1999, 87.6822942643113 
2000, 76.2915334260419 
2001, 50.5926573035428 
2002, 21.0237762981515 
2003, 5.99626811654397 
2004, 4.56600968848591 
2005, 9.05774199637242 
2006, 21.7050987074367 
2007, 32.8995851347105 
2008, 60.4129140612363 
2009, 74.5990377261915 
2010, 84.929337461596 
2011, 84.9380040014921 
2012, 84.7572343978345 
2013, 82.4473660113675 
2014, 71.7669843415899 
2015, 43.3179689635467 
2016, 38.8302678672661 
2017, 38.2069045342238 
2018, 44.5594394022825 
2019, 58.8844260908208 
2020, 83.3160705272919 
2021, 135.445373438511 
2022, 151.481311034079 
2023, 156.300742349173 
2024, 171.247077104431 
2025, 155.516868154032 
2026, 123.344025702572 
2027, 108.969501960679 
2028, 99.2116266533342 
2029, 96.9903885211649 
2030, 100.600880870093 
2031, 102.764338199633 
2032, 112.032633789992 
2033, 124.614420782542 
2034, 142.919361341202 
2035, 148.421430486966 
2036, 160.268085917477 
2037, 159.568829589237 
2038, 129.243653451409 
2039, 120.334526761835 
2040, 114.77034635265 
2041, 113.479959950418 
2042, 105.666258502793 
2043, 98.2184947815801 
2044, 99.2412916706601 
2045, 102.963724060612 
2046, 105.020144559383 
2047, 118.003859159885 
2048, 123.356056025977 
2049, 123.932779390473 
2050, 118.520038941554 
2051, 106.055291322302 
2052, 100.301425089834 
2053, 93.0840790883266 
2054, 70.3584457424476 
2055, 72.4665789729602 
2056, 96.7113236108196 
2057, 100.010349404873 
2058, 105.417804280773 
2059, 106.117592604295 
2060, 97.104518025463 
2061, 87.3973401749512 
2062, 66.4433212370519 
2063, 65.0110526516954 
2064, 68.0134726372598 
2065, 72.1308234684159 
2066, 91.6711025553366 
2067, 120.757943605255 
2068, 119.482810012933 
2069, 93.7021207149062 
2070, 98.7967210873726 
2071, 101.960287819527 
2072, 105.340551610825 
2073, 122.126983240744 
2074, 140.1457619231 
2075, 152.026440957556 
2076, 169.538146111005 
2077, 216.060188167627 
2078, 234.885528372294 
2079, 229.810870632173 
2080, 232.900011698966 
2081, 232.000369984931 
2082, 219.286590521977 
2083, 227.635283756581 
2084, 253.537036524531 
2085, 258.805671074477 
2086, 266.530709381226 
2087, 269.571281789605 
2088, 244.856046929871 
2089, 251.887656641517 
2090, 284.313707424709 
2091, 296.680778417382 
2092, 320.788805119966 
2093, 331.811930020016 
2094, 315.590297274876 
2095, 316.408730451199 
2096, 324.874113430185 
2097, 329.472324017128 
2098, 335.928253790344 
2099, 348.898025568955 
2100, 357.058150034073 
2101, 363.113244678817 
2102, 366.042860672005 
2103, 359.380744531056 
2104, 373.386732038374 
2105, 396.517804681511 
2106, 412.398879769527 
2107, 453.793583638674 
2108, 466.209134655313 
2109, 439.550229974717 
2110, 442.090968456499 
2111, 458.81668727782 
2112, 453.62267312621 
2113, 475.365472387021 
2114, 516.758519568444 
2115, 532.647000214705 
2116, 537.235378568822 
2117, 550.262877668466 
2118, 553.732756151248 
2119, 567.676122578912 
2120, 593.704657151385 
2121, 612.787024249202 
2122, 631.968369833197 
2123, 648.973554111864 
2124, 661.781052483276 
2125, 677.886825905069 
2126, 691.176079504245 
2127, 710.689313670135 
2128, 745.950835947153 
2129, 763.03219710055 
2130, 778.928041084797 
2131, 791.444378820609 
2132, 808.55959061187 
2133, 816.99123174419 
2134, 837.877960425703 
2135, 871.887193245796 
2136, 896.366781881955 
2137, 921.149590276789 
2138, 943.489211117868 
2139, 958.780739456853 
2140, 982.120861676665 
2141, 1009.98121690317 
2142, 1032.39045340481 
2143, 1057.57664658933 
2144, 1081.36565397488 
2145, 1094.96326968888 
2146, 1122.88238100175 
2147, 1147.7648112856 
2148, 1147.70186218134 
2149, 1168.79371710165 
2150, 1187.66054743781 
2151, 1215.35038245009 
2152, 1263.44643480675 
2153, 1291.30175204531 
2154, 1319.24425388471 
2155, 1329.69275617658 
2156, 1306.534144523 
2157, 1320.31381116162 
2158, 1337.37639529688 
2159, 1362.94956894357 
2160, 1435.50185130839 
2161, 1468.17270509593 
2162, 1474.84250270209 
2163, 1490.06237563852 
2164, 1481.73169502947 
2165, 1491.01971604396 
2166, 1512.34066795525 
2167, 1549.53961853601 
2168, 1577.01529176822 
2169, 1612.57936357285 
2170, 1640.36410176027 
2171, 1662.39494136826 
2172, 1685.90201673225 
2173, 1702.34702901941 
2174, 1734.58737333323 
2175, 1777.97699226459 
2176, 1813.16043988734 
2177, 1867.57468566549 
2178, 1896.10500589926 
2179, 1894.0374538442 
2180, 1908.47884405236 
2181, 1917.60344551579 
2182, 1932.028935772 
2183, 1955.50564773921 
2184, 1981.87627798231 
2185, 2005.80233227673 
2186, 2031.95778377775 
2187, 2062.0422741205 
2188, 2101.04695332566 
2189, 2131.51248934221 
2190, 2165.61972597199 
2191, 2186.16779701497 
2192, 2196.34794168148 
2193, 2205.69878263415 
2194, 2208.59533077274 
2195, 2209.13229535789 
2196, 2204.074550554 
2197, 2203.64867327975 
2198, 2201.30895964366 
2199, 2198.73944174834 
2200, 2185.51993736388 
2201, 2195.10684580844 
2202, 2215.05225933185 
2203, 2238.54648188843 
2204, 2287.33824496212 
2205, 2330.32534747184 
2206, 2343.78963996515 
2207, 2351.89098583029 
2208, 2388.74345553595 
2209, 2433.08913059568 
2210, 2467.23669226984 
2211, 2531.28135465363 
2212, 2556.61776773041 
2213, 2542.28063945266 
2214, 2553.28998062907 
2215, 2568.23887376906 
2216, 2577.58825580231 
2217, 2590.50160296718 
2218, 2598.564474997 
2219, 2599.53346046399 
2220, 2602.15025410141 
2221, 2594.06992418549 
2222, 2604.26155887805 
2223, 2630.15531560129 
2224, 2645.62013772184 
2225, 2674.74892269169 
2226, 2692.00349725422 
2227, 2700.00292244255 
2228, 2693.69539367883 
2229, 2693.43455343106 
2230, 2690.03185006511 
2231, 2691.56134767089 
2232, 2699.40609910453 
2233, 2689.38973089092 
2234, 2676.73429066637 
2235, 2657.16810153794 
2236, 2610.89954255332 
2237, 2596.6067863692 
2238, 2597.16155118317 
2239, 2591.86377291023 
2240, 2599.70287935163 
2241, 2598.67745292768 
2242, 2595.59281924669 
2243, 2584.59723388053 
2244, 2570.87185019756 
2245, 2554.09981252214 
2246, 2521.86485761232 
2247, 2500.19774069 
2248, 2488.03947291586 
2249, 2468.38538836521 
2250, 2444.42164799851 
2251, 2425.00330819478 
2252, 2403.63707184867 
2253, 2380.48670397183 
2254, 2385.73352156451 
2255, 2380.0067238382 
2256, 2338.20363025294 
2257, 2301.88038996711 
2258, 2262.95071253581 
2259, 2195.59817484509 
2260, 2159.8955584537 
2261, 2144.43976443516 
2262, 2125.1396499864 
2263, 2112.33580403553 
2264, 2091.28238012856 
2265, 2076.63995229105 
2266, 2051.17627184296 
2267, 2013.75579338784 
2268, 1982.05842379633 
2269, 1950.09423574335 
2270, 1918.67716438624 
2271, 1884.41046737784 
2272, 1852.19925491146 
2273, 1807.24039560539 
2274, 1789.74103309793 
2275, 1806.00235824505 
2276, 1794.78689354814 
2277, 1798.08478732512 
2278, 1777.34760638986 
2279, 1717.7770348632 
2280, 1668.12085684461 
2281, 1605.79964934097 
2282, 1553.97365501985 
2283, 1543.14884783098 
2284, 1512.68200077801 
2285, 1502.16821751972 
2286, 1484.67834022383 
2287, 1422.75976565583 
2288, 1383.79681683117 
2289, 1346.24503026065 
2290, 1308.766962207 
2291, 1280.03560357318 
2292, 1259.01837937582 
2293, 1240.58392396868 
2294, 1234.8351293964 
2295, 1210.32251922246 
2296, 1187.14153456646 
2297, 1155.81325897472 
2298, 1096.04979416969 
2299, 1062.61791773894 
2300, 1040.61758386844 
2301, 1017.93773131391 
2302, 1013.75218235012 
2303, 996.479571593211 
2304, 958.591418627543 
2305, 945.831151877029 
2306, 936.867191363467 
2307, 937.576478422856 
2308, 986.685025157861 
2309, 988.030404005302 
2310, 963.965841987381 
2311, 940.321045430817 
2312, 884.395846752418 
2313, 843.653644897313 
2314, 811.508439371144 
2315, 781.304475537006 
2316, 747.334379627464 
2317, 714.952976045931 
2318, 681.114235820452 
2319, 649.311589918648 
2320, 640.627067104973 
2321, 630.340353880739 
2322, 619.119935463176 
2323, 622.711665891848 
2324, 599.766368991578 
2325, 579.450447287657 
2326, 568.507437916592 
2327, 555.356368854005 
2328, 556.638145348898 
2329, 577.41164440683 
2330, 571.302668610227 
2331, 565.42957988116 
2332, 550.761199032387 
2333, 517.684781132486 
2334, 497.096847469675 
2335, 476.936095467868 
2336, 461.959778364981 
2337, 450.018965912197 
2338, 435.864024046187 
2339, 425.476909256697 
2340, 411.34088433278 
2341, 389.947075551322 
2342, 380.077586568344 
2343, 374.525628933161 
2344, 373.754594442094 
2345, 390.288319178101 
2346, 384.3767522193 
2347, 358.358985738254 
2348, 355.443977565241 
2349, 356.867087425945 
2350, 356.77942554428 
2351, 383.210611157585 
2352, 382.384818320098 
2353, 349.146639567166 
2354, 332.542446483314 
2355, 313.404485915607 
2356, 303.76666087111 
2357, 312.485223956519 
2358, 309.375408500829 
2359, 301.717611019401 
2360, 297.133728255467 
2361, 289.334266911052 
2362, 278.419809888636 
2363, 272.564951153665 
2364, 257.847392124359 
2365, 230.211264448477 
2366, 222.926230885491 
2367, 207.334305032091 
2368, 189.323286385271 
2369, 194.865701340563 
2370, 182.013017435761 
2371, 191.444581026424 
2372, 212.120451621166 
2373, 190.864662338565 
2374, 190.077800386536 
2375, 195.099090210455 
2376, 177.42114694535 
2377, 189.53928706463 
2378, 197.409602877069 
2379, 183.982030983728 
2380, 183.894677992248 
2381, 182.608548607134 
2382, 183.61727137196 
2383, 172.337513848292 
2384, 167.698048300658 
2385, 167.537457516876 
2386, 147.528604111837 
2387, 170.713488430143 
2388, 173.492483696695 
2389, 151.35311558523 
2390, 171.42158177472 
2391, 166.846880664633 
2392, 161.027338824747 
2393, 157.371124056946 
2394, 139.391856838691 
2395, 142.975626520024 
2396, 144.122854937678 
2397, 151.95685098331 
2398, 162.737209137951 
2399, 150.002961053524 
2400, 134.94549120221 
2401, 145.161656083703 
2402, 156.99450401047 
2403, 147.863089804718 
2404, 151.899022897944 
2405, 151.476172249952 
2406, 133.001946368564 
2407, 135.708106604983 
2408, 159.136657988436 
2409, 162.363395559864 
2410, 160.680886291759 
2411, 156.736177349448 
2412, 149.487510496065 
2413, 138.626040750461 
2414, 122.224790170587 
2415, 110.708745740656 
2416, 88.7449041581544 
2417, 88.7107627090454 
2418, 104.301268518708 
2419, 115.073606125939 
2420, 137.112899780815 
2421, 143.212466499336 
2422, 155.400768057922 
2423, 135.030379821676 
2424, 87.1898102900796 
2425, 65.985774268401 
2426, 15.3982019448643 
2427, 14.5338861450805 
2428, 59.1507638716761 
2429, 83.7466962214557 
2430, 128.264696416629 
2431, 138.976921485578 
2432, 131.400333739318 
2433, 127.938689469714 
2434, 111.190917302869 
2435, 101.10109589324 
2436, 94.6532161272579 
2437, 84.4487828204437 
2438, 64.7378193816768 
2439, 68.3921815194759 
2440, 85.3048709845093 
2441, 92.013005824602 
2442, 113.50034397082 
2443, 106.308847598409 
2444, 82.4576027715065 
2445, 49.8539873545342 
2446, 7.76902348368416 
2447,-3.67056761474488 
2448,-0.853463410891912 
2449, 5.08453661066936 
2450, 20.4102836111985 
2451, 35.2331243288907 
2452, 29.7841221988457 
2453, 34.0867574947139 
2454, 49.5687355853681 
2455, 45.0839029394481 
2456, 45.2229375395107 
2457, 44.2111965084748 
2458, 47.2379749234689 
2459, 53.9012161669452 
2460, 50.1771554527236 
2461, 67.7687540671287 
2462, 86.0456152306586 
2463, 88.7791315969071 
2464, 96.9738946917722 
2465, 84.0777699561075 
2466, 60.9358966959257 
2467, 42.7938231021311 
2468, 31.2110060094456 
2469, 41.7744848530652 
2470, 52.296869575126 
2471, 53.8017003305589 
2472, 71.0771698238313 
2473, 81.2194380936854 
2474, 62.0464535234028 
2475, 58.6095693159631 
2476, 58.611298892409 
2477, 42.4188307740433 
2478, 39.6329833710024 
2479, 39.9352286328416 
2480, 12.6705631895298 
2481,-10.0585862008864 
2482,-9.04083909971922 
2483,-19.9821404103801 
2484,-18.0662525388687 
2485,-6.85509635406877 
2486, 1.32461643227176 
2487, 21.9658100240606 
2488, 36.8076657080051 
2489, 51.7204193017998 
2490, 49.3894038016881 
2491, 31.8087587151928 
2492, 27.4301554412528 
2493, 32.9800802399553 
2494, 47.7785072474605 
2495, 59.4056148986379 
2496, 73.9722278996098 
2497, 63.490475006991 
2498, 57.7114620731794 
2499, 50.2513279215327 
2500, 42.3946031863999 
