Wavelength,0212202100036.asd
350, 3172.00929953541 
351, 3334.51165813047 
352, 3482.61874642423 
353, 3610.8228776711 
354, 3737.82718399241 
355, 3870.43600424409 
356, 4009.13921229164 
357, 4146.65420825726 
358, 4289.2967346449 
359, 4442.75847634342 
360, 4614.62505303077 
361, 4823.53414515438 
362, 5059.76466972871 
363, 5312.92526304397 
364, 5574.37485601249 
365, 5838.53161839712 
366, 6089.35186553928 
367, 6307.81483702808 
368, 6473.77971680522 
369, 6570.45788219388 
370, 6604.50968766395 
371, 6596.56952258045 
372, 6574.00626529206 
373, 6565.70170900116 
374, 6577.44848467046 
375, 6597.20875505656 
376, 6615.23698637611 
377, 6624.90681887378 
378, 6611.09857986469 
379, 6547.55950092815 
380, 6469.39523550234 
381, 6383.08824715649 
382, 6285.8183597048 
383, 6167.53771663244 
384, 6047.95199477844 
385, 5968.11398398133 
386, 5976.44714922928 
387, 6104.57268908289 
388, 6277.37697201527 
389, 6423.59934761046 
390, 6493.89912892558 
391, 6571.87043485423 
392, 6645.81199213624 
393, 6702.3236711864 
394, 6755.50854970585 
395, 6907.21765542487 
396, 7196.8751346561 
397, 7633.88180544554 
398, 8237.94040835854 
399, 8923.15940810011 
400, 9626.77570670521 
401, 10312.9503916516 
402, 10957.686101516 
403, 11489.0255451812 
404, 11878.1541557995 
405, 12182.3538154164 
406, 12424.4082950946 
407, 12641.5587123697 
408, 12879.5001718418 
409, 13202.0515881934 
410, 13587.7783222119 
411, 14013.7116031866 
412, 14457.2945146674 
413, 14896.2608274409 
414, 15329.0273114089 
415, 15744.9253542312 
416, 16109.7500840819 
417, 16461.3524069534 
418, 16821.7686257576 
419, 17192.7484862218 
420, 17517.2179432362 
421, 17847.0938081315 
422, 18206.844327113 
423, 18590.8926285139 
424, 18941.6574267901 
425, 19218.0863574692 
426, 19381.3168994764 
427, 19385.7900175078 
428, 19315.7293238649 
429, 19341.7556237527 
430, 19594.0806082981 
431, 19947.2324947743 
432, 20419.5599202558 
433, 21115.4897824029 
434, 22155.0779778037 
435, 23232.1835614941 
436, 24054.5269538866 
437, 24573.0166495557 
438, 25126.4216743549 
439, 25686.6877915584 
440, 26215.0573252541 
441, 26703.3205717902 
442, 27329.2480156682 
443, 27981.2240077518 
444, 28576.2154231972 
445, 29066.9098643339 
446, 29461.2069924207 
447, 29816.8406841245 
448, 30195.435289803 
449, 30661.5037477395 
450, 31047.9598782822 
451, 31251.391862835 
452, 31238.3374383957 
453, 31154.4824635217 
454, 30981.38948039 
455, 30765.7157441419 
456, 30613.3036949702 
457, 30576.510582974 
458, 30584.8707126235 
459, 30564.3335633524 
460, 30486.068331356 
461, 30368.6521393266 
462, 30239.2174131698 
463, 30110.5588524184 
464, 29905.2592402369 
465, 29594.5523892942 
466, 29216.7338093771 
467, 28872.7049072541 
468, 28582.661780555 
469, 28367.3356891273 
470, 28236.1374216461 
471, 28188.5722050677 
472, 28159.8857618898 
473, 28155.0060888762 
474, 28197.1688524608 
475, 28188.3393877158 
476, 28159.4330830739 
477, 28144.3020714604 
478, 28164.5668170755 
479, 28258.5981773109 
480, 28387.8431816042 
481, 28480.8955540291 
482, 28454.1240034317 
483, 28231.4621973048 
484, 27773.091026102 
485, 27101.7292265659 
486, 26465.2993755275 
487, 26024.2210028566 
488, 25905.5934436405 
489, 26222.0036112729 
490, 26704.355990404 
491, 27095.0103428217 
492, 27233.4372693764 
493, 27286.7982489293 
494, 27367.138679916 
495, 27524.2524528453 
496, 27737.2739573437 
497, 27801.0736565767 
498, 27720.0430687537 
499, 27542.7155168266 
500, 27308.7058998942 
501, 27137.4018810746 
502, 27075.150590886 
503, 27140.067494914 
504, 27404.8403917949 
505, 27764.7169168454 
506, 28121.868179453 
507, 28403.548274301 
508, 28616.7898184971 
509, 28785.5813584835 
510, 28946.0457423248 
511, 29161.3936516381 
512, 29306.6271868081 
513, 29329.0908793616 
514, 29221.0727247076 
515, 28974.9063058912 
516, 28646.6546182308 
517, 28331.803729588 
518, 28160.2718357493 
519, 28418.6142437854 
520, 29122.5887243585 
521, 30097.4473229028 
522, 30897.8568104458 
523, 31495.8538660327 
524, 31919.0914784048 
525, 32230.2866040712 
526, 32359.3878507528 
527, 32413.3558042692 
528, 32594.3307765825 
529, 33267.862401269 
530, 34127.1498541758 
531, 34837.8839861705 
532, 35136.8424729301 
533, 35235.5350746734 
534, 35399.8540717977 
535, 35765.8602334246 
536, 36310.0755026743 
537, 36694.5382736194 
538, 36867.0448187869 
539, 36886.2651287534 
540, 36877.0458026802 
541, 36916.0114664907 
542, 37114.2991339608 
543, 37559.3804906576 
544, 38061.1997721341 
545, 38494.503039596 
546, 38793.4816915449 
547, 38964.367727793 
548, 39081.4644815506 
549, 39219.8801881766 
550, 39423.7256971248 
551, 39631.9107272016 
552, 39794.5696994869 
553, 39915.919484658 
554, 40041.5538203437 
555, 40138.7572328829 
556, 40103.2105551765 
557, 39877.9443399592 
558, 39507.123943947 
559, 39198.2869130507 
560, 39068.7127912616 
561, 39154.2138888311 
562, 39339.8292892976 
563, 39444.4832273114 
564, 39383.2978217213 
565, 39192.4013655835 
566, 38920.446333869 
567, 38645.9554363681 
568, 38417.4782774297 
569, 38185.7328079883 
570, 37874.8786724368 
571, 37577.2144698961 
572, 37475.1566583558 
573, 37524.1271947011 
574, 37520.2190729901 
575, 37339.8286371379 
576, 37019.3173524554 
577, 36731.8269217815 
578, 36584.569327488 
579, 36631.9099734097 
580, 36832.195693728 
581, 37178.805575954 
582, 37595.5695050481 
583, 37943.6483752103 
584, 38160.1560639687 
585, 38151.9275615068 
586, 37910.8281347362 
587, 37620.9050256563 
588, 37266.9884120939 
589, 36778.3346803126 
590, 36149.563011704 
591, 35969.4745394428 
592, 36174.2781017113 
593, 36486.258339892 
594, 36449.4986298086 
595, 36252.4112065775 
596, 35987.51308435 
597, 35710.2115352966 
598, 35403.1679998183 
599, 35026.4400615824 
600, 34616.1576307641 
601, 34260.4712947527 
602, 33985.897605258 
603, 33842.2211710641 
604, 33827.4724861278 
605, 33862.1301450107 
606, 33781.9063562082 
607, 33585.7623489971 
608, 33343.0429690997 
609, 33105.572509787 
610, 32878.1766668056 
611, 32672.6399687288 
612, 32505.8570337256 
613, 32325.8377954644 
614, 32112.8751695021 
615, 31880.851274477 
616, 31698.8911080454 
617, 31585.7629797303 
618, 31590.8789511053 
619, 31741.4636279565 
620, 31885.1291977157 
621, 31896.0609560135 
622, 31734.9075016853 
623, 31464.8114128913 
624, 31162.6491144449 
625, 30878.0738001336 
626, 30636.2484630539 
627, 30428.8975658559 
628, 30214.9004987194 
629, 30005.9822837168 
630, 29857.3337446804 
631, 29874.2574189221 
632, 29983.7564570981 
633, 30118.3443163072 
634, 30264.7311356834 
635, 30373.0844010439 
636, 30446.1101640945 
637, 30498.8312824989 
638, 30516.0278640461 
639, 30469.1313483086 
640, 30333.0769338466 
641, 30100.173024563 
642, 29928.2477840809 
643, 29832.9209533443 
644, 29772.9040907293 
645, 29651.9813042992 
646, 29468.6212389319 
647, 29242.1291162132 
648, 29010.2145487133 
649, 28821.0734314259 
650, 28666.4826373965 
651, 28579.2725620797 
652, 28624.2183404665 
653, 28555.011868613 
654, 28227.9107408692 
655, 27623.6713953475 
656, 26904.5944610873 
657, 26393.1609823146 
658, 26420.4072545117 
659, 27143.0366320051 
660, 27816.0486491653 
661, 28185.4643588616 
662, 28258.5534434984 
663, 28293.7214525771 
664, 28262.7740065596 
665, 28216.2477294557 
666, 28197.9566161329 
667, 28204.5001374143 
668, 28192.7898378029 
669, 28164.631235665 
670, 28141.4827871414 
671, 28080.9659103428 
672, 28010.6834584795 
673, 27968.5246606936 
674, 27995.1230412433 
675, 28032.0893217436 
676, 28056.666564354 
677, 28065.1463196271 
678, 28081.9223374668 
679, 28088.6326800472 
680, 28082.9497264527 
681, 28071.0592622969 
682, 28051.7348413421 
683, 27987.8562834111 
684, 27756.1135740886 
685, 27123.4722171376 
686, 25996.7345523014 
687, 24463.8250598343 
688, 22904.3271004109 
689, 22335.9925371838 
690, 22865.3219533893 
691, 24041.4421803827 
692, 25091.6062204312 
693, 26011.2143381309 
694, 26679.8772152567 
695, 27084.1685026265 
696, 27357.7372258895 
697, 27582.0116012133 
698, 27728.1287098381 
699, 27754.5190029496 
700, 27700.5988551833 
701, 27647.4292338598 
702, 27657.307436988 
703, 27771.6674706929 
704, 28002.3397987733 
705, 28268.6651260378 
706, 28493.1769672696 
707, 28621.5781490003 
708, 28728.7476491438 
709, 28828.5469672362 
710, 28919.1603080719 
711, 29007.1690496247 
712, 29070.3534119703 
713, 29097.3074601497 
714, 29075.0493128448 
715, 28953.3936606847 
716, 28614.0837560632 
717, 28002.4868779175 
718, 27155.7791386393 
719, 26452.327174386 
720, 26210.8590463114 
721, 26553.401749369 
722, 27232.4530929638 
723, 27692.137525881 
724, 27759.7005034851 
725, 27559.0782951595 
726, 27538.7731937257 
727, 27631.651132795 
728, 27742.9672236328 
729, 27809.7360378233 
730, 27991.5242571035 
731, 28317.9878670477 
732, 28758.1186992047 
733, 29228.696480947 
734, 29630.2556780331 
735, 29883.435270534 
736, 29954.1613265841 
737, 29928.5721947289 
738, 29883.9401398854 
739, 29838.4483493428 
740, 29765.2063938188 
741, 29742.8611989102 
742, 29782.6010387582 
743, 29874.6499760819 
744, 29999.1339452453 
745, 30080.9539908735 
746, 30115.1976790258 
747, 30117.1077559386 
748, 30081.6644114809 
749, 29982.8339416458 
750, 29845.3762393614 
751, 29726.7573926976 
752, 29665.8399177989 
753, 29649.7128316872 
754, 29647.926578735 
755, 29615.9551587701 
756, 29470.8238654899 
757, 28853.1066061572 
758, 27176.6829875841 
759, 23421.2512233103 
760, 17945.4134247731 
761, 12659.3650052822 
762, 9816.00932077982 
763, 9902.97293533338 
764, 11520.7975063616 
765, 13984.5301328508 
766, 17247.6931292644 
767, 20770.7862271781 
768, 23799.5020438779 
769, 25881.8983661524 
770, 27034.7575228052 
771, 27597.4708636656 
772, 27812.1480521502 
773, 27859.6308617809 
774, 27839.8597170872 
775, 27768.3601401793 
776, 27677.1378836833 
777, 27589.5588656361 
778, 27472.5538847416 
779, 27331.281339926 
780, 27188.9524045111 
781, 27075.8633741361 
782, 26951.3386296958 
783, 26802.5051237684 
784, 26634.678649094 
785, 26473.1711724104 
786, 26313.2353408567 
787, 26126.8881967566 
788, 25892.611097809 
789, 25622.3125220419 
790, 25334.3134663605 
791, 25035.2089591739 
792, 24730.635052046 
793, 24442.5147161989 
794, 24211.7685015646 
795, 24059.6129457266 
796, 23982.185201929 
797, 23929.5875866145 
798, 23834.9468780021 
799, 23667.4127894607 
800, 23445.8765213629 
801, 23206.5487871962 
802, 22983.7240539865 
803, 22791.0258145841 
804, 22601.4211368406 
805, 22435.8605804513 
806, 22283.2636132345 
807, 22117.2022496489 
808, 21901.6793424183 
809, 21645.4363687278 
810, 21365.3308414955 
811, 21071.9046965469 
812, 20722.0174640437 
813, 20262.9706450938 
814, 19686.0648430909 
815, 19034.7963729794 
816, 18426.0671772903 
817, 17943.1234683892 
818, 17639.4431830763 
819, 17534.8197897852 
820, 17496.1127937166 
821, 17427.8750689543 
822, 17292.0521964712 
823, 17141.161238781 
824, 17042.6680488407 
825, 17054.2669656891 
826, 17155.6596007922 
827, 17106.7640834219 
828, 16918.6741909333 
829, 16673.2062121568 
830, 16477.4485617679 
831, 16341.8898608519 
832, 16238.2266529563 
833, 16151.8216747146 
834, 16084.1316349778 
835, 16046.9031243139 
836, 16026.0775209913 
837, 15991.929717475 
838, 15905.0187695663 
839, 15782.7668471789 
840, 15638.501019994 
841, 15481.366021254 
842, 15313.1779366916 
843, 15138.707761936 
844, 14967.9320368063 
845, 14805.6123478251 
846, 14646.0310707465 
847, 14446.4893766232 
848, 14205.2736538059 
849, 13938.7456084934 
850, 13667.9394987116 
851, 13355.7832805019 
852, 13035.1385101697 
853, 12766.006367208 
854, 12562.832008946 
855, 12399.0576138167 
856, 12323.1306961345 
857, 12401.4650962403 
858, 12517.9238587331 
859, 12539.1500623935 
860, 12442.1322822428 
861, 12301.2490478334 
862, 12133.2779895018 
863, 11919.2441571638 
864, 11662.5151398595 
865, 11397.5350978445 
866, 11143.9648786908 
867, 10930.138800767 
868, 10791.8722430874 
869, 10769.2180677049 
870, 10789.0940067592 
871, 10770.8620108602 
872, 10677.7522337608 
873, 10550.08662547 
874, 10409.6234645686 
875, 10268.4583988632 
876, 10131.0651746705 
877, 9994.85407505807 
878, 9863.83248152506 
879, 9736.84713056062 
880, 9609.73225706845 
881, 9474.24466838111 
882, 9343.18307519804 
883, 9220.65442938852 
884, 9105.20067155019 
885, 8990.44689152266 
886, 8867.07497074456 
887, 8737.79231527357 
888, 8609.88014522708 
889, 8485.41371120223 
890, 8362.81765311075 
891, 8227.56836463947 
892, 8062.33577889994 
893, 7865.58962795594 
894, 7640.46008164045 
895, 7392.2214531488 
896, 7128.78746435836 
897, 6860.50387008455 
898, 6609.12902885099 
899, 6399.83008116958 
900, 6252.84879387956 
901, 6162.98120259399 
902, 6118.6367658259 
903, 6098.49495556355 
904, 6077.1068694027 
905, 6041.19207867933 
906, 5975.98304045086 
907, 5869.18220342907 
908, 5719.18685106691 
909, 5562.10915860607 
910, 5430.62730582412 
911, 5334.69099701765 
912, 5264.64266266897 
913, 5207.54892542775 
914, 5152.25663206776 
915, 5094.48086149362 
916, 5037.92831371959 
917, 4999.77055400264 
918, 4970.73377011383 
919, 4942.31320287297 
920, 4909.72104373256 
921, 4875.78767641909 
922, 4831.42971700672 
923, 4767.15389146313 
924, 4676.06168690425 
925, 4560.86316644599 
926, 4423.13146868922 
927, 4258.10385277058 
928, 4058.53005815958 
929, 3827.12115722555 
930, 3564.34276144339 
931, 3283.91641192127 
932, 3009.8046843227 
933, 2767.64390079535 
934, 2574.11652052168 
935, 2441.41598898176 
936, 2372.91397449175 
937, 2353.59161792967 
938, 2365.70250199625 
939, 2390.34306481842 
940, 2412.50230466216 
941, 2431.71877954687 
942, 2434.40730195753 
943, 2411.61935680096 
944, 2362.68706583082 
945, 2299.81387595117 
946, 2249.59823079 
947, 2218.60976231779 
948, 2202.84421915209 
949, 2198.46218089074 
950, 2192.61025056075 
951, 2181.98018157769 
952, 2168.47911779806 
953, 2156.6160838822 
954, 2142.05769882249 
955, 2127.73395981599 
956, 2117.09375643405 
957, 2110.34311218755 
958, 2103.3926812678 
959, 2098.67969240332 
960, 2096.9867513715 
961, 2094.44428336678 
962, 2091.99258203006 
963, 2093.7023904975 
964, 2098.68724454467 
965, 2100.13782306921 
966, 2098.5846280469 
967, 2092.95966059368 
968, 2082.98766416933 
969, 2069.23438944087 
970, 2052.19732484168 
971, 2030.84499162246 
972, 2002.68869443838 
973, 1965.86411767849 
974, 1924.05564117159 
975, 1883.28451036598 
976, 1844.45148566459 
977, 1807.04281132883 
978, 1775.80245836664 
979, 1749.69132341281 
980, 1726.45302176242 
981, 1703.6241772007 
982, 1679.67327797149 
983, 1656.58166652886 
984, 1632.14193158327 
985, 1605.13476582827 
986, 1577.42416896165 
987, 1545.66828722227 
988, 1512.99546746775 
989, 1481.97775936817 
990, 1452.42375003693 
991, 1419.2335242726 
992, 1384.91130320068 
993, 1352.57498268802 
994, 1323.27042552081 
995, 1290.44284225143 
996, 1258.45344082541 
997, 1226.79523724083 
998, 1193.69040393814 
999, 1161.1843451026 
1000, 1130.37534165492 
1001, 7074.47400147725 
1002, 7043.47820950098 
1003, 7012.74160167774 
1004, 6987.6539443535 
1005, 6980.86249054446 
1006, 6983.2063396461 
1007, 6989.49072519771 
1008, 7005.23078808578 
1009, 7019.37735413296 
1010, 7030.31669077276 
1011, 7049.95636401009 
1012, 7076.39329243731 
1013, 7102.64870627754 
1014, 7132.39935221466 
1015, 7161.71974557651 
1016, 7186.91830963046 
1017, 7214.32616862928 
1018, 7244.82692886218 
1019, 7274.85158550954 
1020, 7305.24884779811 
1021, 7344.70814327116 
1022, 7384.87730861392 
1023, 7427.797743919 
1024, 7470.91404619638 
1025, 7517.36713161684 
1026, 7558.52528736674 
1027, 7592.28855259359 
1028, 7632.76037299512 
1029, 7673.96038201644 
1030, 7711.75480534837 
1031, 7748.95365078023 
1032, 7777.12489363521 
1033, 7809.90899841731 
1034, 7842.43445959918 
1035, 7872.33709726287 
1036, 7901.70873040789 
1037, 7936.44132174844 
1038, 7963.37333888787 
1039, 7991.53025592095 
1040, 8020.51015445875 
1041, 8045.96316053288 
1042, 8069.90668776378 
1043, 8088.13021007346 
1044, 8112.93828053193 
1045, 8136.37575255817 
1046, 8156.66604731389 
1047, 8182.82243110642 
1048, 8213.71123913941 
1049, 8237.25378545207 
1050, 8260.38658258662 
1051, 8291.51121807265 
1052, 8320.18989025453 
1053, 8348.4607812922 
1054, 8377.22160325267 
1055, 8408.8888175903 
1056, 8443.72179729218 
1057, 8476.20983488703 
1058, 8519.08577536524 
1059, 8576.08341700709 
1060, 8634.68073819644 
1061, 8697.64079480828 
1062, 8764.73531275041 
1063, 8838.46954411856 
1064, 8912.26799411502 
1065, 8992.77628211102 
1066, 9081.04788894338 
1067, 9173.40197354048 
1068, 9273.16545918882 
1069, 9374.99924895287 
1070, 9484.58917354692 
1071, 9609.58994669506 
1072, 9740.64552867138 
1073, 9869.72989671481 
1074, 10010.3381756038 
1075, 10133.1944163506 
1076, 10249.7207190083 
1077, 10364.5373244933 
1078, 10463.1745337815 
1079, 10562.8330320497 
1080, 10651.315064306 
1081, 10718.5417454219 
1082, 10783.5171817345 
1083, 10842.1204066391 
1084, 10899.1810270726 
1085, 10962.5548945167 
1086, 11016.1250561631 
1087, 11066.8164941855 
1088, 11106.7500651897 
1089, 11144.7588333263 
1090, 11165.6639568601 
1091, 11173.4746531761 
1092, 11173.5818136245 
1093, 11161.0111232727 
1094, 11133.9916776707 
1095, 11102.3280357273 
1096, 11076.4263397471 
1097, 11053.1502282433 
1098, 11026.6445547208 
1099, 10999.6105810566 
1100, 10975.4964529707 
1101, 10944.8752669644 
1102, 10913.1060014891 
1103, 10872.9897515849 
1104, 10836.0327802261 
1105, 10780.0325800548 
1106, 10714.2027740864 
1107, 10625.0807980019 
1108, 10490.8143805812 
1109, 10319.3370138071 
1110, 10080.093868797 
1111, 9789.73592083882 
1112, 9456.37059353282 
1113, 9053.69279208798 
1114, 8649.75908861932 
1115, 8180.80144663847 
1116, 7757.8109900146 
1117, 7296.15449408642 
1118, 6910.52125632454 
1119, 6560.4906503466 
1120, 6240.34359528954 
1121, 5973.65855326907 
1122, 5759.6010628325 
1123, 5603.06864912824 
1124, 5493.89070616736 
1125, 5442.23421483987 
1126, 5471.30777234165 
1127, 5497.79106280486 
1128, 5572.71649932829 
1129, 5650.0082101129 
1130, 5756.41771922101 
1131, 5857.39079056495 
1132, 5961.74489762531 
1133, 6088.16613157868 
1134, 6218.15828386199 
1135, 6363.04651342201 
1136, 6571.18161676019 
1137, 6782.17065214495 
1138, 6991.07609809912 
1139, 7182.97568355307 
1140, 7309.11700293821 
1141, 7398.95488060561 
1142, 7437.23687758027 
1143, 7400.07290176999 
1144, 7379.73311679946 
1145, 7267.58496754449 
1146, 7256.92581508919 
1147, 7248.16202084459 
1148, 7316.82660694324 
1149, 7457.81558006779 
1150, 7638.62130684514 
1151, 7873.61470123864 
1152, 8139.80182131706 
1153, 8411.83640424361 
1154, 8726.28795307546 
1155, 9019.23681228306 
1156, 9326.02456668232 
1157, 9611.43498554241 
1158, 9902.12408700562 
1159, 10161.8958615377 
1160, 10408.2097095555 
1161, 10631.7541030198 
1162, 10836.008835788 
1163, 11016.9391648727 
1164, 11178.6806430054 
1165, 11315.0312406421 
1166, 11425.4505201859 
1167, 11514.642667251 
1168, 11585.138030275 
1169, 11635.3424078653 
1170, 11661.5825160552 
1171, 11664.84629384 
1172, 11652.4233278848 
1173, 11610.0514630368 
1174, 11565.5830969713 
1175, 11505.0636074548 
1176, 11440.1290095123 
1177, 11360.5294004965 
1178, 11283.723080911 
1179, 11196.8845290666 
1180, 11116.3029302084 
1181, 11038.3861701206 
1182, 10954.326469622 
1183, 10887.5666002781 
1184, 10821.9649113236 
1185, 10778.7093905932 
1186, 10751.8611867872 
1187, 10732.1782151051 
1188, 10734.0793511594 
1189, 10727.5577583352 
1190, 10733.9336023976 
1191, 10724.7216026481 
1192, 10718.672213925 
1193, 10693.7945789773 
1194, 10661.111961073 
1195, 10610.7596618379 
1196, 10542.0498439277 
1197, 10461.6261011681 
1198, 10375.7144773693 
1199, 10267.5123557274 
1200, 10180.1890214101 
1201, 10085.109527801 
1202, 10015.4841024078 
1203, 9956.84324690143 
1204, 9912.84100559965 
1205, 9889.60941472677 
1206, 9867.48779409262 
1207, 9856.58904509669 
1208, 9850.3648372387 
1209, 9855.07899518911 
1210, 9857.0724644961 
1211, 9865.85940146787 
1212, 9872.69511082411 
1213, 9878.93370772477 
1214, 9887.16069175369 
1215, 9883.05235731875 
1216, 9877.37810619252 
1217, 9862.79687588453 
1218, 9832.87263800939 
1219, 9810.79751677766 
1220, 9787.40759053697 
1221, 9764.3209464736 
1222, 9740.43474939955 
1223, 9718.14756706528 
1224, 9694.51952688898 
1225, 9674.24378507736 
1226, 9655.32896897203 
1227, 9639.33957762845 
1228, 9630.26988944468 
1229, 9616.57056881778 
1230, 9601.99512220927 
1231, 9590.44392698099 
1232, 9570.30098071239 
1233, 9545.04348893065 
1234, 9517.54169440979 
1235, 9486.87093068529 
1236, 9452.02633242531 
1237, 9412.67867715369 
1238, 9372.0356975155 
1239, 9326.2403770181 
1240, 9281.36655368847 
1241, 9235.57777683222 
1242, 9188.78540734909 
1243, 9138.95932709525 
1244, 9091.38360971844 
1245, 9044.92507042953 
1246, 8997.35156653727 
1247, 8950.16216836272 
1248, 8909.33286294149 
1249, 8852.95539719783 
1250, 8791.01149032161 
1251, 8724.41127362484 
1252, 8651.11666968163 
1253, 8569.1136487961 
1254, 8489.37319627745 
1255, 8387.97769970765 
1256, 8275.02788577366 
1257, 8145.11667152563 
1258, 7992.34699872902 
1259, 7838.26852247572 
1260, 7657.66420452971 
1261, 7493.14914771757 
1262, 7323.84024779415 
1263, 7166.75458370508 
1264, 7030.21217919222 
1265, 6893.79345984809 
1266, 6813.40557463375 
1267, 6753.00542980821 
1268, 6745.76348052863 
1269, 6786.65168754527 
1270, 6857.47148392778 
1271, 6982.36001912794 
1272, 7106.55559938962 
1273, 7280.06549520521 
1274, 7424.65083618196 
1275, 7580.7150559102 
1276, 7712.19106372105 
1277, 7833.31526000548 
1278, 7937.22150099735 
1279, 8020.7943040096 
1280, 8094.72017358624 
1281, 8162.98489037679 
1282, 8222.39883903998 
1283, 8289.90683712941 
1284, 8358.95301948246 
1285, 8426.7035535603 
1286, 8500.47796032397 
1287, 8560.21660689773 
1288, 8619.01454770335 
1289, 8663.15876123692 
1290, 8693.47958269252 
1291, 8721.25387382124 
1292, 8741.35702991584 
1293, 8754.23632614384 
1294, 8760.23546516925 
1295, 8761.78926860654 
1296, 8752.4794827712 
1297, 8744.08574067633 
1298, 8733.89412293628 
1299, 8721.33247337239 
1300, 8704.65985824199 
1301, 8681.25690984477 
1302, 8650.95614291836 
1303, 8608.93421005791 
1304, 8575.66240478405 
1305, 8541.27797093314 
1306, 8504.74006006381 
1307, 8469.85718602909 
1308, 8433.54871187372 
1309, 8392.29913932634 
1310, 8353.27144903727 
1311, 8320.18616891752 
1312, 8280.51057978129 
1313, 8231.36326005822 
1314, 8190.41292786663 
1315, 8148.66717127596 
1316, 8111.89672073589 
1317, 8078.66226013362 
1318, 8054.40537266584 
1319, 8030.27805839089 
1320, 8004.30869304168 
1321, 7979.62408035259 
1322, 7944.2438039595 
1323, 7893.91354558995 
1324, 7838.39160381762 
1325, 7756.08284310764 
1326, 7651.67101871567 
1327, 7540.7264385467 
1328, 7398.27959102497 
1329, 7276.54443260932 
1330, 7140.93998126167 
1331, 7034.82804465574 
1332, 6936.16034361185 
1333, 6864.51253288965 
1334, 6825.91782126833 
1335, 6788.07808251835 
1336, 6776.07097615209 
1337, 6761.98448637085 
1338, 6735.36842635915 
1339, 6678.68811115849 
1340, 6580.94648220237 
1341, 6436.87614040518 
1342, 6233.93737662569 
1343, 5977.86664565784 
1344, 5676.32093834779 
1345, 5311.57034309065 
1346, 4925.02743246395 
1347, 4476.42896468211 
1348, 4044.1631542182 
1349, 3571.87862004767 
1350, 3133.89663694848 
1351, 2682.29544938782 
1352, 2281.8106566738 
1353, 1890.49424706063 
1354, 1553.59472702958 
1355, 1261.72914371508 
1356, 1008.00118654179 
1357, 792.223887938108 
1358, 624.15633456699 
1359, 489.780118797182 
1360, 384.015923184974 
1361, 307.368801542715 
1362, 247.226977192463 
1363, 206.617343885515 
1364, 184.365219660567 
1365, 168.415895068719 
1366, 169.905370775123 
1367, 172.119839673817 
1368, 181.599899614673 
1369, 196.934208144596 
1370, 222.007178195977 
1371, 247.867787258397 
1372, 281.184635135723 
1373, 311.567673506751 
1374, 347.716572620334 
1375, 374.506967271072 
1376, 406.562504377745 
1377, 419.700343604077 
1378, 419.903065593344 
1379, 412.3117285534 
1380, 395.849846130999 
1381, 378.601389270526 
1382, 368.304059859508 
1383, 364.699706745863 
1384, 373.771933061321 
1385, 400.981082487945 
1386, 436.552729987726 
1387, 481.748455732401 
1388, 520.939849119642 
1389, 563.695909772205 
1390, 598.492728684151 
1391, 636.291661708259 
1392, 656.385203589434 
1393, 662.478837645133 
1394, 672.491851942726 
1395, 667.239832467436 
1396, 674.07263671648 
1397, 687.884796308269 
1398, 702.997058833271 
1399, 720.58100959633 
1400, 740.191108762039 
1401, 763.240104840629 
1402, 786.291099376788 
1403, 806.863394470573 
1404, 837.442694198301 
1405, 867.802372150791 
1406, 897.950569415904 
1407, 931.203851082072 
1408, 964.452179561225 
1409, 1006.80678461913 
1410, 1056.14266074738 
1411, 1105.40925360415 
1412, 1164.11665518079 
1413, 1216.21101307424 
1414, 1269.63005293441 
1415, 1314.30766089239 
1416, 1358.27263211636 
1417, 1390.55355233878 
1418, 1411.96956981757 
1419, 1430.42918573905 
1420, 1441.97795473874 
1421, 1451.53071505108 
1422, 1458.09608647993 
1423, 1458.67821940925 
1424, 1457.98174202636 
1425, 1447.013345876 
1426, 1432.03950032506 
1427, 1403.09356441572 
1428, 1363.29581440231 
1429, 1311.93646591523 
1430, 1253.29807172147 
1431, 1189.70393824264 
1432, 1126.75924680797 
1433, 1069.61937076415 
1434, 1013.69448349017 
1435, 964.185079971395 
1436, 921.764907506771 
1437, 877.086955275321 
1438, 837.122593794262 
1439, 798.071266600023 
1440, 768.86865644674 
1441, 750.545982654284 
1442, 725.090429602569 
1443, 702.645800454229 
1444, 679.408182275219 
1445, 650.011921502505 
1446, 624.222648646608 
1447, 604.206037118619 
1448, 582.91271493909 
1449, 560.055356384879 
1450, 539.554132641684 
1451, 521.772412559292 
1452, 502.653241211489 
1453, 481.892609312256 
1454, 463.110215039128 
1455, 445.748974381566 
1456, 429.530809959252 
1457, 410.370104749614 
1458, 390.139422753954 
1459, 369.589432770902 
1460, 347.886354453017 
1461, 327.766885844619 
1462, 310.748699939682 
1463, 293.599136046848 
1464, 271.758951432573 
1465, 248.682465273113 
1466, 220.468011339933 
1467, 202.039875414882 
1468, 185.016664900801 
1469, 170.531735066452 
1470, 163.662941707222 
1471, 154.004971503153 
1472, 139.669114262559 
1473, 133.907426174646 
1474, 136.673518703846 
1475, 134.529418938018 
1476, 134.251006706821 
1477, 133.830218671846 
1478, 130.320385410304 
1479, 128.139537739778 
1480, 128.921896731926 
1481, 127.431419146841 
1482, 123.7615860282 
1483, 121.743023957517 
1484, 121.336202661656 
1485, 119.246934026106 
1486, 115.480715455294 
1487, 114.277597907663 
1488, 111.536777270776 
1489, 108.83034290974 
1490, 108.974171820489 
1491, 109.643936169222 
1492, 113.772168566426 
1493, 116.54461576782 
1494, 119.512193595935 
1495, 123.830061256329 
1496, 121.508650606663 
1497, 120.587284707875 
1498, 122.941622842684 
1499, 127.219290669315 
1500, 127.774728493634 
1501, 131.044686120139 
1502, 130.182506887583 
1503, 121.628090121996 
1504, 121.78752420975 
1505, 124.614623395595 
1506, 129.261115978275 
1507, 142.227134206311 
1508, 144.557785033704 
1509, 141.204798336086 
1510, 142.335747172352 
1511, 138.423040728302 
1512, 139.399185785421 
1513, 148.24965579501 
1514, 151.992854049492 
1515, 153.454544938361 
1516, 156.018921126935 
1517, 157.270384299343 
1518, 158.734846969649 
1519, 161.578694766571 
1520, 162.9155044097 
1521, 161.032802713221 
1522, 164.864822954159 
1523, 166.587130131209 
1524, 168.154536010597 
1525, 172.953160281397 
1526, 175.797921894135 
1527, 180.419754741737 
1528, 183.57759530799 
1529, 183.147390607102 
1530, 182.675426872349 
1531, 180.927469997187 
1532, 178.942418049006 
1533, 178.193760548838 
1534, 179.834586137993 
1535, 181.769300920363 
1536, 183.733827242247 
1537, 187.661410218136 
1538, 195.376795857759 
1539, 198.703677686676 
1540, 200.630347515152 
1541, 204.174461506758 
1542, 206.283471783552 
1543, 207.83487448157 
1544, 211.075760467136 
1545, 213.514453221192 
1546, 213.226553822072 
1547, 215.49499591063 
1548, 219.332204800769 
1549, 223.371447458608 
1550, 228.52795220315 
1551, 232.040624483306 
1552, 233.762950619402 
1553, 239.501421588471 
1554, 246.941050031523 
1555, 253.554476679301 
1556, 265.508099136731 
1557, 271.538590035925 
1558, 272.361963445719 
1559, 274.168332479386 
1560, 274.495071403846 
1561, 274.224508474599 
1562, 274.329347634163 
1563, 272.92366632348 
1564, 265.608856567473 
1565, 265.118016366992 
1566, 267.934599133423 
1567, 270.779377962622 
1568, 280.171276339529 
1569, 286.348597634784 
1570, 284.684743607617 
1571, 283.652997496226 
1572, 284.47379873859 
1573, 290.754636734123 
1574, 302.717579785502 
1575, 315.114064593845 
1576, 322.421440960992 
1577, 327.144787918061 
1578, 335.00540147476 
1579, 342.879645827799 
1580, 351.412267392091 
1581, 363.28851406733 
1582, 372.854232168579 
1583, 380.407370884189 
1584, 389.723874457258 
1585, 400.479660842754 
1586, 409.069510453236 
1587, 417.460629990223 
1588, 423.991557611773 
1589, 429.752877693374 
1590, 433.739177919845 
1591, 434.514972531604 
1592, 438.522344879907 
1593, 442.624344732438 
1594, 446.054887489993 
1595, 449.83075707437 
1596, 455.661732677443 
1597, 464.378783609929 
1598, 467.477420721867 
1599, 470.728152266495 
1600, 470.837392855867 
1601, 462.429254210177 
1602, 460.498836963899 
1603, 462.029858779177 
1604, 462.372929933199 
1605, 460.452354314156 
1606, 465.150048125768 
1607, 475.36295928245 
1608, 481.322685020781 
1609, 491.75264208714 
1610, 497.185777330085 
1611, 493.953375162543 
1612, 497.23051518034 
1613, 504.002810091903 
1614, 509.149470320455 
1615, 515.757613766858 
1616, 521.630172313567 
1617, 526.779441592201 
1618, 530.857439590674 
1619, 535.21072834969 
1620, 538.635185244941 
1621, 539.55724090631 
1622, 541.662697295296 
1623, 545.56206355231 
1624, 546.91236448861 
1625, 545.080237289318 
1626, 546.608622774436 
1627, 549.035869001655 
1628, 550.768016676751 
1629, 554.845391917249 
1630, 558.069494900442 
1631, 560.217624462672 
1632, 561.229477527162 
1633, 561.048438251533 
1634, 562.463648670914 
1635, 564.095207027475 
1636, 564.679549222272 
1637, 568.380125966592 
1638, 568.09002200485 
1639, 558.364908832299 
1640, 557.670105198399 
1641, 563.797304127302 
1642, 565.329840803567 
1643, 570.749421818678 
1644, 574.172600103419 
1645, 570.452401103465 
1646, 569.512430596175 
1647, 568.456118038091 
1648, 571.85957579297 
1649, 580.285496872805 
1650, 586.174932752303 
1651, 593.868037231378 
1652, 602.790471331461 
1653, 608.632110085479 
1654, 610.466968512922 
1655, 615.755957120652 
1656, 623.368847037025 
1657, 625.715366596801 
1658, 624.74085285967 
1659, 630.229766351476 
1660, 637.353385058918 
1661, 638.080969479225 
1662, 640.581732136753 
1663, 641.266423947259 
1664, 634.476209346152 
1665, 632.996761760888 
1666, 635.116649188442 
1667, 639.550807052976 
1668, 643.781956682445 
1669, 647.777146989804 
1670, 658.374648271446 
1671, 659.359543029924 
1672, 651.818863430049 
1673, 653.693377630228 
1674, 655.561531674313 
1675, 662.301324387829 
1676, 676.475419547297 
1677, 683.059009518601 
1678, 689.301527453835 
1679, 692.940549926507 
1680, 690.929019656338 
1681, 696.587599636353 
1682, 705.431377234647 
1683, 711.122828517626 
1684, 719.878422848452 
1685, 723.088433987977 
1686, 720.765060138214 
1687, 723.142257829268 
1688, 727.210224321339 
1689, 727.569352527354 
1690, 724.921609476519 
1691, 730.707936882897 
1692, 737.808097827292 
1693, 744.775596872633 
1694, 761.163219504293 
1695, 764.353714497757 
1696, 758.773832110286 
1697, 757.111469534859 
1698, 751.912988576684 
1699, 751.669403441235 
1700, 754.064141181136 
1701, 754.563006191132 
1702, 755.234501104044 
1703, 758.27187592048 
1704, 761.721411609731 
1705, 764.766448991376 
1706, 770.947758422655 
1707, 773.626446661363 
1708, 774.50114208065 
1709, 773.445241566301 
1710, 768.866972023634 
1711, 770.121681589688 
1712, 771.54855007369 
1713, 773.482257584423 
1714, 780.485089255868 
1715, 784.817200261085 
1716, 786.001780075575 
1717, 789.053521087569 
1718, 791.166378055051 
1719, 792.350435603134 
1720, 790.774787364751 
1721, 788.216350530884 
1722, 786.443447557232 
1723, 783.244344728748 
1724, 780.973691250393 
1725, 778.567497140978 
1726, 776.400718161938 
1727, 776.084592446179 
1728, 775.14402152829 
1729, 773.520053368719 
1730, 770.739704946845 
1731, 771.391013808069 
1732, 770.480934268541 
1733, 768.830050974433 
1734, 771.555452103955 
1735, 768.82849928781 
1736, 765.800129004101 
1737, 770.0902092949 
1738, 775.102328602043 
1739, 781.307097215622 
1740, 788.577345629417 
1741, 789.583028327782 
1742, 786.366281215203 
1743, 785.960878450776 
1744, 788.174614329557 
1745, 788.901947401122 
1746, 790.781330902976 
1747, 788.766674947671 
1748, 784.900560360543 
1749, 785.265923978009 
1750, 787.756300626895 
1751, 790.756670953476 
1752, 784.533140062817 
1753, 779.398999329479 
1754, 778.700385379319 
1755, 773.216619502299 
1756, 774.588428234156 
1757, 775.420019441125 
1758, 767.903525607401 
1759, 763.395416903475 
1760, 759.242712026693 
1761, 753.007661218813 
1762, 743.620420319307 
1763, 739.318528418178 
1764, 735.268442944629 
1765, 732.437938277894 
1766, 731.701145696994 
1767, 733.212850608299 
1768, 731.125427467781 
1769, 728.207566285773 
1770, 725.144249387411 
1771, 721.189984743889 
1772, 713.101612748781 
1773, 702.449427230353 
1774, 695.799070311665 
1775, 686.735464852198 
1776, 680.559660670245 
1777, 680.536025658894 
1778, 674.850497710241 
1779, 665.195422769937 
1780, 659.012693219653 
1781, 652.749843140056 
1782, 645.923507887119 
1783, 641.310932447322 
1784, 635.049971852728 
1785, 628.092228649868 
1786, 620.341180730946 
1787, 610.201334619736 
1788, 603.4795671043 
1789, 599.887847298135 
1790, 590.544366355711 
1791, 582.314540800433 
1792, 567.604434413644 
1793, 544.301459893738 
1794, 523.011370349784 
1795, 502.975063882182 
1796, 471.701785712892 
1797, 446.872885336394 
1798, 427.330064858801 
1799, 405.723187168514 
1800, 391.073125119872 
1801, 2301.52143428467 
1802, 2226.85565507979 
1803, 2152.2520651759 
1804, 2101.24115545944 
1805, 2024.0283495086 
1806, 1970.21389258568 
1807, 1947.95858579823 
1808, 1889.82588847427 
1809, 1840.528469506 
1810, 1764.39219467042 
1811, 1638.5243279506 
1812, 1548.8346503686 
1813, 1456.820147948 
1814, 1382.0424357794 
1815, 1347.16876481903 
1816, 1289.69825125655 
1817, 1235.45000576567 
1818, 1202.30191931464 
1819, 1156.24806003266 
1820, 1099.29136166559 
1821, 1060.25466836421 
1822, 1042.68376076669 
1823, 991.36521040367 
1824, 932.975070575073 
1825, 863.914150448939 
1826, 780.370623042185 
1827, 695.420137168658 
1828, 623.364300281406 
1829, 571.900347783364 
1830, 505.584813756218 
1831, 429.11698216838 
1832, 362.086718615959 
1833, 314.991744260347 
1834, 269.421820168623 
1835, 232.119187310358 
1836, 219.262427381946 
1837, 200.672886732638 
1838, 172.299523702634 
1839, 161.864436463365 
1840, 168.36368683193 
1841, 171.603675346347 
1842, 183.198488132122 
1843, 192.721708979415 
1844, 197.875970316917 
1845, 209.881798865254 
1846, 235.261208912291 
1847, 244.293834978172 
1848, 251.618155075342 
1849, 259.785274007674 
1850, 254.004255329297 
1851, 225.46119514548 
1852, 211.102273576923 
1853, 197.615530362839 
1854, 175.893053996453 
1855, 168.349301925541 
1856, 175.398279160278 
1857, 168.717808921849 
1858, 171.321073824763 
1859, 174.258624808031 
1860, 175.067525656957 
1861, 160.324093785768 
1862, 173.787371166292 
1863, 187.808133227676 
1864, 206.103691348513 
1865, 230.64899841255 
1866, 238.434912887364 
1867, 229.828733158758 
1868, 196.064388806667 
1869, 158.020301080791 
1870, 137.421595621448 
1871, 125.176940052384 
1872, 115.655037670657 
1873, 108.625566048544 
1874, 121.327205945765 
1875, 110.663366786753 
1876, 106.056823717728 
1877, 137.187726092649 
1878, 155.89977780647 
1879, 184.347099090706 
1880, 206.947879809378 
1881, 236.367332102526 
1882, 241.919853834371 
1883, 245.67923428384 
1884, 256.808936167081 
1885, 268.969274985564 
1886, 275.168839244794 
1887, 286.312998354331 
1888, 294.208431594744 
1889, 283.172807949418 
1890, 261.366722903611 
1891, 246.981212063625 
1892, 227.541531493606 
1893, 208.520474876536 
1894, 201.184202510529 
1895, 187.518747945241 
1896, 164.632601675076 
1897, 129.946057101135 
1898, 105.961911105096 
1899, 114.646326475 
1900, 110.574487828114 
1901, 123.872953775708 
1902, 119.68538589188 
1903, 105.998463718347 
1904, 73.4534568232101 
1905, 66.3435555072121 
1906, 81.8048081846863 
1907, 78.4443569055272 
1908, 77.4314317019794 
1909, 75.6162754855335 
1910, 40.9904089613677 
1911, 24.4640441385544 
1912, 17.814192677142 
1913, 9.72292734571054 
1914,-2.44621537075856 
1915,-0.521217137810795 
1916, 6.18869417513269 
1917, 13.4471895519663 
1918, 22.4493382018161 
1919, 43.3425045330542 
1920, 52.9965649507121 
1921, 60.1850038215054 
1922, 63.8277514537752 
1923, 58.0760856800725 
1924, 56.8608431684508 
1925, 53.2418439671456 
1926, 54.9044485348762 
1927, 55.2442375309956 
1928, 59.8489168880401 
1929, 68.8849613696792 
1930, 73.172877743829 
1931, 91.0873927254554 
1932, 110.18082083319 
1933, 112.469609631415 
1934, 102.123653974546 
1935, 98.3708213696361 
1936, 87.2536265088758 
1937, 73.5400555067386 
1938, 68.4950640311399 
1939, 63.8254971357771 
1940, 62.4588968714803 
1941, 46.7200300222994 
1942, 52.371021519797 
1943, 66.9122694164844 
1944, 74.967868619969 
1945, 88.049036989609 
1946, 100.8331165962 
1947, 117.838453815148 
1948, 123.438528227754 
1949, 122.702864688763 
1950, 128.497647378389 
1951, 118.45745434943 
1952, 83.5961035547921 
1953, 78.8671981952935 
1954, 67.9004665490117 
1955, 60.7210786268325 
1956, 67.1510564480115 
1957, 65.2569369577327 
1958, 50.8658831183378 
1959, 52.0865655367526 
1960, 65.2646600160601 
1961, 63.7415792069126 
1962, 83.9366633475323 
1963, 92.9334049000538 
1964, 72.5581004599962 
1965, 82.4131291232167 
1966, 78.4040361927828 
1967, 59.1569346498047 
1968, 57.9917832628757 
1969, 61.3096526803843 
1970, 62.0810852084167 
1971, 75.2558278414093 
1972, 79.6208485854068 
1973, 75.0152701417481 
1974, 86.3586078251429 
1975, 89.2071773149763 
1976, 79.4024867657237 
1977, 74.4048739130559 
1978, 80.0266995531174 
1979, 82.6671420210123 
1980, 91.6888507964048 
1981, 91.515524905754 
1982, 86.2165821437444 
1983, 80.0713364480591 
1984, 61.8333545608089 
1985, 57.1363662581682 
1986, 53.1900547584471 
1987, 67.9655567801474 
1988, 74.7000832866176 
1989, 91.010935430006 
1990, 93.8362362471042 
1991, 88.4849289696111 
1992, 80.8910030515793 
1993, 65.7887229935812 
1994, 52.7172297179978 
1995, 31.0551794188823 
1996, 21.8391517094682 
1997, 13.3242700538491 
1998, 16.9398528638141 
1999, 31.4372125660648 
2000, 38.1840796979211 
2001, 44.3231249941143 
2002, 51.842969769483 
2003, 50.7952878619555 
2004, 42.3804940794569 
2005, 33.6672114877058 
2006, 10.2675294844701 
2007, 6.13492069323991 
2008, 12.3387513373404 
2009, 15.8153303063471 
2010, 29.8901886389622 
2011, 42.0856215970389 
2012, 41.0629677195845 
2013, 46.1913511515859 
2014, 36.7879534311707 
2015, 10.0178042041535 
2016, 7.83284061607214 
2017, 1.09123356772108 
2018, 8.33920957923764 
2019, 44.8249800508651 
2020, 64.1234699577136 
2021, 83.275112533646 
2022, 96.3508297344741 
2023, 104.660525635489 
2024, 113.592961313682 
2025, 109.787552263378 
2026, 93.3575953169987 
2027, 80.5051776003945 
2028, 52.2704389088148 
2029, 46.9078731030837 
2030, 50.5371822166277 
2031, 56.1590329539131 
2032, 83.4121133033192 
2033, 86.1487930477481 
2034, 71.120576955639 
2035, 70.4007059890194 
2036, 68.5180299247639 
2037, 64.736231632106 
2038, 66.1716537337675 
2039, 71.3502938687497 
2040, 75.6628363030934 
2041, 70.5944010550112 
2042, 78.9892989098829 
2043, 109.346799302953 
2044, 111.299646657967 
2045, 96.4033731001665 
2046, 92.4091615747329 
2047, 85.1228761220464 
2048, 73.4275506120576 
2049, 65.1779015442697 
2050, 57.9722837696224 
2051, 47.0896212556693 
2052, 21.7214194613268 
2053, 16.9420709191621 
2054, 22.8055906558044 
2055, 34.7268476987998 
2056, 62.5804668490524 
2057, 71.3444159129509 
2058, 83.8698690804885 
2059, 88.6902172560076 
2060, 76.3850350577068 
2061, 71.8455457894929 
2062, 65.3777243656558 
2063, 65.1293110827718 
2064, 70.0650061831227 
2065, 71.1099002476334 
2066, 73.2814952580677 
2067, 81.0751874617574 
2068, 85.1341041244441 
2069, 85.1779574936805 
2070, 85.6061664144522 
2071, 86.2285772741775 
2072, 90.1237046126621 
2073, 90.8420626455072 
2074, 94.5501604868605 
2075, 105.123689233485 
2076, 112.629626093101 
2077, 125.511805469765 
2078, 127.486776166217 
2079, 119.651251650112 
2080, 117.807905487451 
2081, 112.430115777243 
2082, 104.727455178101 
2083, 98.307962365857 
2084, 97.6119580915918 
2085, 93.9687024816565 
2086, 78.0197790153396 
2087, 82.5336058011225 
2088, 97.3969199667136 
2089, 113.040156588194 
2090, 147.748156224854 
2091, 165.952007514678 
2092, 191.506878409171 
2093, 193.815837547885 
2094, 160.663109485133 
2095, 150.851322590959 
2096, 135.357721622322 
2097, 126.56238284693 
2098, 128.391154534332 
2099, 148.954019575481 
2100, 168.399401837941 
2101, 193.669784001348 
2102, 213.238793223261 
2103, 249.791450903421 
2104, 262.894693887298 
2105, 257.290194605243 
2106, 254.399579367421 
2107, 237.152473298264 
2108, 230.975933262443 
2109, 221.983663112289 
2110, 225.603944391293 
2111, 237.383450652602 
2112, 259.272601278192 
2113, 286.082893561797 
2114, 295.164870658444 
2115, 306.827021093522 
2116, 310.365903269055 
2117, 319.951174780571 
2118, 335.177004015956 
2119, 341.809037677322 
2120, 346.317766879342 
2121, 347.309603862619 
2122, 329.786610082994 
2123, 332.65466743773 
2124, 356.639399535009 
2125, 361.359992661868 
2126, 354.76907306746 
2127, 365.925123569556 
2128, 377.142440408458 
2129, 383.756796434724 
2130, 401.229927776689 
2131, 444.996794668159 
2132, 461.96348786224 
2133, 462.55337227129 
2134, 473.784392914162 
2135, 485.031621591026 
2136, 497.227260245529 
2137, 517.728570721163 
2138, 523.971370664768 
2139, 514.212731132641 
2140, 520.767333929141 
2141, 520.672607023985 
2142, 535.814937454953 
2143, 575.50761931428 
2144, 605.074524099687 
2145, 641.917407701372 
2146, 668.57127796286 
2147, 687.55071563942 
2148, 695.126556668676 
2149, 703.31957727941 
2150, 700.004670420091 
2151, 705.187871455789 
2152, 712.440213621091 
2153, 718.969020941293 
2154, 717.892908338785 
2155, 734.766917044155 
2156, 765.153375097134 
2157, 787.05127660028 
2158, 825.190713466551 
2159, 846.011450870158 
2160, 842.290759325298 
2161, 855.05348146159 
2162, 869.986763740579 
2163, 885.724890305988 
2164, 908.918599362531 
2165, 935.240387718425 
2166, 956.339459631262 
2167, 975.698822117579 
2168, 993.826760942656 
2169, 1008.75443323373 
2170, 1029.15906100914 
2171, 1054.41836399131 
2172, 1068.83305950065 
2173, 1078.28976548632 
2174, 1093.77466139979 
2175, 1100.95713517825 
2176, 1116.6847939725 
2177, 1146.59383535481 
2178, 1167.89379168297 
2179, 1191.01139417755 
2180, 1205.52395378936 
2181, 1214.81384546867 
2182, 1221.70737973667 
2183, 1222.11193734847 
2184, 1216.24362261961 
2185, 1217.45478069098 
2186, 1218.75449933628 
2187, 1232.3043973824 
2188, 1253.63333211441 
2189, 1275.44736021634 
2190, 1309.5950302943 
2191, 1335.04405314013 
2192, 1358.90823254287 
2193, 1382.03720176712 
2194, 1411.94716377368 
2195, 1420.19311416981 
2196, 1413.41923932566 
2197, 1412.80584323797 
2198, 1390.62036313909 
2199, 1390.77049445802 
2200, 1407.62827799937 
2201, 1422.34913843664 
2202, 1444.49440450245 
2203, 1466.42197740172 
2204, 1491.26394360281 
2205, 1515.39836096982 
2206, 1536.66782326365 
2207, 1559.87072535725 
2208, 1580.96971989581 
2209, 1596.72389043405 
2210, 1622.07791848565 
2211, 1656.45795275525 
2212, 1676.36607692419 
2213, 1696.9858676017 
2214, 1707.89690948573 
2215, 1705.32189320375 
2216, 1705.94456492819 
2217, 1704.68958915898 
2218, 1702.22304227301 
2219, 1683.26525225524 
2220, 1691.76119144737 
2221, 1725.5702764515 
2222, 1736.87250413646 
2223, 1757.67137311488 
2224, 1766.95413184997 
2225, 1745.89851515579 
2226, 1740.81616259899 
2227, 1746.01039240208 
2228, 1752.89596086321 
2229, 1739.91507794783 
2230, 1728.39636856311 
2231, 1720.10629624409 
2232, 1695.94644324213 
2233, 1698.74401041155 
2234, 1722.31672891561 
2235, 1735.21678665671 
2236, 1759.27072798085 
2237, 1769.02075903394 
2238, 1774.88918430348 
2239, 1770.01374800214 
2240, 1751.87500774364 
2241, 1739.96188838207 
2242, 1713.30891222356 
2243, 1707.58985018279 
2244, 1724.83982605703 
2245, 1723.78325914517 
2246, 1728.39893533853 
2247, 1720.53663752784 
2248, 1694.67760397322 
2249, 1668.91837269658 
2250, 1636.04352126387 
2251, 1607.25993690679 
2252, 1577.32109524107 
2253, 1545.41020176702 
2254, 1511.69253030036 
2255, 1496.99956866978 
2256, 1494.58122107307 
2257, 1488.72138896904 
2258, 1470.01572435634 
2259, 1448.09259760876 
2260, 1436.05257215595 
2261, 1411.21569494558 
2262, 1402.8255326217 
2263, 1421.95226314062 
2264, 1412.0000198952 
2265, 1390.7960901675 
2266, 1368.66531357963 
2267, 1334.78469632061 
2268, 1311.33081501455 
2269, 1283.05549875241 
2270, 1265.19944853774 
2271, 1258.23687789932 
2272, 1247.18550592321 
2273, 1242.36892792476 
2274, 1234.07845351267 
2275, 1221.46436715166 
2276, 1210.97709234398 
2277, 1208.24636339644 
2278, 1194.12894979717 
2279, 1181.82565811593 
2280, 1154.84913413791 
2281, 1113.78086885403 
2282, 1061.23471007905 
2283, 1016.47516283059 
2284, 982.166438844082 
2285, 955.075987362498 
2286, 942.39778297996 
2287, 914.644594765464 
2288, 887.970992129413 
2289, 863.559954836922 
2290, 829.570997055602 
2291, 817.860075496984 
2292, 825.844082147087 
2293, 815.459835705509 
2294, 809.365184268328 
2295, 798.95172462483 
2296, 774.703142053613 
2297, 754.821019618065 
2298, 745.832080098316 
2299, 723.156249718653 
2300, 681.915651628985 
2301, 662.992761674509 
2302, 643.716070840228 
2303, 634.460025499047 
2304, 651.799777465229 
2305, 649.645320544154 
2306, 642.183144736979 
2307, 636.933221844523 
2308, 629.289167405725 
2309, 612.47613154127 
2310, 589.227909861233 
2311, 567.466754958622 
2312, 532.648622097062 
2313, 508.884428445247 
2314, 486.920778297139 
2315, 485.340781289847 
2316, 466.737329690495 
2317, 461.649162438492 
2318, 453.13017480445 
2319, 439.591120846309 
2320, 441.951319677581 
2321, 427.601065177475 
2322, 429.219432659488 
2323, 429.927142404515 
2324, 419.275228791623 
2325, 424.468690256399 
2326, 406.165297329769 
2327, 385.506385448059 
2328, 366.246456878868 
2329, 336.759744016687 
2330, 324.22779343578 
2331, 322.901718723381 
2332, 313.698459433735 
2333, 312.658425503255 
2334, 301.948623878512 
2335, 275.654107901885 
2336, 269.865538097574 
2337, 274.29622392534 
2338, 271.47474706666 
2339, 274.302205969218 
2340, 271.749365750403 
2341, 270.660088604838 
2342, 255.346416073343 
2343, 228.904736888329 
2344, 218.574478083754 
2345, 185.558391028825 
2346, 187.684152482007 
2347, 231.715455701614 
2348, 248.28258060862 
2349, 283.449461058252 
2350, 282.596832105062 
2351, 238.787712751744 
2352, 225.182524867585 
2353, 203.75045308692 
2354, 198.50748779228 
2355, 223.059919169861 
2356, 231.400271872006 
2357, 239.645513862105 
2358, 234.759818759777 
2359, 208.879985443064 
2360, 202.298827326009 
2361, 205.265619696277 
2362, 192.95172057791 
2363, 179.962286277754 
2364, 179.422039919737 
2365, 146.775175125243 
2366, 135.433637739757 
2367, 140.082628619346 
2368, 143.550342425624 
2369, 156.967276276792 
2370, 153.767008183778 
2371, 164.868764575509 
2372, 184.314920641622 
2373, 162.51249540637 
2374, 158.793660880237 
2375, 159.991304887341 
2376, 120.104032873323 
2377, 95.2168000671141 
2378, 82.7238948623121 
2379, 54.3551050481544 
2380, 41.347266590016 
2381, 62.6307530471527 
2382, 76.8871389874428 
2383, 84.0289469723419 
2384, 92.249495190789 
2385, 94.1841813278893 
2386, 104.904096807126 
2387, 109.801939694985 
2388, 113.649710715621 
2389, 111.176792621701 
2390, 102.857909851979 
2391, 108.907969846951 
2392, 112.438762585113 
2393, 118.438061689365 
2394, 138.586239311927 
2395, 136.224735510396 
2396, 122.10082153625 
2397, 124.600546373033 
2398, 108.016882812802 
2399, 96.8947218132491 
2400, 110.648567259922 
2401, 112.536937799548 
2402, 115.616353616365 
2403, 127.488754874012 
2404, 126.46882983009 
2405, 121.499599403284 
2406, 110.622887684054 
2407, 99.7083323538244 
2408, 86.3426055802256 
2409, 69.0221142976177 
2410, 31.5409504914416 
2411, 32.7522016773695 
2412, 52.0077543845489 
2413, 59.5200299626846 
2414, 95.3920580046761 
2415, 100.835256284321 
2416, 77.9804007897749 
2417, 73.2270457956058 
2418, 69.657492236731 
2419, 72.284148926468 
2420, 77.6115894239793 
2421, 80.0160257660852 
2422, 90.4379612156293 
2423, 87.3110694336462 
2424, 75.0940181707161 
2425, 71.6916445993772 
2426, 64.6387486803913 
2427, 64.1595165103404 
2428, 72.1933123498312 
2429, 67.4548494881555 
2430, 57.5227718255568 
2431, 49.8999694686423 
2432, 38.5064922242931 
2433, 37.2742462848751 
2434, 35.093152390782 
2435, 50.2753669950705 
2436, 83.2580438756564 
2437, 94.7953439939694 
2438, 115.24811502731 
2439, 110.580190273893 
2440, 75.3685600342408 
2441, 60.957236008864 
2442, 42.782640171171 
2443, 42.6571385400956 
2444, 63.6519562172576 
2445, 61.9285325209977 
2446, 57.0882605685174 
2447, 33.0830164523806 
2448, 19.9590490286572 
2449, 28.0261028052076 
2450, 33.4414625746849 
2451, 49.2455964871551 
2452, 59.8423335570147 
2453, 72.2233495397073 
2454, 90.5036537756026 
2455, 105.643576565222 
2456, 105.525350794698 
2457, 86.872342036111 
2458, 71.1725719714878 
2459, 51.4678583073459 
2460, 34.3653300723686 
2461, 46.4026203983474 
2462, 68.5329112269511 
2463, 74.8201553774485 
2464, 90.0536248969414 
2465, 89.1883473321892 
2466, 74.5293021661061 
2467, 82.5844813422501 
2468, 79.8080461686392 
2469, 77.7731972908157 
2470, 74.484359556849 
2471, 72.224092588979 
2472, 77.2540870038933 
2473, 68.8723085504003 
2474, 77.2447335044144 
2475, 71.9214157840318 
2476, 53.5457372146305 
2477, 68.0572861938121 
2478, 71.1775629816384 
2479, 73.888880667426 
2480, 93.0668519208943 
2481, 88.42199927646 
2482, 79.3031390942755 
2483, 61.6935380256391 
2484, 43.2437525686057 
2485, 62.7258548762506 
2486, 72.1498848735769 
2487, 79.2376500316723 
2488, 88.7121080334644 
2489, 66.4299932015219 
2490, 48.0955240210914 
2491, 33.2368707135257 
2492, 46.748450367945 
2493, 61.7345028178267 
2494, 51.870719593406 
2495, 67.7376141633566 
2496, 58.1374736452198 
2497, 46.2989258355459 
2498, 50.3529485659501 
2499, 62.4483582069305 
2500, 58.4533670548795 
