Wavelength,0212202100000.asd
350, 3449.29303719724 
351, 3623.39388320229 
352, 3781.77225260798 
353, 3921.06207692904 
354, 4066.57607594812 
355, 4218.87837166039 
356, 4372.56680810598 
357, 4526.14361639942 
358, 4688.32378959439 
359, 4865.65295842091 
360, 5065.26722601418 
361, 5305.00007807747 
362, 5569.27309780919 
363, 5847.05683174229 
364, 6134.3482596363 
365, 6425.47795337479 
366, 6701.47318874003 
367, 6938.94869163321 
368, 7111.44951680414 
369, 7211.52054521623 
370, 7250.22059536395 
371, 7250.14799194848 
372, 7238.37357859872 
373, 7242.13984042965 
374, 7263.79391163585 
375, 7288.29772039502 
376, 7317.25376329321 
377, 7330.50972040193 
378, 7308.36484401554 
379, 7235.79369394198 
380, 7151.62102143204 
381, 7059.28844386382 
382, 6953.79912926734 
383, 6830.41919151283 
384, 6714.04511066094 
385, 6648.77548944022 
386, 6681.61724400501 
387, 6828.72854063857 
388, 7006.19096482253 
389, 7151.3846218298 
390, 7239.2443053948 
391, 7338.01078117024 
392, 7419.14886831394 
393, 7472.3313180709 
394, 7559.62968833253 
395, 7761.47084547988 
396, 8115.03931203601 
397, 8630.23352997728 
398, 9311.87486463428 
399, 10077.1000556395 
400, 10861.9516122803 
401, 11624.1691289596 
402, 12323.10464605 
403, 12899.6500889737 
404, 13334.8410410004 
405, 13680.4431769189 
406, 13953.8146983016 
407, 14206.7821780368 
408, 14498.9731957769 
409, 14875.653866848 
410, 15314.3780841909 
411, 15793.6625324552 
412, 16293.9406151794 
413, 16793.6018409717 
414, 17282.936401086 
415, 17747.4542891443 
416, 18157.952770316 
417, 18564.5730077788 
418, 18981.1212026068 
419, 19399.1557300666 
420, 19771.2940176778 
421, 20156.7817653897 
422, 20575.0556699461 
423, 21007.4505426456 
424, 21400.9558362825 
425, 21709.9253086361 
426, 21887.1111451824 
427, 21871.344735429 
428, 21815.3135102577 
429, 21891.9915867496 
430, 22211.3717023676 
431, 22629.1588185343 
432, 23209.8632870337 
433, 24056.6301965012 
434, 25248.3477090673 
435, 26424.126021602 
436, 27325.2210037145 
437, 27930.2455076165 
438, 28571.3632799618 
439, 29216.7356674862 
440, 29835.8753179824 
441, 30426.6289037518 
442, 31149.5065759368 
443, 31885.0295001567 
444, 32553.2652226687 
445, 33117.4742197292 
446, 33575.4967933932 
447, 34002.6352599464 
448, 34466.1340356857 
449, 35009.7877795619 
450, 35430.0880860581 
451, 35637.2030678664 
452, 35625.5088644521 
453, 35536.486131239 
454, 35353.1148225308 
455, 35130.0023098559 
456, 34984.8019131812 
457, 34954.308679555 
458, 34970.0167922685 
459, 34956.9827449518 
460, 34872.0213869554 
461, 34745.8428509964 
462, 34605.989249298 
463, 34460.2371861455 
464, 34222.9032263479 
465, 33869.7665347563 
466, 33449.2924521592 
467, 33076.1463068905 
468, 32753.2123505012 
469, 32519.920617978 
470, 32396.4657229743 
471, 32355.938834826 
472, 32333.8485197998 
473, 32337.8273740402 
474, 32393.1734987237 
475, 32384.6276461731 
476, 32358.8352408573 
477, 32356.5005149744 
478, 32391.5017546413 
479, 32517.666472905 
480, 32677.0267198726 
481, 32776.6734471039 
482, 32736.7486776888 
483, 32459.3313984845 
484, 31907.8249627123 
485, 31130.3979133624 
486, 30432.4057915045 
487, 29977.4119685569 
488, 29894.6156354609 
489, 30314.0047844926 
490, 30871.0194958078 
491, 31297.5778819786 
492, 31453.7438288805 
493, 31522.0021575927 
494, 31634.2783503123 
495, 31836.210667548 
496, 32082.1637823251 
497, 32145.0348868991 
498, 32042.3479445933 
499, 31837.1574654663 
500, 31568.7414323842 
501, 31387.7505402137 
502, 31341.1577365509 
503, 31438.9728043713 
504, 31780.5460317776 
505, 32211.6711982255 
506, 32616.0558445639 
507, 32940.9479128024 
508, 33187.1663292907 
509, 33387.3750240262 
510, 33585.1830531247 
511, 33843.4194847199 
512, 34006.9888466822 
513, 34023.0712749384 
514, 33897.2502677065 
515, 33593.4060934573 
516, 33197.7529584538 
517, 32839.9294592636 
518, 32678.3796680701 
519, 33045.0891768792 
520, 33921.7013719008 
521, 35070.0486297229 
522, 35982.5428877818 
523, 36661.5693544403 
524, 37144.3369409829 
525, 37485.8254419056 
526, 37612.8409226565 
527, 37677.2753002246 
528, 37927.5588248408 
529, 38774.1446789712 
530, 39802.0550774474 
531, 40605.4551905636 
532, 40895.5597702662 
533, 41001.8224768783 
534, 41221.129797142 
535, 41685.6580540279 
536, 42335.65515731 
537, 42768.8033588985 
538, 42945.9192317056 
539, 42957.4613127293 
540, 42947.6745414397 
541, 43007.3323632367 
542, 43268.7597210754 
543, 43831.5053394689 
544, 44428.3118567259 
545, 44927.7877936708 
546, 45266.8964524385 
547, 45452.4768741889 
548, 45586.1035586481 
549, 45759.1621059424 
550, 46017.28537541 
551, 46263.7803968894 
552, 46452.0027249412 
553, 46595.7925112087 
554, 46752.6468752267 
555, 46870.3242104168 
556, 46816.2011085794 
557, 46526.0766838237 
558, 46078.5170104001 
559, 45725.7064621248 
560, 45602.3237046927 
561, 45737.5976257903 
562, 45972.939353064 
563, 46092.2549514444 
564, 46003.6196124516 
565, 45767.6950959125 
566, 45442.6847569769 
567, 45131.9098119071 
568, 44890.6871163945 
569, 44614.8781707465 
570, 44237.9556241693 
571, 43889.7899194471 
572, 43801.3478857926 
573, 43904.1067192409 
574, 43913.2029817671 
575, 43671.7951322886 
576, 43271.0347024938 
577, 42938.8537708324 
578, 42783.952664972 
579, 42845.8968999952 
580, 43100.4313445419 
581, 43537.7664254966 
582, 44053.7238156695 
583, 44461.6603139614 
584, 44703.7364950804 
585, 44671.3626799132 
586, 44363.9339212417 
587, 44035.6323992504 
588, 43629.0765368452 
589, 43037.6718288777 
590, 42262.9086116593 
591, 42162.4659444999 
592, 42494.5295714205 
593, 42850.3980034853 
594, 42759.1456054044 
595, 42504.8749340492 
596, 42196.2878974793 
597, 41876.9708812096 
598, 41505.5649986412 
599, 41049.7768372167 
600, 40562.2625700947 
601, 40151.2728778478 
602, 39828.0286025268 
603, 39678.8909023445 
604, 39703.3129759104 
605, 39751.7366709113 
606, 39644.1038502814 
607, 39402.086850376 
608, 39125.577054145 
609, 38845.4365495004 
610, 38583.3092584517 
611, 38357.9261049403 
612, 38180.8310457919 
613, 37971.0228642312 
614, 37717.6751129664 
615, 37449.6507322592 
616, 37244.791949328 
617, 37115.2770113278 
618, 37141.6123885887 
619, 37376.4628518169 
620, 37545.8253218961 
621, 37543.8702151456 
622, 37347.2090454967 
623, 37013.264376512 
624, 36660.0964868277 
625, 36339.0868560591 
626, 36068.7400616067 
627, 35850.1001105639 
628, 35598.1006777651 
629, 35343.031454156 
630, 35194.6991314184 
631, 35244.3464783208 
632, 35396.9487344892 
633, 35570.3044773396 
634, 35751.5240356836 
635, 35882.974157096 
636, 35972.6580022266 
637, 36043.6348258801 
638, 36083.649860744 
639, 36031.6652966658 
640, 35855.7126622209 
641, 35567.4843711656 
642, 35380.3235169507 
643, 35294.0668750636 
644, 35240.0933112784 
645, 35099.6337464721 
646, 34879.6783031984 
647, 34616.7242035272 
648, 34363.1208083628 
649, 34141.7896990323 
650, 33962.3971500368 
651, 33878.1669121195 
652, 33969.0554556761 
653, 33889.2749643225 
654, 33485.8049379668 
655, 32746.0335188637 
656, 31796.8569317882 
657, 31185.5552466767 
658, 31338.8358447965 
659, 32372.0873520211 
660, 33127.2769309368 
661, 33495.9308658463 
662, 33582.1822519155 
663, 33619.6835026471 
664, 33569.4246903103 
665, 33516.0366443111 
666, 33522.7763846959 
667, 33531.4097313354 
668, 33518.1724385378 
669, 33492.7039680872 
670, 33475.2200331048 
671, 33398.3059038185 
672, 33313.4867635556 
673, 33276.2153043935 
674, 33328.8231076581 
675, 33377.0654975583 
676, 33407.3309513743 
677, 33430.0065142837 
678, 33456.2545063499 
679, 33469.0864748832 
680, 33467.0987338056 
681, 33457.5197093605 
682, 33444.9658262703 
683, 33376.6912199353 
684, 33102.1625036704 
685, 32350.9587874761 
686, 30960.8148519661 
687, 29006.8047233208 
688, 27007.8842852225 
689, 26555.6104494348 
690, 27380.3570965614 
691, 28842.3966498472 
692, 30120.1347641662 
693, 31216.9794183023 
694, 31991.4491296203 
695, 32440.4696103861 
696, 32755.2574922398 
697, 33024.0744585678 
698, 33190.2755813659 
699, 33193.5627341208 
700, 33124.4897969728 
701, 33059.5750292437 
702, 33072.1751498947 
703, 33221.4356800867 
704, 33514.0123303788 
705, 33834.1695195717 
706, 34084.8025121847 
707, 34218.905278471 
708, 34337.467174092 
709, 34449.4385666105 
710, 34545.3068337161 
711, 34648.072917775 
712, 34711.9892127883 
713, 34730.3560839754 
714, 34706.346605541 
715, 34564.016783835 
716, 34153.1619007867 
717, 33404.9687598857 
718, 32366.6214066458 
719, 31534.2694050313 
720, 31296.4811146095 
721, 31778.254394399 
722, 32623.8936177895 
723, 33117.1699798787 
724, 33110.9178807035 
725, 32855.2230692918 
726, 32860.6322164395 
727, 32981.8283571812 
728, 33088.24507025 
729, 33144.2678985741 
730, 33358.0682028849 
731, 33747.8594583662 
732, 34260.1371035651 
733, 34800.9205110769 
734, 35249.7031866618 
735, 35513.5949022329 
736, 35559.5340069749 
737, 35517.1104320079 
738, 35457.700042111 
739, 35393.143714428 
740, 35294.2669398735 
741, 35263.8713155938 
742, 35317.2322981099 
743, 35439.1401406118 
744, 35595.9046345976 
745, 35692.4575606443 
746, 35731.5782236142 
747, 35739.4912561977 
748, 35697.7530221759 
749, 35582.7558775466 
750, 35427.0170380675 
751, 35299.2115617414 
752, 35248.8328760116 
753, 35251.1240706392 
754, 35264.2679257013 
755, 35236.4462900534 
756, 35087.2397529791 
757, 34370.0203991298 
758, 32324.7681689327 
759, 27568.5147668175 
760, 20774.7217415359 
761, 14475.1268901924 
762, 11473.8043902228 
763, 11884.455020986 
764, 13972.4869362368 
765, 16995.2034392939 
766, 21044.3449465887 
767, 25301.0532054797 
768, 28874.997024094 
769, 31273.1121053288 
770, 32573.2794784876 
771, 33202.7793628056 
772, 33448.9385710273 
773, 33515.1593664994 
774, 33506.9054714405 
775, 33441.36569937 
776, 33352.6662670915 
777, 33265.36798654 
778, 33143.8245717524 
779, 32995.6473402815 
780, 32848.468386505 
781, 32736.8816150397 
782, 32609.0183285662 
783, 32448.9677981631 
784, 32265.0455218454 
785, 32092.2725603442 
786, 31920.3242284671 
787, 31714.5098410468 
788, 31449.4574791158 
789, 31141.7188802678 
790, 30810.6702958923 
791, 30462.7146341981 
792, 30104.0857887088 
793, 29761.1631877255 
794, 29493.5387480428 
795, 29330.9206074041 
796, 29264.7249438613 
797, 29210.5658692818 
798, 29097.2555164291 
799, 28895.7443951654 
800, 28628.8153698138 
801, 28341.9576530862 
802, 28077.5950614786 
803, 27850.7731350889 
804, 27622.8506012801 
805, 27422.3413033063 
806, 27235.4149888935 
807, 27029.4468776719 
808, 26762.9686132658 
809, 26450.3315412654 
810, 26112.4348525815 
811, 25760.2520495146 
812, 25340.3175393981 
813, 24782.7866772395 
814, 24081.4011434631 
815, 23301.3297160594 
816, 22575.3560184507 
817, 22002.273462305 
818, 21644.0457851179 
819, 21519.6613106797 
820, 21456.6662247241 
821, 21356.0502910947 
822, 21185.9722965629 
823, 21002.6458236684 
824, 20888.9183646706 
825, 20903.9532019716 
826, 21013.6498260658 
827, 20934.4393803317 
828, 20693.6953405825 
829, 20393.3146366482 
830, 20158.0172009462 
831, 19993.3022771018 
832, 19861.763460718 
833, 19749.2814617601 
834, 19664.9795439977 
835, 19617.2466750848 
836, 19585.9515399713 
837, 19537.0906026854 
838, 19429.7650645557 
839, 19279.8609064901 
840, 19103.1790406227 
841, 18912.3125267054 
842, 18712.4768852303 
843, 18505.5161587188 
844, 18302.2608547587 
845, 18108.4698044926 
846, 17918.474725373 
847, 17677.9975823914 
848, 17388.9562914897 
849, 17074.1499692946 
850, 16751.0600346965 
851, 16375.5576504748 
852, 15995.4283748894 
853, 15689.1493863659 
854, 15453.6888740381 
855, 15271.9214836825 
856, 15203.2577502226 
857, 15318.2244324843 
858, 15469.2128174769 
859, 15500.9097955043 
860, 15390.915561027 
861, 15231.5791389589 
862, 15035.1516967937 
863, 14780.5513897315 
864, 14475.7027235541 
865, 14166.1885415216 
866, 13872.0221035812 
867, 13629.5987819132 
868, 13482.2381051492 
869, 13474.17264352 
870, 13514.0456310482 
871, 13502.9902769814 
872, 13398.0917336627 
873, 13253.3868126459 
874, 13097.0096530694 
875, 12938.3851554662 
876, 12780.5682774828 
877, 12628.9708180256 
878, 12480.8166513524 
879, 12333.2892924938 
880, 12184.2373158148 
881, 12033.354480639 
882, 11882.6634272842 
883, 11740.7541803222 
884, 11611.7099111845 
885, 11480.1845591945 
886, 11335.4282632648 
887, 11181.5305086182 
888, 11028.6384353624 
889, 10881.6112614891 
890, 10734.5736518291 
891, 10570.4766590932 
892, 10370.0319315086 
893, 10127.7725689999 
894, 9848.09480971828 
895, 9539.65168241734 
896, 9214.65664680485 
897, 8886.0957316701 
898, 8576.45457093029 
899, 8317.67564576376 
900, 8138.05474961756 
901, 8028.71120206955 
902, 7973.71096616928 
903, 7946.12726688335 
904, 7914.95276872933 
905, 7864.97136760752 
906, 7780.71906677654 
907, 7646.65931723174 
908, 7458.76668303569 
909, 7264.21182573845 
910, 7098.98597727213 
911, 6976.48424373661 
912, 6888.85822948492 
913, 6814.73260235057 
914, 6742.29428256608 
915, 6669.28967481037 
916, 6601.56796337183 
917, 6549.76253814507 
918, 6506.75793633732 
919, 6466.59582767317 
920, 6425.18214466214 
921, 6377.87394037604 
922, 6315.61159291741 
923, 6228.74367518403 
924, 6109.55068178867 
925, 5959.05952427352 
926, 5780.89698080864 
927, 5569.44078012389 
928, 5314.09377157224 
929, 5012.3543558203 
930, 4676.99054126168 
931, 4324.24778307432 
932, 3976.0885971631 
933, 3670.17545736834 
934, 3425.90660331153 
935, 3257.71643185764 
936, 3170.00548133909 
937, 3145.96178909616 
938, 3160.72238949274 
939, 3191.01586982388 
940, 3219.31655661152 
941, 3242.37249227588 
942, 3246.74358987175 
943, 3218.97503560845 
944, 3155.46727982368 
945, 3076.95624896924 
946, 3013.11158851678 
947, 2974.61598598733 
948, 2958.09373401672 
949, 2950.6031088494 
950, 2941.98063118518 
951, 2930.94504598141 
952, 2918.57523165043 
953, 2902.01951850896 
954, 2886.43863707292 
955, 2872.59332909243 
956, 2860.68654108245 
957, 2852.33848542963 
958, 2846.2381661018 
959, 2842.72138056886 
960, 2842.23376369645 
961, 2844.71616654915 
962, 2848.7292349442 
963, 2854.32388423452 
964, 2861.34290647314 
965, 2868.56974279611 
966, 2870.4935279561 
967, 2866.34774963264 
968, 2856.87099727772 
969, 2843.25766900314 
970, 2825.4003335869 
971, 2800.85745819715 
972, 2768.14990854118 
973, 2727.22238475859 
974, 2679.10647726431 
975, 2630.19867177365 
976, 2582.9895987636 
977, 2538.78141976167 
978, 2502.89457692099 
979, 2474.54494861227 
980, 2449.93533640168 
981, 2425.2179485032 
982, 2399.48662288247 
983, 2374.38664830269 
984, 2346.43361353172 
985, 2314.34705284616 
986, 2282.03650702384 
987, 2246.09060454559 
988, 2207.92729763195 
989, 2168.71721068803 
990, 2128.45966117864 
991, 2088.06918616069 
992, 2047.31331223628 
993, 2006.43061646544 
994, 1965.91564576142 
995, 1925.386515132 
996, 1885.59993911642 
997, 1844.73662955809 
998, 1801.3924176177 
999, 1758.70126645709 
1000, 1717.45871857547 
1001, 10623.3373502492 
1002, 10620.6773998291 
1003, 10614.7618442492 
1004, 10621.9455707409 
1005, 10641.3989847173 
1006, 10667.4803846609 
1007, 10706.625989602 
1008, 10755.5834530127 
1009, 10806.1475289014 
1010, 10859.9248161938 
1011, 10920.1873349813 
1012, 10986.9911654233 
1013, 11055.8491041074 
1014, 11131.3689503624 
1015, 11213.3632829823 
1016, 11291.494868181 
1017, 11361.6099805144 
1018, 11429.1482249492 
1019, 11493.9383281708 
1020, 11560.1843489306 
1021, 11636.2313235962 
1022, 11715.8871382394 
1023, 11803.5681096725 
1024, 11885.987540443 
1025, 11966.3054647762 
1026, 12049.5801976795 
1027, 12124.432769829 
1028, 12188.0092138562 
1029, 12251.2330365235 
1030, 12311.8035952735 
1031, 12363.7399693183 
1032, 12416.3417926933 
1033, 12469.2554568407 
1034, 12519.4490756987 
1035, 12564.9706897362 
1036, 12608.2366086458 
1037, 12643.5768403837 
1038, 12675.4512801309 
1039, 12704.9176641714 
1040, 12727.5907712849 
1041, 12753.5271051894 
1042, 12777.4392945902 
1043, 12786.7224937558 
1044, 12794.9714963427 
1045, 12802.7503738292 
1046, 12809.7499767015 
1047, 12822.8911797362 
1048, 12840.7524232794 
1049, 12860.448365968 
1050, 12878.6226112278 
1051, 12897.9488275978 
1052, 12913.4038931636 
1053, 12918.4528412734 
1054, 12928.5236437193 
1055, 12945.6706702665 
1056, 12962.8632178451 
1057, 12992.556208813 
1058, 13031.2269772483 
1059, 13068.3548915436 
1060, 13115.6505550944 
1061, 13171.4488816683 
1062, 13236.3866917113 
1063, 13307.6227250435 
1064, 13388.0935132193 
1065, 13482.0077526064 
1066, 13579.1254815631 
1067, 13687.4093209159 
1068, 13806.6343742808 
1069, 13935.7014805433 
1070, 14083.6878933708 
1071, 14241.5345966897 
1072, 14401.2425001548 
1073, 14563.4617802409 
1074, 14741.2449529804 
1075, 14895.661974617 
1076, 15042.7894421134 
1077, 15189.3508918008 
1078, 15314.1457376567 
1079, 15429.8825975875 
1080, 15532.969232338 
1081, 15626.4316405818 
1082, 15712.7782636758 
1083, 15790.1885177503 
1084, 15873.9496348727 
1085, 15953.1948730758 
1086, 16026.7070502336 
1087, 16105.5127366903 
1088, 16165.0688890304 
1089, 16218.5123860406 
1090, 16251.1353069049 
1091, 16269.0630620012 
1092, 16268.9503004733 
1093, 16250.2449688818 
1094, 16225.3967052308 
1095, 16198.6328714598 
1096, 16170.6106215323 
1097, 16146.9455698115 
1098, 16128.2717529973 
1099, 16105.6827814199 
1100, 16083.1447276138 
1101, 16057.8841344453 
1102, 16036.7433608698 
1103, 16000.6607478754 
1104, 15971.614240834 
1105, 15914.7085967909 
1106, 15832.0468057068 
1107, 15709.8058637752 
1108, 15524.0161430882 
1109, 15283.6254605606 
1110, 14955.1187208435 
1111, 14548.4168461555 
1112, 14072.764088126 
1113, 13488.6118417006 
1114, 12912.8840614715 
1115, 12240.2613098704 
1116, 11638.517942846 
1117, 10992.4981014842 
1118, 10442.1131178729 
1119, 9934.67275717977 
1120, 9474.84027205593 
1121, 9094.12221467702 
1122, 8791.84476454845 
1123, 8572.45595704176 
1124, 8427.58591261983 
1125, 8369.6796914271 
1126, 8430.06767307141 
1127, 8485.04656724528 
1128, 8619.66187374801 
1129, 8750.4692379864 
1130, 8916.23576074325 
1131, 9077.63561769111 
1132, 9242.01574225892 
1133, 9439.63420469341 
1134, 9642.74063559062 
1135, 9867.01663806517 
1136, 10184.2560462146 
1137, 10519.9098227916 
1138, 10857.1510138298 
1139, 11166.4440959177 
1140, 11374.7653062472 
1141, 11530.3298926428 
1142, 11606.7745379379 
1143, 11560.2798068934 
1144, 11551.0750340071 
1145, 11408.4149624035 
1146, 11424.4607753719 
1147, 11449.1916556578 
1148, 11596.6137736234 
1149, 11861.3605230663 
1150, 12183.9142926564 
1151, 12599.7379892474 
1152, 13061.4996933503 
1153, 13535.4138918342 
1154, 14076.2352223793 
1155, 14589.7796170684 
1156, 15127.3838256686 
1157, 15636.9895468503 
1158, 16154.5781567309 
1159, 16638.7087319584 
1160, 17112.6007554596 
1161, 17550.2684755624 
1162, 17970.6304743447 
1163, 18353.6716998584 
1164, 18704.5775899502 
1165, 19021.0087953354 
1166, 19304.1397888882 
1167, 19548.5335837514 
1168, 19764.5800139408 
1169, 19945.1598042819 
1170, 20096.6188870783 
1171, 20214.0762284431 
1172, 20310.587333333 
1173, 20371.3826283533 
1174, 20419.5842009341 
1175, 20441.7681145033 
1176, 20454.5151178417 
1177, 20436.9843692537 
1178, 20426.6662923514 
1179, 20401.187282534 
1180, 20384.5808530785 
1181, 20360.7622877859 
1182, 20351.2392335583 
1183, 20361.3261360684 
1184, 20372.4547267554 
1185, 20423.109224208 
1186, 20501.3442215621 
1187, 20596.0586035546 
1188, 20724.3906675745 
1189, 20851.5247449313 
1190, 21022.4176911822 
1191, 21145.2146703249 
1192, 21279.0668665411 
1193, 21363.0955950769 
1194, 21410.8795826356 
1195, 21430.1500714485 
1196, 21405.2460046451 
1197, 21368.3073756697 
1198, 21319.7644424188 
1199, 21228.5926766202 
1200, 21181.0660574117 
1201, 21126.3968664929 
1202, 21110.4327625292 
1203, 21114.6392128824 
1204, 21143.3282088525 
1205, 21201.7461939746 
1206, 21269.5507270864 
1207, 21364.2747527993 
1208, 21461.802312694 
1209, 21575.0818249408 
1210, 21689.7990638156 
1211, 21822.7256274765 
1212, 21943.6056678234 
1213, 22061.5790611939 
1214, 22185.9365728127 
1215, 22285.2363429901 
1216, 22376.4025946315 
1217, 22447.0963450985 
1218, 22496.6482082028 
1219, 22543.3316647722 
1220, 22571.0823123348 
1221, 22602.7776615833 
1222, 22623.162179921 
1223, 22653.7810272621 
1224, 22686.608509223 
1225, 22719.1458512274 
1226, 22757.1741271157 
1227, 22793.8039053616 
1228, 22831.3778561345 
1229, 22864.6088011897 
1230, 22896.1155984668 
1231, 22931.7432536003 
1232, 22952.8138792478 
1233, 22972.3936120241 
1234, 22970.5409896219 
1235, 22960.4656776796 
1236, 22929.3705994325 
1237, 22870.0419867531 
1238, 22816.8943104704 
1239, 22752.217864753 
1240, 22684.6579871793 
1241, 22612.2856826592 
1242, 22539.8141834947 
1243, 22460.0341957712 
1244, 22380.72369268 
1245, 22308.0542160905 
1246, 22227.7041989404 
1247, 22134.8941703615 
1248, 22040.6585414106 
1249, 21921.8975367632 
1250, 21791.344746828 
1251, 21639.1674745211 
1252, 21474.8476021741 
1253, 21277.1772471539 
1254, 21064.1228006668 
1255, 20811.4398645764 
1256, 20532.7156544654 
1257, 20212.6261813776 
1258, 19838.9694467001 
1259, 19461.8062922031 
1260, 19030.5528377045 
1261, 18622.0795167179 
1262, 18193.3482160651 
1263, 17789.5300130195 
1264, 17441.3576420687 
1265, 17084.582426 
1266, 16868.1530279109 
1267, 16708.427817964 
1268, 16674.9546398359 
1269, 16752.5111109361 
1270, 16904.0465744933 
1271, 17192.2262012017 
1272, 17475.6902458868 
1273, 17871.5122647938 
1274, 18202.6380773663 
1275, 18574.1069999245 
1276, 18871.6080333969 
1277, 19128.4337913959 
1278, 19356.9258999115 
1279, 19543.0689366678 
1280, 19692.8200924184 
1281, 19831.6598349249 
1282, 19965.9829496338 
1283, 20106.4824020337 
1284, 20240.6342288416 
1285, 20377.63496528 
1286, 20527.714586855 
1287, 20652.186708398 
1288, 20774.3275596897 
1289, 20867.7565671483 
1290, 20943.940520229 
1291, 21000.4219216619 
1292, 21031.436718043 
1293, 21052.7762378125 
1294, 21051.4426931174 
1295, 21048.4983674949 
1296, 21036.9165788167 
1297, 21014.7937291649 
1298, 20986.2172783137 
1299, 20946.5422504701 
1300, 20893.5440983884 
1301, 20832.1566101902 
1302, 20765.8523517673 
1303, 20690.0718237902 
1304, 20614.4085919658 
1305, 20535.0776023725 
1306, 20448.8971122765 
1307, 20360.040273919 
1308, 20263.4074189143 
1309, 20156.4119615088 
1310, 20049.6090378152 
1311, 19932.266346581 
1312, 19823.7434727045 
1313, 19708.0724092272 
1314, 19610.5778680965 
1315, 19521.9318547033 
1316, 19444.740229123 
1317, 19385.1182181714 
1318, 19328.1945677617 
1319, 19274.7164331387 
1320, 19218.4114775011 
1321, 19154.5678404533 
1322, 19074.7132575405 
1323, 18956.1956870083 
1324, 18828.8219564004 
1325, 18635.9055346876 
1326, 18386.6582154357 
1327, 18124.0628577515 
1328, 17788.0420415095 
1329, 17499.9654009878 
1330, 17175.1090148087 
1331, 16930.0813249349 
1332, 16710.4460786297 
1333, 16551.4875866857 
1334, 16478.6365800192 
1335, 16399.3702032231 
1336, 16376.0226594489 
1337, 16345.3524962391 
1338, 16277.888826432 
1339, 16139.061406428 
1340, 15911.7611130404 
1341, 15575.2000809651 
1342, 15100.9246881215 
1343, 14510.8204938667 
1344, 13801.8305478526 
1345, 12940.9488331902 
1346, 12018.1269510013 
1347, 10944.9545617785 
1348, 9903.49126468617 
1349, 8748.68789289725 
1350, 7689.70649585352 
1351, 6601.04258429016 
1352, 5632.486678781 
1353, 4695.31901420655 
1354, 3878.43984241013 
1355, 3154.58771961701 
1356, 2533.72794381328 
1357, 2010.98027256856 
1358, 1593.42112612147 
1359, 1254.24395791433 
1360, 993.937801573091 
1361, 800.395059216852 
1362, 657.520719801064 
1363, 566.157469612614 
1364, 505.765943341576 
1365, 460.870205133644 
1366, 444.126215947245 
1367, 444.136533932366 
1368, 465.976851918313 
1369, 507.683683574211 
1370, 575.691559749085 
1371, 652.492157081099 
1372, 760.815827048376 
1373, 853.131262055243 
1374, 969.352557010281 
1375, 1046.68523899321 
1376, 1117.52867895378 
1377, 1153.91554518249 
1378, 1163.35525353943 
1379, 1140.55268040609 
1380, 1102.76085143738 
1381, 1058.08123010115 
1382, 1014.63955395574 
1383, 1003.36482208309 
1384, 1032.6085858674 
1385, 1099.24246761286 
1386, 1201.73599939041 
1387, 1337.16022012392 
1388, 1458.01314496842 
1389, 1604.0557227503 
1390, 1710.02285744503 
1391, 1810.47639842695 
1392, 1876.80181975447 
1393, 1902.77051727319 
1394, 1940.13253790989 
1395, 1948.33676367461 
1396, 1985.30343300188 
1397, 2028.6618362813 
1398, 2085.80470820747 
1399, 2157.37617503163 
1400, 2238.03039393451 
1401, 2330.26107259745 
1402, 2429.95278462055 
1403, 2537.97786130793 
1404, 2654.95658050515 
1405, 2779.49735900593 
1406, 2923.07716196368 
1407, 3089.68841462082 
1408, 3275.99021340632 
1409, 3495.35670354659 
1410, 3738.96023433741 
1411, 3993.7322855501 
1412, 4285.04457222937 
1413, 4552.83158953733 
1414, 4832.19221456839 
1415, 5086.31721870413 
1416, 5324.19069473794 
1417, 5559.46158009519 
1418, 5783.78517896546 
1419, 6003.84250997979 
1420, 6222.77921089117 
1421, 6429.51133172851 
1422, 6639.36925834057 
1423, 6817.34287679097 
1424, 7000.63548883666 
1425, 7124.07577219226 
1426, 7213.1519203318 
1427, 7255.42278002483 
1428, 7252.84901892977 
1429, 7198.54974454466 
1430, 7113.08097505252 
1431, 7008.32905726421 
1432, 6890.6703071886 
1433, 6784.64250416649 
1434, 6704.45133599695 
1435, 6656.5824931788 
1436, 6639.02401089952 
1437, 6653.68560067532 
1438, 6685.3417170247 
1439, 6745.72550563172 
1440, 6814.37873082225 
1441, 6913.0101272292 
1442, 6997.3678993124 
1443, 7093.71512053698 
1444, 7174.3530787705 
1445, 7244.43502434531 
1446, 7319.9484918075 
1447, 7383.7545974347 
1448, 7467.28434633548 
1449, 7551.42555534304 
1450, 7656.40724246775 
1451, 7783.83769542482 
1452, 7912.95509343995 
1453, 8080.06211084481 
1454, 8210.13497582203 
1455, 8344.13830759256 
1456, 8442.29215676424 
1457, 8498.82900681849 
1458, 8491.92195867309 
1459, 8425.94751457917 
1460, 8294.51498331497 
1461, 8105.93082752689 
1462, 7866.16664240402 
1463, 7596.61737299029 
1464, 7301.46643972979 
1465, 7022.96050702114 
1466, 6717.60967187884 
1467, 6468.49850774187 
1468, 6225.25787165882 
1469, 6046.06229022795 
1470, 5906.67753814692 
1471, 5808.80290813958 
1472, 5763.82280350167 
1473, 5738.35468767528 
1474, 5764.51040708364 
1475, 5783.24357100781 
1476, 5832.93696097863 
1477, 5867.02870264 
1478, 5898.80324422555 
1479, 5932.18378512318 
1480, 5960.27634479731 
1481, 5998.06331694323 
1482, 6037.84872879843 
1483, 6087.61188681441 
1484, 6140.1379952663 
1485, 6209.53066465486 
1486, 6289.85479289276 
1487, 6383.50180729004 
1488, 6488.81015317042 
1489, 6601.71594664668 
1490, 6714.60625620698 
1491, 6825.72015746514 
1492, 6940.68152806558 
1493, 7044.90630294512 
1494, 7137.59852554445 
1495, 7226.46276672632 
1496, 7294.97783419488 
1497, 7348.67740444378 
1498, 7390.25612003943 
1499, 7413.39951524787 
1500, 7433.35955351175 
1501, 7435.268982778 
1502, 7449.80045454127 
1503, 7459.48536634733 
1504, 7482.65931185893 
1505, 7508.62605924292 
1506, 7551.62137292092 
1507, 7607.52334682044 
1508, 7667.71523677002 
1509, 7748.59870375664 
1510, 7816.38067911587 
1511, 7890.53139994692 
1512, 7947.59498587837 
1513, 7992.02257757576 
1514, 8034.45990495357 
1515, 8067.55368510352 
1516, 8097.31907604351 
1517, 8125.48537750657 
1518, 8149.63856202715 
1519, 8163.65534650245 
1520, 8180.04901196874 
1521, 8196.05964562626 
1522, 8208.44977855893 
1523, 8225.66062099194 
1524, 8242.1766173298 
1525, 8258.68102066728 
1526, 8273.94110467798 
1527, 8280.45140500735 
1528, 8285.81844470792 
1529, 8289.80928871204 
1530, 8292.51346152172 
1531, 8296.6888262 
1532, 8297.50715298874 
1533, 8297.90188105017 
1534, 8301.03487774214 
1535, 8309.15551135772 
1536, 8321.08024163425 
1537, 8335.8654394753 
1538, 8355.43324015121 
1539, 8374.93128173856 
1540, 8396.14678626295 
1541, 8420.41048241578 
1542, 8448.90594840186 
1543, 8474.15640767745 
1544, 8501.62689647599 
1545, 8525.61410934499 
1546, 8548.75567924351 
1547, 8566.27734315699 
1548, 8578.93616805409 
1549, 8593.41707460498 
1550, 8604.04565399378 
1551, 8615.63245753102 
1552, 8629.95847002492 
1553, 8642.04251055278 
1554, 8650.65854460444 
1555, 8661.5331635316 
1556, 8675.44724575214 
1557, 8684.2380112948 
1558, 8691.89675362393 
1559, 8696.50655768457 
1560, 8699.86305682911 
1561, 8697.76238716168 
1562, 8699.96863831332 
1563, 8684.5742616283 
1564, 8659.16834020144 
1565, 8623.49378270672 
1566, 8571.9448779795 
1567, 8514.82622729983 
1568, 8448.94757447968 
1569, 8373.81888100763 
1570, 8293.99528074909 
1571, 8228.21022897778 
1572, 8175.88916729956 
1573, 8136.10428254058 
1574, 8123.77107643376 
1575, 8129.00958577116 
1576, 8152.30729874924 
1577, 8205.17345562133 
1578, 8267.71938600473 
1579, 8342.30264330826 
1580, 8423.23463167368 
1581, 8519.53225112784 
1582, 8607.40953399181 
1583, 8703.97062207992 
1584, 8785.97501371663 
1585, 8866.55138279871 
1586, 8929.58880521223 
1587, 8981.82780664037 
1588, 9025.02001667484 
1589, 9054.14661843352 
1590, 9080.12866406095 
1591, 9099.50854984795 
1592, 9111.63291284149 
1593, 9119.76412785636 
1594, 9112.10133114661 
1595, 9096.41933220057 
1596, 9065.97642396158 
1597, 9021.13026412952 
1598, 8963.99351561903 
1599, 8884.90800748833 
1600, 8817.22427801065 
1601, 8732.61925030479 
1602, 8672.3239940133 
1603, 8617.30278560368 
1604, 8585.70985955264 
1605, 8573.92746829527 
1606, 8568.79893525564 
1607, 8584.21518803298 
1608, 8600.59893899154 
1609, 8619.96059116196 
1610, 8651.29283737185 
1611, 8697.23128525811 
1612, 8741.39360862155 
1613, 8796.59269764082 
1614, 8844.29993277954 
1615, 8894.41345846039 
1616, 8935.41614614526 
1617, 8975.44490054822 
1618, 9003.73736727566 
1619, 9016.7580795725 
1620, 9033.3830886637 
1621, 9044.33071677061 
1622, 9053.70525254899 
1623, 9066.79326236294 
1624, 9071.94698967957 
1625, 9074.27492724522 
1626, 9066.93574854797 
1627, 9052.43666567776 
1628, 9031.31078596199 
1629, 9002.10420697356 
1630, 8965.37306256074 
1631, 8923.72637228379 
1632, 8872.91640681917 
1633, 8807.37883417821 
1634, 8743.8682037674 
1635, 8668.53902625433 
1636, 8602.70417550233 
1637, 8539.4446208803 
1638, 8481.1963820279 
1639, 8425.2774473469 
1640, 8379.13801413147 
1641, 8338.16678605682 
1642, 8305.95336236504 
1643, 8285.65936585835 
1644, 8269.5059713522 
1645, 8264.72942608798 
1646, 8257.29727814453 
1647, 8252.13072443004 
1648, 8248.78363094752 
1649, 8244.18329303719 
1650, 8242.27173212428 
1651, 8243.93031266133 
1652, 8246.24840810099 
1653, 8253.53934243678 
1654, 8265.14597792091 
1655, 8271.12441311963 
1656, 8280.91279781205 
1657, 8281.09699198537 
1658, 8277.58356545623 
1659, 8261.37656528421 
1660, 8241.03604392412 
1661, 8204.6948491829 
1662, 8151.9479966528 
1663, 8101.2599104029 
1664, 8037.54959020705 
1665, 7990.67595380459 
1666, 7941.88103953742 
1667, 7912.74818053973 
1668, 7894.77597075318 
1669, 7887.88599846492 
1670, 7899.05379999786 
1671, 7898.66748380174 
1672, 7907.26791629559 
1673, 7900.68241664086 
1674, 7884.76522052081 
1675, 7870.48526087168 
1676, 7851.30698688317 
1677, 7834.87009521491 
1678, 7816.96159840157 
1679, 7801.36389272688 
1680, 7787.04474761306 
1681, 7771.89801850455 
1682, 7757.63197974477 
1683, 7742.18755172069 
1684, 7724.58225732668 
1685, 7712.00694344663 
1686, 7701.81111011644 
1687, 7690.33521677916 
1688, 7681.62351444695 
1689, 7669.07578153531 
1690, 7654.91114258646 
1691, 7638.75505813226 
1692, 7621.24448116525 
1693, 7602.83517753235 
1694, 7583.70432631624 
1695, 7558.86817805888 
1696, 7530.31391339642 
1697, 7504.64847104561 
1698, 7475.19848291673 
1699, 7447.64559599618 
1700, 7424.67068344587 
1701, 7395.67338062714 
1702, 7361.58891444072 
1703, 7331.19251915736 
1704, 7300.54412089381 
1705, 7270.97454949194 
1706, 7244.38568414867 
1707, 7212.12149547259 
1708, 7175.17881899823 
1709, 7146.8984467872 
1710, 7116.25952021868 
1711, 7097.24826343396 
1712, 7088.62664590282 
1713, 7077.66830796239 
1714, 7072.28102643442 
1715, 7059.96163191685 
1716, 7050.51511975649 
1717, 7037.25723486077 
1718, 7016.48725287208 
1719, 6986.26045946538 
1720, 6951.91494574516 
1721, 6905.56812481155 
1722, 6854.48796902869 
1723, 6807.88821678671 
1724, 6757.79315958708 
1725, 6714.54864641883 
1726, 6675.89131264382 
1727, 6641.3453344388 
1728, 6609.50573911878 
1729, 6575.56804848904 
1730, 6542.31774370447 
1731, 6500.92790032821 
1732, 6454.98232743666 
1733, 6410.71975797437 
1734, 6366.59550397679 
1735, 6328.14079130886 
1736, 6300.82873935915 
1737, 6284.70349328117 
1738, 6269.774672186 
1739, 6257.16717358245 
1740, 6243.14903479523 
1741, 6217.07371748494 
1742, 6194.22511262505 
1743, 6178.05134299388 
1744, 6164.00010975299 
1745, 6152.50391556006 
1746, 6135.79979135451 
1747, 6118.79476550767 
1748, 6101.68962329523 
1749, 6086.1100013779 
1750, 6076.05048482244 
1751, 6065.37987228389 
1752, 6049.69151012159 
1753, 6036.31705847308 
1754, 6019.25021652108 
1755, 5989.95719518053 
1756, 5954.74480367195 
1757, 5913.06298475814 
1758, 5874.89268468544 
1759, 5837.74010083864 
1760, 5801.68769495148 
1761, 5765.4388505743 
1762, 5714.0394434362 
1763, 5649.68974461384 
1764, 5599.70903645089 
1765, 5550.01811968158 
1766, 5507.93884495764 
1767, 5482.04345056083 
1768, 5447.71128185589 
1769, 5417.36290614333 
1770, 5375.35645374328 
1771, 5332.49171093176 
1772, 5275.89990543358 
1773, 5204.27179202067 
1774, 5129.93836857226 
1775, 5037.71290011633 
1776, 4959.19253990258 
1777, 4878.88117063441 
1778, 4808.32667947514 
1779, 4750.25056032196 
1780, 4690.51459942533 
1781, 4635.63200455706 
1782, 4581.69815775107 
1783, 4530.79464049407 
1784, 4476.38229122396 
1785, 4424.04239399683 
1786, 4367.35564959444 
1787, 4312.42221073772 
1788, 4243.20966886552 
1789, 4171.39011564966 
1790, 4081.95060879272 
1791, 3976.46007814685 
1792, 3863.70741538066 
1793, 3739.21802701065 
1794, 3609.07246377786 
1795, 3469.05248550978 
1796, 3321.77210712839 
1797, 3168.53838289828 
1798, 3006.70767283043 
1799, 2844.38735333194 
1800, 2679.20244633096 
1801, 15658.8308722794 
1802, 15016.4429098169 
1803, 14444.3484273602 
1804, 13937.1857967752 
1805, 13512.418101398 
1806, 13170.2562963419 
1807, 12815.6587426155 
1808, 12429.0159544912 
1809, 12112.9617116513 
1810, 11682.1752430273 
1811, 11165.5606216382 
1812, 10655.1347691709 
1813, 10101.307799657 
1814, 9521.30850858146 
1815, 8972.32383136898 
1816, 8454.77855308321 
1817, 8003.94263797254 
1818, 7599.50494637587 
1819, 7214.6006303279 
1820, 6871.40130598073 
1821, 6553.69613237919 
1822, 6287.6902087457 
1823, 6007.94569650013 
1824, 5709.97419881214 
1825, 5378.66854792313 
1826, 4966.47499669556 
1827, 4499.58994078278 
1828, 4033.94994262007 
1829, 3514.20554747696 
1830, 3044.60357057387 
1831, 2553.74212966919 
1832, 2112.44702354426 
1833, 1741.26174481861 
1834, 1409.15800553672 
1835, 1168.15933139594 
1836, 986.662405427493 
1837, 860.455206620541 
1838, 801.068550649881 
1839, 759.57907253344 
1840, 772.699750234638 
1841, 793.923143691921 
1842, 850.918620688152 
1843, 907.615688108163 
1844, 972.39730869886 
1845, 1040.93052910324 
1846, 1079.77433859721 
1847, 1090.43760822679 
1848, 1093.64011653141 
1849, 1053.95191974908 
1850, 1022.25587073973 
1851, 976.90257769932 
1852, 945.236899352772 
1853, 891.216935642455 
1854, 869.273312082704 
1855, 854.737830938276 
1856, 862.648495536442 
1857, 941.221284711187 
1858, 1041.60161442668 
1859, 1156.49869004818 
1860, 1314.14340538311 
1861, 1469.62130851596 
1862, 1601.47380995852 
1863, 1712.98963850274 
1864, 1754.00465885736 
1865, 1753.68247602143 
1866, 1673.85316377168 
1867, 1523.11793031807 
1868, 1341.17914908482 
1869, 1122.43058857474 
1870, 948.919992847106 
1871, 769.100776929819 
1872, 626.140029278264 
1873, 558.982684657503 
1874, 580.039649911103 
1875, 659.48044151905 
1876, 813.888588411345 
1877, 1020.16853818403 
1878, 1251.08434444931 
1879, 1502.77305432331 
1880, 1738.13244028913 
1881, 1995.61516014734 
1882, 2213.72370903133 
1883, 2393.93811346403 
1884, 2533.52025911068 
1885, 2619.96471270506 
1886, 2664.8822190456 
1887, 2674.23307665007 
1888, 2652.38112315869 
1889, 2600.03684596028 
1890, 2531.16078876323 
1891, 2460.31188286555 
1892, 2371.59645861692 
1893, 2294.55298563737 
1894, 2210.87173780182 
1895, 2113.44633979951 
1896, 2000.41989351523 
1897, 1843.01218046226 
1898, 1661.43963608476 
1899, 1477.32088926394 
1900, 1317.78500281652 
1901, 1146.67082263948 
1902, 1014.71041756209 
1903, 897.816223711356 
1904, 827.337163173725 
1905, 783.99620584802 
1906, 801.847550772879 
1907, 870.501097335881 
1908, 943.33966684749 
1909, 1015.16904259678 
1910, 1076.14364830555 
1911, 1143.02826571661 
1912, 1185.86387628661 
1913, 1271.53926083848 
1914, 1364.62660848189 
1915, 1498.82820293008 
1916, 1673.69814139783 
1917, 1877.34593587023 
1918, 2108.66761384922 
1919, 2322.62550111859 
1920, 2502.15882461888 
1921, 2665.11768788335 
1922, 2796.98433134691 
1923, 2900.34278681576 
1924, 2976.05372632204 
1925, 3032.60675367077 
1926, 3036.11257406196 
1927, 3024.58116961675 
1928, 3025.55593613875 
1929, 3029.01034972041 
1930, 3075.16744159542 
1931, 3150.77340251223 
1932, 3235.81441723537 
1933, 3320.85055120736 
1934, 3438.98444040687 
1935, 3523.58092069707 
1936, 3601.73589976475 
1937, 3657.56106915628 
1938, 3707.80194178547 
1939, 3743.34118624698 
1940, 3762.91946409242 
1941, 3793.32412798288 
1942, 3833.50864751597 
1943, 3866.57794841994 
1944, 3894.89198798824 
1945, 3952.77698469167 
1946, 3951.17273486172 
1947, 3932.909643146 
1948, 3875.75185711972 
1949, 3781.74520053004 
1950, 3650.20605289983 
1951, 3495.87010337879 
1952, 3325.90568850611 
1953, 3138.84900471091 
1954, 2956.94451094674 
1955, 2818.73643531313 
1956, 2663.03461904287 
1957, 2600.9883163201 
1958, 2600.0490162184 
1959, 2641.42176483551 
1960, 2738.16730178644 
1961, 2891.02011743417 
1962, 3080.97728962151 
1963, 3260.96968507912 
1964, 3464.03196288809 
1965, 3680.20699849967 
1966, 3901.39864447524 
1967, 4121.8391647776 
1968, 4369.0458867486 
1969, 4648.99105010882 
1970, 4913.10733688288 
1971, 5182.69905062689 
1972, 5452.64858163181 
1973, 5720.77620202474 
1974, 5985.57211817187 
1975, 6270.94100352863 
1976, 6553.0583240821 
1977, 6802.9088997509 
1978, 7031.44768326529 
1979, 7220.33837328362 
1980, 7355.34352805327 
1981, 7499.61249547339 
1982, 7633.67560295135 
1983, 7733.09120080049 
1984, 7820.69669444808 
1985, 7879.31100183942 
1986, 7901.2015909769 
1987, 7908.25688302652 
1988, 7901.62733604873 
1989, 7857.67721705029 
1990, 7763.19856102484 
1991, 7656.63099980781 
1992, 7446.20340019356 
1993, 7194.60382365766 
1994, 6835.73057222977 
1995, 6370.8331390486 
1996, 5849.76547004699 
1997, 5222.75583540892 
1998, 4549.89810103563 
1999, 3864.71800053901 
2000, 3226.63976635864 
2001, 2661.48435758727 
2002, 2178.66020238613 
2003, 1807.85805176808 
2004, 1527.55642306855 
2005, 1339.71781374258 
2006, 1294.6674687747 
2007, 1258.1935795933 
2008, 1343.06119524646 
2009, 1380.62866996002 
2010, 1441.9762536585 
2011, 1497.58600755688 
2012, 1524.96239406701 
2013, 1576.31662382562 
2014, 1662.42612748795 
2015, 1739.22075168001 
2016, 1906.34769529864 
2017, 2115.40642443026 
2018, 2388.15041065733 
2019, 2746.73938983284 
2020, 3117.26290651802 
2021, 3549.3542708725 
2022, 3979.9049962253 
2023, 4452.38899093823 
2024, 4906.17518477517 
2025, 5374.66681149499 
2026, 5823.8235858645 
2027, 6225.24628177337 
2028, 6617.19724923435 
2029, 6936.70049435715 
2030, 7205.92176910613 
2031, 7435.85429942336 
2032, 7606.28705146234 
2033, 7756.34795045448 
2034, 7867.05629506637 
2035, 7953.54503594791 
2036, 7996.90755178245 
2037, 8031.5214806316 
2038, 8052.39763955883 
2039, 8042.08863644174 
2040, 8004.06866917171 
2041, 7946.62966971906 
2042, 7861.41953674612 
2043, 7748.66685921315 
2044, 7601.76548173959 
2045, 7442.78041498364 
2046, 7229.48946565289 
2047, 6963.5016033024 
2048, 6673.8817886461 
2049, 6295.71147226242 
2050, 5976.27092039968 
2051, 5621.93646802862 
2052, 5317.47500980002 
2053, 5103.1370271716 
2054, 4950.46223821091 
2055, 4869.03688264088 
2056, 4879.15521469871 
2057, 4911.34892548373 
2058, 5033.60030922432 
2059, 5118.84612504047 
2060, 5253.35407497153 
2061, 5343.42120750345 
2062, 5414.37815902784 
2063, 5476.47173762712 
2064, 5502.38570534395 
2065, 5558.32473633084 
2066, 5596.25998102958 
2067, 5670.20362522328 
2068, 5785.25603607175 
2069, 5924.57656086236 
2070, 6107.89887807718 
2071, 6334.57389044853 
2072, 6585.56183086151 
2073, 6883.52619934608 
2074, 7184.99687506657 
2075, 7546.37607207019 
2076, 7851.43946502623 
2077, 8172.99660319249 
2078, 8439.43054200221 
2079, 8657.18594917162 
2080, 8862.91167128488 
2081, 9032.44299876809 
2082, 9186.23195835999 
2083, 9343.09283511519 
2084, 9494.57260024234 
2085, 9617.39415309958 
2086, 9720.74727835439 
2087, 9829.39186395513 
2088, 9902.25729156448 
2089, 10008.8791016531 
2090, 10127.7264045395 
2091, 10262.7452816917 
2092, 10421.4514699482 
2093, 10568.4701294913 
2094, 10744.9727418795 
2095, 10886.8418277714 
2096, 11007.6364680504 
2097, 11117.8880972249 
2098, 11220.5926605226 
2099, 11304.7398133966 
2100, 11394.295610223 
2101, 11474.3255969172 
2102, 11563.6764232925 
2103, 11654.255739439 
2104, 11741.5666111016 
2105, 11836.2551363538 
2106, 11923.1023196924 
2107, 11990.9910356765 
2108, 12080.6140358776 
2109, 12192.6191621873 
2110, 12280.9656034502 
2111, 12366.5288002129 
2112, 12453.2743986183 
2113, 12518.7215942529 
2114, 12585.4452398372 
2115, 12666.5125774294 
2116, 12758.3186453094 
2117, 12852.9356798337 
2118, 12951.6441465239 
2119, 13058.0424744173 
2120, 13177.9317815925 
2121, 13291.0998327459 
2122, 13405.3330099285 
2123, 13521.8414212114 
2124, 13630.4715818718 
2125, 13752.7968873503 
2126, 13893.0114122 
2127, 14022.9586294025 
2128, 14160.5055461903 
2129, 14292.2523691285 
2130, 14404.0692421276 
2131, 14505.0791205021 
2132, 14593.2890803171 
2133, 14657.5486895269 
2134, 14738.1461035447 
2135, 14809.3550214187 
2136, 14891.5443691527 
2137, 14982.3498240688 
2138, 15075.595097232 
2139, 15185.114506053 
2140, 15272.5585586241 
2141, 15360.3863793561 
2142, 15433.3528142975 
2143, 15487.8134466007 
2144, 15534.7021042855 
2145, 15570.2080034724 
2146, 15602.7065552043 
2147, 15622.239228755 
2148, 15647.7563944602 
2149, 15688.0599619992 
2150, 15740.1301263341 
2151, 15788.6387308706 
2152, 15843.1766647191 
2153, 15902.5064136283 
2154, 15967.8553523047 
2155, 16026.9237121485 
2156, 16108.3310861671 
2157, 16151.3882030397 
2158, 16179.1895204226 
2159, 16187.102820484 
2160, 16155.5110342626 
2161, 16138.7461830845 
2162, 16097.503344824 
2163, 16081.9149750659 
2164, 16077.1891795258 
2165, 16078.4427380403 
2166, 16115.536920475 
2167, 16170.3179006902 
2168, 16260.6365543814 
2169, 16385.9545354021 
2170, 16521.117711573 
2171, 16708.1133191811 
2172, 16844.0021980426 
2173, 16982.1288988334 
2174, 17100.2484023506 
2175, 17196.8074634048 
2176, 17275.4852538213 
2177, 17342.8921748417 
2178, 17395.1325085463 
2179, 17417.6204361491 
2180, 17439.9962212407 
2181, 17446.3437356006 
2182, 17462.1347588129 
2183, 17475.9986317157 
2184, 17481.025393946 
2185, 17500.9145652576 
2186, 17533.5297656886 
2187, 17589.8866747246 
2188, 17670.5080807666 
2189, 17736.4903918585 
2190, 17840.4442742507 
2191, 17882.1053677859 
2192, 17914.0079564044 
2193, 17885.0182998045 
2194, 17825.4657091945 
2195, 17709.5046922038 
2196, 17501.6806259706 
2197, 17330.850839863 
2198, 17083.49297922 
2199, 16927.8094381325 
2200, 16789.049433198 
2201, 16723.6073830428 
2202, 16717.5321945044 
2203, 16765.6065738398 
2204, 16890.593770651 
2205, 17049.1738525731 
2206, 17230.4406559649 
2207, 17423.3858406335 
2208, 17580.5765485978 
2209, 17736.9712273898 
2210, 17846.4491831188 
2211, 17933.9541121613 
2212, 17988.819460448 
2213, 17997.7412575091 
2214, 18010.0991289061 
2215, 17998.4513030352 
2216, 17985.3067574001 
2217, 17967.9426255859 
2218, 17932.7122079349 
2219, 17878.0569007941 
2220, 17824.6595971925 
2221, 17754.5612603476 
2222, 17691.5061698058 
2223, 17635.5126206321 
2224, 17569.8925197927 
2225, 17484.9861811134 
2226, 17420.9889804636 
2227, 17365.0710723139 
2228, 17315.3233775392 
2229, 17261.4843281081 
2230, 17194.0952625591 
2231, 17111.5213823299 
2232, 16993.5388615866 
2233, 16906.7736182465 
2234, 16833.6871965383 
2235, 16741.2230689618 
2236, 16647.268110739 
2237, 16554.3862438149 
2238, 16447.716935886 
2239, 16345.4209180607 
2240, 16253.3972050562 
2241, 16152.3279502418 
2242, 16040.246936911 
2243, 15933.3216245038 
2244, 15835.3719852775 
2245, 15723.9291504729 
2246, 15595.5382480403 
2247, 15483.6783915081 
2248, 15372.4944441114 
2249, 15263.3439803447 
2250, 15178.5088113826 
2251, 15071.5248725888 
2252, 14959.5370088766 
2253, 14832.4124695743 
2254, 14678.2653165868 
2255, 14518.4123004012 
2256, 14350.2274417677 
2257, 14172.8879250772 
2258, 14012.1397509471 
2259, 13856.083341488 
2260, 13705.9469863095 
2261, 13555.8947802155 
2262, 13433.3435130127 
2263, 13323.360844865 
2264, 13228.8126360138 
2265, 13164.795534665 
2266, 13086.8805375672 
2267, 13021.8768314501 
2268, 12937.9569212265 
2269, 12849.3180508354 
2270, 12750.5636516776 
2271, 12638.7993567813 
2272, 12522.5867563914 
2273, 12390.9927340134 
2274, 12271.8112057398 
2275, 12144.9172942127 
2276, 12034.241461795 
2277, 11953.2338282341 
2278, 11846.7029717765 
2279, 11732.0380089236 
2280, 11616.3441048291 
2281, 11476.1374154032 
2282, 11352.4307460036 
2283, 11255.7510642042 
2284, 11157.7875762293 
2285, 11056.6492836971 
2286, 10948.2350188122 
2287, 10819.2309626661 
2288, 10697.3844249276 
2289, 10555.6569711804 
2290, 10413.8671025088 
2291, 10240.9166012396 
2292, 10028.112578458 
2293, 9844.28850698842 
2294, 9643.99148800413 
2295, 9480.33668691148 
2296, 9342.18890761065 
2297, 9207.67561368889 
2298, 9084.39198633838 
2299, 8973.60778490812 
2300, 8869.66872195214 
2301, 8788.95836490125 
2302, 8716.14020101423 
2303, 8676.296957013 
2304, 8663.90970276586 
2305, 8665.27935954694 
2306, 8719.90898663879 
2307, 8738.73178161717 
2308, 8781.71761002453 
2309, 8771.44837649042 
2310, 8738.7479432477 
2311, 8660.77302255969 
2312, 8556.38866552415 
2313, 8387.72752202876 
2314, 8150.2761307984 
2315, 7894.73281241773 
2316, 7600.41985768855 
2317, 7327.88487084677 
2318, 7118.86967612227 
2319, 6973.59028305923 
2320, 6893.03525500042 
2321, 6858.22506397088 
2322, 6885.85946813484 
2323, 6938.52701743301 
2324, 6986.0716050438 
2325, 7036.18736325497 
2326, 7040.54421336757 
2327, 7002.34087738059 
2328, 6950.70578394988 
2329, 6866.20155941236 
2330, 6776.17982095459 
2331, 6662.77010749136 
2332, 6558.13580219907 
2333, 6444.7949026623 
2334, 6335.28343923986 
2335, 6234.62976453145 
2336, 6107.93595653646 
2337, 5956.84904619852 
2338, 5830.07879705666 
2339, 5692.95600780067 
2340, 5573.68947836653 
2341, 5483.58460800565 
2342, 5376.71046767993 
2343, 5258.2796081953 
2344, 5159.32499563046 
2345, 5076.05082846088 
2346, 4979.04847583655 
2347, 4879.53431643068 
2348, 4792.31294305085 
2349, 4691.23259391438 
2350, 4612.09452947936 
2351, 4550.37640781919 
2352, 4499.8551462769 
2353, 4456.35540292532 
2354, 4431.68696213549 
2355, 4431.00217366965 
2356, 4436.94130039627 
2357, 4459.87294404953 
2358, 4479.15315331944 
2359, 4522.08277707647 
2360, 4534.12591549194 
2361, 4553.86776921551 
2362, 4532.63055810343 
2363, 4485.46929406544 
2364, 4404.87174471378 
2365, 4283.85354170256 
2366, 4140.6200538556 
2367, 3986.62299719693 
2368, 3819.72676103114 
2369, 3672.24092136478 
2370, 3535.86756126485 
2371, 3407.11332868819 
2372, 3333.68052650081 
2373, 3304.24349584028 
2374, 3303.05110227431 
2375, 3336.95277540185 
2376, 3368.54232490799 
2377, 3384.42178367823 
2378, 3394.09077882174 
2379, 3395.52737213699 
2380, 3383.07431240799 
2381, 3349.27716751515 
2382, 3290.29114618998 
2383, 3226.20968276845 
2384, 3153.68929790585 
2385, 3103.61012177202 
2386, 3077.92103381881 
2387, 3049.82987618812 
2388, 3043.21380231779 
2389, 3014.97702771137 
2390, 3001.27804658608 
2391, 3009.90742422332 
2392, 2988.33074018498 
2393, 2982.28125664795 
2394, 2970.29855594343 
2395, 2942.73663216144 
2396, 2931.55731042636 
2397, 2919.86991176001 
2398, 2901.25048053938 
2399, 2880.0813224837 
2400, 2848.63812847865 
2401, 2793.23411785897 
2402, 2738.78580821508 
2403, 2691.79044942632 
2404, 2639.71725886687 
2405, 2598.15602544456 
2406, 2581.88563281419 
2407, 2532.77993712678 
2408, 2461.21687099733 
2409, 2413.96156861807 
2410, 2370.11040238773 
2411, 2316.00796703424 
2412, 2283.26940220125 
2413, 2215.78673248112 
2414, 2101.62552429619 
2415, 2034.24390777158 
2416, 1967.06682122925 
2417, 1924.11779492273 
2418, 1909.5925932993 
2419, 1910.2135679494 
2420, 1925.30542933903 
2421, 1949.21828960481 
2422, 2010.10839621026 
2423, 2025.48069788233 
2424, 2024.01037111778 
2425, 2031.21985658032 
2426, 2025.78544153471 
2427, 2021.61939485752 
2428, 2038.03386300626 
2429, 2004.74548404158 
2430, 1939.88298373899 
2431, 1871.70424783555 
2432, 1772.19988068802 
2433, 1704.57459885805 
2434, 1631.85811867161 
2435, 1583.96324476151 
2436, 1554.53694177864 
2437, 1536.27957820572 
2438, 1541.50148247215 
2439, 1545.19796476661 
2440, 1564.21376039465 
2441, 1562.79604395998 
2442, 1565.63536586636 
2443, 1531.75011946197 
2444, 1477.1348706058 
2445, 1398.98348425856 
2446, 1314.73919182123 
2447, 1244.75532680667 
2448, 1172.33233615622 
2449, 1117.17066106736 
2450, 1086.07745527665 
2451, 1071.48155537422 
2452, 1077.35746706335 
2453, 1104.84150124647 
2454, 1149.38701466773 
2455, 1201.4191644461 
2456, 1261.68068358519 
2457, 1315.3802009633 
2458, 1342.27362988539 
2459, 1333.69538751187 
2460, 1310.94416466037 
2461, 1285.65886555381 
2462, 1249.55480471618 
2463, 1210.94147430347 
2464, 1173.14708230893 
2465, 1134.69479256313 
2466, 1088.51756377476 
2467, 1059.03778870227 
2468, 1038.17688258071 
2469, 1016.59958057241 
2470, 1013.14796406976 
2471, 985.263522952492 
2472, 941.905204600029 
2473, 897.390166516511 
2474, 849.05282261161 
2475, 824.987562618206 
2476, 809.054828606726 
2477, 794.608962586156 
2478, 772.300986487511 
2479, 750.567642326535 
2480, 732.303722171874 
2481, 702.092722561459 
2482, 672.566824057761 
2483, 628.881335370621 
2484, 586.008243957341 
2485, 551.686099969332 
2486, 514.398910666453 
2487, 468.79090021612 
2488, 446.761619771569 
2489, 456.560576438237 
2490, 454.886594302883 
2491, 476.657461524081 
2492, 485.520374094784 
2493, 460.466942163381 
2494, 449.531818023788 
2495, 435.856552097329 
2496, 442.524605042645 
2497, 464.672413533854 
2498, 473.077861648354 
2499, 490.232554573245 
2500, 486.35970160573 
