Wavelength,0212202100019.asd
350, 3957.59082535884 
351, 4159.94833246394 
352, 4345.84255449163 
353, 4505.97511425231 
354, 4668.87859904126 
355, 4839.6396269353 
356, 5015.6564713389 
357, 5192.38160288178 
358, 5375.55972948211 
359, 5573.74623234376 
360, 5798.3274234378 
361, 6067.03545422004 
362, 6369.56569074881 
363, 6691.97461792495 
364, 7019.89304152266 
365, 7353.28463341005 
366, 7671.23081740934 
367, 7947.11944326563 
368, 8151.7295465528 
369, 8271.28762682946 
370, 8315.68296787681 
371, 8310.68690398827 
372, 8292.66688208185 
373, 8293.77237340625 
374, 8316.94551592962 
375, 8344.41412610237 
376, 8374.7924606289 
377, 8391.39922873697 
378, 8372.44180931594 
379, 8292.58693307919 
380, 8197.07354772165 
381, 8091.02332397078 
382, 7969.48023375565 
383, 7825.94272383702 
384, 7687.16098634633 
385, 7603.59351527634 
386, 7631.52512610276 
387, 7798.90207018638 
388, 8012.88562639251 
389, 8192.02574958542 
390, 8286.96454672312 
391, 8396.98498278895 
392, 8492.94751926412 
393, 8558.33330380359 
394, 8648.86504214526 
395, 8866.04804767181 
396, 9258.28306958391 
397, 9841.24164975708 
398, 10622.2971111141 
399, 11503.8858480511 
400, 12410.5343296303 
401, 13292.7116805737 
402, 14109.517815092 
403, 14783.6159203116 
404, 15287.803019631 
405, 15688.2658551492 
406, 16004.086739344 
407, 16292.9931351055 
408, 16623.1515619066 
409, 17053.5594036504 
410, 17560.1144592574 
411, 18116.4347331078 
412, 18695.9394877578 
413, 19272.5128634776 
414, 19839.2931736329 
415, 20381.3320293765 
416, 20861.3391092172 
417, 21327.6806332961 
418, 21804.3795145366 
419, 22290.7634351738 
420, 22721.4678199436 
421, 23162.3295013605 
422, 23639.9478173819 
423, 24140.8620909796 
424, 24599.4281752775 
425, 24962.5141650929 
426, 25175.4253412825 
427, 25168.1311145053 
428, 25092.5015653713 
429, 25160.0772060033 
430, 25516.0678744874 
431, 25989.1620866267 
432, 26636.0729024901 
433, 27585.5412162664 
434, 28957.1443142363 
435, 30337.1925667412 
436, 31392.1605126009 
437, 32081.9243570901 
438, 32816.509090953 
439, 33559.3882715638 
440, 34265.0952000814 
441, 34925.608829902 
442, 35756.3290494829 
443, 36609.1075589722 
444, 37384.5292565401 
445, 38036.5354439518 
446, 38562.298128225 
447, 39044.8078261687 
448, 39564.4915074897 
449, 40187.0199745688 
450, 40683.7753835818 
451, 40936.6612811456 
452, 40922.9961795979 
453, 40820.9492948199 
454, 40604.9711473158 
455, 40338.0603302929 
456, 40162.0031893001 
457, 40127.1007961579 
458, 40145.9139163065 
459, 40127.029218732 
460, 40030.063746685 
461, 39882.7083700749 
462, 39719.337249584 
463, 39554.3782941655 
464, 39287.9800018006 
465, 38883.8421271334 
466, 38395.5959890799 
467, 37960.1944844114 
468, 37589.1044862546 
469, 37317.678284496 
470, 37164.513664528 
471, 37118.1144237229 
472, 37093.3514216258 
473, 37097.4561896621 
474, 37162.0941651052 
475, 37155.3969928249 
476, 37128.2353417367 
477, 37125.1330525787 
478, 37160.84929554 
479, 37297.2114238754 
480, 37471.8186199989 
481, 37582.5311538075 
482, 37539.6015635684 
483, 37232.7209440729 
484, 36611.6311975586 
485, 35717.735804079 
486, 34899.3260124364 
487, 34350.4528308919 
488, 34226.239791493 
489, 34680.2324321293 
490, 35320.0772266618 
491, 35823.7586797987 
492, 36007.3962764639 
493, 36080.0298771709 
494, 36199.526256096 
495, 36423.5258042594 
496, 36703.2961182605 
497, 36778.4391133463 
498, 36666.0337613544 
499, 36434.8607376708 
500, 36126.9626923217 
501, 35911.9177044096 
502, 35847.9083385716 
503, 35951.5645352482 
504, 36325.7291804462 
505, 36810.8763768021 
506, 37278.307594882 
507, 37656.612161014 
508, 37940.4277758078 
509, 38164.621681527 
510, 38381.3438158875 
511, 38673.0205802154 
512, 38863.1267390512 
513, 38886.6558736569 
514, 38744.0219909852 
515, 38406.2603236408 
516, 37960.7046547362 
517, 37546.0296961563 
518, 37339.937970021 
519, 37727.0822768182 
520, 38702.8527237518 
521, 40009.467162548 
522, 41063.2499354248 
523, 41846.6011709003 
524, 42400.8417195249 
525, 42802.1596325573 
526, 42961.8932180894 
527, 43036.0056152907 
528, 43300.1739115373 
529, 44234.5884822533 
530, 45397.6144717896 
531, 46331.1949606478 
532, 46691.7757105701 
533, 46814.1833496887 
534, 47047.9845657541 
535, 47558.3183145866 
536, 48290.5595452834 
537, 48790.1978451715 
538, 49003.3654636122 
539, 49022.6674730253 
540, 49009.125207894 
541, 49068.4889759268 
542, 49350.5764019625 
543, 49969.0487752468 
544, 50642.5417889709 
545, 51215.2075347762 
546, 51607.527397363 
547, 51823.3603813679 
548, 51973.9899242854 
549, 52162.6666309311 
550, 52445.1241524129 
551, 52727.088235448 
552, 52940.8429246088 
553, 53099.116033424 
554, 53274.7391345102 
555, 53406.803707864 
556, 53351.8683739532 
557, 53036.7265088933 
558, 52531.6297399859 
559, 52122.4913685836 
560, 51966.7530393567 
561, 52105.8474914742 
562, 52368.1540732642 
563, 52507.3075284897 
564, 52415.3990890331 
565, 52156.013538669 
566, 51792.1778483685 
567, 51439.1129343631 
568, 51161.8691061394 
569, 50855.8633297451 
570, 50439.662258479 
571, 50049.33335428 
572, 49935.2719414201 
573, 50035.1816130168 
574, 50047.240930145 
575, 49795.5006769002 
576, 49352.9925308529 
577, 48970.550406579 
578, 48782.0642123787 
579, 48844.9157911922 
580, 49116.2287275412 
581, 49585.3018882284 
582, 50144.1893005853 
583, 50598.6059529502 
584, 50873.7021806145 
585, 50841.4263876599 
586, 50495.8625571227 
587, 50115.9121622977 
588, 49655.2196472472 
589, 49001.2859293458 
590, 48146.6861163846 
591, 47974.3202451301 
592, 48303.7980790464 
593, 48714.8252936196 
594, 48630.2474924009 
595, 48344.9122627126 
596, 47984.2536816372 
597, 47609.6278689704 
598, 47183.2925314318 
599, 46662.7870356813 
600, 46103.7557006807 
601, 45627.1376529705 
602, 45254.5697150005 
603, 45070.1862737356 
604, 45072.2972982742 
605, 45118.1312792268 
606, 45000.46356889 
607, 44729.4766843997 
608, 44405.6353106835 
609, 44083.1765033259 
610, 43781.4690146696 
611, 43516.9148324007 
612, 43300.171782337 
613, 43059.0880731133 
614, 42769.7202726366 
615, 42455.7493251303 
616, 42219.1770939864 
617, 42066.5837900908 
618, 42079.59000159 
619, 42314.5106909237 
620, 42505.859819794 
621, 42507.7031735123 
622, 42282.7358410563 
623, 41912.2418614081 
624, 41507.8852666511 
625, 41135.9886411624 
626, 40827.5862299542 
627, 40572.0984998983 
628, 40294.6228880699 
629, 40015.4322445007 
630, 39826.5300498045 
631, 39854.1394906448 
632, 39999.7074187625 
633, 40173.8356659798 
634, 40359.5418126832 
635, 40493.5058502888 
636, 40580.0299021084 
637, 40640.6193311109 
638, 40664.947006606 
639, 40597.1237542138 
640, 40400.0162388987 
641, 40073.2813945191 
642, 39844.9029127762 
643, 39726.2249604334 
644, 39651.3214505509 
645, 39488.4808462294 
646, 39239.9449838581 
647, 38941.0938357389 
648, 38647.6431025501 
649, 38396.3503930711 
650, 38185.948085499 
651, 38071.000058184 
652, 38145.7596198502 
653, 38052.139623355 
654, 37603.1813954231 
655, 36775.6765824337 
656, 35753.6996732828 
657, 35057.461762469 
658, 35154.8692904138 
659, 36222.6376214744 
660, 37090.6316306922 
661, 37535.4422574795 
662, 37625.2074177896 
663, 37662.566094056 
664, 37606.7941928361 
665, 37540.8618966215 
666, 37530.0798956395 
667, 37535.4248986465 
668, 37517.4468145016 
669, 37482.3745059327 
670, 37454.0122496784 
671, 37366.9197646676 
672, 37267.0608147712 
673, 37211.1389171708 
674, 37252.755028698 
675, 37300.9393649213 
676, 37331.0624839814 
677, 37344.3450517873 
678, 37362.3984164241 
679, 37369.4001606988 
680, 37361.176109812 
681, 37340.4236145254 
682, 37316.9613832282 
683, 37233.1617203009 
684, 36922.5140418683 
685, 36084.6126912576 
686, 34579.7227962139 
687, 32499.2655789019 
688, 30371.6127154927 
689, 29758.7016999201 
690, 30568.6666638352 
691, 32144.6180076867 
692, 33524.1213924823 
693, 34722.7528939588 
694, 35581.0579194015 
695, 36082.9932507258 
696, 36415.4355151406 
697, 36688.061089883 
698, 36855.695859398 
699, 36860.7874109122 
700, 36779.0175499495 
701, 36696.6961414526 
702, 36694.2644506653 
703, 36836.0591758515 
704, 37134.1666785522 
705, 37470.4655210758 
706, 37740.5920581386 
707, 37885.4214448227 
708, 38007.4994220282 
709, 38120.3277577912 
710, 38218.4260436523 
711, 38322.9796323459 
712, 38389.6522040557 
713, 38410.0315509265 
714, 38383.4704623701 
715, 38230.3440449742 
716, 37800.3122537078 
717, 37021.7000420261 
718, 35935.0120184887 
719, 35042.4780242933 
720, 34760.2101169545 
721, 35237.7190959954 
722, 36123.4487313334 
723, 36679.5582324659 
724, 36721.7805925749 
725, 36467.5816597067 
726, 36466.3237833303 
727, 36590.0624853474 
728, 36709.28489794 
729, 36773.985520178 
730, 37000.2530922495 
731, 37412.9681410197 
732, 37960.2082957945 
733, 38539.8109265222 
734, 39022.5376267428 
735, 39309.2085459595 
736, 39363.0237949745 
737, 39313.1350308113 
738, 39238.4883979083 
739, 39155.7165187548 
740, 39037.6227591173 
741, 38990.7558268946 
742, 39033.1881342383 
743, 39149.9770291282 
744, 39304.1505707918 
745, 39399.7517847361 
746, 39434.0950789228 
747, 39428.5899032332 
748, 39366.6312818302 
749, 39226.204902724 
750, 39040.4929655921 
751, 38879.3766366815 
752, 38801.4149617544 
753, 38781.0697633983 
754, 38773.6514441981 
755, 38723.0835147987 
756, 38532.4822804401 
757, 37729.4243607681 
758, 35519.3844428435 
759, 30473.5680115403 
760, 23206.4483928109 
761, 16354.2184159367 
762, 12916.6291527762 
763, 13250.8542621118 
764, 15468.1923302278 
765, 18707.5534941353 
766, 22997.6192634747 
767, 27544.9496379145 
768, 31385.4842480713 
769, 33971.3637953787 
770, 35373.0283308522 
771, 36035.5922659024 
772, 36274.1247276693 
773, 36316.5490426718 
774, 36275.1188969785 
775, 36171.4152216329 
776, 36043.6289254744 
777, 35918.6160650799 
778, 35757.9637084059 
779, 35568.9599527372 
780, 35380.847641287 
781, 35230.9538315221 
782, 35064.9047520939 
783, 34867.2239328117 
784, 34646.1681757016 
785, 34435.318162267 
786, 34228.3370299351 
787, 33987.832389372 
788, 33685.913984039 
789, 33342.4966468642 
790, 32972.9218661532 
791, 32584.7388130006 
792, 32186.5040027174 
793, 31800.2087948507 
794, 31490.9182629347 
795, 31295.234513029 
796, 31210.3574493337 
797, 31144.6825575397 
798, 31016.7031663582 
799, 30793.0033847635 
800, 30500.3914210459 
801, 30190.7418526559 
802, 29904.9808306833 
803, 29655.9665001591 
804, 29405.9931296993 
805, 29182.1620534166 
806, 28974.7379645505 
807, 28754.1770362171 
808, 28471.5032463809 
809, 28141.6703557745 
810, 27788.6780687637 
811, 27426.0389742968 
812, 26990.9724576572 
813, 26416.724375165 
814, 25694.6131656466 
815, 24882.632164835 
816, 24121.4317254412 
817, 23512.1990805964 
818, 23121.1529227305 
819, 22974.955070008 
820, 22905.836133772 
821, 22802.7862232445 
822, 22623.7382512821 
823, 22428.258932494 
824, 22305.4287801426 
825, 22315.5110317078 
826, 22423.4089917022 
827, 22346.5093247648 
828, 22098.9811626039 
829, 21782.0338419272 
830, 21527.1694656834 
831, 21344.1631867448 
832, 21198.5015657273 
833, 21073.3385404878 
834, 20972.2715839917 
835, 20912.9821214195 
836, 20872.9808786396 
837, 20815.1499027565 
838, 20696.3736819296 
839, 20529.0766827835 
840, 20332.4375819638 
841, 20121.626879852 
842, 19900.668971716 
843, 19673.1868131738 
844, 19448.2488849143 
845, 19230.2049561162 
846, 19014.8512613113 
847, 18750.9614329085 
848, 18436.0600640911 
849, 18088.8638808064 
850, 17732.9039026397 
851, 17324.4415975366 
852, 16908.1065240966 
853, 16561.390759082 
854, 16298.2274491466 
855, 16088.259161554 
856, 15992.5662274628 
857, 16092.3310540223 
858, 16238.461675465 
859, 16260.2902960203 
860, 16130.2344632299 
861, 15945.9458509998 
862, 15722.8463406791 
863, 15441.5618793096 
864, 15107.7579023326 
865, 14761.9799648772 
866, 14437.5654847339 
867, 14164.4610028406 
868, 13985.4917916685 
869, 13956.9916408986 
870, 13983.4744902466 
871, 13956.950405143 
872, 13830.0892913938 
873, 13662.9390939405 
874, 13482.5511369306 
875, 13300.8674558396 
876, 13121.7559262614 
877, 12945.7751547634 
878, 12776.8062473798 
879, 12610.4098563023 
880, 12441.7500126266 
881, 12272.3078958956 
882, 12103.6857796104 
883, 11944.0641275405 
884, 11797.4562794714 
885, 11649.5665014258 
886, 11489.0608067721 
887, 11320.9849298197 
888, 11156.1416671301 
889, 10996.3929674047 
890, 10839.0228911105 
891, 10666.0856895794 
892, 10456.665743151 
893, 10209.765373355 
894, 9926.68715131135 
895, 9614.82413949076 
896, 9286.08967524743 
897, 8951.54513561207 
898, 8637.41346754864 
899, 8373.6044254961 
900, 8184.74324780235 
901, 8069.53491542662 
902, 8009.20449860878 
903, 7976.70081016795 
904, 7942.75196992764 
905, 7891.74058169086 
906, 7806.08747575982 
907, 7670.71034121841 
908, 7483.19170930013 
909, 7287.5051464951 
910, 7120.11834238589 
911, 6996.07259715485 
912, 6908.98693503249 
913, 6834.38780973427 
914, 6760.04804943175 
915, 6684.74710316585 
916, 6615.63850207135 
917, 6560.54962173771 
918, 6514.49739545011 
919, 6470.97735711143 
920, 6424.21716067348 
921, 6374.85191036937 
922, 6312.01330492847 
923, 6225.45899598347 
924, 6107.98834936791 
925, 5959.7976840019 
926, 5785.48198756114 
927, 5577.98551322328 
928, 5324.7874213899 
929, 5028.43903211951 
930, 4697.20597949176 
931, 4346.47615377832 
932, 3999.84130905366 
933, 3694.09068521948 
934, 3450.13783038832 
935, 3281.47341000041 
936, 3190.80800774249 
937, 3162.82680788812 
938, 3177.37042904977 
939, 3208.41409174672 
940, 3233.69001022987 
941, 3254.269987206 
942, 3255.86275416329 
943, 3224.82724061249 
944, 3157.99540761137 
945, 3077.56339363629 
946, 3010.66201046256 
947, 2969.87402444687 
948, 2952.88744640802 
949, 2939.68387805226 
950, 2927.86798434972 
951, 2915.07164309615 
952, 2899.20925425399 
953, 2876.78353318327 
954, 2857.48633371337 
955, 2839.93835241782 
956, 2822.77541253991 
957, 2810.90484582875 
958, 2801.00029904526 
959, 2792.46106795556 
960, 2786.15830942825 
961, 2783.79868834478 
962, 2779.36477420965 
963, 2776.863373901 
964, 2777.08121412959 
965, 2775.01567341163 
966, 2770.50499474845 
967, 2761.23939777007 
968, 2745.435153999 
969, 2723.01429164063 
970, 2699.90695191348 
971, 2670.46648294706 
972, 2631.89420734093 
973, 2585.14524738073 
974, 2533.83072960922 
975, 2478.6961155145 
976, 2424.4196854053 
977, 2376.39388352689 
978, 2335.8701258558 
979, 2300.46724984778 
980, 2269.15611986358 
981, 2240.30482065882 
982, 2210.08552461813 
983, 2176.3481233295 
984, 2142.42540363984 
985, 2108.54150288253 
986, 2068.3464026531 
987, 2028.78117022735 
988, 1988.95954186851 
989, 1947.45368252775 
990, 1904.29393521722 
991, 1862.58457760627 
992, 1821.26343043834 
993, 1779.53740182965 
994, 1737.37256784385 
995, 1695.33770737787 
996, 1654.15092949029 
997, 1612.94077605419 
998, 1570.6845620593 
999, 1528.02291796575 
1000, 1487.36592896357 
1001, 9253.2414389561 
1002, 9223.4967288819 
1003, 9198.18631787119 
1004, 9178.88586770419 
1005, 9167.81416815629 
1006, 9166.37758569256 
1007, 9171.84499204375 
1008, 9185.38302520749 
1009, 9202.08571778099 
1010, 9225.50431580594 
1011, 9253.25132481064 
1012, 9286.98871917978 
1013, 9319.0728054991 
1014, 9360.60057380809 
1015, 9397.24518100833 
1016, 9437.05059902437 
1017, 9481.97292739901 
1018, 9523.79055686812 
1019, 9568.93228665107 
1020, 9615.70207603841 
1021, 9669.87796185392 
1022, 9723.61304279868 
1023, 9781.25903164383 
1024, 9834.92821991257 
1025, 9895.77291453733 
1026, 9949.65396983516 
1027, 9998.99210914341 
1028, 10062.4456036521 
1029, 10115.7731313466 
1030, 10160.2458836029 
1031, 10210.7064587818 
1032, 10256.9225703517 
1033, 10302.1978834881 
1034, 10347.4444067493 
1035, 10387.7277751194 
1036, 10426.1625205864 
1037, 10456.7709577726 
1038, 10481.3716151918 
1039, 10512.8427836601 
1040, 10544.9694710596 
1041, 10575.5646412991 
1042, 10613.7829567971 
1043, 10646.8913543364 
1044, 10677.5434430648 
1045, 10707.2781938388 
1046, 10731.6643195872 
1047, 10760.8984682794 
1048, 10790.7966967553 
1049, 10821.6452553017 
1050, 10853.756839659 
1051, 10893.7026757094 
1052, 10932.1309798923 
1053, 10968.4749588656 
1054, 11013.5207274862 
1055, 11056.8339982208 
1056, 11094.641418082 
1057, 11140.7705998544 
1058, 11192.8692352764 
1059, 11251.5043233306 
1060, 11319.9033492644 
1061, 11401.0462941182 
1062, 11485.7870342913 
1063, 11576.8051858374 
1064, 11672.319643027 
1065, 11780.2309628739 
1066, 11899.5989594227 
1067, 12018.4248325746 
1068, 12150.6904732765 
1069, 12295.3069367801 
1070, 12438.6358779732 
1071, 12601.8306323712 
1072, 12769.0209094526 
1073, 12931.7910412957 
1074, 13102.4255758686 
1075, 13259.5558034017 
1076, 13413.8818356985 
1077, 13557.0909784777 
1078, 13680.6333569127 
1079, 13797.6898853147 
1080, 13900.499707777 
1081, 13991.916292323 
1082, 14081.7927773422 
1083, 14158.345109344 
1084, 14229.2197856837 
1085, 14300.4960043804 
1086, 14368.8576594114 
1087, 14442.6452639021 
1088, 14497.7994436276 
1089, 14551.8005071363 
1090, 14582.7048595186 
1091, 14594.8359616606 
1092, 14595.0964626971 
1093, 14579.1367861421 
1094, 14555.6009035643 
1095, 14532.8241861689 
1096, 14503.8260816171 
1097, 14473.0049531286 
1098, 14440.1949094745 
1099, 14410.7348470778 
1100, 14380.8551303909 
1101, 14349.2455751181 
1102, 14330.0691635447 
1103, 14288.7587316741 
1104, 14245.7670402335 
1105, 14180.4163256889 
1106, 14098.2294279093 
1107, 13983.5174212953 
1108, 13818.2243834489 
1109, 13599.0018187709 
1110, 13301.7636087971 
1111, 12942.139357201 
1112, 12523.7042949951 
1113, 12020.5093095214 
1114, 11512.57645545 
1115, 10915.4102163857 
1116, 10378.8350259166 
1117, 9793.75765980203 
1118, 9299.72145399467 
1119, 8843.6673110321 
1120, 8436.64545897015 
1121, 8098.54222775709 
1122, 7826.466797085 
1123, 7629.29305462192 
1124, 7493.64990314055 
1125, 7432.10595415736 
1126, 7469.71156564409 
1127, 7508.95311257993 
1128, 7621.61266166422 
1129, 7723.99694953332 
1130, 7855.28220209453 
1131, 7983.70402358971 
1132, 8107.46994832653 
1133, 8267.50034739753 
1134, 8436.93123128771 
1135, 8630.4517397339 
1136, 8904.91113143393 
1137, 9178.54120812193 
1138, 9446.39975643435 
1139, 9698.65013738796 
1140, 9867.5561646433 
1141, 9994.16482112409 
1142, 10048.9496536792 
1143, 10005.1866461119 
1144, 9984.43770873279 
1145, 9840.802166044 
1146, 9834.47683231608 
1147, 9841.80301225074 
1148, 9939.52782790894 
1149, 10130.087431359 
1150, 10365.5328116431 
1151, 10666.845020915 
1152, 11001.4441109238 
1153, 11351.3011793051 
1154, 11757.6039459093 
1155, 12135.1215314079 
1156, 12534.4647338175 
1157, 12903.06058521 
1158, 13272.1538452324 
1159, 13609.9176920562 
1160, 13936.0494209222 
1161, 14227.5329907919 
1162, 14498.5199871813 
1163, 14734.4209506087 
1164, 14939.1600214793 
1165, 15110.6826087872 
1166, 15257.7170819897 
1167, 15372.9697050096 
1168, 15462.9053569699 
1169, 15525.4994331435 
1170, 15563.4129224346 
1171, 15571.1832117921 
1172, 15559.109147253 
1173, 15514.611584115 
1174, 15465.7376353874 
1175, 15393.7611812835 
1176, 15316.8815009896 
1177, 15223.2752649113 
1178, 15131.9660618436 
1179, 15023.4569561775 
1180, 14926.4476415445 
1181, 14827.8530926384 
1182, 14740.3522836307 
1183, 14666.0660001556 
1184, 14595.9527582213 
1185, 14548.0096676398 
1186, 14517.1208712699 
1187, 14497.3845735124 
1188, 14496.5282977779 
1189, 14499.3131479554 
1190, 14533.5962814634 
1191, 14535.5144230849 
1192, 14548.7214420223 
1193, 14525.0568070565 
1194, 14471.7367415845 
1195, 14405.5136800499 
1196, 14315.2175543167 
1197, 14209.2207951989 
1198, 14102.3367231098 
1199, 13974.4281545671 
1200, 13867.3830107744 
1201, 13751.8211128348 
1202, 13665.6744244405 
1203, 13589.0375897187 
1204, 13535.7109696544 
1205, 13509.7761858144 
1206, 13484.9755592599 
1207, 13476.0944766137 
1208, 13473.7656493813 
1209, 13482.1762874647 
1210, 13492.4698392041 
1211, 13521.2391481463 
1212, 13539.349095234 
1213, 13554.4925495255 
1214, 13571.7839223569 
1215, 13572.6334397339 
1216, 13565.8817651056 
1217, 13550.9339993785 
1218, 13520.2257571722 
1219, 13495.387994534 
1220, 13466.7458265195 
1221, 13436.8870876733 
1222, 13403.7836055625 
1223, 13373.5955382026 
1224, 13334.7228066429 
1225, 13309.6802001985 
1226, 13298.5975201748 
1227, 13280.9338056916 
1228, 13268.5165599477 
1229, 13254.2769261477 
1230, 13238.0904598027 
1231, 13217.7171691967 
1232, 13195.714185008 
1233, 13178.8580269542 
1234, 13146.8777914441 
1235, 13106.7032593195 
1236, 13060.9773878467 
1237, 13003.5381700512 
1238, 12948.8436944437 
1239, 12889.802096868 
1240, 12829.9986933447 
1241, 12765.910256256 
1242, 12706.1061212136 
1243, 12647.5621149837 
1244, 12587.5650792727 
1245, 12531.3089749011 
1246, 12473.0309539985 
1247, 12409.6353107896 
1248, 12344.2066080871 
1249, 12270.6738853267 
1250, 12197.8732246177 
1251, 12105.8843748828 
1252, 12006.4726325233 
1253, 11889.1428991563 
1254, 11757.9992261818 
1255, 11611.5317062548 
1256, 11451.3501841011 
1257, 11275.0136110363 
1258, 11078.7952845136 
1259, 10874.5532584198 
1260, 10640.9977986445 
1261, 10422.000870378 
1262, 10188.5917538829 
1263, 9970.75684144494 
1264, 9786.70102716009 
1265, 9604.50833968192 
1266, 9493.75923843272 
1267, 9412.66351885363 
1268, 9400.88420934165 
1269, 9447.25706774909 
1270, 9539.66875052382 
1271, 9709.10215639141 
1272, 9875.96862746398 
1273, 10108.1843583916 
1274, 10302.9824083177 
1275, 10519.0218864107 
1276, 10695.2502097972 
1277, 10850.2325732466 
1278, 10988.7275434053 
1279, 11104.3914371557 
1280, 11197.8003460103 
1281, 11283.4242245752 
1282, 11370.4236451024 
1283, 11460.2804536045 
1284, 11546.6908041208 
1285, 11634.5787683381 
1286, 11733.8442048474 
1287, 11809.5938616672 
1288, 11878.9967421023 
1289, 11934.996268341 
1290, 11974.7243383046 
1291, 12010.0565923558 
1292, 12039.0542396299 
1293, 12055.3410299488 
1294, 12057.0711232666 
1295, 12057.6171121443 
1296, 12047.4525897303 
1297, 12035.5551719019 
1298, 12021.9474118254 
1299, 12003.3597215216 
1300, 11977.7401389923 
1301, 11949.0813336773 
1302, 11920.8618249878 
1303, 11892.7575180191 
1304, 11856.3486509654 
1305, 11818.4751678361 
1306, 11772.7943809352 
1307, 11716.6120912614 
1308, 11662.15389128 
1309, 11601.1680161096 
1310, 11545.4464081752 
1311, 11489.8672537013 
1312, 11434.7176266994 
1313, 11377.4787495233 
1314, 11329.026313291 
1315, 11283.6871898728 
1316, 11242.2552888013 
1317, 11208.4805499555 
1318, 11178.4441076151 
1319, 11148.1332631689 
1320, 11112.9152821075 
1321, 11077.4271790955 
1322, 11033.3654981913 
1323, 10966.1106373268 
1324, 10890.8165241746 
1325, 10784.1259794139 
1326, 10648.6527653548 
1327, 10503.380007893 
1328, 10322.7467474777 
1329, 10159.5835200138 
1330, 9968.38140509989 
1331, 9824.59486742827 
1332, 9690.74295632318 
1333, 9593.38947757102 
1334, 9545.96005292537 
1335, 9495.3585538881 
1336, 9475.16118683774 
1337, 9451.48361667655 
1338, 9416.8489690643 
1339, 9341.99919660192 
1340, 9217.82382712468 
1341, 9030.28865404152 
1342, 8757.77728076747 
1343, 8413.58862506312 
1344, 8000.8977853218 
1345, 7494.59393210301 
1346, 6960.60359907895 
1347, 6339.78939195206 
1348, 5741.67829413413 
1349, 5088.92073101274 
1350, 4483.02787261509 
1351, 3859.86666977897 
1352, 3301.53403526641 
1353, 2753.51224448617 
1354, 2279.00342030695 
1355, 1860.65636193627 
1356, 1496.77820530331 
1357, 1185.60711481938 
1358, 938.71641905552 
1359, 736.443314924247 
1360, 577.960436230699 
1361, 470.203549240935 
1362, 395.535132025162 
1363, 343.61500661351 
1364, 316.74949439854 
1365, 291.816950700312 
1366, 277.545014165609 
1367, 274.544418628908 
1368, 284.037254030658 
1369, 301.581534960958 
1370, 330.455779477184 
1371, 368.707086080875 
1372, 424.248724837292 
1373, 473.571215151474 
1374, 539.010349249169 
1375, 585.614944863249 
1376, 634.065802181889 
1377, 656.132695836119 
1378, 663.298282318927 
1379, 650.386146142128 
1380, 622.115229914074 
1381, 591.709393205432 
1382, 570.950812149418 
1383, 569.660177741015 
1384, 586.578218145056 
1385, 627.757742156915 
1386, 684.801834021617 
1387, 750.226521186199 
1388, 809.023649237497 
1389, 878.980258215414 
1390, 928.458755634923 
1391, 970.667196209483 
1392, 1002.88119303167 
1393, 1020.59216291216 
1394, 1037.59650142076 
1395, 1042.3498556865 
1396, 1055.41895336308 
1397, 1065.41294636367 
1398, 1083.57225066349 
1399, 1104.87355221127 
1400, 1132.83561301846 
1401, 1168.1332957505 
1402, 1203.8831651738 
1403, 1243.42488976375 
1404, 1288.76179075267 
1405, 1330.6099717225 
1406, 1379.80665779445 
1407, 1437.78879827217 
1408, 1500.54706413231 
1409, 1569.01719317306 
1410, 1644.07555371569 
1411, 1720.2681194 
1412, 1801.27900780659 
1413, 1880.36534239246 
1414, 1970.07177468934 
1415, 2038.08655747988 
1416, 2100.57254672272 
1417, 2150.03437369429 
1418, 2181.63463044353 
1419, 2213.32168455257 
1420, 2238.38298401652 
1421, 2259.52906658706 
1422, 2279.37984531727 
1423, 2287.02560860657 
1424, 2294.9067049378 
1425, 2280.85030013245 
1426, 2251.84175444961 
1427, 2208.41706127538 
1428, 2148.37017707161 
1429, 2070.97602792719 
1430, 1988.52231647277 
1431, 1899.38034970934 
1432, 1804.90559864777 
1433, 1719.54814370955 
1434, 1641.57510300768 
1435, 1569.47421787616 
1436, 1506.24059324703 
1437, 1448.58277288956 
1438, 1395.37158630368 
1439, 1346.06495199144 
1440, 1304.21288001277 
1441, 1272.64691411122 
1442, 1236.67311393783 
1443, 1203.21968138261 
1444, 1170.32715957828 
1445, 1139.06485383031 
1446, 1104.90420254189 
1447, 1071.2648022945 
1448, 1037.15669283611 
1449, 995.28557805329 
1450, 963.769437321007 
1451, 939.768597275814 
1452, 915.473923510628 
1453, 898.105406841941 
1454, 875.696481851824 
1455, 850.702660294908 
1456, 827.151361284704 
1457, 801.777781112338 
1458, 774.391487974278 
1459, 745.92712384676 
1460, 708.683758320457 
1461, 664.710858391955 
1462, 620.727565926128 
1463, 579.813166178645 
1464, 536.660806630918 
1465, 496.145890991594 
1466, 457.934431275679 
1467, 423.506776374085 
1468, 386.903869515642 
1469, 360.973997825444 
1470, 344.908043309503 
1471, 325.094386003661 
1472, 306.649877004872 
1473, 295.001638686506 
1474, 285.734985059615 
1475, 278.322079198851 
1476, 280.871328001615 
1477, 276.791858257329 
1478, 269.271282562993 
1479, 263.757733234645 
1480, 258.562704751496 
1481, 252.207714554476 
1482, 242.253042095808 
1483, 238.28583091426 
1484, 237.068830479448 
1485, 235.659217536614 
1486, 238.091740435489 
1487, 241.400982924263 
1488, 240.032282577352 
1489, 241.53582657733 
1490, 248.636972591894 
1491, 253.496088580557 
1492, 257.347344510094 
1493, 259.369463984937 
1494, 259.343220872107 
1495, 261.025647901331 
1496, 263.78500386397 
1497, 270.969573859018 
1498, 275.409290901681 
1499, 279.665957145203 
1500, 282.670929870636 
1501, 282.918955946824 
1502, 286.888119816357 
1503, 294.32063069301 
1504, 296.551951367142 
1505, 298.417003671495 
1506, 300.205781879327 
1507, 295.606044961 
1508, 297.510828887999 
1509, 305.948421158492 
1510, 310.489606054952 
1511, 314.290592007611 
1512, 318.88229845504 
1513, 323.32678085783 
1514, 324.911995354547 
1515, 325.394094497092 
1516, 328.424458374466 
1517, 329.094946864462 
1518, 332.915199803055 
1519, 340.936686071067 
1520, 347.24945484853 
1521, 354.660754957557 
1522, 360.412716115905 
1523, 362.911025171997 
1524, 367.395910317063 
1525, 367.534913417408 
1526, 372.649792833313 
1527, 382.551491889396 
1528, 388.299982011246 
1529, 393.097418992031 
1530, 396.010345156667 
1531, 393.411789445667 
1532, 390.948347589726 
1533, 394.655721561374 
1534, 395.819263113196 
1535, 399.363552981229 
1536, 406.490405015587 
1537, 411.980878664218 
1538, 417.04492196302 
1539, 423.119323237246 
1540, 430.945201685574 
1541, 435.748731721104 
1542, 439.716795919187 
1543, 442.186063957446 
1544, 440.788971062385 
1545, 443.605202850603 
1546, 445.355884018488 
1547, 452.485864722455 
1548, 465.255393316072 
1549, 475.558004978977 
1550, 491.649650735908 
1551, 498.854383292137 
1552, 500.272938076675 
1553, 503.275223703855 
1554, 497.70975815616 
1555, 501.636469378701 
1556, 513.654503590529 
1557, 521.683178475036 
1558, 534.966488482116 
1559, 542.51455024329 
1560, 540.202974659353 
1561, 544.839726356954 
1562, 550.661635922756 
1563, 558.144471016129 
1564, 572.199103993228 
1565, 583.165063506876 
1566, 595.861554322003 
1567, 603.52191235481 
1568, 607.662544366589 
1569, 611.158865434447 
1570, 611.683502799786 
1571, 608.126737038728 
1572, 604.437848540549 
1573, 604.896534879021 
1574, 611.995682335084 
1575, 618.076336175719 
1576, 627.806446461188 
1577, 642.798211945293 
1578, 656.71356773394 
1579, 670.185252101353 
1580, 684.272102847185 
1581, 701.236991736712 
1582, 716.104340049428 
1583, 728.413063075665 
1584, 744.296789881521 
1585, 762.634256384456 
1586, 778.492814659003 
1587, 796.102506809615 
1588, 808.59765809835 
1589, 817.517083402142 
1590, 827.553729688073 
1591, 834.290004414937 
1592, 844.355941250637 
1593, 857.373712878251 
1594, 867.165723029814 
1595, 879.156000137196 
1596, 883.627721210655 
1597, 883.504179491732 
1598, 882.312762134133 
1599, 873.707534811937 
1600, 871.320839656705 
1601, 869.252992965525 
1602, 869.727572085718 
1603, 873.961399039821 
1604, 877.586831230453 
1605, 881.427100747246 
1606, 887.889347036761 
1607, 895.714560530317 
1608, 904.592854010221 
1609, 916.847279910561 
1610, 927.638918228001 
1611, 938.043872642298 
1612, 948.770829277225 
1613, 961.176750919117 
1614, 970.256556117509 
1615, 978.923330379481 
1616, 985.546884126378 
1617, 988.453817605559 
1618, 991.944995318504 
1619, 994.018132783104 
1620, 997.263876982166 
1621, 1000.52747151094 
1622, 1004.22788384847 
1623, 1007.31323028613 
1624, 1012.64237276817 
1625, 1021.55465011395 
1626, 1026.92322063512 
1627, 1032.75148150214 
1628, 1037.00871529345 
1629, 1037.0373774564 
1630, 1038.20818202723 
1631, 1039.68882546215 
1632, 1041.59854507976 
1633, 1046.65323159091 
1634, 1046.15701375657 
1635, 1041.27603761172 
1636, 1038.29057675337 
1637, 1030.7000492038 
1638, 1026.35062164401 
1639, 1026.87808688962 
1640, 1025.65114025068 
1641, 1020.67549978613 
1642, 1021.41195531666 
1643, 1026.63306464145 
1644, 1030.31863880362 
1645, 1038.16038384454 
1646, 1044.08798725439 
1647, 1044.09362207325 
1648, 1049.30758010697 
1649, 1058.68135049664 
1650, 1067.30055580533 
1651, 1077.11215154691 
1652, 1090.66920525736 
1653, 1098.75557694161 
1654, 1103.91032827365 
1655, 1111.68142727448 
1656, 1119.76354258265 
1657, 1123.97289179935 
1658, 1127.45879988913 
1659, 1131.65839775276 
1660, 1133.61605232711 
1661, 1133.81181592503 
1662, 1135.61300804721 
1663, 1133.94910386459 
1664, 1124.57782205826 
1665, 1127.57062323476 
1666, 1135.88952390642 
1667, 1141.68795318806 
1668, 1152.29296817682 
1669, 1159.06310930391 
1670, 1162.24016442783 
1671, 1169.58765077774 
1672, 1179.62527092504 
1673, 1186.68433766395 
1674, 1195.19490226023 
1675, 1197.32140956615 
1676, 1193.89918126091 
1677, 1197.10466178226 
1678, 1199.44300017341 
1679, 1202.83674012395 
1680, 1210.56025677675 
1681, 1216.68641433802 
1682, 1220.89928262001 
1683, 1225.50993814371 
1684, 1232.67838761255 
1685, 1236.3185595912 
1686, 1236.18143998691 
1687, 1238.4012553076 
1688, 1239.02277339855 
1689, 1246.66614625855 
1690, 1259.16481231649 
1691, 1266.55337831959 
1692, 1278.11346454869 
1693, 1282.79774841091 
1694, 1279.1996855697 
1695, 1283.14359565357 
1696, 1289.00450317047 
1697, 1293.48664711794 
1698, 1301.07968718643 
1699, 1302.24177494418 
1700, 1298.61890111003 
1701, 1299.7579837163 
1702, 1299.85208282924 
1703, 1301.73749563045 
1704, 1308.93052794763 
1705, 1306.7975132488 
1706, 1299.09205514166 
1707, 1296.32808862684 
1708, 1289.67949034466 
1709, 1291.51585619746 
1710, 1300.05529250664 
1711, 1304.90695978081 
1712, 1312.05066894103 
1713, 1315.84515437713 
1714, 1317.77871156949 
1715, 1316.692477133 
1716, 1320.7863111452 
1717, 1316.78189474207 
1718, 1315.42102401586 
1719, 1314.77008720734 
1720, 1307.18756419026 
1721, 1309.03376436565 
1722, 1310.88165776807 
1723, 1307.64334624261 
1724, 1307.12289616468 
1725, 1303.30453971613 
1726, 1298.32003899262 
1727, 1297.24243020779 
1728, 1294.7367736455 
1729, 1291.52428563301 
1730, 1291.30545276681 
1731, 1287.42485361768 
1732, 1281.1620221971 
1733, 1276.38025461317 
1734, 1268.21456027516 
1735, 1261.58754552718 
1736, 1260.52722473727 
1737, 1262.39627386302 
1738, 1264.31447925984 
1739, 1265.82418578685 
1740, 1265.59264644003 
1741, 1262.99513572814 
1742, 1263.21167475556 
1743, 1264.95776048802 
1744, 1266.84272365286 
1745, 1267.05304797691 
1746, 1264.66044923868 
1747, 1265.5453351892 
1748, 1270.07951720345 
1749, 1275.37510789605 
1750, 1279.59076871606 
1751, 1280.76324057185 
1752, 1277.32850673039 
1753, 1269.42402913652 
1754, 1264.49481399191 
1755, 1262.00838739458 
1756, 1260.90331045029 
1757, 1262.15976941219 
1758, 1254.79674532384 
1759, 1241.69098024691 
1760, 1227.87002465677 
1761, 1215.01603061732 
1762, 1209.43690407518 
1763, 1207.70492212901 
1764, 1204.20463422893 
1765, 1205.26197972981 
1766, 1199.57451199222 
1767, 1187.36274973723 
1768, 1180.17150775273 
1769, 1171.58570515152 
1770, 1164.13715752425 
1771, 1164.04037052727 
1772, 1154.47793331055 
1773, 1136.60330581295 
1774, 1123.80643870693 
1775, 1109.71280347928 
1776, 1097.66524549047 
1777, 1089.94766602441 
1778, 1078.66361213873 
1779, 1062.20831027026 
1780, 1050.08165051543 
1781, 1040.95591204377 
1782, 1031.73258346233 
1783, 1025.41040940981 
1784, 1017.56126990986 
1785, 1010.17965870961 
1786, 998.191811001994 
1787, 984.532627917996 
1788, 968.362487790577 
1789, 947.834448668837 
1790, 928.881157142142 
1791, 911.246805184124 
1792, 887.433828648059 
1793, 859.760321162357 
1794, 833.653279901303 
1795, 803.187592133959 
1796, 776.51275554005 
1797, 753.118138259689 
1798, 725.044531407678 
1799, 691.993249416541 
1800, 659.152667758328 
1801, 3690.59422901169 
1802, 3522.22574805346 
1803, 3386.16874731881 
1804, 3256.07921476885 
1805, 3170.85029226212 
1806, 3111.2187270902 
1807, 3045.84914817777 
1808, 2972.72597197185 
1809, 2923.9332384234 
1810, 2835.22171298693 
1811, 2721.19750175886 
1812, 2605.222266479 
1813, 2477.88377712967 
1814, 2323.36369669909 
1815, 2178.55352502384 
1816, 2059.79637239215 
1817, 1949.63433553242 
1818, 1866.70998150489 
1819, 1786.06396859907 
1820, 1722.92968360319 
1821, 1656.19352990474 
1822, 1600.51982432088 
1823, 1540.83227557423 
1824, 1471.84955465324 
1825, 1390.1688145011 
1826, 1284.85422992045 
1827, 1164.45200830847 
1828, 1047.73302135299 
1829, 917.435639752575 
1830, 799.444102703266 
1831, 673.754301399141 
1832, 571.773655927955 
1833, 489.127395656779 
1834, 430.205886388276 
1835, 411.60046548481 
1836, 373.714255723639 
1837, 334.821621457819 
1838, 294.97251845153 
1839, 261.460384926525 
1840, 218.229700489835 
1841, 209.558754255503 
1842, 224.213905180859 
1843, 239.241973339167 
1844, 248.41496646162 
1845, 268.480358410431 
1846, 277.234848834317 
1847, 267.525359385145 
1848, 290.329933564934 
1849, 304.658539543811 
1850, 304.785459551824 
1851, 290.174099477168 
1852, 285.056020346251 
1853, 284.926517391572 
1854, 282.653174542333 
1855, 274.551365542474 
1856, 274.803494785995 
1857, 268.219323453592 
1858, 272.15743606892 
1859, 286.119320800049 
1860, 314.143478136195 
1861, 349.468955540382 
1862, 391.936545986229 
1863, 416.665570479253 
1864, 421.700208733268 
1865, 411.944992273653 
1866, 382.741989951575 
1867, 337.348488524204 
1868, 290.886179278857 
1869, 266.232342628408 
1870, 234.85303489168 
1871, 198.442715915703 
1872, 163.644657191041 
1873, 165.497796008046 
1874, 168.924614338922 
1875, 196.215990378283 
1876, 232.080296632364 
1877, 243.221633972484 
1878, 254.949753418302 
1879, 259.298257911063 
1880, 276.817618488141 
1881, 307.118950215698 
1882, 337.739140300387 
1883, 348.675881776407 
1884, 363.943088630786 
1885, 363.672548428241 
1886, 362.85611017378 
1887, 355.245379450884 
1888, 344.305061312842 
1889, 328.693973395735 
1890, 301.017091946645 
1891, 288.957848499577 
1892, 291.220209915913 
1893, 286.68590458999 
1894, 282.048546087849 
1895, 281.015979596112 
1896, 247.593909844854 
1897, 197.1590529765 
1898, 144.833879033493 
1899, 109.584165466119 
1900, 90.7037671874419 
1901, 103.425990452973 
1902, 96.1389680940257 
1903, 98.2675755856419 
1904, 82.7083865793885 
1905, 60.5435236724026 
1906, 37.7245874899364 
1907, 31.8298302376226 
1908, 29.410987574797 
1909, 15.4543330424368 
1910, 9.51899231689052 
1911, 10.2994384105615 
1912, 17.7970372091982 
1913, 25.8960418659061 
1914, 38.9123553354748 
1915, 52.7852027532159 
1916, 81.175926526234 
1917, 93.2160230768082 
1918, 118.7267083462 
1919, 139.852120724672 
1920, 130.733261611517 
1921, 132.198908205699 
1922, 128.304825240757 
1923, 101.341541683868 
1924, 103.832434550648 
1925, 132.359370196178 
1926, 134.406492092755 
1927, 130.97153672341 
1928, 146.997647300163 
1929, 144.435454302581 
1930, 128.973370685794 
1931, 129.43596022998 
1932, 131.229951834462 
1933, 132.175548088056 
1934, 137.869929717038 
1935, 136.446981045129 
1936, 135.806308176308 
1937, 125.261182426126 
1938, 115.388275498246 
1939, 91.1911042924982 
1940, 76.3775843845828 
1941, 72.61471094891 
1942, 67.498854823819 
1943, 77.1203469588068 
1944, 80.7930651366359 
1945, 91.8292996360762 
1946, 93.482817415346 
1947, 91.0098289123685 
1948, 86.3565561569302 
1949, 82.0223052983422 
1950, 62.6318062647684 
1951, 52.3683114394102 
1952, 52.0240450997369 
1953, 36.2733591467167 
1954, 47.3625366292421 
1955, 55.0302169794237 
1956, 57.572712306792 
1957, 65.3469129029806 
1958, 99.5508769235423 
1959, 103.666736056127 
1960, 92.4795014045893 
1961, 89.1303223659034 
1962, 63.4297815696584 
1963, 26.4104868110634 
1964, 19.8715020412084 
1965, 21.5001625836437 
1966, 34.58968018094 
1967, 79.575207275644 
1968, 101.841404448617 
1969, 125.668197638437 
1970, 141.971594633963 
1971, 147.344222846517 
1972, 146.65375800652 
1973, 139.80737045544 
1974, 132.92605240274 
1975, 113.373076390677 
1976, 116.401021094536 
1977, 121.290494654579 
1978, 121.545383798663 
1979, 114.600353767568 
1980, 98.5470835634908 
1981, 95.7693912941328 
1982, 81.1559444340848 
1983, 85.7401816879648 
1984, 121.600858050184 
1985, 135.52894330763 
1986, 146.310611503961 
1987, 157.224609329326 
1988, 168.429421412296 
1989, 172.060958998004 
1990, 163.881428320529 
1991, 151.965868289966 
1992, 138.182255318918 
1993, 97.7667081816711 
1994, 83.8947531124273 
1995, 83.9547746027603 
1996, 83.0596397983144 
1997, 97.0022746784956 
1998, 103.030055083517 
1999, 87.3601542379009 
2000, 78.4579090887892 
2001, 79.3236771046363 
2002, 64.2644398612501 
2003, 50.3342292869893 
2004, 40.9160781198793 
2005, 33.1769354862557 
2006, 14.7078362612688 
2007, 7.40185885616478 
2008, 15.9044829842736 
2009, 14.2796027727875 
2010, 13.9990629839263 
2011,-0.498442558462611 
2012,-18.3550971639325 
2013,-17.0444075792778 
2014,-11.4243230168312 
2015,-1.75743176739318 
2016, 11.6703497779826 
2017, 43.7768766130823 
2018, 57.0638284268508 
2019, 64.696430876439 
2020, 70.9345104092201 
2021, 68.8619494052905 
2022, 68.8330166334644 
2023, 60.3709551071311 
2024, 64.7436939836931 
2025, 81.4515661490431 
2026, 92.6819340153209 
2027, 100.60531170538 
2028, 113.992093281685 
2029, 119.536472016277 
2030, 117.88772363771 
2031, 115.187459123137 
2032, 103.567941118046 
2033, 107.82010115881 
2034, 118.6675114537 
2035, 121.637623093444 
2036, 138.318996437874 
2037, 145.890390039862 
2038, 142.499045868313 
2039, 130.673078136284 
2040, 128.787398674624 
2041, 127.997865913555 
2042, 130.341216929328 
2043, 139.107663291296 
2044, 141.201161080061 
2045, 147.827893643269 
2046, 144.384384347587 
2047, 123.313983818679 
2048, 117.852559787644 
2049, 122.187539218179 
2050, 115.297918216173 
2051, 99.9658544888671 
2052, 105.898973294457 
2053, 92.8721330110024 
2054, 89.9713389247505 
2055, 90.1741357404009 
2056, 102.796706525307 
2057, 106.067504844722 
2058, 103.679212868341 
2059, 106.492932219602 
2060, 111.547567652167 
2061, 119.173045660154 
2062, 133.120244876037 
2063, 143.078748090151 
2064, 157.954757967061 
2065, 161.008498872066 
2066, 156.567184670377 
2067, 149.923622992381 
2068, 140.836809806319 
2069, 120.770598598766 
2070, 114.361774774744 
2071, 111.320029555695 
2072, 110.292922037498 
2073, 112.038590857361 
2074, 119.718984448122 
2075, 133.671098243276 
2076, 145.666860208567 
2077, 166.887767306907 
2078, 179.948113780707 
2079, 194.512300698233 
2080, 195.934219607257 
2081, 183.855718963766 
2082, 171.159651206282 
2083, 171.621948568605 
2084, 167.200873943694 
2085, 178.490754913525 
2086, 212.068540167774 
2087, 230.802038073254 
2088, 246.188069099563 
2089, 265.1345023207 
2090, 290.647193376634 
2091, 303.448367727928 
2092, 305.751058028573 
2093, 316.268474309259 
2094, 315.868886849017 
2095, 328.456733730566 
2096, 362.212243764825 
2097, 388.405859683031 
2098, 402.590033624443 
2099, 411.322221967644 
2100, 422.912420295438 
2101, 431.169463212127 
2102, 430.021927792586 
2103, 423.452436373988 
2104, 422.661507140576 
2105, 400.794922030926 
2106, 405.186074529279 
2107, 439.271004931171 
2108, 457.272183395942 
2109, 477.834665822205 
2110, 495.849847223246 
2111, 513.444299345317 
2112, 515.79593963389 
2113, 532.318275133182 
2114, 554.006331769973 
2115, 565.929883869036 
2116, 575.980042648074 
2117, 588.286762855493 
2118, 594.994566570681 
2119, 602.935272017653 
2120, 605.936976170997 
2121, 621.850716604644 
2122, 636.289725526581 
2123, 665.994707728029 
2124, 729.863310037488 
2125, 766.745178748812 
2126, 800.812338070591 
2127, 823.914460949896 
2128, 831.748034733201 
2129, 824.991463992156 
2130, 839.394677876199 
2131, 860.146274201862 
2132, 875.97584615532 
2133, 898.556268131926 
2134, 916.089949940492 
2135, 922.446590609393 
2136, 940.246622202506 
2137, 965.03840174275 
2138, 990.480596863196 
2139, 1032.45755102283 
2140, 1050.9730111899 
2141, 1042.36536368929 
2142, 1063.1676685674 
2143, 1082.11514671192 
2144, 1107.69744845727 
2145, 1158.53439475213 
2146, 1213.17377459256 
2147, 1244.35129927034 
2148, 1281.56765786788 
2149, 1298.58496919653 
2150, 1297.15997484078 
2151, 1319.08783439274 
2152, 1334.97271198171 
2153, 1357.78103758394 
2154, 1407.98872694397 
2155, 1429.69624880458 
2156, 1427.93503473146 
2157, 1445.03099428135 
2158, 1463.26823722042 
2159, 1482.53716774665 
2160, 1509.39119737568 
2161, 1534.39834870401 
2162, 1557.28842483751 
2163, 1579.26529323593 
2164, 1603.00091784224 
2165, 1625.78745259443 
2166, 1655.49103028807 
2167, 1687.54470066835 
2168, 1715.9852745535 
2169, 1747.9925787218 
2170, 1781.86590640009 
2171, 1810.03297366578 
2172, 1844.57354670642 
2173, 1895.88723182118 
2174, 1927.22124000305 
2175, 1949.29863922589 
2176, 1971.0839065631 
2177, 1980.80522892469 
2178, 1997.13333133533 
2179, 2013.06398467659 
2180, 2031.76045437699 
2181, 2057.83145643665 
2182, 2077.35244673894 
2183, 2086.1345619843 
2184, 2110.21299603089 
2185, 2146.5855460361 
2186, 2165.17563871507 
2187, 2191.20309059386 
2188, 2227.69278163688 
2189, 2257.65687220825 
2190, 2278.74262134099 
2191, 2305.23048319679 
2192, 2342.45722674106 
2193, 2361.67682823543 
2194, 2379.85275511611 
2195, 2380.8385167574 
2196, 2357.5236847346 
2197, 2350.46693473985 
2198, 2332.77281178278 
2199, 2327.56262303169 
2200, 2334.38240497376 
2201, 2342.22685106531 
2202, 2345.07630868963 
2203, 2364.34199634803 
2204, 2395.36481022869 
2205, 2438.83714124037 
2206, 2472.42286040773 
2207, 2514.19396251319 
2208, 2549.25163200239 
2209, 2576.21660681565 
2210, 2605.36187711646 
2211, 2644.05924992484 
2212, 2664.21147865752 
2213, 2669.19591665694 
2214, 2683.0224167419 
2215, 2683.05048147229 
2216, 2704.9776596374 
2217, 2745.14245516911 
2218, 2774.62268947813 
2219, 2816.4916808578 
2220, 2842.07477671413 
2221, 2852.98158743358 
2222, 2868.6743015252 
2223, 2889.29080038936 
2224, 2894.84721355827 
2225, 2887.74499424521 
2226, 2884.26680037053 
2227, 2873.85486050248 
2228, 2855.02422358898 
2229, 2855.20181967463 
2230, 2860.24485615251 
2231, 2854.69099620044 
2232, 2849.67152481789 
2233, 2839.29364220385 
2234, 2815.68362799169 
2235, 2809.22214451102 
2236, 2803.82163883188 
2237, 2806.16603162129 
2238, 2828.96372111838 
2239, 2827.52028874478 
2240, 2815.11632658945 
2241, 2813.80830069519 
2242, 2809.96411981862 
2243, 2799.70773004532 
2244, 2802.81654955601 
2245, 2788.51168009804 
2246, 2744.95922717935 
2247, 2719.24421791413 
2248, 2699.56095281888 
2249, 2676.16215582643 
2250, 2663.99284434114 
2251, 2641.02461798669 
2252, 2616.45108913472 
2253, 2573.42678242769 
2254, 2526.97643851805 
2255, 2488.2972461364 
2256, 2462.16766702816 
2257, 2450.37781395813 
2258, 2426.3993861552 
2259, 2406.62137801959 
2260, 2385.8909350217 
2261, 2357.73978847467 
2262, 2332.99300180913 
2263, 2322.54981849136 
2264, 2293.2093814865 
2265, 2241.35610589028 
2266, 2213.98090166244 
2267, 2192.35242674062 
2268, 2171.33476968406 
2269, 2169.875253889 
2270, 2149.53920817383 
2271, 2111.75005007129 
2272, 2085.69526293695 
2273, 2061.42998033771 
2274, 2035.49130475642 
2275, 2025.82115983966 
2276, 1994.1210492 
2277, 1939.75187068145 
2278, 1898.27732205113 
2279, 1850.30169839078 
2280, 1803.75815681621 
2281, 1763.14208007952 
2282, 1723.11347611829 
2283, 1693.68539460914 
2284, 1662.82056189549 
2285, 1640.90764244313 
2286, 1636.12438921578 
2287, 1607.64904203018 
2288, 1576.83304807735 
2289, 1542.17525400544 
2290, 1500.16624629759 
2291, 1458.26994213418 
2292, 1411.77275904866 
2293, 1368.86057234325 
2294, 1318.3682180336 
2295, 1283.68095083447 
2296, 1263.6231660354 
2297, 1232.38299084579 
2298, 1201.37205311791 
2299, 1178.76654932911 
2300, 1155.18184720314 
2301, 1132.75885849737 
2302, 1122.24562415104 
2303, 1103.45956642926 
2304, 1068.26489421626 
2305, 1048.93144334361 
2306, 1037.41225916721 
2307, 1027.88534581554 
2308, 1038.18197723722 
2309, 1029.43912016814 
2310, 1014.23294013058 
2311, 994.246059289186 
2312, 959.530488020712 
2313, 925.910626061276 
2314, 884.367065918748 
2315, 855.800269044138 
2316, 818.330629930529 
2317, 793.378248225215 
2318, 766.560372920968 
2319, 723.156384688912 
2320, 703.150147196246 
2321, 694.430999341118 
2322, 683.420181489307 
2323, 690.891859866116 
2324, 698.594558715962 
2325, 683.949862077712 
2326, 671.720513848825 
2327, 661.6731774108 
2328, 636.156357799628 
2329, 589.991897796197 
2330, 559.027748782046 
2331, 524.109081292808 
2332, 502.607741026817 
2333, 486.845368263081 
2334, 480.057318549855 
2335, 489.974792936151 
2336, 480.623254034397 
2337, 471.969020671544 
2338, 458.183365865679 
2339, 427.254717348869 
2340, 411.537704504443 
2341, 399.723541229913 
2342, 396.904303901372 
2343, 410.37000838923 
2344, 404.186276053812 
2345, 393.120642110984 
2346, 386.853377349487 
2347, 369.86067019101 
2348, 359.498013701667 
2349, 364.097844408772 
2350, 353.503755541953 
2351, 319.468076764458 
2352, 311.292416890065 
2353, 323.605428224997 
2354, 319.524959371129 
2355, 320.63124200137 
2356, 320.595527430627 
2357, 302.160244998789 
2358, 296.052429857835 
2359, 310.60872144888 
2360, 306.766482872242 
2361, 286.16532995874 
2362, 274.422879841444 
2363, 254.504903338906 
2364, 247.388597741944 
2365, 261.498884204568 
2366, 282.67044443495 
2367, 289.508393172453 
2368, 278.08445770219 
2369, 247.2202765003 
2370, 227.692983854261 
2371, 215.649730693853 
2372, 214.998209593582 
2373, 222.407676376763 
2374, 208.666317798288 
2375, 203.191092066808 
2376, 204.265705272032 
2377, 206.860204516354 
2378, 225.484578602675 
2379, 221.193232097266 
2380, 212.303879024892 
2381, 209.743329391391 
2382, 185.67421590519 
2383, 163.535723274927 
2384, 157.26663759984 
2385, 155.089141628658 
2386, 150.753572553943 
2387, 155.376098348346 
2388, 158.033681274194 
2389, 148.444334611536 
2390, 141.245640188094 
2391, 140.347260949649 
2392, 153.615368271291 
2393, 174.99699903319 
2394, 204.403838339141 
2395, 231.806854249748 
2396, 230.843312911909 
2397, 204.086969830869 
2398, 171.623153846512 
2399, 151.27678993429 
2400, 146.153135659725 
2401, 155.419939305853 
2402, 165.932298191255 
2403, 160.241330800127 
2404, 145.739593070034 
2405, 135.013778467711 
2406, 112.960284080287 
2407, 110.438646931248 
2408, 124.782349313411 
2409, 117.660558537127 
2410, 116.288774951171 
2411, 106.735154745843 
2412, 74.8604424859069 
2413, 63.3637830656426 
2414, 48.4440374831633 
2415, 47.1661390765935 
2416, 62.9307472763328 
2417, 70.8137989568019 
2418, 96.4648729268749 
2419, 99.8253317121875 
2420, 81.2497688757589 
2421, 85.6152857901817 
2422, 92.6214301228409 
2423, 98.4601008957923 
2424, 120.56754081653 
2425, 117.926331139045 
2426, 92.9624226386428 
2427, 79.6521495472806 
2428, 65.9291639702587 
2429, 57.2091109572601 
2430, 47.3213831440267 
2431, 54.2653934801402 
2432, 73.7618571131447 
2433, 79.9157686081203 
2434, 99.9696388731003 
2435, 101.412646165131 
2436, 79.0668377861036 
2437, 78.6686687771003 
2438, 83.4638065026187 
2439, 74.8285932764326 
2440, 71.5368990898727 
2441, 56.7106224071095 
2442, 18.4615552581307 
2443, 12.8569220055969 
2444, 26.6922765515669 
2445, 28.8213130209666 
2446, 25.1371594543824 
2447, 8.77788557357386 
2448,-2.4496065905767 
2449, 4.25766587032572 
2450, 12.7651400878321 
2451, 23.1593030503286 
2452, 40.6997571552567 
2453, 53.0237123430611 
2454, 54.511386305915 
2455, 57.7160156036872 
2456, 53.275557226404 
2457, 22.9272923735352 
2458, 12.9588841695968 
2459, 52.8673827438765 
2460, 80.1821523664134 
2461, 99.3020573698506 
2462, 116.503528666232 
2463, 91.4108096741508 
2464, 56.1498082328209 
2465, 26.08489970978 
2466, 24.5569877376359 
2467, 33.8934941846496 
2468, 37.0991228005359 
2469, 62.2657212498602 
2470, 70.2855193846082 
2471, 76.81855667528 
2472, 79.4585446537501 
2473, 57.5875266063056 
2474, 41.4909787668212 
2475, 24.8006927030378 
2476, 20.2516501540076 
2477, 37.0214394181061 
2478, 53.5609308344016 
2479, 54.2092017468018 
2480, 45.2029036457416 
2481, 32.7293896385022 
2482, 18.8291871486261 
2483, 3.83341576402372 
2484,-22.1112775428961 
2485,-33.8677625566919 
2486,-33.4719085739816 
2487,-21.3266997004546 
2488,-0.285269344003662 
2489, 0.429109020714115 
2490, 11.901673906327 
2491, 21.5657084663066 
2492, 27.4326346576106 
2493, 57.0406157137728 
2494, 64.5655027372968 
2495, 57.2753240931592 
2496, 54.2081016626667 
2497, 24.3819747459694 
2498, 13.523345307251 
2499, 7.01431214517793 
2500, 7.85668463514747 
