Wavelength,0212202100140.asd
350, 2828.96486118837 
351, 2977.49914709778 
352, 3115.11774765261 
353, 3231.83341916481 
354, 3345.21559040756 
355, 3464.72114825946 
356, 3593.03455910571 
357, 3720.55115008924 
358, 3851.86742219985 
359, 3990.48202271526 
360, 4142.54659820979 
361, 4329.62523396405 
362, 4544.43060904472 
363, 4776.39619144708 
364, 5014.40193231979 
365, 5254.16266021768 
366, 5483.68758365306 
367, 5686.8443738586 
368, 5843.22150285209 
369, 5936.54452271378 
370, 5971.40028421825 
371, 5965.63212180471 
372, 5944.93205433436 
373, 5939.32254547123 
374, 5952.61577668155 
375, 5969.87240052528 
376, 5988.77582927778 
377, 6000.57036578121 
378, 5991.16426907469 
379, 5940.91204299588 
380, 5874.0428693155 
381, 5797.98105539914 
382, 5712.28928027325 
383, 5604.71112167973 
384, 5494.67642213222 
385, 5419.04041511211 
386, 5421.55738051105 
387, 5536.45005525829 
388, 5699.63414228182 
389, 5841.82972244711 
390, 5905.67124088934 
391, 5973.74338968594 
392, 6041.69173050529 
393, 6098.15720244427 
394, 6145.04440875177 
395, 6274.46254380602 
396, 6527.8668858597 
397, 6920.93838711052 
398, 7471.07704222526 
399, 8097.71825098486 
400, 8741.40789446745 
401, 9368.11451749803 
402, 9964.35317343683 
403, 10455.6097739847 
404, 10810.0602419557 
405, 11085.8314456458 
406, 11306.3938603616 
407, 11503.7644622873 
408, 11717.368581729 
409, 12009.7244149097 
410, 12361.602275849 
411, 12750.5014175844 
412, 13153.4194245625 
413, 13553.2892505967 
414, 13950.9094485963 
415, 14336.0214719925 
416, 14672.8918319127 
417, 14990.6777292346 
418, 15315.7736294243 
419, 15656.7507487208 
420, 15955.2620616753 
421, 16256.0919560553 
422, 16583.7747086959 
423, 16938.3155612374 
424, 17263.9235998187 
425, 17522.0346949947 
426, 17678.0587867428 
427, 17694.770442876 
428, 17631.2348760816 
429, 17647.2418396695 
430, 17871.9962704682 
431, 18196.6656267828 
432, 18623.5445033232 
433, 19249.4898433851 
434, 20198.0853124742 
435, 21201.7096068362 
436, 21970.223979564 
437, 22445.9907868465 
438, 22951.5818623469 
439, 23470.8734853396 
440, 23959.8991851705 
441, 24402.1406400079 
442, 24975.820326739 
443, 25579.1398069441 
444, 26132.6357153126 
445, 26587.3253171685 
446, 26953.4332225007 
447, 27283.1026690875 
448, 27633.3977524558 
449, 28067.21471124 
450, 28433.7494036751 
451, 28632.9512751356 
452, 28628.3065467843 
453, 28559.0120422463 
454, 28404.9074161879 
455, 28208.7534123154 
456, 28070.7137597419 
457, 28040.5970394464 
458, 28054.2131593619 
459, 28041.6327419379 
460, 27969.4812544101 
461, 27861.9382578135 
462, 27747.1356702913 
463, 27637.5751650303 
464, 27459.0671347347 
465, 27180.6082581461 
466, 26835.6524746469 
467, 26518.4383643229 
468, 26253.4964042355 
469, 26057.7653109422 
470, 25937.6118219984 
471, 25894.5585978512 
472, 25869.3735042191 
473, 25867.1182976151 
474, 25909.3673548854 
475, 25904.0791751279 
476, 25880.1074880669 
477, 25867.7619170499 
478, 25884.3963056087 
479, 25973.4335280941 
480, 26096.5312370667 
481, 26185.3829406355 
482, 26170.3666421684 
483, 25980.5134739593 
484, 25574.3735974479 
485, 24965.6336392648 
486, 24377.689528671 
487, 23963.8530682062 
488, 23846.357628432 
489, 24130.5671347027 
490, 24580.1614650927 
491, 24952.0455864299 
492, 25088.2464689116 
493, 25140.7788062775 
494, 25215.7060729209 
495, 25361.7722390008 
496, 25562.2825002887 
497, 25628.4746134538 
498, 25561.8229374585 
499, 25404.6584449296 
500, 25193.0288537295 
501, 25031.8364324956 
502, 24967.4551700498 
503, 25022.2967050851 
504, 25257.4355685544 
505, 25584.500509725 
506, 25916.7630114901 
507, 26184.4558400592 
508, 26390.8039049334 
509, 26553.5990890142 
510, 26704.4772071973 
511, 26906.7285147776 
512, 27048.3588727533 
513, 27078.4663496608 
514, 26985.227724143 
515, 26766.6884775304 
516, 26470.7637577933 
517, 26181.232691077 
518, 26014.1877167996 
519, 26239.3163918586 
520, 26878.1971718382 
521, 27775.7540460724 
522, 28523.2530739245 
523, 29081.560514944 
524, 29474.2366959053 
525, 29766.4120658343 
526, 29895.5442367381 
527, 29949.310844826 
528, 30108.25025393 
529, 30716.5844357816 
530, 31506.6015011854 
531, 32171.4870790628 
532, 32461.9437476086 
533, 32561.8098472286 
534, 32712.8060593028 
535, 33044.2595620251 
536, 33545.4298504006 
537, 33909.2586423251 
538, 34079.6186999015 
539, 34102.6075581524 
540, 34095.05234106 
541, 34127.4852820224 
542, 34303.5884273234 
543, 34706.7604821628 
544, 35169.2109332036 
545, 35574.0112628677 
546, 35856.846245326 
547, 36018.3578449686 
548, 36129.6754710292 
549, 36260.7411541166 
550, 36452.2416213641 
551, 36647.1552065764 
552, 36799.4441997191 
553, 36913.40401268 
554, 37031.8881700241 
555, 37125.7787885777 
556, 37098.0075420327 
557, 36894.7461569566 
558, 36555.8970808798 
559, 36268.1406974887 
560, 36139.8219108529 
561, 36207.83104518 
562, 36375.4682149268 
563, 36474.9435695841 
564, 36423.1510797183 
565, 36245.1887284192 
566, 35993.1882459496 
567, 35735.9173459336 
568, 35515.4199392472 
569, 35293.4988075299 
570, 35006.7139580654 
571, 34735.6929920848 
572, 34637.9280243551 
573, 34674.7406978463 
574, 34669.8123216969 
575, 34512.6505748589 
576, 34224.6962877968 
577, 33962.5009448634 
578, 33827.403500385 
579, 33873.6699552497 
580, 34063.0060103256 
581, 34382.9849964774 
582, 34766.7020285058 
583, 35097.6350208402 
584, 35307.0193737646 
585, 35308.3795220978 
586, 35091.4480503867 
587, 34812.9291269571 
588, 34463.6472449668 
589, 33991.4324260292 
590, 33401.4890041819 
591, 33194.0127379825 
592, 33356.964085322 
593, 33655.0481405276 
594, 33645.3440966636 
595, 33477.4245971264 
596, 33240.653490521 
597, 32996.794720565 
598, 32731.5481296137 
599, 32403.5569429219 
600, 32041.5742457288 
601, 31723.2006197513 
602, 31477.6082214755 
603, 31347.9557555265 
604, 31332.9274963901 
605, 31366.909100416 
606, 31301.6621314068 
607, 31130.3709085073 
608, 30910.1514940047 
609, 30695.375070906 
610, 30490.9049679299 
611, 30306.2679219447 
612, 30154.5557196575 
613, 29991.7659541887 
614, 29799.3029530883 
615, 29589.0831261495 
616, 29424.9189551998 
617, 29326.366175539 
618, 29332.6818271772 
619, 29463.2624442943 
620, 29603.5978581834 
621, 29623.0354981218 
622, 29479.6746524337 
623, 29241.8914944224 
624, 28968.1874773509 
625, 28706.1092452504 
626, 28481.5921114892 
627, 28278.9254352384 
628, 28076.8872653727 
629, 27886.2313908318 
630, 27748.0639983223 
631, 27768.1293865803 
632, 27877.1819524811 
633, 28009.9692479292 
634, 28151.3885935569 
635, 28262.5699095818 
636, 28341.4780285868 
637, 28396.4417920864 
638, 28420.5390261516 
639, 28384.036828423 
640, 28264.9105043357 
641, 28060.0080915931 
642, 27901.9492538076 
643, 27810.0180147242 
644, 27751.8321491455 
645, 27640.366414627 
646, 27463.1959054587 
647, 27239.2421484335 
648, 27010.0661738442 
649, 26825.7347768212 
650, 26687.919679001 
651, 26620.253329406 
652, 26661.1509482086 
653, 26607.650036693 
654, 26317.5595652574 
655, 25766.1576547706 
656, 25122.5063773857 
657, 24661.615141069 
658, 24675.6349500897 
659, 25312.2794896098 
660, 25958.1333647841 
661, 26332.5340408919 
662, 26415.5834058286 
663, 26456.1541766349 
664, 26432.6306964943 
665, 26392.8598874205 
666, 26378.0040205209 
667, 26387.3337449383 
668, 26381.3470988749 
669, 26360.0683272692 
670, 26341.1380350898 
671, 26288.3885458929 
672, 26227.47513161 
673, 26191.4163279887 
674, 26213.3145425073 
675, 26249.90066667 
676, 26277.8294058747 
677, 26289.1743558581 
678, 26307.0856107641 
679, 26316.7022928131 
680, 26315.9767755326 
681, 26309.2042659027 
682, 26292.9966784426 
683, 26234.6680164128 
684, 26018.5417407156 
685, 25422.0351387079 
686, 24361.4575813687 
687, 22936.8188573097 
688, 21499.741665046 
689, 20909.6414053721 
690, 21357.9005332592 
691, 22443.9327843928 
692, 23417.182910461 
693, 24262.4095067231 
694, 24872.9882602214 
695, 25244.892162934 
696, 25511.2294952749 
697, 25745.9085888324 
698, 25908.07904905 
699, 25944.1351196867 
700, 25884.0706560478 
701, 25825.1944163372 
702, 25835.1940055967 
703, 25952.2665144361 
704, 26178.4451431788 
705, 26438.6933873272 
706, 26661.0471769572 
707, 26793.6124266533 
708, 26905.3611927815 
709, 27006.2400858045 
710, 27093.0332039148 
711, 27176.3880110247 
712, 27235.0924581024 
713, 27254.6347480772 
714, 27216.0986307589 
715, 27064.3094237749 
716, 26675.9473358107 
717, 25999.5658324156 
718, 25085.5130468713 
719, 24328.1135330269 
720, 24052.1162349839 
721, 24380.0919788666 
722, 25062.0453081639 
723, 25530.7964967185 
724, 25593.57804101 
725, 25357.6986915161 
726, 25295.4179295474 
727, 25370.2023455427 
728, 25491.2336648567 
729, 25569.8969067649 
730, 25754.9601858674 
731, 26082.1400452896 
732, 26531.2448537423 
733, 27031.7365672689 
734, 27466.5378961583 
735, 27747.928990919 
736, 27838.3883386878 
737, 27824.3228346432 
738, 27795.1169148867 
739, 27771.9286035748 
740, 27721.8887261349 
741, 27717.9971468982 
742, 27769.4205425823 
743, 27866.4033580758 
744, 27990.6201506342 
745, 28076.0373177653 
746, 28115.9891135627 
747, 28122.611122137 
748, 28096.0261109702 
749, 28013.8662240042 
750, 27896.3910410642 
751, 27792.4372633417 
752, 27742.6943075053 
753, 27736.0880616914 
754, 27743.4714181607 
755, 27721.018870315 
756, 27592.7960851706 
757, 27020.9279538524 
758, 25463.7484844359 
759, 22000.3242342644 
760, 16911.3358899982 
761, 11929.4259656926 
762, 9144.05944196098 
763, 9140.65072282337 
764, 10627.1430163817 
765, 12945.2995148959 
766, 16015.046895447 
767, 19363.6903300426 
768, 22271.8968982751 
769, 24298.0019550846 
770, 25441.4565928517 
771, 26011.8115451516 
772, 26242.9483945395 
773, 26312.8592287719 
774, 26312.9842668735 
775, 26261.9097918937 
776, 26190.6163584497 
777, 26121.030792514 
778, 26025.3906080383 
779, 25907.3920726881 
780, 25787.9882585088 
781, 25695.4177991532 
782, 25592.5473028448 
783, 25466.7843906039 
784, 25320.8723954486 
785, 25174.2483974577 
786, 25025.6041525877 
787, 24849.8489457618 
788, 24626.6314904365 
789, 24363.9589195444 
790, 24086.2487279013 
791, 23805.7833324012 
792, 23530.2431632624 
793, 23269.8768439775 
794, 23060.7953447749 
795, 22923.0124409187 
796, 22854.2159687359 
797, 22802.8153487911 
798, 22715.7003326267 
799, 22565.1044881589 
800, 22356.9643732489 
801, 22125.6419332248 
802, 21910.3846157893 
803, 21729.5927327164 
804, 21556.5184365712 
805, 21409.6147449455 
806, 21274.0212163069 
807, 21120.3974994369 
808, 20915.1070463955 
809, 20661.8769640587 
810, 20376.4240247471 
811, 20070.0939882359 
812, 19696.6172624458 
813, 19205.674776396 
814, 18592.56618907 
815, 17906.521052404 
816, 17276.9746791469 
817, 16791.2870578154 
818, 16502.8651517525 
819, 16427.9806941139 
820, 16421.3524929284 
821, 16374.4126483386 
822, 16244.2532083134 
823, 16095.3761087197 
824, 15999.07237301 
825, 16020.5255505986 
826, 16143.1747589095 
827, 16117.3517163134 
828, 15942.0081773218 
829, 15701.3982055363 
830, 15513.4963871092 
831, 15396.2663858248 
832, 15315.5899509832 
833, 15253.9601136499 
834, 15212.6870827308 
835, 15198.3982406472 
836, 15197.3633380358 
837, 15182.1946355264 
838, 15116.6927759229 
839, 15013.0709569609 
840, 14885.7096255646 
841, 14745.3908856544 
842, 14594.4340921681 
843, 14438.0711269213 
844, 14284.3983155891 
845, 14137.1394336694 
846, 13992.6892106065 
847, 13811.8911758775 
848, 13590.8176945477 
849, 13343.1213157971 
850, 13093.01290161 
851, 12803.7496751995 
852, 12503.9348321681 
853, 12249.7111916924 
854, 12063.9212429842 
855, 11916.2372144304 
856, 11850.7652959057 
857, 11932.3073621882 
858, 12058.4360518754 
859, 12093.012840421 
860, 12012.1867295064 
861, 11891.6386038531 
862, 11742.1202139677 
863, 11547.4707608519 
864, 11310.9601916859 
865, 11063.0317172223 
866, 10830.0203133372 
867, 10633.3328023561 
868, 10506.0180705221 
869, 10494.3953732729 
870, 10527.1449763942 
871, 10523.1982670176 
872, 10444.7374453861 
873, 10331.2197213663 
874, 10207.1323386932 
875, 10082.6088881762 
876, 9959.81485419109 
877, 9835.87189975745 
878, 9717.76227491165 
879, 9603.03732769814 
880, 9486.82559787787 
881, 9366.00413088933 
882, 9246.3902507126 
883, 9133.94058672173 
884, 9030.41342428626 
885, 8926.26262459241 
886, 8812.64425557542 
887, 8690.85657849221 
888, 8567.69936729938 
889, 8451.01954960464 
890, 8334.30566426493 
891, 8201.71221649864 
892, 8035.86548589658 
893, 7832.26831207391 
894, 7594.01050740826 
895, 7328.11823350084 
896, 7045.92627516518 
897, 6764.05356007734 
898, 6497.02385230625 
899, 6275.57825884589 
900, 6130.45316515205 
901, 6048.78914751204 
902, 6016.04618661243 
903, 6007.54335270492 
904, 5994.91764711676 
905, 5965.66413511849 
906, 5902.8373450738 
907, 5794.17889363223 
908, 5639.40904625362 
909, 5472.25951828333 
910, 5331.76827979346 
911, 5231.60901529611 
912, 5162.1237308582 
913, 5105.0750680589 
914, 5049.99313099858 
915, 4994.89576736264 
916, 4945.60383286318 
917, 4915.85419988812 
918, 4894.61402043731 
919, 4874.40283621902 
920, 4852.47277556582 
921, 4827.96377352172 
922, 4790.75589055323 
923, 4729.72536713549 
924, 4636.43059980676 
925, 4515.06706963263 
926, 4367.56048492496 
927, 4189.63979223345 
928, 3974.58882660907 
929, 3725.01982094135 
930, 3443.20836896448 
931, 3143.87309275136 
932, 2851.82794546496 
933, 2595.69301729516 
934, 2394.06791698344 
935, 2258.5405850265 
936, 2190.71731093873 
937, 2175.94002040878 
938, 2196.2555193936 
939, 2230.05001170769 
940, 2259.02153268809 
941, 2281.88221563961 
942, 2291.04016023368 
943, 2274.31740173806 
944, 2226.32531262003 
945, 2165.38589285804 
946, 2115.32313243867 
947, 2086.44744756189 
948, 2077.38806995193 
949, 2076.08170161551 
950, 2074.94590985491 
951, 2071.44672628682 
952, 2065.67505355712 
953, 2057.88028449427 
954, 2050.00223299581 
955, 2042.85899569696 
956, 2037.39042617409 
957, 2035.33656830472 
958, 2036.89088259531 
959, 2039.34910883561 
960, 2042.51847728626 
961, 2050.61790602748 
962, 2059.68063438592 
963, 2071.91687851038 
964, 2086.69693494675 
965, 2099.15023137694 
966, 2109.26350805861 
967, 2115.42664718214 
968, 2116.34615986943 
969, 2111.59827289185 
970, 2103.18407151577 
971, 2089.29481910947 
972, 2067.51405793351 
973, 2036.72503553388 
974, 2001.31167511735 
975, 1962.9529740284 
976, 1925.81881873985 
977, 1894.15105581348 
978, 1868.43607535056 
979, 1849.18843116673 
980, 1834.08574345695 
981, 1819.5106042703 
982, 1801.78500913835 
983, 1785.81158866975 
984, 1767.99158709383 
985, 1746.04698709982 
986, 1723.12567436013 
987, 1696.13026964478 
988, 1668.83419386268 
989, 1641.47777041434 
990, 1610.21614381068 
991, 1579.87624407047 
992, 1550.06448896008 
993, 1519.48174520317 
994, 1487.43872827539 
995, 1457.11012087434 
996, 1424.909402063 
997, 1392.69970544509 
998, 1362.64705065975 
999, 1329.64727453925 
1000, 1297.25521828835 
1001, 8256.71232001099 
1002, 8247.33584847951 
1003, 8242.91495099206 
1004, 8251.6899176024 
1005, 8263.37928084986 
1006, 8284.07755713558 
1007, 8313.5829366477 
1008, 8348.49353176857 
1009, 8389.37527133008 
1010, 8439.79135539793 
1011, 8487.97275627037 
1012, 8539.77144217066 
1013, 8597.26410733847 
1014, 8647.14546169527 
1015, 8692.69719620248 
1016, 8743.2347243813 
1017, 8792.14753254418 
1018, 8843.27060830221 
1019, 8895.80703699277 
1020, 8943.59408927478 
1021, 8999.98787586074 
1022, 9058.68315004806 
1023, 9121.59648462345 
1024, 9182.18306549799 
1025, 9242.34547443081 
1026, 9296.2672063757 
1027, 9348.63931628029 
1028, 9407.84521008329 
1029, 9468.31277757031 
1030, 9525.23550055587 
1031, 9572.39106892823 
1032, 9611.70668328744 
1033, 9648.94022473224 
1034, 9682.53473315266 
1035, 9715.69115017296 
1036, 9745.05902677755 
1037, 9776.85789755224 
1038, 9812.09378928385 
1039, 9839.53001517814 
1040, 9862.11094259859 
1041, 9882.15873128015 
1042, 9893.44454492007 
1043, 9902.5793247079 
1044, 9913.82413877125 
1045, 9928.61630198046 
1046, 9941.56301304169 
1047, 9954.1738709198 
1048, 9967.00671595815 
1049, 9988.09979296056 
1050, 10003.7979544794 
1051, 10010.0844213225 
1052, 10027.7603124359 
1053, 10042.0187922045 
1054, 10046.6539692148 
1055, 10062.2617391812 
1056, 10079.805257104 
1057, 10094.0345206031 
1058, 10117.0899863596 
1059, 10153.1997664418 
1060, 10191.8888808528 
1061, 10234.8931639199 
1062, 10286.0777175895 
1063, 10344.4563094873 
1064, 10404.0242172771 
1065, 10477.9876290277 
1066, 10559.3782216707 
1067, 10641.1358203356 
1068, 10737.649647568 
1069, 10840.8702492435 
1070, 10945.8404671471 
1071, 11069.794361492 
1072, 11192.7189412159 
1073, 11315.7532990744 
1074, 11448.0767931165 
1075, 11571.1445055928 
1076, 11693.6053895792 
1077, 11808.3777755328 
1078, 11907.227342477 
1079, 11997.7132405376 
1080, 12069.9187641535 
1081, 12133.3431753984 
1082, 12199.7812433142 
1083, 12259.3596947011 
1084, 12319.4730642105 
1085, 12375.8265638119 
1086, 12429.6699647714 
1087, 12486.3937904068 
1088, 12527.5912801581 
1089, 12569.4811251082 
1090, 12590.6233325084 
1091, 12596.0029913732 
1092, 12588.5122376205 
1093, 12564.4893956839 
1094, 12530.7983054582 
1095, 12499.9091171587 
1096, 12459.1515737359 
1097, 12415.477003631 
1098, 12374.8849795155 
1099, 12334.8300658047 
1100, 12293.322205751 
1101, 12251.1588236131 
1102, 12216.5933558666 
1103, 12167.639121056 
1104, 12123.1232802899 
1105, 12050.6606390228 
1106, 11964.8419636327 
1107, 11858.5940003106 
1108, 11695.2651507424 
1109, 11488.6378669336 
1110, 11213.8373542826 
1111, 10873.2613823444 
1112, 10471.301754913 
1113, 9980.8311518789 
1114, 9490.42019237857 
1115, 8908.43544329397 
1116, 8394.21481345903 
1117, 7843.25330875472 
1118, 7377.71952569764 
1119, 6956.05333373025 
1120, 6570.32226489901 
1121, 6245.07813598473 
1122, 5984.7226416697 
1123, 5797.68344154205 
1124, 5671.34263239418 
1125, 5614.54035168703 
1126, 5657.64279546272 
1127, 5696.97171631075 
1128, 5797.81184350074 
1129, 5897.15572271807 
1130, 6028.15654444832 
1131, 6157.29831105741 
1132, 6288.37396956057 
1133, 6448.37206947889 
1134, 6617.15376016804 
1135, 6804.67433509902 
1136, 7067.32464038769 
1137, 7334.9629429572 
1138, 7591.93839909481 
1139, 7828.236991879 
1140, 7982.47794873958 
1141, 8083.31638671169 
1142, 8131.71430845255 
1143, 8091.94592614325 
1144, 8072.89523636619 
1145, 7942.57961636816 
1146, 7943.00703025917 
1147, 7947.94814209997 
1148, 8053.21202827345 
1149, 8251.76344217538 
1150, 8504.71681894474 
1151, 8832.65473945637 
1152, 9199.61000242182 
1153, 9586.01799378964 
1154, 10036.8500431005 
1155, 10461.0385769871 
1156, 10908.2027995892 
1157, 11334.6191304905 
1158, 11768.3226071711 
1159, 12175.8312890032 
1160, 12582.8635187789 
1161, 12952.1465444647 
1162, 13303.0221039959 
1163, 13623.1118036729 
1164, 13911.7333895189 
1165, 14174.020610174 
1166, 14416.7217870361 
1167, 14626.2333786866 
1168, 14805.7065866051 
1169, 14955.4951818131 
1170, 15078.5242006196 
1171, 15167.1810345132 
1172, 15238.9430497772 
1173, 15280.7144341262 
1174, 15313.2118017497 
1175, 15320.3436941879 
1176, 15321.1154007875 
1177, 15301.1040920735 
1178, 15284.6579049109 
1179, 15252.4991321048 
1180, 15229.4665834581 
1181, 15205.8852007618 
1182, 15184.0955871503 
1183, 15183.1634228643 
1184, 15185.4191451777 
1185, 15214.9954085232 
1186, 15264.8797907201 
1187, 15329.2925052182 
1188, 15415.7316591369 
1189, 15507.1315761009 
1190, 15637.1635225015 
1191, 15729.3510870254 
1192, 15834.0467441602 
1193, 15897.6681373026 
1194, 15935.9109033576 
1195, 15946.2224179361 
1196, 15922.2975271495 
1197, 15880.7672415794 
1198, 15829.4209736564 
1199, 15737.758568599 
1200, 15687.4203590998 
1201, 15631.7888913787 
1202, 15607.0352836377 
1203, 15597.4086869558 
1204, 15613.9400566541 
1205, 15656.3971078821 
1206, 15707.6783464449 
1207, 15791.1445343967 
1208, 15867.7907809191 
1209, 15955.545708947 
1210, 16038.7318293497 
1211, 16127.8214397795 
1212, 16210.6804275346 
1213, 16290.2699999301 
1214, 16368.2634840496 
1215, 16438.337974227 
1216, 16506.0093932584 
1217, 16562.0626750977 
1218, 16610.6359927762 
1219, 16651.140885559 
1220, 16681.4162111627 
1221, 16707.4588744282 
1222, 16718.2525649675 
1223, 16739.721851566 
1224, 16757.3526440274 
1225, 16781.2638008042 
1226, 16817.3098356973 
1227, 16846.3020035606 
1228, 16875.3566184705 
1229, 16901.3365919107 
1230, 16924.6533286038 
1231, 16946.6558785525 
1232, 16960.8514868926 
1233, 16975.1050760857 
1234, 16974.7442262115 
1235, 16966.3656103698 
1236, 16947.0720775131 
1237, 16917.707527599 
1238, 16878.7290291815 
1239, 16823.5607099516 
1240, 16771.0922024294 
1241, 16710.1507486516 
1242, 16649.1056775204 
1243, 16587.3504206423 
1244, 16523.9081884841 
1245, 16456.9251912787 
1246, 16389.7159449814 
1247, 16318.1989847436 
1248, 16249.9937001045 
1249, 16163.7926557568 
1250, 16075.0782120547 
1251, 15963.690886178 
1252, 15843.3602701023 
1253, 15695.1967586165 
1254, 15529.5131623163 
1255, 15338.9621941996 
1256, 15122.5687448811 
1257, 14888.6413914298 
1258, 14629.9440392139 
1259, 14358.3614306113 
1260, 14054.3747996678 
1261, 13757.7792557914 
1262, 13437.7403074932 
1263, 13127.1866410557 
1264, 12864.6513389311 
1265, 12595.7442692827 
1266, 12428.1034024955 
1267, 12300.2016153207 
1268, 12270.2604953691 
1269, 12318.7427818926 
1270, 12431.8519416359 
1271, 12659.8968511792 
1272, 12871.5784286436 
1273, 13161.1172208798 
1274, 13408.5622683637 
1275, 13679.7083149495 
1276, 13903.1592063419 
1277, 14111.2797551737 
1278, 14288.9944529985 
1279, 14432.3278637741 
1280, 14546.3293552536 
1281, 14653.5708500673 
1282, 14753.2409498043 
1283, 14856.7511239406 
1284, 14956.388767436 
1285, 15054.050909773 
1286, 15154.3009931194 
1287, 15242.5736302241 
1288, 15331.8863361992 
1289, 15397.6293034354 
1290, 15451.7992411807 
1291, 15491.5479052918 
1292, 15509.8441971913 
1293, 15523.1444723778 
1294, 15529.6129899806 
1295, 15521.0238400136 
1296, 15496.2096354917 
1297, 15466.8833758625 
1298, 15427.750321252 
1299, 15377.0923514491 
1300, 15321.9451423484 
1301, 15265.831555325 
1302, 15204.8025970268 
1303, 15138.1976070853 
1304, 15067.3328818324 
1305, 14994.6991536682 
1306, 14913.1230635716 
1307, 14821.6937174891 
1308, 14731.4529102775 
1309, 14633.370717002 
1310, 14541.0993329889 
1311, 14447.5755700038 
1312, 14357.9347758114 
1313, 14269.3424382562 
1314, 14186.1137095406 
1315, 14101.7844658137 
1316, 14029.1930840395 
1317, 13967.1324473279 
1318, 13908.5329357857 
1319, 13854.5601004056 
1320, 13799.8733969347 
1321, 13736.7899050101 
1322, 13659.1898667864 
1323, 13549.9118653579 
1324, 13430.5619653637 
1325, 13263.8017312205 
1326, 13053.0877410383 
1327, 12832.3743270969 
1328, 12559.7554794729 
1329, 12316.5515900983 
1330, 12036.0636203213 
1331, 11825.7395805903 
1332, 11633.0302023392 
1333, 11493.6339409131 
1334, 11429.5123209079 
1335, 11359.7888806896 
1336, 11334.9900992877 
1337, 11304.0302008593 
1338, 11251.8520080605 
1339, 11149.0411825017 
1340, 10981.2281625207 
1341, 10730.0667700789 
1342, 10371.4684378393 
1343, 9923.17725938224 
1344, 9383.57877767044 
1345, 8719.31620903786 
1346, 8027.24225357162 
1347, 7223.22674301221 
1348, 6457.05489311885 
1349, 5619.97756288554 
1350, 4860.46837715986 
1351, 4086.48553967038 
1352, 3409.93976138234 
1353, 2771.33993829966 
1354, 2220.84479959722 
1355, 1746.9746958341 
1356, 1347.45194507115 
1357, 1022.74723519516 
1358, 774.721641419892 
1359, 586.685676976121 
1360, 451.135549341093 
1361, 354.022115386135 
1362, 281.178673310102 
1363, 234.398240775398 
1364, 202.029863835394 
1365, 175.370249162203 
1366, 159.560563565406 
1367, 157.394432232162 
1368, 168.641243822501 
1369, 184.455977285752 
1370, 215.649445522744 
1371, 247.251477507857 
1372, 284.799032892216 
1373, 323.227112475563 
1374, 375.042088825301 
1375, 411.942903802644 
1376, 454.904238345554 
1377, 474.203594379131 
1378, 478.9332937669 
1379, 469.932147635823 
1380, 447.997865161644 
1381, 418.805473422457 
1382, 399.735164641514 
1383, 396.552766757971 
1384, 409.90075318246 
1385, 442.160170004435 
1386, 491.670564925035 
1387, 553.594427108255 
1388, 610.295159780352 
1389, 680.78453422409 
1390, 732.863720856174 
1391, 780.386764974651 
1392, 816.330092906076 
1393, 838.459771467473 
1394, 861.520004563494 
1395, 870.22166393222 
1396, 893.458287363267 
1397, 917.386960671637 
1398, 951.489355186217 
1399, 995.088201394002 
1400, 1041.9957832322 
1401, 1095.10193904078 
1402, 1151.67802519102 
1403, 1213.68984134089 
1404, 1278.38709756738 
1405, 1343.84880212069 
1406, 1421.89125079756 
1407, 1507.82803886097 
1408, 1610.4486799759 
1409, 1736.27304099421 
1410, 1878.86404619854 
1411, 2028.51638749084 
1412, 2201.58845002176 
1413, 2361.54385554997 
1414, 2531.17142097838 
1415, 2682.97268455647 
1416, 2825.50300871665 
1417, 2966.56417694908 
1418, 3098.91911673904 
1419, 3228.79646937599 
1420, 3359.55657307328 
1421, 3482.60792971602 
1422, 3605.91797676702 
1423, 3711.37633344538 
1424, 3821.73003713588 
1425, 3893.4272514442 
1426, 3942.11246642794 
1427, 3965.4481371211 
1428, 3961.03800209161 
1429, 3928.57269528471 
1430, 3879.64226142306 
1431, 3815.52340482601 
1432, 3741.12240722009 
1433, 3665.85861758456 
1434, 3594.11586916712 
1435, 3535.6635883657 
1436, 3490.86155958475 
1437, 3467.27954835517 
1438, 3459.74489349904 
1439, 3478.03871768034 
1440, 3493.15964358948 
1441, 3525.9776143867 
1442, 3549.15150513451 
1443, 3574.79147621231 
1444, 3595.61997669302 
1445, 3611.13558000285 
1446, 3630.706727129 
1447, 3644.03038036628 
1448, 3669.7447808534 
1449, 3703.41545106383 
1450, 3740.92296643068 
1451, 3784.63007059772 
1452, 3832.8754513822 
1453, 3898.93969079235 
1454, 3945.22227180342 
1455, 3993.33140702941 
1456, 4030.95397149801 
1457, 4040.07088150546 
1458, 4010.89168465243 
1459, 3956.75589730348 
1460, 3871.46708133924 
1461, 3755.44042539493 
1462, 3616.10675054415 
1463, 3461.66089921751 
1464, 3291.73344013427 
1465, 3134.92262165842 
1466, 2969.04100645043 
1467, 2827.48080353625 
1468, 2688.5687568271 
1469, 2582.34110045522 
1470, 2494.84714657213 
1471, 2428.58276831645 
1472, 2389.24482241873 
1473, 2363.98851791651 
1474, 2362.99905096809 
1475, 2362.68761803489 
1476, 2383.65783368216 
1477, 2395.7483798242 
1478, 2410.00275866606 
1479, 2422.33127680494 
1480, 2432.58624412943 
1481, 2448.17984718211 
1482, 2459.85910815638 
1483, 2481.55632373695 
1484, 2513.75092985128 
1485, 2543.63225641485 
1486, 2572.15668968734 
1487, 2614.35566086298 
1488, 2655.84121978299 
1489, 2700.0127765172 
1490, 2753.8367154821 
1491, 2812.98172916425 
1492, 2870.59575456683 
1493, 2923.67442602112 
1494, 2978.80896042834 
1495, 3026.89422491467 
1496, 3065.3780468788 
1497, 3100.93704464801 
1498, 3128.12648753643 
1499, 3144.32643440558 
1500, 3157.98160576671 
1501, 3163.41069602936 
1502, 3175.07567966404 
1503, 3178.16986950363 
1504, 3195.02457432756 
1505, 3220.85585805967 
1506, 3249.39226974461 
1507, 3285.52059278871 
1508, 3320.5158817964 
1509, 3361.4122116457 
1510, 3396.01292182646 
1511, 3431.34860005695 
1512, 3461.84475412509 
1513, 3485.64319165296 
1514, 3510.66143242287 
1515, 3535.74063941254 
1516, 3556.70668293856 
1517, 3577.67947426088 
1518, 3594.29989816296 
1519, 3601.58411647493 
1520, 3612.58325479902 
1521, 3619.79438173679 
1522, 3634.45434408543 
1523, 3652.93738301037 
1524, 3672.81823216017 
1525, 3695.46665550384 
1526, 3716.50202361656 
1527, 3728.41724041549 
1528, 3738.354061522 
1529, 3750.68400462737 
1530, 3761.65322099527 
1531, 3771.46240581627 
1532, 3784.72393318142 
1533, 3796.41211746292 
1534, 3801.29589153765 
1535, 3810.24221914403 
1536, 3821.6660632513 
1537, 3832.40090663374 
1538, 3841.45684788906 
1539, 3853.76616810632 
1540, 3867.2412645988 
1541, 3884.47813688614 
1542, 3903.48515521699 
1543, 3925.63272759214 
1544, 3955.98723736096 
1545, 3977.23695204522 
1546, 3995.98008379597 
1547, 4015.02422454844 
1548, 4028.74249768273 
1549, 4045.07455031318 
1550, 4065.25191423736 
1551, 4081.43959522211 
1552, 4094.85008470588 
1553, 4109.28479859384 
1554, 4122.5492928897 
1555, 4135.7980332915 
1556, 4148.25418053181 
1557, 4162.7811923715 
1558, 4180.65277190965 
1559, 4194.17315500754 
1560, 4209.63295760087 
1561, 4218.47253392291 
1562, 4222.65223171154 
1563, 4222.83508601819 
1564, 4220.08498787827 
1565, 4211.50002491667 
1566, 4195.47323800538 
1567, 4178.20911091059 
1568, 4156.97942548706 
1569, 4132.095802663 
1570, 4106.80447550963 
1571, 4083.80277584391 
1572, 4061.37592978335 
1573, 4049.30610491719 
1574, 4050.94175996437 
1575, 4062.23350069259 
1576, 4086.72607303806 
1577, 4124.8877237397 
1578, 4164.04868390906 
1579, 4213.52080189662 
1580, 4267.08361107892 
1581, 4328.64913666279 
1582, 4386.91613854461 
1583, 4454.96532144482 
1584, 4505.46999427536 
1585, 4549.07966946712 
1586, 4589.01113687518 
1587, 4618.35152739809 
1588, 4653.81333541146 
1589, 4692.13196050706 
1590, 4720.35361825322 
1591, 4747.97506644677 
1592, 4763.38611835015 
1593, 4768.09547836392 
1594, 4771.02410130778 
1595, 4769.04325484209 
1596, 4760.57324404874 
1597, 4745.06578232191 
1598, 4727.0069038898 
1599, 4702.60324565772 
1600, 4675.83323261045 
1601, 4639.86386727035 
1602, 4615.99242067139 
1603, 4588.29546021005 
1604, 4574.76162780828 
1605, 4572.81865074601 
1606, 4576.49553313485 
1607, 4589.44620385618 
1608, 4604.55271168718 
1609, 4629.34171735236 
1610, 4651.49407549972 
1611, 4672.96074378179 
1612, 4699.85789357809 
1613, 4733.09515825308 
1614, 4761.31429007603 
1615, 4793.06586871217 
1616, 4819.73578628351 
1617, 4841.56305395 
1618, 4861.46158974221 
1619, 4879.77409302554 
1620, 4895.56131395279 
1621, 4907.36968874546 
1622, 4918.48421659514 
1623, 4929.80524032964 
1624, 4936.42691114182 
1625, 4941.32860943105 
1626, 4941.12869162512 
1627, 4938.91950672084 
1628, 4929.02248555798 
1629, 4908.37488351118 
1630, 4890.6848832872 
1631, 4870.73763106259 
1632, 4846.88063502061 
1633, 4823.4672201392 
1634, 4796.9083790036 
1635, 4763.4755437686 
1636, 4730.38435661591 
1637, 4690.74572651569 
1638, 4660.48821995496 
1639, 4630.73881448082 
1640, 4607.95811516343 
1641, 4595.41203596689 
1642, 4585.27983265783 
1643, 4576.9369009298 
1644, 4575.48574406206 
1645, 4584.17299141401 
1646, 4590.36353445275 
1647, 4602.52813315136 
1648, 4611.22329729187 
1649, 4613.98509642043 
1650, 4620.69855376987 
1651, 4629.97664607243 
1652, 4637.85553582464 
1653, 4645.70721933093 
1654, 4655.92326091542 
1655, 4662.50051440356 
1656, 4667.61990771583 
1657, 4668.2703471834 
1658, 4668.27018561808 
1659, 4660.98086381883 
1660, 4647.87915172131 
1661, 4632.40419187127 
1662, 4611.67260974875 
1663, 4592.53096417852 
1664, 4569.08267118171 
1665, 4552.23556727182 
1666, 4536.39163184997 
1667, 4525.19600495533 
1668, 4516.10213171284 
1669, 4515.55485485592 
1670, 4522.62682282542 
1671, 4524.82264504941 
1672, 4532.91904566931 
1673, 4534.39475505157 
1674, 4530.28467721804 
1675, 4528.94469647913 
1676, 4529.62195960976 
1677, 4525.00271530935 
1678, 4516.52815393635 
1679, 4511.52934823657 
1680, 4503.76219202265 
1681, 4501.71589099724 
1682, 4504.37904815893 
1683, 4504.71923856632 
1684, 4506.33722891622 
1685, 4506.84046968539 
1686, 4506.80883305 
1687, 4505.69093297361 
1688, 4505.20618763936 
1689, 4502.05620746404 
1690, 4497.78157005466 
1691, 4490.96004146887 
1692, 4481.00540798386 
1693, 4472.23330640095 
1694, 4461.84393295825 
1695, 4451.99101527795 
1696, 4443.55931836566 
1697, 4433.08497851722 
1698, 4422.21352952089 
1699, 4408.0003509103 
1700, 4391.0919902365 
1701, 4375.33144268658 
1702, 4356.4805132659 
1703, 4341.08246396614 
1704, 4327.14452853211 
1705, 4315.45548334284 
1706, 4306.4569696255 
1707, 4295.02184660433 
1708, 4282.68149335086 
1709, 4275.78865490497 
1710, 4269.60430358013 
1711, 4264.02375930308 
1712, 4264.31028847937 
1713, 4261.0818693176 
1714, 4254.7097156873 
1715, 4249.49399438648 
1716, 4245.72427311372 
1717, 4229.60404438011 
1718, 4217.49011290391 
1719, 4201.56473618325 
1720, 4175.00729560328 
1721, 4149.80242741926 
1722, 4123.38351742166 
1723, 4096.63479037996 
1724, 4073.17208310516 
1725, 4046.99655938067 
1726, 4021.87631206197 
1727, 4002.98553174892 
1728, 3986.96215182838 
1729, 3971.18346305565 
1730, 3953.89042018299 
1731, 3936.6406187728 
1732, 3917.29052880004 
1733, 3898.16986656444 
1734, 3878.97892796423 
1735, 3854.0108182824 
1736, 3830.62397800248 
1737, 3814.91654193881 
1738, 3804.49245213724 
1739, 3801.69423216098 
1740, 3792.2324127478 
1741, 3777.89565911559 
1742, 3772.63592193661 
1743, 3763.4078351953 
1744, 3753.64977646842 
1745, 3747.9384668211 
1746, 3734.69190337366 
1747, 3720.2322553384 
1748, 3712.9821161656 
1749, 3705.39202311908 
1750, 3696.53267458804 
1751, 3690.73226065403 
1752, 3682.1020727707 
1753, 3677.3516716707 
1754, 3676.43390744072 
1755, 3669.29917089154 
1756, 3658.07660500185 
1757, 3635.71023676987 
1758, 3605.09644092448 
1759, 3578.20059761355 
1760, 3551.87772258502 
1761, 3520.61965457503 
1762, 3494.40319191818 
1763, 3461.47679261547 
1764, 3430.74229336259 
1765, 3402.78298515917 
1766, 3374.56838358266 
1767, 3346.55935047283 
1768, 3321.47821286328 
1769, 3304.13528914849 
1770, 3277.67906693947 
1771, 3250.57997283752 
1772, 3213.60092504103 
1773, 3163.87224543034 
1774, 3117.27154994213 
1775, 3066.68029435064 
1776, 3017.68654519186 
1777, 2966.7043565299 
1778, 2920.46344346439 
1779, 2874.52091409551 
1780, 2832.47156684806 
1781, 2796.08515306368 
1782, 2759.25846527573 
1783, 2724.30968129443 
1784, 2689.28495218216 
1785, 2659.10306368107 
1786, 2622.48996932164 
1787, 2584.14288575496 
1788, 2540.25204890715 
1789, 2494.77373862874 
1790, 2437.49177995381 
1791, 2374.38871956238 
1792, 2301.85971831896 
1793, 2216.70843950722 
1794, 2129.882920935 
1795, 2036.42922030747 
1796, 1947.31703923315 
1797, 1847.3209044231 
1798, 1742.70744573678 
1799, 1638.58338393533 
1800, 1529.67834571497 
1801, 8972.54090873852 
1802, 8529.82824785417 
1803, 8139.62041501675 
1804, 7794.20845592021 
1805, 7502.09873674943 
1806, 7266.52282421403 
1807, 7053.54357203127 
1808, 6807.07918849271 
1809, 6611.08614378013 
1810, 6335.06124860253 
1811, 5989.15437159999 
1812, 5666.12005281441 
1813, 5322.6678850309 
1814, 4979.43927815016 
1815, 4633.57807123062 
1816, 4309.28937445946 
1817, 4030.23510674306 
1818, 3775.26947328452 
1819, 3552.95264117077 
1820, 3397.70866055293 
1821, 3226.4471472226 
1822, 3083.30689663722 
1823, 2919.1594396333 
1824, 2741.97673085226 
1825, 2545.97082827048 
1826, 2303.6162399949 
1827, 2063.91988247636 
1828, 1815.16064274369 
1829, 1521.58700609996 
1830, 1280.07535325551 
1831, 1047.52267416816 
1832, 829.951944259854 
1833, 651.418850201067 
1834, 529.956888260206 
1835, 429.510184473814 
1836, 360.687176670421 
1837, 322.616264187192 
1838, 289.689879873841 
1839, 265.735804234737 
1840, 249.932268880959 
1841, 247.278712548776 
1842, 251.612981859155 
1843, 285.558329463551 
1844, 328.446500821551 
1845, 366.556375003672 
1846, 385.842780540231 
1847, 377.945863400237 
1848, 361.789170916159 
1849, 360.851750861525 
1850, 352.137510819993 
1851, 348.839531788063 
1852, 329.469133016258 
1853, 310.888449227577 
1854, 284.922789657527 
1855, 250.64707264456 
1856, 260.417813624799 
1857, 289.196810537598 
1858, 319.258252914784 
1859, 369.095634567821 
1860, 442.837960613739 
1861, 529.797351442985 
1862, 604.25792829041 
1863, 647.824753530606 
1864, 681.651476360674 
1865, 664.449683863689 
1866, 603.467112174095 
1867, 546.528529999419 
1868, 452.473554300847 
1869, 357.496089987172 
1870, 288.78259189678 
1871, 226.9845001644 
1872, 181.916099733943 
1873, 188.038755503325 
1874, 216.779390245499 
1875, 257.063801458612 
1876, 317.804834964466 
1877, 375.74367900955 
1878, 419.072911645192 
1879, 486.321761612187 
1880, 558.76587319503 
1881, 637.440517560191 
1882, 717.165177496569 
1883, 825.217260050655 
1884, 901.758290272174 
1885, 943.091093616843 
1886, 964.81609842365 
1887, 963.754153822598 
1888, 953.624308589953 
1889, 945.610735372888 
1890, 919.371472257141 
1891, 892.093106700298 
1892, 848.972710053446 
1893, 817.056250437084 
1894, 771.964703944074 
1895, 731.316239491614 
1896, 681.858284045026 
1897, 615.790202500241 
1898, 544.908297433313 
1899, 475.06519199767 
1900, 417.943079593152 
1901, 352.4291089368 
1902, 303.936522422497 
1903, 264.549683891642 
1904, 258.199360186367 
1905, 247.263343804471 
1906, 251.346374735035 
1907, 252.242144920422 
1908, 253.526406553186 
1909, 246.592767922949 
1910, 248.190744819364 
1911, 262.525742724936 
1912, 280.053536052671 
1913, 312.32937233499 
1914, 360.068866947538 
1915, 418.791997797179 
1916, 470.649317213857 
1917, 525.947333727139 
1918, 594.094278264915 
1919, 657.913741082248 
1920, 736.855687390684 
1921, 819.886022907288 
1922, 871.806876716133 
1923, 901.006958475411 
1924, 931.559875743362 
1925, 944.837174032918 
1926, 950.371718542002 
1927, 980.605784401831 
1928, 973.944420287415 
1929, 971.076157646986 
1930, 978.602147497252 
1931, 947.889523266107 
1932, 951.49414119809 
1933, 956.914350236104 
1934, 957.191949936408 
1935, 972.611975129461 
1936, 1012.78694907515 
1937, 1038.79707589975 
1938, 1062.6838640322 
1939, 1097.04356202465 
1940, 1127.91886714875 
1941, 1147.52431506916 
1942, 1172.77965003064 
1943, 1206.89258349107 
1944, 1228.29496373081 
1945, 1249.08290218668 
1946, 1259.92335556688 
1947, 1264.68096122146 
1948, 1253.05333900572 
1949, 1226.03206056612 
1950, 1204.22013195593 
1951, 1159.19820803331 
1952, 1102.83690004687 
1953, 1046.1070148469 
1954, 1001.1432413629 
1955, 959.230030090882 
1956, 911.394503430926 
1957, 893.309862031345 
1958, 884.235229792688 
1959, 886.831791310224 
1960, 904.840954302987 
1961, 949.380213954781 
1962, 994.192232261956 
1963, 1059.87302351341 
1964, 1127.13078915165 
1965, 1209.63141309583 
1966, 1293.59729713532 
1967, 1387.37162267425 
1968, 1468.57157163084 
1969, 1547.45255760177 
1970, 1634.52270284847 
1971, 1709.47436478329 
1972, 1804.15665041553 
1973, 1918.34210179918 
1974, 2037.77511848252 
1975, 2156.02325790826 
1976, 2251.97119779004 
1977, 2325.43038284078 
1978, 2393.67328389134 
1979, 2453.52763449498 
1980, 2495.37088548727 
1981, 2541.68205736386 
1982, 2580.7418165477 
1983, 2618.79253437292 
1984, 2666.71019717043 
1985, 2690.75685423535 
1986, 2699.50004459343 
1987, 2721.56672900234 
1988, 2707.76742236466 
1989, 2669.97860949178 
1990, 2630.69089564016 
1991, 2586.65339245327 
1992, 2518.0440390258 
1993, 2456.48527587339 
1994, 2336.50040172351 
1995, 2165.01677769352 
1996, 1994.88131761809 
1997, 1798.49912829184 
1998, 1573.92189375484 
1999, 1332.24403621349 
2000, 1122.54706552629 
2001, 902.963993640076 
2002, 697.00155026902 
2003, 561.00558369009 
2004, 475.885328365976 
2005, 419.927648620775 
2006, 436.114317283447 
2007, 434.208413396527 
2008, 465.027085343552 
2009, 482.30768537731 
2010, 508.101261552793 
2011, 514.228820105611 
2012, 517.743451182038 
2013, 530.81832617664 
2014, 549.7476169885 
2015, 552.624766603547 
2016, 602.678157198182 
2017, 671.365868633971 
2018, 766.838901322459 
2019, 901.817759914063 
2020, 1034.96382730331 
2021, 1185.59375758696 
2022, 1341.34306685434 
2023, 1509.83387711293 
2024, 1681.51969007327 
2025, 1862.20814159598 
2026, 2042.2703154121 
2027, 2191.12730534934 
2028, 2328.26142144839 
2029, 2446.56419274891 
2030, 2541.75977711237 
2031, 2628.71212078382 
2032, 2698.37545613564 
2033, 2764.90601853893 
2034, 2827.9766162363 
2035, 2866.67136517163 
2036, 2898.05176427793 
2037, 2912.63119925036 
2038, 2907.97378084138 
2039, 2867.42149556034 
2040, 2847.53652555256 
2041, 2817.43824624194 
2042, 2799.41263957609 
2043, 2799.72536489276 
2044, 2771.31673810104 
2045, 2752.68402948971 
2046, 2693.07869981236 
2047, 2606.6236456605 
2048, 2502.365797738 
2049, 2347.12735888477 
2050, 2218.80729808965 
2051, 2077.67484935042 
2052, 1938.36029333908 
2053, 1845.98292066758 
2054, 1780.02986954329 
2055, 1743.51141134187 
2056, 1740.58357240537 
2057, 1756.03790242073 
2058, 1813.64166238799 
2059, 1856.51405112924 
2060, 1921.93929720042 
2061, 1975.3461630044 
2062, 2029.89886932889 
2063, 2072.35806602975 
2064, 2109.74865409958 
2065, 2144.4688987393 
2066, 2164.31525189116 
2067, 2185.75171534401 
2068, 2221.22059915086 
2069, 2248.8421730166 
2070, 2320.4894154802 
2071, 2414.9287454705 
2072, 2520.52048580635 
2073, 2667.56485281784 
2074, 2794.17114698877 
2075, 2926.95768246052 
2076, 3049.28451514467 
2077, 3174.74876093035 
2078, 3284.68638380003 
2079, 3383.70683305938 
2080, 3477.28243729301 
2081, 3555.47256678256 
2082, 3639.2043228507 
2083, 3709.21294646932 
2084, 3764.23745810716 
2085, 3831.72925375328 
2086, 3894.01649619733 
2087, 3960.8151013227 
2088, 4037.59446942457 
2089, 4111.42298014052 
2090, 4180.91416415671 
2091, 4256.07869915897 
2092, 4333.58032146543 
2093, 4412.81284533001 
2094, 4504.64999063114 
2095, 4580.7454509431 
2096, 4644.73155339545 
2097, 4724.20444120466 
2098, 4782.35230038632 
2099, 4821.27286571181 
2100, 4874.21175844847 
2101, 4921.8417746366 
2102, 4979.26597699822 
2103, 5045.8481531287 
2104, 5105.64428857868 
2105, 5167.13054820367 
2106, 5228.34273323394 
2107, 5287.76016219243 
2108, 5347.38934389884 
2109, 5416.01708749429 
2110, 5471.90069008314 
2111, 5514.15404033836 
2112, 5561.99815133279 
2113, 5613.81810959713 
2114, 5655.36594025056 
2115, 5711.18327397744 
2116, 5776.90285499196 
2117, 5841.33483784898 
2118, 5911.39915653487 
2119, 5977.40539353582 
2120, 6044.02603144044 
2121, 6111.11343681643 
2122, 6166.5023149585 
2123, 6242.15999299892 
2124, 6330.82567405623 
2125, 6420.24627772602 
2126, 6524.8802434191 
2127, 6623.5441612161 
2128, 6734.09415168005 
2129, 6818.72073239372 
2130, 6903.4886847372 
2131, 6982.39913093588 
2132, 7065.64800051911 
2133, 7141.56792454066 
2134, 7219.83113438325 
2135, 7304.80615753542 
2136, 7382.16041759825 
2137, 7455.99587679914 
2138, 7521.4691101663 
2139, 7586.47451632615 
2140, 7642.51754299657 
2141, 7683.35246045346 
2142, 7728.30388159933 
2143, 7760.65568008325 
2144, 7809.03862669007 
2145, 7865.05428724672 
2146, 7926.58314129655 
2147, 7989.79020912753 
2148, 8034.11379679048 
2149, 8076.03646283974 
2150, 8096.37447425613 
2151, 8135.86777302675 
2152, 8175.30593264392 
2153, 8228.66891329653 
2154, 8297.13840717808 
2155, 8355.58666813872 
2156, 8435.4531033605 
2157, 8479.97329338275 
2158, 8499.33147338728 
2159, 8524.37032764968 
2160, 8530.55807820113 
2161, 8542.11698328124 
2162, 8545.53619834236 
2163, 8566.25069886814 
2164, 8583.61852180857 
2165, 8622.00657671068 
2166, 8670.29148385599 
2167, 8736.8105389797 
2168, 8810.47536317218 
2169, 8896.51857890281 
2170, 8981.08721521198 
2171, 9083.54700230248 
2172, 9170.92150385045 
2173, 9259.77570353773 
2174, 9332.15281877067 
2175, 9395.95059656677 
2176, 9452.30842891496 
2177, 9491.39786318546 
2178, 9534.98501346209 
2179, 9576.07819156694 
2180, 9614.07057971353 
2181, 9652.78273409391 
2182, 9684.15996966648 
2183, 9698.41719394085 
2184, 9728.61484962939 
2185, 9763.4852367041 
2186, 9789.80858444389 
2187, 9841.8094051811 
2188, 9921.06832114494 
2189, 9975.23692826474 
2190, 10045.3840713889 
2191, 10077.2017773007 
2192, 10089.5671904576 
2193, 10083.2417135541 
2194, 10058.2846781907 
2195, 10013.9990166165 
2196, 9940.38162254843 
2197, 9869.26657817069 
2198, 9747.8773228907 
2199, 9686.09799499443 
2200, 9632.08602580324 
2201, 9617.49686903655 
2202, 9655.84214856543 
2203, 9700.45527085488 
2204, 9763.30427155332 
2205, 9847.61057493923 
2206, 9960.28659817726 
2207, 10075.5478611504 
2208, 10192.4096429177 
2209, 10339.6393682109 
2210, 10439.0535017823 
2211, 10530.5883327123 
2212, 10586.9558000784 
2213, 10609.1169967051 
2214, 10626.6094608702 
2215, 10613.1066661122 
2216, 10612.5524823305 
2217, 10608.2016791387 
2218, 10597.5536120192 
2219, 10587.5026697179 
2220, 10566.4222444566 
2221, 10530.4754825034 
2222, 10501.9694376379 
2223, 10470.2431424092 
2224, 10438.9745219113 
2225, 10402.429517311 
2226, 10375.3033873889 
2227, 10351.6501723265 
2228, 10334.9190258372 
2229, 10313.9063970331 
2230, 10301.284150097 
2231, 10269.6362680431 
2232, 10225.9453183198 
2233, 10178.2956959569 
2234, 10122.8287740954 
2235, 10065.8068017334 
2236, 9995.77988669499 
2237, 9941.05397533834 
2238, 9886.49947338493 
2239, 9838.23958135367 
2240, 9810.17271818123 
2241, 9760.7234694105 
2242, 9705.74849733355 
2243, 9646.85159336363 
2244, 9573.2648211285 
2245, 9504.15428528161 
2246, 9434.77227779598 
2247, 9367.83184558083 
2248, 9294.60764086108 
2249, 9229.90505009511 
2250, 9178.46969108554 
2251, 9117.52345765642 
2252, 9054.11497314765 
2253, 9000.67121035425 
2254, 8930.44697315899 
2255, 8830.55889742385 
2256, 8724.06320502965 
2257, 8623.40508457793 
2258, 8533.28400997314 
2259, 8453.12477452238 
2260, 8361.15397115671 
2261, 8272.45399460685 
2262, 8180.86480862201 
2263, 8067.30891776282 
2264, 7985.85871662637 
2265, 7921.87541021326 
2266, 7858.63622703842 
2267, 7812.85861731151 
2268, 7759.73808637337 
2269, 7713.77334244606 
2270, 7656.21398697665 
2271, 7594.03786463701 
2272, 7528.32117784428 
2273, 7445.68849594888 
2274, 7377.25457802899 
2275, 7330.65944600806 
2276, 7256.95815407067 
2277, 7164.29419712991 
2278, 7086.61661837836 
2279, 6999.91428273241 
2280, 6913.49512713646 
2281, 6845.62340549531 
2282, 6766.51430697845 
2283, 6672.85882830738 
2284, 6581.4486893735 
2285, 6494.6070704204 
2286, 6425.68801903823 
2287, 6362.89448284057 
2288, 6281.71267052416 
2289, 6184.57007827539 
2290, 6078.15965443779 
2291, 5957.72125519131 
2292, 5799.83636736121 
2293, 5685.66182840193 
2294, 5576.45683865841 
2295, 5482.68670844559 
2296, 5422.0586699903 
2297, 5342.4257498338 
2298, 5253.53093071597 
2299, 5186.19976679153 
2300, 5120.50569358245 
2301, 5064.11327316718 
2302, 5025.86347503859 
2303, 4987.99350929555 
2304, 4950.2493461572 
2305, 4930.55602763271 
2306, 4930.79162429358 
2307, 4919.77332537192 
2308, 4923.90724275101 
2309, 4906.18569814309 
2310, 4897.27390998903 
2311, 4845.7479617235 
2312, 4777.2309353829 
2313, 4671.11925387111 
2314, 4517.78125621909 
2315, 4341.69972475293 
2316, 4167.36467344615 
2317, 4011.88320457629 
2318, 3877.17212331028 
2319, 3800.28495231808 
2320, 3761.25839004779 
2321, 3744.57085991355 
2322, 3784.06837267614 
2323, 3807.35077946898 
2324, 3812.70481733942 
2325, 3803.5898922681 
2326, 3762.17777383532 
2327, 3730.39314731067 
2328, 3692.03101189645 
2329, 3654.68974974423 
2330, 3606.96357910881 
2331, 3545.64251143564 
2332, 3490.5894326802 
2333, 3438.58782008169 
2334, 3370.77307172024 
2335, 3309.5748130987 
2336, 3222.68292259364 
2337, 3089.18656869561 
2338, 3009.52999307203 
2339, 2943.36055700639 
2340, 2874.2814970708 
2341, 2831.96858163915 
2342, 2785.05615241555 
2343, 2728.30181317107 
2344, 2675.33089441432 
2345, 2643.86177876883 
2346, 2587.38854923411 
2347, 2505.73065016953 
2348, 2443.53371056972 
2349, 2375.59164333282 
2350, 2329.19548114998 
2351, 2300.49319722551 
2352, 2272.79913291842 
2353, 2245.82571102918 
2354, 2237.85240290002 
2355, 2252.42001781886 
2356, 2254.79990813177 
2357, 2274.26275572468 
2358, 2278.33510653641 
2359, 2268.92437453139 
2360, 2254.90370799346 
2361, 2241.94274184591 
2362, 2215.50148395408 
2363, 2180.23487278338 
2364, 2126.41078137894 
2365, 2077.8939986356 
2366, 2019.63807828676 
2367, 1947.60999878962 
2368, 1869.0799542897 
2369, 1782.32495482239 
2370, 1709.87949921326 
2371, 1660.11157095442 
2372, 1641.38971389777 
2373, 1643.04275831996 
2374, 1629.379219349 
2375, 1622.77550163489 
2376, 1621.43507735558 
2377, 1614.99750840323 
2378, 1624.36121169169 
2379, 1636.22963875371 
2380, 1643.14896807216 
2381, 1639.75435089226 
2382, 1613.52704836575 
2383, 1573.81813906739 
2384, 1538.8560674294 
2385, 1505.01717527155 
2386, 1488.4891969762 
2387, 1488.24310261236 
2388, 1475.21997231577 
2389, 1474.94813514953 
2390, 1475.44469670129 
2391, 1453.09203741418 
2392, 1432.96224002375 
2393, 1414.6031036433 
2394, 1393.95278784115 
2395, 1382.54854611825 
2396, 1383.33817290519 
2397, 1383.36556755258 
2398, 1380.44547734533 
2399, 1392.52519570827 
2400, 1402.0486872644 
2401, 1379.27773082967 
2402, 1354.5679608873 
2403, 1324.9332878433 
2404, 1264.30486157556 
2405, 1223.05792222672 
2406, 1195.77622575396 
2407, 1156.32209606726 
2408, 1107.51359018544 
2409, 1078.97342658394 
2410, 1046.83027191709 
2411, 1034.75447883467 
2412, 1055.27267683509 
2413, 1040.35964258307 
2414, 1023.19623458144 
2415, 995.670205702421 
2416, 939.522077413399 
2417, 906.760820822844 
2418, 876.915089979226 
2419, 865.561224925313 
2420, 868.114159859489 
2421, 867.24089727597 
2422, 873.214366460843 
2423, 891.108111472745 
2424, 915.688872058499 
2425, 929.00663269378 
2426, 964.349466024507 
2427, 967.007756901831 
2428, 950.290261671085 
2429, 930.962437765229 
2430, 888.710058302223 
2431, 857.185144711545 
2432, 810.207859531712 
2433, 792.091162795013 
2434, 800.452959991965 
2435, 788.805178132178 
2436, 782.094363165334 
2437, 778.537742690255 
2438, 764.310304961575 
2439, 757.097366980335 
2440, 763.862513489316 
2441, 760.656078282702 
2442, 758.202608419399 
2443, 736.81742099405 
2444, 706.022529149125 
2445, 664.031045748302 
2446, 609.306358010387 
2447, 576.621591181243 
2448, 556.634432289568 
2449, 545.355029077779 
2450, 543.735789222498 
2451, 520.040154915592 
2452, 510.716936194356 
2453, 508.826758960396 
2454, 498.496702224946 
2455, 530.210883835481 
2456, 569.167780488016 
2457, 592.325965053576 
2458, 621.206879260927 
2459, 615.088495520708 
2460, 591.933306590967 
2461, 559.442389373992 
2462, 520.259154727834 
2463, 504.989842495977 
2464, 480.895664093002 
2465, 469.605653531164 
2466, 477.175002663292 
2467, 461.203208542152 
2468, 454.671732712758 
2469, 452.145096103958 
2470, 432.216014200645 
2471, 419.367396054115 
2472, 425.694500861031 
2473, 444.051779404244 
2474, 453.791809710996 
2475, 463.222110705137 
2476, 458.624252567431 
2477, 431.503389047507 
2478, 407.031775811349 
2479, 377.061962873086 
2480, 339.913166293108 
2481, 297.228523834221 
2482, 257.618915161618 
2483, 253.488946271138 
2484, 245.191672501004 
2485, 224.071316027556 
2486, 215.537487533968 
2487, 159.83977716524 
2488, 114.990847145912 
2489, 111.954275383935 
2490, 107.164594602024 
2491, 128.141253682023 
2492, 149.375632921618 
2493, 163.507077779734 
2494, 175.854911712383 
2495, 184.563580644817 
2496, 192.875132476057 
2497, 175.881843071797 
2498, 176.035189753247 
2499, 184.638236259168 
2500, 180.446932583558 
