Wavelength,0212202100152.asd
350, 2220.9341660416 
351, 2334.71255235951 
352, 2439.23499365724 
353, 2530.11386498479 
354, 2617.59226072907 
355, 2707.38171947682 
356, 2802.03272708911 
357, 2899.02856286824 
358, 2999.86114607222 
359, 3105.69186915453 
360, 3220.43324958122 
361, 3362.54720766634 
362, 3526.8788664022 
363, 3704.47132132123 
364, 3885.09002764415 
365, 4068.87482321259 
366, 4244.56627694338 
367, 4398.03549796618 
368, 4514.23649612971 
369, 4582.90557787218 
370, 4606.52914283535 
371, 4597.66865931357 
372, 4579.15578753519 
373, 4572.31248541503 
374, 4579.733255507 
375, 4590.32486353116 
376, 4599.63680200538 
377, 4604.14338393552 
378, 4593.85827036969 
379, 4550.4731329196 
380, 4496.27181905884 
381, 4435.94139907827 
382, 4367.78276180242 
383, 4283.55418970998 
384, 4196.77588793498 
385, 4136.18062008141 
386, 4136.19222002708 
387, 4220.5016646938 
388, 4341.55526087104 
389, 4447.21253667499 
390, 4493.52403271457 
391, 4545.51080517189 
392, 4596.70516827383 
393, 4636.45487901622 
394, 4668.97512546533 
395, 4765.14409113063 
396, 4955.33165839539 
397, 5250.0895417451 
398, 5665.14682046969 
399, 6135.32099070815 
400, 6617.16634575833 
401, 7090.95819607065 
402, 7539.75074337833 
403, 7907.58800022872 
404, 8172.44260998066 
405, 8381.45574968126 
406, 8545.60088921092 
407, 8689.70160783087 
408, 8846.49482660427 
409, 9064.32383303858 
410, 9325.86091321484 
411, 9614.85631056616 
412, 9916.95322124816 
413, 10214.6794832799 
414, 10509.6253199596 
415, 10795.466872922 
416, 11045.9536345044 
417, 11282.0640458708 
418, 11523.9772612051 
419, 11778.0714991182 
420, 11997.230251922 
421, 12218.0575375551 
422, 12459.240978229 
423, 12719.4183856757 
424, 12961.2149557072 
425, 13151.7718645243 
426, 13263.0639589328 
427, 13270.0075153088 
428, 13218.304198598 
429, 13227.0547484489 
430, 13391.7228675379 
431, 13629.9087780821 
432, 13944.4159750722 
433, 14407.475534336 
434, 15110.5452868815 
435, 15855.2277448307 
436, 16424.4199209197 
437, 16774.3404029827 
438, 17145.0207547267 
439, 17526.4152738159 
440, 17885.98029647 
441, 18210.7759175384 
442, 18632.1684804179 
443, 19075.9970955529 
444, 19483.0592189821 
445, 19815.5840729236 
446, 20081.9790798619 
447, 20320.6932737579 
448, 20574.3746034215 
449, 20891.3155713058 
450, 21158.4350897669 
451, 21301.1888605869 
452, 21292.4060747205 
453, 21234.9574579266 
454, 21114.7040904668 
455, 20963.4711310708 
456, 20855.1085054456 
457, 20828.4057731233 
458, 20833.2491021484 
459, 20816.9628541601 
460, 20759.3486561615 
461, 20675.6757106501 
462, 20585.4567083648 
463, 20497.6485339162 
464, 20359.6685100905 
465, 20149.6266378945 
466, 19891.9968321283 
467, 19654.8553256692 
468, 19452.2780069595 
469, 19300.163860302 
470, 19206.5592321939 
471, 19172.0660471354 
472, 19147.965669922 
473, 19139.6513364578 
474, 19167.18221055 
475, 19159.8005470766 
476, 19135.5888869238 
477, 19118.1185699751 
478, 19126.7369192818 
479, 19189.4872226267 
480, 19277.8642718857 
481, 19341.11089321 
482, 19323.7941451836 
483, 19180.5543690357 
484, 18880.4342489331 
485, 18428.8351466407 
486, 17991.7395641348 
487, 17681.540733241 
488, 17589.1065093822 
489, 17795.353976141 
490, 18122.6952935401 
491, 18391.1736335883 
492, 18485.0783825675 
493, 18519.7127322649 
494, 18570.8223033334 
495, 18673.782004717 
496, 18817.3330327953 
497, 18861.7581475398 
498, 18808.4619182226 
499, 18689.0326073365 
500, 18530.7291752667 
501, 18405.5738175984 
502, 18351.643204742 
503, 18390.582022466 
504, 18556.9171782843 
505, 18792.9618931774 
506, 19036.3954119205 
507, 19230.0453246255 
508, 19377.5953638924 
509, 19493.5542453686 
510, 19601.9256616907 
511, 19747.7169469865 
512, 19849.0437162749 
513, 19869.0312157485 
514, 19799.2222694891 
515, 19635.4699386749 
516, 19414.1477389489 
517, 19198.2816488362 
518, 19074.5211797546 
519, 19236.0893348118 
520, 19699.2302319342 
521, 20352.2584092862 
522, 20897.2419567378 
523, 21304.462306286 
524, 21589.9614681044 
525, 21800.1941149266 
526, 21888.0639290691 
527, 21922.9103230364 
528, 22038.282141379 
529, 22477.4606742113 
530, 23049.9137229511 
531, 23532.8580905805 
532, 23743.3161083456 
533, 23809.7300447671 
534, 23916.2750471057 
535, 24159.1039597724 
536, 24524.6491839102 
537, 24785.1939019041 
538, 24905.3619897557 
539, 24922.1617580042 
540, 24910.7334486079 
541, 24930.8429585838 
542, 25057.8269301861 
543, 25347.8737802295 
544, 25681.2155911724 
545, 25972.7414577907 
546, 26175.8825329731 
547, 26292.1852436713 
548, 26370.4321205404 
549, 26461.6633860933 
550, 26597.0573972816 
551, 26738.0160327838 
552, 26848.3582030233 
553, 26929.4865922866 
554, 27011.9635029386 
555, 27075.0003151244 
556, 27051.1624889692 
557, 26902.4695244633 
558, 26654.048750283 
559, 26439.3817226423 
560, 26340.1232796421 
561, 26387.1179394194 
562, 26505.3917641924 
563, 26571.4452905267 
564, 26526.5614941399 
565, 26394.0807542019 
566, 26210.8718365794 
567, 26022.8660337433 
568, 25857.4507971152 
569, 25688.7910509197 
570, 25473.6285276121 
571, 25271.3089614134 
572, 25195.2755576808 
573, 25213.8967339518 
574, 25204.3070538225 
575, 25088.3365877311 
576, 24876.5645586103 
577, 24681.071263802 
578, 24579.1981007043 
579, 24613.7970665723 
580, 24748.9330800944 
581, 24983.8195297937 
582, 25268.3438413618 
583, 25507.5095687501 
584, 25659.3442365398 
585, 25660.5871558681 
586, 25502.1606888147 
587, 25297.481966783 
588, 25037.8566217026 
589, 24687.2204623957 
590, 24252.9276512696 
591, 24099.7891390545 
592, 24214.1642556484 
593, 24424.545283301 
594, 24414.8006153463 
595, 24293.7464558983 
596, 24123.435961523 
597, 23946.0984128962 
598, 23752.7253001258 
599, 23514.4902794896 
600, 23251.7800280989 
601, 23019.587906829 
602, 22842.2722137405 
603, 22746.9358179287 
604, 22731.3276388561 
605, 22753.4332698525 
606, 22705.7532493466 
607, 22580.8338686409 
608, 22417.6985548973 
609, 22259.122781571 
610, 22109.8164618921 
611, 21974.9570580841 
612, 21860.0310092582 
613, 21737.7865616494 
614, 21595.8346168444 
615, 21442.2353572219 
616, 21320.4189619062 
617, 21245.8835212605 
618, 21247.6297626603 
619, 21339.6374257103 
620, 21436.6588548082 
621, 21446.8861958837 
622, 21339.8432285406 
623, 21160.7558242111 
624, 20958.0194542116 
625, 20763.3306136756 
626, 20592.7299788368 
627, 20439.5520864269 
628, 20286.568958039 
629, 20141.5482907519 
630, 20035.639559906 
631, 20048.205550454 
632, 20127.256979409 
633, 20224.0946174152 
634, 20328.2400856876 
635, 20407.9300449094 
636, 20463.1339319321 
637, 20501.8992171266 
638, 20515.6860111965 
639, 20486.7861712108 
640, 20400.1355235097 
641, 20251.4804423912 
642, 20133.3014921049 
643, 20062.3173106433 
644, 20017.2311567835 
645, 19933.7000846737 
646, 19800.8680884583 
647, 19632.9450191791 
648, 19461.8458280937 
649, 19326.6831821122 
650, 19224.4351755894 
651, 19172.2400857792 
652, 19202.3817013953 
653, 19161.4076860522 
654, 18948.9491189251 
655, 18549.7690496609 
656, 18084.5219204782 
657, 17750.505892565 
658, 17758.2651526327 
659, 18214.8769734969 
660, 18679.817630284 
661, 18947.2938322594 
662, 19002.3475751269 
663, 19027.6945524394 
664, 19010.2688040967 
665, 18981.4233764463 
666, 18968.0122743893 
667, 18972.1429191282 
668, 18964.6983583251 
669, 18945.8424761044 
670, 18928.874933171 
671, 18888.5711447236 
672, 18840.7219577594 
673, 18809.5908556255 
674, 18824.2231441372 
675, 18847.2543697867 
676, 18863.0608447797 
677, 18867.765234671 
678, 18874.9277451909 
679, 18878.173682084 
680, 18875.3284017114 
681, 18866.0592810296 
682, 18850.2628606219 
683, 18803.3052348857 
684, 18641.7745140878 
685, 18207.2822496302 
686, 17436.4354901849 
687, 16399.1979949431 
688, 15349.6924001356 
689, 14915.8890089483 
690, 15233.2637605007 
691, 16011.9730735134 
692, 16710.5788367284 
693, 17316.0088923863 
694, 17749.61120036 
695, 18010.0824127819 
696, 18199.7920977794 
697, 18366.5691202617 
698, 18479.3889345149 
699, 18499.6152083075 
700, 18450.3937915612 
701, 18401.2417459562 
702, 18402.425518368 
703, 18483.5416060967 
704, 18641.4065403807 
705, 18823.283295289 
706, 18978.5388039457 
707, 19069.7801640526 
708, 19145.8704690725 
709, 19214.0246044291 
710, 19272.0507946103 
711, 19326.7785125157 
712, 19366.6909718938 
713, 19379.1466929839 
714, 19345.5814053271 
715, 19229.1537703536 
716, 18942.5539937925 
717, 18449.0056039328 
718, 17783.6385995577 
719, 17234.516135858 
720, 17035.6531443007 
721, 17273.5506142019 
722, 17764.6142740414 
723, 18098.9474450047 
724, 18139.4908451498 
725, 17966.6671544402 
726, 17920.432259218 
727, 17972.6763779145 
728, 18057.7646147447 
729, 18113.4727675706 
730, 18245.6894984073 
731, 18481.6621719635 
732, 18807.314746319 
733, 19168.5081636007 
734, 19483.4064982797 
735, 19686.6532345645 
736, 19749.0265283145 
737, 19739.5169273108 
738, 19719.0688249242 
739, 19702.6436375899 
740, 19668.878829276 
741, 19664.5269459257 
742, 19698.6559126532 
743, 19765.2818487194 
744, 19847.1908603046 
745, 19903.376500531 
746, 19927.2524476552 
747, 19924.5877007342 
748, 19897.8877342558 
749, 19832.3156208999 
750, 19741.922054934 
751, 19660.2659394672 
752, 19616.7588817051 
753, 19601.6672788713 
754, 19594.8347738812 
755, 19568.7371100093 
756, 19468.314956318 
757, 19054.2013721684 
758, 17943.1632845383 
759, 15484.1429822438 
760, 11874.4336992756 
761, 8338.85021218763 
762, 6354.33208375332 
763, 6331.22839349077 
764, 7361.86369891867 
765, 8983.61447891921 
766, 11139.4253702916 
767, 13492.8063566777 
768, 15537.0885263061 
769, 16958.9156588183 
770, 17751.630806684 
771, 18140.6128109006 
772, 18290.4100653973 
773, 18325.2259766774 
774, 18311.3119664579 
775, 18260.820083132 
776, 18195.6356984902 
777, 18131.6980987723 
778, 18049.7709843661 
779, 17951.5728497898 
780, 17852.1844072841 
781, 17772.7980321227 
782, 17686.7457903986 
783, 17584.9288356135 
784, 17469.5932054978 
785, 17355.5247601871 
786, 17238.2987785661 
787, 17101.3028754556 
788, 16932.2057488484 
789, 16737.6173432592 
790, 16533.6958835498 
791, 16329.6609479133 
792, 16131.8315778827 
793, 15947.0411907298 
794, 15796.3685624169 
795, 15692.9627553115 
796, 15637.3766698572 
797, 15596.0615442445 
798, 15530.5893861759 
799, 15421.3964865745 
800, 15274.5867917863 
801, 15111.816433711 
802, 14961.5968585719 
803, 14837.1248292325 
804, 14716.5812757267 
805, 14615.8704505181 
806, 14523.8838700157 
807, 14418.9196467715 
808, 14279.4917985102 
809, 14107.0826979746 
810, 13910.883546453 
811, 13697.7738055375 
812, 13440.7820133588 
813, 13101.3444844468 
814, 12676.710011282 
815, 12205.5652570917 
816, 11775.319747821 
817, 11444.7848770405 
818, 11250.4272663724 
819, 11204.6168547165 
820, 11207.8289681305 
821, 11182.623000415 
822, 11097.1205144887 
823, 10995.7413385636 
824, 10931.1405987373 
825, 10950.7103657094 
826, 11042.7849522426 
827, 11027.6605549759 
828, 10908.2873456298 
829, 10744.6921083002 
830, 10618.7240075806 
831, 10541.4289753103 
832, 10489.3426286565 
833, 10449.7894369975 
834, 10422.8359285967 
835, 10415.6097963834 
836, 10415.055907666 
837, 10402.2726117269 
838, 10356.9736811267 
839, 10286.0158415368 
840, 10198.0405323282 
841, 10099.4495890131 
842, 9991.24910112202 
843, 9881.23541154645 
844, 9772.56410280487 
845, 9665.5875428435 
846, 9560.37484179843 
847, 9430.91763590813 
848, 9273.0142799096 
849, 9095.04890855042 
850, 8917.69972970809 
851, 8711.80609977191 
852, 8498.9851268011 
853, 8320.63145361197 
854, 8185.8383140779 
855, 8074.54846470984 
856, 8018.85300518397 
857, 8064.90009825869 
858, 8139.65227877398 
859, 8151.98638324152 
860, 8086.15400673178 
861, 7993.05885689762 
862, 7881.42856596931 
863, 7738.88057651583 
864, 7567.75097937353 
865, 7390.61549837497 
866, 7222.21674481944 
867, 7079.25967516717 
868, 6983.6983701315 
869, 6961.86542496511 
870, 6969.74832391085 
871, 6953.52064614265 
872, 6887.90815273155 
873, 6799.84169392524 
874, 6706.53073361163 
875, 6611.37554255593 
876, 6515.07471199828 
877, 6423.15487308715 
878, 6335.15294017468 
879, 6247.08413040729 
880, 6156.36298636822 
881, 6067.54294571363 
882, 5978.69271441095 
883, 5893.6628894659 
884, 5815.16524159875 
885, 5736.68218366739 
886, 5653.60277097226 
887, 5567.08048675868 
888, 5480.71541354038 
889, 5396.35341241168 
890, 5311.71283311733 
891, 5217.65710024741 
892, 5103.46001149139 
893, 4966.25711202728 
894, 4807.99156333618 
895, 4632.07714612503 
896, 4445.08030374404 
897, 4261.45244296153 
898, 4087.51784496169 
899, 3943.02124170071 
900, 3849.04270370334 
901, 3794.55449730063 
902, 3770.91146100971 
903, 3763.36724029172 
904, 3754.3160404037 
905, 3732.69344646567 
906, 3692.19198689696 
907, 3623.35568735438 
908, 3521.52744584265 
909, 3415.50269654677 
910, 3326.94493027918 
911, 3262.68904059662 
912, 3216.78897555126 
913, 3180.08600802057 
914, 3145.46875360355 
915, 3110.92923911348 
916, 3079.51751308589 
917, 3059.8937650755 
918, 3046.72117091692 
919, 3034.77800977491 
920, 3020.78372693789 
921, 3007.03407497704 
922, 2983.68775123016 
923, 2944.34877037111 
924, 2886.62028090342 
925, 2809.48953505315 
926, 2717.13449756173 
927, 2606.06630747664 
928, 2469.12892664092 
929, 2309.59038009709 
930, 2131.34054189774 
931, 1943.26240695047 
932, 1759.37805021841 
933, 1600.35515846222 
934, 1474.39084107083 
935, 1388.40902262788 
936, 1345.06176086433 
937, 1335.70934313573 
938, 1348.54572232088 
939, 1368.57368485748 
940, 1383.898121353 
941, 1399.00796289583 
942, 1403.44825376448 
943, 1391.1005450697 
944, 1361.75990925069 
945, 1323.16167261898 
946, 1291.34536199486 
947, 1271.87176231696 
948, 1263.33135981659 
949, 1260.82498369369 
950, 1258.57924231176 
951, 1255.85180441656 
952, 1252.42695817919 
953, 1244.29761507665 
954, 1235.97463419985 
955, 1229.61082942936 
956, 1225.52279242121 
957, 1222.01598142093 
958, 1218.84015741231 
959, 1218.08607665905 
960, 1219.7288287164 
961, 1220.02022547785 
962, 1220.23837192237 
963, 1223.226423065 
964, 1228.97836751624 
965, 1233.80527009 
966, 1235.42911746716 
967, 1235.4176007837 
968, 1232.42934406535 
969, 1223.28387744973 
970, 1214.07896873027 
971, 1201.55106042093 
972, 1183.88874451293 
973, 1161.40328639508 
974, 1135.59977306303 
975, 1108.61253245201 
976, 1082.01167256792 
977, 1057.27571957803 
978, 1036.86533212842 
979, 1020.53328111779 
980, 1006.6595761219 
981, 993.458521292282 
982, 980.270530651761 
983, 965.787222327963 
984, 950.024385670377 
985, 933.282924531975 
986, 915.555589867374 
987, 895.176210796156 
988, 875.169114794175 
989, 855.856649624318 
990, 834.481732534071 
991, 815.088684424747 
992, 794.291420162238 
993, 773.325125744864 
994, 755.375257973601 
995, 734.101571935479 
996, 714.100064971999 
997, 694.749024970775 
998, 674.307488701893 
999, 656.106062770243 
1000, 635.729447840345 
1001, 4009.52950360538 
1002, 3980.35380767695 
1003, 3955.57634904318 
1004, 3938.57664939769 
1005, 3923.66413914072 
1006, 3909.75994509207 
1007, 3905.84464718763 
1008, 3907.72087014794 
1009, 3912.33861716098 
1010, 3929.3486621849 
1011, 3937.61265956875 
1012, 3943.94315152075 
1013, 3949.36579078767 
1014, 3957.35465982079 
1015, 3960.34799106372 
1016, 3969.38905826861 
1017, 3983.32638981668 
1018, 3994.33357355645 
1019, 4009.09290749817 
1020, 4019.477785957 
1021, 4028.40494346659 
1022, 4044.69138956172 
1023, 4063.47178117053 
1024, 4084.32150659338 
1025, 4107.54441804183 
1026, 4131.97855401477 
1027, 4159.83778190577 
1028, 4180.45797157776 
1029, 4199.55421246705 
1030, 4225.13428251772 
1031, 4243.55556066102 
1032, 4257.04724191476 
1033, 4274.80347126196 
1034, 4294.48321971506 
1035, 4312.32966239032 
1036, 4326.90335904857 
1037, 4345.21506022974 
1038, 4367.56464008571 
1039, 4386.93189050616 
1040, 4406.57871691217 
1041, 4428.10232369782 
1042, 4449.28449571862 
1043, 4468.90241263924 
1044, 4488.55944410935 
1045, 4505.55710667929 
1046, 4518.62789985001 
1047, 4535.76385754516 
1048, 4553.36572694214 
1049, 4571.77045285935 
1050, 4593.50025209525 
1051, 4615.97254502083 
1052, 4635.14964885871 
1053, 4658.93185048755 
1054, 4685.2624052859 
1055, 4718.69690690188 
1056, 4755.86027607903 
1057, 4790.36430232669 
1058, 4827.8003638383 
1059, 4863.42083474252 
1060, 4903.46430712775 
1061, 4946.75960338637 
1062, 4995.35847176924 
1063, 5048.05939462484 
1064, 5101.20256628245 
1065, 5158.81266794351 
1066, 5216.01470969634 
1067, 5276.41640201777 
1068, 5341.8472919457 
1069, 5414.62976948118 
1070, 5491.06478212898 
1071, 5569.20831806875 
1072, 5647.19692295593 
1073, 5723.73311487533 
1074, 5800.92750256293 
1075, 5873.90708149091 
1076, 5943.26275085814 
1077, 6016.61601221494 
1078, 6083.7059957319 
1079, 6147.50315205581 
1080, 6202.28396984727 
1081, 6244.36371533859 
1082, 6284.60553284358 
1083, 6319.53741557244 
1084, 6349.51475295469 
1085, 6384.84296986209 
1086, 6414.62363658191 
1087, 6440.69800971604 
1088, 6459.70006653026 
1089, 6480.35578457046 
1090, 6487.31195980982 
1091, 6480.66503917541 
1092, 6476.51105915114 
1093, 6464.59445235174 
1094, 6445.39028216735 
1095, 6424.8108416441 
1096, 6400.4048330985 
1097, 6374.80203646105 
1098, 6345.94764430583 
1099, 6317.00679911195 
1100, 6287.08023419187 
1101, 6256.4898915645 
1102, 6226.76981295954 
1103, 6193.30263268556 
1104, 6164.54758585519 
1105, 6121.2839799947 
1106, 6072.61713029863 
1107, 6001.72517585781 
1108, 5903.05979639911 
1109, 5788.7216546067 
1110, 5639.93813520759 
1111, 5456.82346313001 
1112, 5241.35806104489 
1113, 4978.68946253588 
1114, 4721.06645185265 
1115, 4418.07940628793 
1116, 4150.91430768371 
1117, 3868.05026443871 
1118, 3628.96970702191 
1119, 3412.21220549933 
1120, 3213.61199084881 
1121, 3053.82825839421 
1122, 2927.32667005602 
1123, 2826.09917129225 
1124, 2757.94097751467 
1125, 2722.96146251025 
1126, 2730.34728577928 
1127, 2742.27431626025 
1128, 2790.38544479299 
1129, 2833.0232563429 
1130, 2890.56099823431 
1131, 2947.36810743485 
1132, 3004.43151928726 
1133, 3075.80779022525 
1134, 3154.29030118663 
1135, 3234.56625244356 
1136, 3350.81442710263 
1137, 3473.31849889757 
1138, 3589.49686362842 
1139, 3697.32876905959 
1140, 3763.84126708267 
1141, 3805.30033815147 
1142, 3819.35271558681 
1143, 3788.04183174959 
1144, 3768.80483147231 
1145, 3703.10754616559 
1146, 3688.14966126321 
1147, 3669.81000348685 
1148, 3696.9896600292 
1149, 3760.69470455788 
1150, 3849.63247965617 
1151, 3970.47462615689 
1152, 4116.73769859907 
1153, 4266.92854862493 
1154, 4444.37667448988 
1155, 4606.97800444243 
1156, 4781.36014790488 
1157, 4939.69208917282 
1158, 5097.66190955171 
1159, 5239.483139168 
1160, 5375.39918177357 
1161, 5493.38567381993 
1162, 5599.26470791484 
1163, 5690.16977759485 
1164, 5766.2182425623 
1165, 5825.7735827718 
1166, 5876.87465256917 
1167, 5912.2255216825 
1168, 5932.3577561437 
1169, 5937.36853967294 
1170, 5933.03210193036 
1171, 5909.20694288927 
1172, 5884.75896329228 
1173, 5853.1165484948 
1174, 5814.56900641322 
1175, 5769.21571529942 
1176, 5716.47243288348 
1177, 5650.10446514497 
1178, 5587.47854395807 
1179, 5515.84873791964 
1180, 5450.12286162038 
1181, 5384.22946376223 
1182, 5324.57298999505 
1183, 5270.17560610032 
1184, 5217.75001022042 
1185, 5175.25803875843 
1186, 5140.28528337171 
1187, 5110.79596083054 
1188, 5089.99420499334 
1189, 5070.55211573306 
1190, 5062.19432815334 
1191, 5045.73458606873 
1192, 5035.5538232862 
1193, 5012.52239757074 
1194, 4984.92016241297 
1195, 4947.62888148109 
1196, 4898.40405373618 
1197, 4844.93055639312 
1198, 4788.90420657011 
1199, 4721.83122458072 
1200, 4665.4390322614 
1201, 4605.76391298583 
1202, 4558.87570386453 
1203, 4516.68066774777 
1204, 4483.96558416676 
1205, 4464.76575321939 
1206, 4442.18278830972 
1207, 4425.36668155493 
1208, 4409.33025728136 
1209, 4392.3570748927 
1210, 4379.79768924758 
1211, 4372.4077395639 
1212, 4365.44430224828 
1213, 4360.2837590729 
1214, 4358.18371335843 
1215, 4354.37457172405 
1216, 4355.97089409277 
1217, 4345.02202131607 
1218, 4327.44599911656 
1219, 4311.89442628523 
1220, 4289.35673209779 
1221, 4269.5308833693 
1222, 4251.53714874095 
1223, 4233.59014148218 
1224, 4211.79644090657 
1225, 4194.32302908639 
1226, 4181.10770258418 
1227, 4167.43807537045 
1228, 4153.74979005116 
1229, 4142.34289547104 
1230, 4132.41581336689 
1231, 4124.18977280065 
1232, 4115.72155913536 
1233, 4111.88429515996 
1234, 4100.10642910121 
1235, 4085.12794458972 
1236, 4069.22255415618 
1237, 4049.37357466184 
1238, 4028.93209557216 
1239, 4007.63964496328 
1240, 3985.5363393459 
1241, 3958.87409665465 
1242, 3935.77419413446 
1243, 3914.6002517432 
1244, 3892.8751583122 
1245, 3873.86738979789 
1246, 3852.91155660503 
1247, 3828.5185449289 
1248, 3801.73979177896 
1249, 3775.31968193438 
1250, 3748.81255643245 
1251, 3716.02896601459 
1252, 3682.12152318331 
1253, 3643.87898654991 
1254, 3600.72741010644 
1255, 3552.77754229046 
1256, 3504.58350681824 
1257, 3447.31929130227 
1258, 3377.17462980051 
1259, 3311.21493480562 
1260, 3241.16588336515 
1261, 3171.26831509154 
1262, 3096.66413459346 
1263, 3029.07307148984 
1264, 2969.58271407844 
1265, 2904.00518475076 
1266, 2871.83083723418 
1267, 2856.72827682191 
1268, 2855.58974410247 
1269, 2875.02801427889 
1270, 2904.97255222066 
1271, 2949.8271051932 
1272, 3002.86050038322 
1273, 3079.83872960299 
1274, 3145.62302942169 
1275, 3224.21693532564 
1276, 3285.17722211185 
1277, 3336.92903002602 
1278, 3384.61479756208 
1279, 3421.86967430621 
1280, 3455.22713301879 
1281, 3491.25744445315 
1282, 3525.62039443502 
1283, 3556.58119570034 
1284, 3585.81917632679 
1285, 3613.50131537434 
1286, 3637.60305370411 
1287, 3661.74215997044 
1288, 3687.48621537733 
1289, 3706.16556069869 
1290, 3722.05903024995 
1291, 3733.35198062335 
1292, 3736.95041338708 
1293, 3742.95810801659 
1294, 3750.10168832426 
1295, 3750.60897528744 
1296, 3748.76459585621 
1297, 3743.63183791923 
1298, 3730.96288972495 
1299, 3717.67494331091 
1300, 3706.77439524956 
1301, 3695.24613057595 
1302, 3683.46101077099 
1303, 3673.03068352787 
1304, 3658.11148259415 
1305, 3642.90429186174 
1306, 3622.5611654568 
1307, 3595.05680361351 
1308, 3573.56018503336 
1309, 3551.35621229209 
1310, 3529.04573883218 
1311, 3509.28894547696 
1312, 3489.03319711383 
1313, 3464.77582075181 
1314, 3445.13137003456 
1315, 3433.04453868651 
1316, 3414.91482593593 
1317, 3391.37602384911 
1318, 3374.39107585368 
1319, 3357.56780749972 
1320, 3341.41011037929 
1321, 3330.68382693048 
1322, 3315.86535394434 
1323, 3292.46374355079 
1324, 3266.36030269867 
1325, 3225.25465181264 
1326, 3173.29328943242 
1327, 3117.59364953201 
1328, 3042.41415585369 
1329, 2981.1864015481 
1330, 2917.2770572637 
1331, 2862.73487566788 
1332, 2809.77763950095 
1333, 2772.01858815481 
1334, 2747.34232692873 
1335, 2726.33746257118 
1336, 2718.34504380519 
1337, 2715.69375518313 
1338, 2705.97160354118 
1339, 2681.31471528395 
1340, 2646.018405593 
1341, 2586.36595417135 
1342, 2497.63911469491 
1343, 2383.60397165267 
1344, 2250.88386986156 
1345, 2084.68154358985 
1346, 1916.00197951018 
1347, 1725.4609975266 
1348, 1541.16151649663 
1349, 1338.99190835563 
1350, 1156.29386405243 
1351, 969.659215904889 
1352, 807.068041226249 
1353, 655.110923510142 
1354, 523.159278715893 
1355, 408.772786927991 
1356, 313.657038323547 
1357, 239.087161131422 
1358, 178.669878355697 
1359, 129.321194036511 
1360, 92.9742844666996 
1361, 63.4204565162046 
1362, 40.6955717819507 
1363, 31.2947015838386 
1364, 26.0494971797204 
1365, 22.6726882654725 
1366, 25.8278766300356 
1367, 26.3624789404898 
1368, 27.4782222358284 
1369, 31.8484609617221 
1370, 39.1969005135022 
1371, 45.3734565397729 
1372, 51.8868384524699 
1373, 60.498099730366 
1374, 70.4045076799844 
1375, 78.3850463542032 
1376, 93.2291295229046 
1377, 98.7343077356068 
1378, 97.8519360249238 
1379, 95.6954359351606 
1380, 87.3834968407206 
1381, 77.8460750909715 
1382, 76.2782099755601 
1383, 77.9762785794968 
1384, 82.7464899032384 
1385, 89.7698235916061 
1386, 98.7895294469876 
1387, 107.542042141334 
1388, 118.714781332816 
1389, 137.371418039431 
1390, 147.37139067427 
1391, 154.622780687296 
1392, 159.70914075513 
1393, 157.023022327979 
1394, 159.895464908048 
1395, 167.107721500409 
1396, 169.646900430466 
1397, 168.671035383206 
1398, 172.76691943703 
1399, 175.825774475583 
1400, 180.414609703845 
1401, 191.879021118403 
1402, 199.993397944917 
1403, 206.461942252887 
1404, 210.896584040523 
1405, 216.125081000118 
1406, 220.767506038451 
1407, 230.862548975051 
1408, 242.65369079631 
1409, 255.628030308615 
1410, 273.237502551058 
1411, 289.672307563083 
1412, 307.598951676444 
1413, 321.592448436962 
1414, 337.596580008482 
1415, 347.801963484929 
1416, 351.385379330341 
1417, 356.776509958919 
1418, 361.422731338715 
1419, 362.849818254776 
1420, 362.508260147797 
1421, 362.766606093207 
1422, 360.307881030684 
1423, 357.606859061371 
1424, 357.568514925138 
1425, 352.366147248376 
1426, 343.751832399706 
1427, 335.234391080211 
1428, 326.534061267673 
1429, 312.384356742615 
1430, 294.608490982647 
1431, 274.113292685813 
1432, 256.366901905167 
1433, 236.079252455772 
1434, 217.318273073824 
1435, 201.928240274708 
1436, 185.372980518322 
1437, 171.907421255053 
1438, 160.182782094499 
1439, 152.64751290199 
1440, 145.01659945033 
1441, 138.603087500553 
1442, 133.129268293505 
1443, 130.693694335722 
1444, 125.882604149392 
1445, 122.045076231411 
1446, 112.570754257683 
1447, 97.6824975693759 
1448, 88.3409940946245 
1449, 76.4779003293091 
1450, 69.4595299956903 
1451, 68.3147247248715 
1452, 66.1236796438471 
1453, 67.0848400468264 
1454, 63.466711920251 
1455, 56.2305824620733 
1456, 54.0632554888614 
1457, 49.7461392081854 
1458, 46.0780080332568 
1459, 42.1482351093581 
1460, 34.2494376918361 
1461, 26.3230341976242 
1462, 19.3302764700926 
1463, 18.0093797981511 
1464, 19.7755364902085 
1465, 18.1190470502733 
1466, 16.5389205939036 
1467, 13.417712076704 
1468, 6.30287444491717 
1469, 3.99971527685789 
1470, 4.09299734478701 
1471, 1.63571420516686 
1472,-0.183761937978985 
1473, 0.412145950148868 
1474,-0.922422638637246 
1475, 0.799199796737751 
1476, 6.63134641475408 
1477, 11.4542135973258 
1478, 22.3834227359631 
1479, 22.0232188678827 
1480, 13.4811372118975 
1481, 10.2247573238939 
1482,-2.04356524425307 
1483,-5.77168622322191 
1484, 1.35465203143304 
1485, 5.12703661024057 
1486, 8.86624965952223 
1487, 15.3202941160168 
1488, 16.1335173171509 
1489, 17.9051615055399 
1490, 20.6493363687717 
1491, 18.9209776139406 
1492, 16.5991799151916 
1493, 13.4659211808042 
1494, 9.98672478245038 
1495, 8.24960988640362 
1496, 8.0965620485156 
1497, 9.90693702740929 
1498, 10.2124917281167 
1499, 8.14994221650088 
1500, 8.02934081991105 
1501, 10.7480122698864 
1502, 10.2980572656569 
1503, 8.12619346207603 
1504, 7.57940934666905 
1505, 5.31518104971646 
1506, 5.87733134438936 
1507, 10.4237194863315 
1508, 12.2410574548545 
1509, 13.7052989646617 
1510, 13.1909469496369 
1511, 9.28419062476709 
1512, 8.49421682862028 
1513, 10.1980979175405 
1514, 9.36278868625028 
1515, 7.56768313614946 
1516, 7.43730296817231 
1517, 4.36421543026798 
1518, 5.02796751441222 
1519, 12.3486042574665 
1520, 14.818246458311 
1521, 16.8656686103262 
1522, 16.388271188678 
1523, 15.1228403232266 
1524, 12.4479794451423 
1525, 10.4380586929171 
1526, 10.6571598004064 
1527, 10.8043297352493 
1528, 11.2998898271242 
1529, 15.533379449478 
1530, 18.1099168184987 
1531, 20.1414310482962 
1532, 20.3384335901037 
1533, 16.586299620943 
1534, 19.2052898187618 
1535, 17.9206524853145 
1536, 15.5439534454822 
1537, 13.1902015904683 
1538, 8.20765963186928 
1539, 7.55898886926805 
1540, 8.84859959088107 
1541, 10.5310046551149 
1542, 15.4816977726588 
1543, 18.6211170783166 
1544, 23.2004443700931 
1545, 23.3572249377325 
1546, 21.6993033568058 
1547, 18.2885396177292 
1548, 8.77698065246945 
1549, 4.94894751451793 
1550,-0.266404489460875 
1551, 1.38350097067632 
1552, 9.80546526164868 
1553, 15.2263723035232 
1554, 28.4650152881978 
1555, 32.998335366503 
1556, 28.5531613374585 
1557, 29.8547466078383 
1558, 28.906149215268 
1559, 30.7971917783593 
1560, 40.2867181416985 
1561, 43.7966346614893 
1562, 43.9572820883832 
1563, 44.4986583304791 
1564, 41.8501063396828 
1565, 40.8812434430158 
1566, 43.3373084301002 
1567, 42.2457233190169 
1568, 38.6284396608839 
1569, 34.8216138085426 
1570, 33.0891900448077 
1571, 30.2117391572265 
1572, 31.3626046287874 
1573, 34.0576499442734 
1574, 32.6344295846691 
1575, 33.2640491155072 
1576, 35.2626716847396 
1577, 41.2866835371267 
1578, 47.3696705724172 
1579, 51.9622065318333 
1580, 56.181066746999 
1581, 57.3975353507829 
1582, 61.7094821764811 
1583, 69.2489562432328 
1584, 70.9631958736098 
1585, 71.6184777300293 
1586, 72.1960039526583 
1587, 69.4922004666717 
1588, 67.1396081842397 
1589, 64.7606563066011 
1590, 62.888635600445 
1591, 58.6592212823621 
1592, 58.6054940745125 
1593, 61.4845581172518 
1594, 63.8270580797546 
1595, 68.530347777823 
1596, 69.7672137588411 
1597, 71.3005459662509 
1598, 70.9745627850748 
1599, 67.0405515542121 
1600, 64.4672793382636 
1601, 61.163934991435 
1602, 58.760293774841 
1603, 55.0998030044889 
1604, 55.4577229911185 
1605, 56.947382423557 
1606, 61.4702850081384 
1607, 70.8662743040997 
1608, 78.3218522329149 
1609, 91.8263306837061 
1610, 95.1747988119082 
1611, 92.1351656881669 
1612, 90.5245720756579 
1613, 80.4468346476036 
1614, 77.5206635768478 
1615, 81.0445042862672 
1616, 80.237504720567 
1617, 79.6007422511964 
1618, 78.2503808976121 
1619, 70.665626044618 
1620, 71.2455386669966 
1621, 77.7267830260739 
1622, 82.2004401791044 
1623, 93.9868134920751 
1624, 98.1518455021025 
1625, 96.1199220591772 
1626, 95.2865890078863 
1627, 87.8378187054029 
1628, 87.2386193335353 
1629, 93.0639885124572 
1630, 95.2378738370545 
1631, 101.238469810942 
1632, 102.603570001758 
1633, 97.3222499345968 
1634, 94.4876933659171 
1635, 89.3020068413282 
1636, 87.5118773144127 
1637, 90.4545064167923 
1638, 90.3009385341955 
1639, 89.3786211247247 
1640, 89.7114758558628 
1641, 86.1678686752247 
1642, 87.1179237773014 
1643, 95.4164717315292 
1644, 99.2673904368277 
1645, 104.216656353504 
1646, 106.349861290439 
1647, 99.9408011559749 
1648, 99.6677141826347 
1649, 105.878971716189 
1650, 106.519274438542 
1651, 103.324316683226 
1652, 107.310034168741 
1653, 106.198658588374 
1654, 99.2881134429774 
1655, 97.7708180374482 
1656, 98.8393989214512 
1657, 101.360701179529 
1658, 105.153527203005 
1659, 107.138631001253 
1660, 112.352724736423 
1661, 111.25461590771 
1662, 104.62379553111 
1663, 103.386377650271 
1664, 101.307934859255 
1665, 102.912219863327 
1666, 109.538851002555 
1667, 109.158431069783 
1668, 107.230762382136 
1669, 106.201738622683 
1670, 101.028498432357 
1671, 102.078907233346 
1672, 107.386876575268 
1673, 109.22848409449 
1674, 110.277983751865 
1675, 115.344413792179 
1676, 121.438729889246 
1677, 127.687448687146 
1678, 139.534368390856 
1679, 141.585736706954 
1680, 139.448257562936 
1681, 135.396343114439 
1682, 124.440901741074 
1683, 121.486501445329 
1684, 118.095319403258 
1685, 120.590260787992 
1686, 130.172130079587 
1687, 134.396092224638 
1688, 140.463121530233 
1689, 142.143719380872 
1690, 139.63941020185 
1691, 140.179266723931 
1692, 139.25012363776 
1693, 142.554865925435 
1694, 149.511568076464 
1695, 152.322059223571 
1696, 157.237411856426 
1697, 155.900638573511 
1698, 148.598065593643 
1699, 146.137924701626 
1700, 140.837439885521 
1701, 142.796814877533 
1702, 151.373175574034 
1703, 153.15052170773 
1704, 157.068293091566 
1705, 154.94907625532 
1706, 143.79311785378 
1707, 144.79585297842 
1708, 150.232534390329 
1709, 151.757272992239 
1710, 157.057060860954 
1711, 160.39407957858 
1712, 159.595633915746 
1713, 160.707923347314 
1714, 165.473869309602 
1715, 164.885129054119 
1716, 162.044770425469 
1717, 164.333565794445 
1718, 167.801732425195 
1719, 172.809055429423 
1720, 178.800751762912 
1721, 182.348138237261 
1722, 184.093490717662 
1723, 175.73486827652 
1724, 169.192360091675 
1725, 164.489560897418 
1726, 158.328024808936 
1727, 162.863581929582 
1728, 170.076003007403 
1729, 172.953459848441 
1730, 173.319198670171 
1731, 172.670483760458 
1732, 169.481923703423 
1733, 166.841289816304 
1734, 173.133374790734 
1735, 178.855474429027 
1736, 179.444151442904 
1737, 184.921605505798 
1738, 183.946125246921 
1739, 180.246270724107 
1740, 184.57694088837 
1741, 181.120926654524 
1742, 176.15386801288 
1743, 177.014817313029 
1744, 170.53883124186 
1745, 170.229604215329 
1746, 179.58229010151 
1747, 182.961787512202 
1748, 185.641466216587 
1749, 183.863633633311 
1750, 178.717989035746 
1751, 175.64243304253 
1752, 175.652349784229 
1753, 179.057769555774 
1754, 177.501561850939 
1755, 180.888618817689 
1756, 185.181825206276 
1757, 181.853667044015 
1758, 185.545595842013 
1759, 184.525318392285 
1760, 176.763575693205 
1761, 180.952573931935 
1762, 181.475968574059 
1763, 178.032515214709 
1764, 177.83555851072 
1765, 174.675302597214 
1766, 174.009728461687 
1767, 177.397990593956 
1768, 177.73715943192 
1769, 179.668916231953 
1770, 177.257533520253 
1771, 169.580272178304 
1772, 166.865325706393 
1773, 160.972898987212 
1774, 159.756410528826 
1775, 169.349033493988 
1776, 170.39642042441 
1777, 166.98618787886 
1778, 165.332480707968 
1779, 161.983198872617 
1780, 154.119110656971 
1781, 142.616352314958 
1782, 141.49135908035 
1783, 140.762917095878 
1784, 139.436613993697 
1785, 146.094159989311 
1786, 147.552444181061 
1787, 143.246232701453 
1788, 144.491445068349 
1789, 150.565214725961 
1790, 151.893488574976 
1791, 153.419328107043 
1792, 149.680946755022 
1793, 141.461693458643 
1794, 135.084233018484 
1795, 122.940060329591 
1796, 119.852679910489 
1797, 122.274167601346 
1798, 120.431225007585 
1799, 115.67694907357 
1800, 107.31863852339 
1801, 613.748167053017 
1802, 591.448481026178 
1803, 567.905765680865 
1804, 532.164896612911 
1805, 483.242946787603 
1806, 454.622438165969 
1807, 438.191587879125 
1808, 410.15477280794 
1809, 369.756471414554 
1810, 344.561626200217 
1811, 324.277386765116 
1812, 305.992705906977 
1813, 290.758933546307 
1814, 287.664702135514 
1815, 295.002896859418 
1816, 292.984670995574 
1817, 276.838336309318 
1818, 280.843036231263 
1819, 269.694338294586 
1820, 224.775027365172 
1821, 217.791261431132 
1822, 239.775168089316 
1823, 233.983804298744 
1824, 232.637197381743 
1825, 232.839827829192 
1826, 197.360293097228 
1827, 174.097517479265 
1828, 148.368279689671 
1829, 113.363005834033 
1830, 93.7711178242759 
1831, 81.1342264648414 
1832, 65.1687292471801 
1833, 62.1008633790346 
1834, 68.1544421399761 
1835, 45.3452711213252 
1836, 38.5340474181654 
1837, 50.4647701688292 
1838, 40.2297934729007 
1839, 43.1427313156108 
1840, 66.8809181616903 
1841, 77.7206935807752 
1842, 77.6785248185433 
1843, 96.2605056955536 
1844, 107.123050758867 
1845, 96.6376490038085 
1846, 77.0992382274893 
1847, 65.7756541978202 
1848, 67.2881394798928 
1849, 51.0412857328539 
1850, 40.2106701409898 
1851, 30.9773453193471 
1852, 22.6252474065025 
1853, 5.19069323927961 
1854, 29.7903366573307 
1855, 63.04978094044 
1856, 62.9361104819092 
1857, 67.6490529386139 
1858, 52.2887095794596 
1859, 36.7902508025569 
1860,-1.98405593853642 
1861, 6.47831384676516 
1862, 20.6781650428541 
1863, 33.32416302529 
1864, 65.4716650873033 
1865, 79.4948126322186 
1866, 76.7614274900328 
1867, 64.6508544938206 
1868, 46.981451400637 
1869, 26.7919727681527 
1870, 12.2409635078731 
1871,-5.4781670267384 
1872,-8.07342845099976 
1873,-6.36268915097772 
1874,-4.46529315427544 
1875,-1.41129489455613 
1876,-1.99208804794977 
1877, 4.67735053119536 
1878, 12.1905055023795 
1879, 18.5314943430687 
1880, 30.2473922875072 
1881, 53.7686423708376 
1882, 60.8507425718574 
1883, 54.7075856324281 
1884, 45.7402252054954 
1885, 8.14362883228566 
1886,-14.1249238210227 
1887,-19.2393301645551 
1888,-23.5470319651776 
1889, 1.38024552565997 
1890, 24.5841445659419 
1891, 38.661012817436 
1892, 50.6552390517663 
1893, 67.5840620127644 
1894, 62.3210454798637 
1895, 49.2533028446121 
1896, 51.6718575389738 
1897, 50.6973043549136 
1898, 46.3385106061647 
1899, 54.1121368667877 
1900, 52.6307398980466 
1901, 32.8992255998434 
1902, 31.7937312456668 
1903, 42.2773577520801 
1904, 43.7867448100936 
1905, 48.6541545040247 
1906, 58.7529106304381 
1907, 54.0285802112293 
1908, 52.6442347074454 
1909, 25.2096449654116 
1910,-13.1895525530365 
1911,-19.4827368273238 
1912,-18.7924680326338 
1913,-11.5658255802419 
1914, 22.8100913945775 
1915, 59.2368050896322 
1916, 67.639493532804 
1917, 64.3115458912694 
1918, 67.7866966239568 
1919, 60.2972461108188 
1920, 53.3031670832559 
1921, 51.4363321332626 
1922, 47.7545507010333 
1923, 42.4429113976896 
1924, 41.5987853976893 
1925, 48.3113645437557 
1926, 42.1386192656969 
1927, 34.8936199299837 
1928, 23.1335882309832 
1929, 13.7380802049418 
1930, 18.5586960515712 
1931, 22.1189772236517 
1932, 25.138491571725 
1933, 27.2399293962719 
1934, 25.3812719145119 
1935, 26.1963796851058 
1936, 30.613817507314 
1937, 34.2150936083903 
1938, 26.209584331428 
1939, 3.53791742688875 
1940,-20.086234893875 
1941,-42.0958838211536 
1942,-56.1594525295314 
1943,-53.12025053027 
1944,-48.8500878784647 
1945,-40.5735654170624 
1946,-27.4155010369514 
1947, 0.593034706917495 
1948, 20.7857481019119 
1949, 47.8456297718712 
1950, 64.5915122370348 
1951, 63.9994528027307 
1952, 48.0130119249003 
1953, 18.34840181253 
1954,-13.7447791399009 
1955,-28.1187135535801 
1956,-34.909613682113 
1957,-36.8859603133946 
1958,-22.3971000044743 
1959,-15.2461895700551 
1960,-7.80806465982355 
1961, 2.25518874562217 
1962, 9.80326841073358 
1963, 1.63670287883693 
1964, 0.145015329295767 
1965,-4.78434217728186 
1966,-9.96446591681457 
1967,-17.7489342141922 
1968,-18.1515270311279 
1969,-17.9685394126044 
1970,-14.7166177971583 
1971, 2.51994119209763 
1972, 8.32817383159682 
1973, 9.22222245026746 
1974, 6.29333400595433 
1975, 4.72634706761659 
1976,-9.27371243857604 
1977, 5.2702931027307 
1978, 4.6162550205849 
1979, 6.03672727074854 
1980, 9.0342342504731 
1981, 18.6952067245703 
1982, 33.1802056535215 
1983, 36.7945446485343 
1984, 48.8294066313555 
1985, 43.8317764463542 
1986, 8.90641104712127 
1987,-11.0670037694749 
1988,-14.4640223556869 
1989,-18.0373006511336 
1990,-6.63116855773072 
1991, 34.8318213189987 
1992, 48.171192570106 
1993, 62.9978803782023 
1994, 65.7927348422434 
1995, 40.9228707561679 
1996, 37.7107292645933 
1997, 43.3865684024429 
1998, 41.5098468341976 
1999, 42.7759422396249 
2000, 53.5380612523672 
2001, 50.0795210071373 
2002, 31.0751816071746 
2003, 21.7234682263603 
2004, 15.8557706203997 
2005, 3.51396394033483 
2006,-15.5522700260973 
2007,-22.9940911934319 
2008,-36.10270910152 
2009,-35.4794511605964 
2010,-20.0355573275686 
2011,-5.95172706924303 
2012, 22.4823444464846 
2013, 45.1584814307593 
2014, 52.8591951682852 
2015, 56.9999546200665 
2016, 53.9497294103325 
2017, 29.3389456884542 
2018, 18.0521340669208 
2019, 10.7702430689452 
2020, 1.88290027812302 
2021,-5.91748390912915 
2022,-13.2645832767954 
2023,-25.2521521615736 
2024,-31.5333959717851 
2025,-24.3705832177393 
2026,-16.9077656689395 
2027,-10.4088015079852 
2028, 3.43882085283762 
2029, 10.8658013261525 
2030, 14.0728587402006 
2031, 19.017872446922 
2032, 20.8241195758456 
2033, 32.0800445731349 
2034, 46.6203602040202 
2035, 61.0468726272201 
2036, 99.8068256666602 
2037, 108.861458625442 
2038, 105.277363814964 
2039, 83.0467516807588 
2040, 74.0346840662799 
2041, 47.9038735876453 
2042, 46.7032170282976 
2043, 76.8953044456837 
2044, 68.8270153272345 
2045, 41.8383803035127 
2046, 27.0993932901358 
2047,-11.9470306415837 
2048,-22.7634462664184 
2049,-8.3795994440999 
2050, 4.77091327708535 
2051, 26.6062006484023 
2052, 57.5426841163048 
2053, 70.7227978823527 
2054, 68.1479143016326 
2055, 65.5859873637301 
2056, 46.7501826471438 
2057, 31.1072132489427 
2058, 5.84835202243263 
2059, 1.93479090574685 
2060, 5.22214374844698 
2061, 4.06851301154364 
2062, 16.9589063633305 
2063, 27.734326029088 
2064, 29.8738510021993 
2065, 35.0724601652557 
2066, 57.9485497404986 
2067, 63.5579962114235 
2068, 64.3075969551699 
2069, 49.2875108114467 
2070, 54.1836821685513 
2071, 62.9296579883631 
2072, 71.0995608097876 
2073, 97.7484953854334 
2074, 98.0700968647974 
2075, 82.21039085501 
2076, 70.1852511393581 
2077, 37.5628695736707 
2078, 26.9068392186421 
2079, 29.2865086036272 
2080, 27.4225262516374 
2081, 36.6771019624609 
2082, 43.9788314146949 
2083, 40.0814107195598 
2084, 24.0805122948653 
2085, 21.515866942449 
2086, 16.8203930078578 
2087, 17.0053026660693 
2088, 26.8917133239231 
2089, 33.5514421463542 
2090, 45.5374450169276 
2091, 45.4884631560977 
2092, 41.7920255014117 
2093, 35.9901128669279 
2094, 8.31160168760411 
2095,-0.849914604792631 
2096, 0.665470225783835 
2097, 7.53888510776262 
2098, 6.46930215727386 
2099, 10.1309284048083 
2100, 12.1735721306309 
2101, 7.62556556174575 
2102, 5.38723187461073 
2103, 5.32638338979962 
2104, 10.271326248081 
2105, 14.6193335867984 
2106, 20.4054613971881 
2107, 37.8461823844168 
2108, 44.9735314193991 
2109, 49.2801759141011 
2110, 46.2835048080361 
2111, 25.1598751340008 
2112, 20.2469770026019 
2113, 22.9662975458601 
2114, 33.2548340844252 
2115, 48.9980583377099 
2116, 92.6954754782182 
2117, 104.671828936154 
2118, 99.3213076391397 
2119, 106.796946822642 
2120, 109.61970482764 
2121, 113.254403080624 
2122, 130.299594230906 
2123, 132.014415123779 
2124, 126.731025529811 
2125, 113.689216468416 
2126, 78.0155057510644 
2127, 61.2362746979982 
2128, 39.6496786405156 
2129, 35.3873678362529 
2130, 30.4203118851708 
2131, 38.7024236854477 
2132, 45.9958365249772 
2133, 56.7137591489759 
2134, 57.0721737935656 
2135, 55.7893066759485 
2136, 63.0921212282016 
2137, 63.850160263871 
2138, 72.5832890941615 
2139, 103.499361563913 
2140, 116.794571690245 
2141, 112.574651589541 
2142, 120.822451810819 
2143, 138.463271703688 
2144, 143.713530868407 
2145, 148.065448533914 
2146, 152.262890162949 
2147, 139.258066203607 
2148, 125.137753642216 
2149, 122.735033961768 
2150, 130.126607992667 
2151, 126.281484630742 
2152, 119.04627344888 
2153, 120.984572059987 
2154, 125.791984005937 
2155, 121.824506615519 
2156, 122.314840973426 
2157, 121.0060362263 
2158, 104.228493055793 
2159, 98.455394728649 
2160, 99.0534163714559 
2161, 105.626647201757 
2162, 117.432556421956 
2163, 129.081056972468 
2164, 149.710027606854 
2165, 167.888292012327 
2166, 184.980771770154 
2167, 203.974362585365 
2168, 207.37122118369 
2169, 206.018598362008 
2170, 200.768218453309 
2171, 175.192776317796 
2172, 170.240220974247 
2173, 175.14243644556 
2174, 177.022579202871 
2175, 179.368884995657 
2176, 189.704580254587 
2177, 211.141083769658 
2178, 218.531442844334 
2179, 232.686700922801 
2180, 234.25619307238 
2181, 205.960114692376 
2182, 199.304770452579 
2183, 190.954960277877 
2184, 198.064582558082 
2185, 233.72676240069 
2186, 269.162140583374 
2187, 288.819339247298 
2188, 317.459169072713 
2189, 321.717226858869 
2190, 296.869250747517 
2191, 290.332995685791 
2192, 283.312250589395 
2193, 274.523404625321 
2194, 264.504848249247 
2195, 261.575537323997 
2196, 252.968129341105 
2197, 257.347073674505 
2198, 284.220565619961 
2199, 292.56521880833 
2200, 296.547077793163 
2201, 303.601908525831 
2202, 296.602441418135 
2203, 300.944371855662 
2204, 327.750198747152 
2205, 332.368571132592 
2206, 331.672757652843 
2207, 340.192362498711 
2208, 337.175320358355 
2209, 321.226101945111 
2210, 319.184272043032 
2211, 317.509664375518 
2212, 321.680359353507 
2213, 331.948917428534 
2214, 339.548330194247 
2215, 352.333382978017 
2216, 359.163693146665 
2217, 367.529905037291 
2218, 370.682741484782 
2219, 370.281602631667 
2220, 366.797023362613 
2221, 347.108645864738 
2222, 343.811672027634 
2223, 348.825073817322 
2224, 352.581022039732 
2225, 369.264694105434 
2226, 379.813712748956 
2227, 397.365368339539 
2228, 384.743948368701 
2229, 385.74989504066 
2230, 405.954029191758 
2231, 405.835000558568 
2232, 402.6808005909 
2233, 398.634425186477 
2234, 377.625252452539 
2235, 378.851708050528 
2236, 393.760441662453 
2237, 402.537456297316 
2238, 422.154534015893 
2239, 427.469797288113 
2240, 423.766388703944 
2241, 421.700489201615 
2242, 417.635626910587 
2243, 407.22316788057 
2244, 392.110854887532 
2245, 380.352524331522 
2246, 357.958601101098 
2247, 347.244032376508 
2248, 343.10449795878 
2249, 342.156359327008 
2250, 356.912891552952 
2251, 357.158317775825 
2252, 364.589583727041 
2253, 349.083510630022 
2254, 319.057767722551 
2255, 294.165004487048 
2256, 270.188241198276 
2257, 267.50434192856 
2258, 265.792559217149 
2259, 280.475579348362 
2260, 279.584721935934 
2261, 274.277485579107 
2262, 274.473731138775 
2263, 267.448742278241 
2264, 275.918599969282 
2265, 303.712240241209 
2266, 313.813561054868 
2267, 326.967164574628 
2268, 329.272332689303 
2269, 312.121833679411 
2270, 305.932409132985 
2271, 299.600959842463 
2272, 293.529671719467 
2273, 290.088013600068 
2274, 289.495624037475 
2275, 299.064372023916 
2276, 292.464108013735 
2277, 280.748964665396 
2278, 266.039690417428 
2279, 232.153743552956 
2280, 211.062515716605 
2281, 194.271746152175 
2282, 178.762066529236 
2283, 184.91780011887 
2284, 172.995012486747 
2285, 169.514209250755 
2286, 189.529320668705 
2287, 210.411204228899 
2288, 234.703029425713 
2289, 238.19403915209 
2290, 242.539758141637 
2291, 223.654572736072 
2292, 166.549188144268 
2293, 145.868960607653 
2294, 128.504920929679 
2295, 117.212290357735 
2296, 125.007956429897 
2297, 127.176997029085 
2298, 123.631000100376 
2299, 128.541615613533 
2300, 149.028074231431 
2301, 152.828774882169 
2302, 153.123814409481 
2303, 149.77406305873 
2304, 132.781362972889 
2305, 122.253656853728 
2306, 115.05737820298 
2307, 105.665132664508 
2308, 93.2949008598319 
2309, 90.2456639080951 
2310, 82.4984344537777 
2311, 86.2712190317427 
2312, 114.179018249044 
2313, 118.173672379766 
2314, 114.216179393543 
2315, 120.387400076496 
2316, 82.323476733016 
2317, 57.1321053768807 
2318, 37.4494279427991 
2319, 19.5255094517445 
2320, 25.8165988928075 
2321, 38.2535685354583 
2322, 52.9239498125108 
2323, 64.5059907652125 
2324, 71.658333282693 
2325, 57.0301111742678 
2326, 44.845910059599 
2327, 33.7958536563346 
2328, 38.9766843959498 
2329, 60.4634742325465 
2330, 74.240910733638 
2331, 107.98880324372 
2332, 103.104830959059 
2333, 65.7057133379206 
2334, 56.4341458752918 
2335, 36.8878737492645 
2336, 31.6714479142384 
2337, 55.1464633162187 
2338, 58.2011627421891 
2339, 44.9425979989601 
2340, 48.8352297486599 
2341, 67.059533445452 
2342, 65.2781845600442 
2343, 61.3755598260742 
2344, 55.8383850329243 
2345, 28.8769782682307 
2346, 18.7140818043017 
2347, 26.4898590300141 
2348, 22.5932653648137 
2349, 7.50900806375648 
2350, 8.40811383986138 
2351, 12.1201637832973 
2352, 18.7333674357767 
2353, 48.836731888847 
2354, 60.0722867151486 
2355, 56.0586955907481 
2356, 59.0598986222101 
2357, 57.0607965980457 
2358, 57.4004462301954 
2359, 68.0160410472605 
2360, 70.4769374277133 
2361, 64.4463453702645 
2362, 58.8206503978557 
2363, 47.4223544250485 
2364, 44.9566757512844 
2365, 35.4829558650761 
2366, 32.1248307061244 
2367, 36.2250780434507 
2368, 29.5856408362107 
2369, 25.0221071159146 
2370, 24.922433222742 
2371, 17.2603613162837 
2372, 9.03235895254797 
2373, 20.0176333542713 
2374, 27.0205495397773 
2375, 26.6952321903027 
2376, 35.1923733729786 
2377, 24.4889204993848 
2378, 17.5342019403537 
2379, 25.1546311749334 
2380, 19.9073289962246 
2381, 24.3263113098093 
2382, 31.0480929711796 
2383, 20.6092493628406 
2384, 23.1430425452967 
2385, 28.0811117315722 
2386, 31.626845334174 
2387, 44.8474977893537 
2388, 42.8041198602925 
2389, 32.2130501184259 
2390, 24.5253537706392 
2391, 25.8517997411682 
2392, 34.6437272617767 
2393, 40.0182778591616 
2394, 34.3151572768816 
2395, 17.0935833755824 
2396, 7.18733741674156 
2397, 7.15601866641223 
2398, 4.78984566466685 
2399, 2.66422604148464 
2400, 4.04807045226757 
2401,-1.08859532351919 
2402, 6.00204988221271 
2403, 27.6234123460868 
2404, 38.5034080371788 
2405, 37.1972009229444 
2406, 30.9429565023403 
2407, 20.2456025157781 
2408,-12.5571639343677 
2409,-24.8992364086727 
2410,-31.5895052530902 
2411,-28.9244549722759 
2412,-14.2631568964042 
2413,-8.07240636259486 
2414, 6.72258548233948 
2415, 14.7566977271492 
2416, 15.7853088236952 
2417, 19.7929395954583 
2418, 22.4055362904476 
2419, 16.7690825592399 
2420,-0.655313266965874 
2421,-1.83740754427796 
2422, 11.7410733637188 
2423, 14.8538997743329 
2424, 25.4394291714415 
2425, 22.9079287895389 
2426,-7.53715515107748 
2427,-11.7830608353671 
2428,-4.52959385642992 
2429,-6.64178795686362 
2430, 5.27746038417624 
2431, 2.02649866214245 
2432,-17.5349105973646 
2433,-21.629525229461 
2434,-22.8794804448767 
2435,-22.0856796982429 
2436,-26.2974958708128 
2437,-8.87957159115239 
2438, 23.862638341931 
2439, 49.5209075674398 
2440, 103.368764830961 
2441, 110.00668184953 
2442, 86.3789465090622 
2443, 67.0038033814494 
2444, 21.4370141509414 
2445,-4.61699625790686 
2446,-14.4721863130043 
2447,-4.94191588888258 
2448, 4.8979231392227 
2449, 4.82699918778751 
2450, 5.37680888914113 
2451,-2.2481084360307 
2452, 2.48633181167234 
2453, 26.6872463268382 
2454, 41.8525694124295 
2455, 40.0959423501816 
2456, 27.0792575162222 
2457, 7.54943722089715 
2458,-5.06151910614452 
2459,-20.3491642642182 
2460,-25.3946515505249 
2461,-16.9942078924343 
2462,-13.2115851568715 
2463, 13.5042543359141 
2464, 22.3627411255532 
2465, 21.641332179549 
2466, 24.4832716573584 
2467, 7.05188154862922 
2468, 12.6205579893118 
2469, 7.02413762168341 
2470, 5.57314135538013 
2471, 7.2880225663805 
2472,-13.1122315719172 
2473,-10.9299854720349 
2474,-23.3867505190674 
2475,-22.510670217148 
2476, 7.39553344859296 
2477,-2.94470722789412 
2478,-6.57559679271834 
2479,-2.2963677730874 
2480,-25.217419384811 
2481,-22.0649138037204 
2482,-20.0871313665478 
2483,-18.2717484962168 
2484, 2.15957538425291 
2485, 4.88000277331785 
2486, 35.5407721098494 
2487, 71.118880352131 
2488, 55.8496604240471 
2489, 52.0260139541496 
2490, 49.7484667983843 
2491, 32.0519533802554 
2492, 44.4015176299427 
2493, 41.3487538012648 
2494, 28.3154832059896 
2495, 3.2857207880978 
2496,-26.3581128504163 
2497, 0.357410808385232 
2498, 2.62371826592867 
2499, 7.78638567176792 
2500, 15.3154583901559 
