Wavelength,0212202100127.asd
350, 2623.19554874228 
351, 2760.22105291426 
352, 2887.26711579583 
353, 2996.52081149435 
354, 3100.45759739568 
355, 3210.06913725665 
356, 3329.35766293547 
357, 3443.35070002809 
358, 3563.70683601023 
359, 3692.52009164759 
360, 3831.07151244585 
361, 4002.33962507598 
362, 4200.78559903119 
363, 4415.67011797552 
364, 4634.02047284128 
365, 4854.40347651197 
366, 5065.2838132927 
367, 5251.53373412801 
368, 5395.58873490813 
369, 5480.45972846246 
370, 5510.87651429258 
371, 5504.19500632597 
372, 5483.34214721425 
373, 5474.29301021877 
374, 5483.59840370693 
375, 5502.18848878399 
376, 5518.63520997384 
377, 5528.42901406118 
378, 5520.15735924663 
379, 5472.59238502223 
380, 5409.08171905701 
381, 5336.24227919559 
382, 5254.151179108 
383, 5154.79832051971 
384, 5052.84723210513 
385, 4981.77824695094 
386, 4982.59799233685 
387, 5085.64708454297 
388, 5234.38690839263 
389, 5365.3815402793 
390, 5423.71668826172 
391, 5485.29830801784 
392, 5546.22739868089 
393, 5596.22056824709 
394, 5637.13377199322 
395, 5753.26742724522 
396, 5983.86913928107 
397, 6344.11687512629 
398, 6846.14065359175 
399, 7417.67697602702 
400, 8005.33402408142 
401, 8578.21789064124 
402, 9122.38350611375 
403, 9570.797674007 
404, 9894.99111134439 
405, 10147.0981279851 
406, 10347.2782781934 
407, 10525.563545923 
408, 10718.8038415387 
409, 10981.2939168032 
410, 11300.8869823185 
411, 11656.241296349 
412, 12021.1279179318 
413, 12383.6212328405 
414, 12744.0029212774 
415, 13092.6265333061 
416, 13397.7949467677 
417, 13686.3590683691 
418, 13981.9274688656 
419, 14291.4595986456 
420, 14560.2913347448 
421, 14832.4583219464 
422, 15129.5242677313 
423, 15448.3995187922 
424, 15744.0283703325 
425, 15979.2163162453 
426, 16119.8317616569 
427, 16130.1156304609 
428, 16069.9956003125 
429, 16082.3247022746 
430, 16281.5285442468 
431, 16574.4227725055 
432, 16960.7288298901 
433, 17527.6843742344 
434, 18388.2034526704 
435, 19300.6938961849 
436, 19998.2789145341 
437, 20427.35246573 
438, 20884.3229008335 
439, 21353.9043889086 
440, 21795.444924122 
441, 22193.6586717641 
442, 22712.4848422612 
443, 23257.3940334952 
444, 23756.4099598939 
445, 24166.9215443896 
446, 24497.1482128766 
447, 24793.6446235163 
448, 25107.885933647 
449, 25497.2571204233 
450, 25826.7797461953 
451, 26006.0482450502 
452, 26001.265307246 
453, 25936.8247861567 
454, 25792.0900845656 
455, 25607.8613250271 
456, 25480.3441282858 
457, 25451.0610216579 
458, 25460.297838932 
459, 25445.163613994 
460, 25379.8391222379 
461, 25281.1426064507 
462, 25173.7885280957 
463, 25070.4170321353 
464, 24906.6006026569 
465, 24651.3497918663 
466, 24335.0235238348 
467, 24046.2128629544 
468, 23804.031872367 
469, 23622.685096052 
470, 23508.7518301556 
471, 23468.6675081638 
472, 23442.2603109005 
473, 23435.4546098377 
474, 23471.921902927 
475, 23464.2761413447 
476, 23438.4872988032 
477, 23422.9204825143 
478, 23435.0812643187 
479, 23514.5805082955 
480, 23626.23972122 
481, 23707.0846901461 
482, 23691.4582024103 
483, 23519.3642952273 
484, 23153.8987203094 
485, 22605.235484344 
486, 22070.5238530412 
487, 21690.7773619278 
488, 21579.789556147 
489, 21836.0105135154 
490, 22240.960668024 
491, 22574.664332241 
492, 22695.4659194293 
493, 22741.1749396203 
494, 22807.5503216139 
495, 22937.710980688 
496, 23115.4240176878 
497, 23175.4959514208 
498, 23115.3586777561 
499, 22970.8556210515 
500, 22778.6450602449 
501, 22631.3797547634 
502, 22571.761110725 
503, 22620.8176651274 
504, 22827.9559272207 
505, 23119.900981643 
506, 23420.5027147877 
507, 23663.3159272718 
508, 23847.4951739543 
509, 23991.404837449 
510, 24126.1445575725 
511, 24307.8064552186 
512, 24434.1416122824 
513, 24460.1317361233 
514, 24376.7085871879 
515, 24179.4308706593 
516, 23910.111827302 
517, 23645.5689044063 
518, 23495.4534312602 
519, 23696.401821477 
520, 24267.9597255413 
521, 25073.141706063 
522, 25748.9844821888 
523, 26252.8269207521 
524, 26605.3846306461 
525, 26870.0019538778 
526, 26986.0960038128 
527, 27033.5912781703 
528, 27175.2156159619 
529, 27716.8511618691 
530, 28427.7761523165 
531, 29029.6146690628 
532, 29291.6141609947 
533, 29380.5154092766 
534, 29513.7044741475 
535, 29809.6691534905 
536, 30263.0327639115 
537, 30591.6386704595 
538, 30744.6934596399 
539, 30764.2836748805 
540, 30754.4485971646 
541, 30782.5203336884 
542, 30940.6046380238 
543, 31300.3315299411 
544, 31714.9869556346 
545, 32078.8608345906 
546, 32334.0936425394 
547, 32483.2086043615 
548, 32581.6961702445 
549, 32694.4384202558 
550, 32863.4597871073 
551, 33042.2503635944 
552, 33181.2278679637 
553, 33282.187557881 
554, 33387.0267494289 
555, 33467.7528770238 
556, 33441.5409336567 
557, 33261.3737926808 
558, 32955.4504408453 
559, 32694.4013388504 
560, 32576.2793398116 
561, 32634.5962704578 
562, 32785.3929026111 
563, 32872.7076787841 
564, 32822.1414491696 
565, 32663.5547086864 
566, 32434.2801329405 
567, 32199.3028103138 
568, 32000.1199675101 
569, 31797.5925219094 
570, 31535.7117942217 
571, 31287.6368121335 
572, 31195.3931911728 
573, 31223.6200360571 
574, 31216.9901293551 
575, 31076.4427777568 
576, 30815.8768621728 
577, 30577.3639874148 
578, 30453.330016933 
579, 30493.448927554 
580, 30660.7135469315 
581, 30950.6819203106 
582, 31301.9156360148 
583, 31601.0662573038 
584, 31789.5989504789 
585, 31791.238273111 
586, 31597.0569258925 
587, 31346.1455724093 
588, 31029.1809799947 
589, 30600.9807221051 
590, 30068.6959331266 
591, 29879.1865552633 
592, 30022.8810934627 
593, 30288.991181162 
594, 30278.9441314958 
595, 30132.5307415523 
596, 29923.2839581397 
597, 29701.1569970575 
598, 29463.0906546287 
599, 29169.4256251424 
600, 28844.7076284376 
601, 28558.3496085838 
602, 28337.6999247241 
603, 28221.1185591896 
604, 28206.5478580553 
605, 28233.4095351251 
606, 28174.3202464616 
607, 28021.4104379357 
608, 27822.1677396903 
609, 27625.473303156 
610, 27439.6323349265 
611, 27273.0525169861 
612, 27133.5859088261 
613, 26985.9319450555 
614, 26812.0663757275 
615, 26621.2940901498 
616, 26472.1008169256 
617, 26380.6027926787 
618, 26384.1438843233 
619, 26502.65423336 
620, 26626.8903764644 
621, 26643.6096472347 
622, 26515.1351429246 
623, 26296.6255270689 
624, 26047.6583537866 
625, 25809.1886544184 
626, 25602.3941589595 
627, 25417.2218105813 
628, 25233.6597455645 
629, 25060.483562837 
630, 24933.86660087 
631, 24948.6746211734 
632, 25046.9235586933 
633, 25170.3661315323 
634, 25298.7056647521 
635, 25399.6025382797 
636, 25472.1337207079 
637, 25523.4323499111 
638, 25543.1585214463 
639, 25509.1478702396 
640, 25403.5570738809 
641, 25222.5547797864 
642, 25078.1264259482 
643, 24993.1632303635 
644, 24942.0872824347 
645, 24841.3250788124 
646, 24680.2247214413 
647, 24476.7588424337 
648, 24269.2638813978 
649, 24101.351664735 
650, 23977.2597905687 
651, 23917.7294760589 
652, 23953.4320895114 
653, 23902.9782095752 
654, 23643.4744487354 
655, 23153.8482145776 
656, 22576.0604284522 
657, 22158.2059689873 
658, 22166.0428399657 
659, 22736.4936185462 
660, 23319.0006508359 
661, 23655.3865658259 
662, 23727.0470654508 
663, 23763.7694277129 
664, 23743.0392775138 
665, 23707.5899365253 
666, 23694.6792207401 
667, 23703.8194972848 
668, 23698.5109299422 
669, 23678.0335774456 
670, 23658.4434734673 
671, 23613.3838208431 
672, 23558.3090701147 
673, 23521.6646793592 
674, 23542.464132952 
675, 23576.3840674348 
676, 23601.160152311 
677, 23610.1665911954 
678, 23627.2633636958 
679, 23635.6875881112 
680, 23633.9728861548 
681, 23628.3977140809 
682, 23614.2850749536 
683, 23561.6698800061 
684, 23366.6793428584 
685, 22830.1546414636 
686, 21878.5150849732 
687, 20593.578391807 
688, 19286.990710342 
689, 18747.6862722105 
690, 19148.1025269559 
691, 20127.3247154345 
692, 21008.7846458129 
693, 21778.0717754327 
694, 22333.5378476432 
695, 22670.2198526948 
696, 22913.7491384164 
697, 23127.7002914679 
698, 23276.9958008177 
699, 23314.3944270578 
700, 23261.2815181575 
701, 23209.0760649238 
702, 23220.6390219711 
703, 23330.3447749262 
704, 23534.9319088487 
705, 23772.1900074651 
706, 23978.2905282554 
707, 24099.4803770317 
708, 24203.5226174226 
709, 24298.1837867794 
710, 24378.45509801 
711, 24454.6057073418 
712, 24509.5011168558 
713, 24531.1266681237 
714, 24501.8653590556 
715, 24364.2964559284 
716, 24013.8729035849 
717, 23405.7320826529 
718, 22578.3502703579 
719, 21891.938147857 
720, 21643.1957001557 
721, 21943.9644573729 
722, 22563.8172651006 
723, 22991.9635308972 
724, 23051.8467172394 
725, 22837.6559550006 
726, 22783.5697889966 
727, 22853.4826002052 
728, 22963.6856899346 
729, 23035.1009228509 
730, 23204.4196109941 
731, 23503.5028743153 
732, 23913.5163486323 
733, 24371.4200333171 
734, 24769.3640880387 
735, 25028.8351398402 
736, 25116.8586985744 
737, 25107.439914728 
738, 25083.5778436895 
739, 25065.8077474245 
740, 25024.6032153799 
741, 25023.4216817156 
742, 25071.931213785 
743, 25161.9685600302 
744, 25275.0335112367 
745, 25357.0641907037 
746, 25398.0052153532 
747, 25404.3751511234 
748, 25381.6315935569 
749, 25308.2578515756 
750, 25202.3378909818 
751, 25108.5464911223 
752, 25064.5161912509 
753, 25060.105599216 
754, 25068.0155354637 
755, 25047.0006133674 
756, 24932.5544293368 
757, 24416.9069176483 
758, 23008.5672518328 
759, 19878.8477568022 
760, 15273.7246570142 
761, 10754.8947436765 
762, 8211.79425426255 
763, 8188.86239639207 
764, 9520.08470149796 
765, 11611.8469126632 
766, 14392.6178597269 
767, 17432.5034591828 
768, 20079.4180559443 
769, 21930.2400600507 
770, 22977.7026659979 
771, 23504.4483586976 
772, 23719.0541989033 
773, 23781.8365250252 
774, 23784.6271290243 
775, 23740.4227013896 
776, 23676.8943365946 
777, 23614.8548702769 
778, 23528.8813071976 
779, 23424.1453748597 
780, 23317.6729406524 
781, 23230.7520942143 
782, 23137.3385007765 
783, 23026.1288235227 
784, 22896.6126808483 
785, 22760.7013835279 
786, 22624.8859903879 
787, 22466.4677965888 
788, 22264.752657202 
789, 22023.8638311131 
790, 21772.5435359377 
791, 21520.326776325 
792, 21270.2215365988 
793, 21035.1530055452 
794, 20847.4703094363 
795, 20722.8065582127 
796, 20656.2763349812 
797, 20609.3477569325 
798, 20532.2666391091 
799, 20398.1288887731 
800, 20212.1464734908 
801, 20001.1202549338 
802, 19803.9639002643 
803, 19640.2366058798 
804, 19483.4686783434 
805, 19350.7793731758 
806, 19229.0835188326 
807, 19091.9702073022 
808, 18908.6186706541 
809, 18679.3769607637 
810, 18418.6799463147 
811, 18139.0259771304 
812, 17800.209390794 
813, 17353.774981475 
814, 16795.9046278475 
815, 16174.6045098597 
816, 15603.6950158138 
817, 15164.3545627396 
818, 14905.0917042945 
819, 14836.9906546362 
820, 14833.5928876377 
821, 14794.6762055023 
822, 14678.698348042 
823, 14543.5268605078 
824, 14455.3178437329 
825, 14474.8989116021 
826, 14588.3401231507 
827, 14568.4106472855 
828, 14410.13805323 
829, 14191.1191985576 
830, 14021.7924115524 
831, 13917.383182276 
832, 13845.6777523868 
833, 13790.6087458391 
834, 13754.1852694127 
835, 13743.7531305252 
836, 13744.4691377335 
837, 13731.0880844805 
838, 13673.1173536336 
839, 13581.5290855944 
840, 13467.4009227786 
841, 13339.9947239958 
842, 13203.863714873 
843, 13062.6095881852 
844, 12923.6263320169 
845, 12790.6946496962 
846, 12661.0404765307 
847, 12500.0343451086 
848, 12301.3744411755 
849, 12075.5496065362 
850, 11850.0564011143 
851, 11586.2745195078 
852, 11313.7633525139 
853, 11088.0209980441 
854, 10918.0958124296 
855, 10783.5716102876 
856, 10725.2653683822 
857, 10798.5515199941 
858, 10911.0860779855 
859, 10943.6816066968 
860, 10872.7071407163 
861, 10760.7434037711 
862, 10628.1975637171 
863, 10453.3986265201 
864, 10237.6027972651 
865, 10014.5604026227 
866, 9803.58631300291 
867, 9625.52268021571 
868, 9509.9025419343 
869, 9494.74210158155 
870, 9525.07004032676 
871, 9524.24184250764 
872, 9454.10024506215 
873, 9350.61373299025 
874, 9236.65822911535 
875, 9123.25750627592 
876, 9013.02373503589 
877, 8900.89744047788 
878, 8792.8433940282 
879, 8687.84168000976 
880, 8582.67907582362 
881, 8474.33194143651 
882, 8365.99158369987 
883, 8263.17258339851 
884, 8168.28295908199 
885, 8072.64259801716 
886, 7969.14150930638 
887, 7859.78630582166 
888, 7750.36443153825 
889, 7643.54021542296 
890, 7537.51501292745 
891, 7418.06719535117 
892, 7267.55683038671 
893, 7080.48866251087 
894, 6863.62228562844 
895, 6622.98861385175 
896, 6366.39354354827 
897, 6108.8948886538 
898, 5867.25983104131 
899, 5667.80261496161 
900, 5535.07451865372 
901, 5463.13375151598 
902, 5433.52479786581 
903, 5424.91658191728 
904, 5415.63235822234 
905, 5388.20047198919 
906, 5330.40282408661 
907, 5231.60160595127 
908, 5090.22930497472 
909, 4939.38276600073 
910, 4811.94918001811 
911, 4720.97786489252 
912, 4659.88774280396 
913, 4607.41678651373 
914, 4556.81199494315 
915, 4506.98737534538 
916, 4462.30262920583 
917, 4437.10571460006 
918, 4418.4129995928 
919, 4399.44807832659 
920, 4380.04888426759 
921, 4360.07091176572 
922, 4327.73792688891 
923, 4271.46336297521 
924, 4184.23860766978 
925, 4076.09253722093 
926, 3943.81945704202 
927, 3782.75081954163 
928, 3588.76652458868 
929, 3361.12136868925 
930, 3105.89974381934 
931, 2836.31244601362 
932, 2571.9902402301 
933, 2337.99300408935 
934, 2154.94390587157 
935, 2033.45642144176 
936, 1972.78746047678 
937, 1958.3789804284 
938, 1977.07374078168 
939, 2007.86546064876 
940, 2032.31268024434 
941, 2056.24131399006 
942, 2065.94618324341 
943, 2050.01275099427 
944, 2005.94155642924 
945, 1950.06928208706 
946, 1906.52884888662 
947, 1882.06526592567 
948, 1872.89834224501 
949, 1872.12022441418 
950, 1870.96587115484 
951, 1867.43956502412 
952, 1862.46367590658 
953, 1856.77095034706 
954, 1848.991968069 
955, 1841.21835048199 
956, 1836.18458100309 
957, 1835.59874667997 
958, 1836.58117738608 
959, 1838.57195225179 
960, 1842.38997172994 
961, 1849.74216015965 
962, 1857.63128799994 
963, 1868.24009269816 
964, 1881.26117703718 
965, 1892.63685813495 
966, 1902.49407937098 
967, 1907.88518096081 
968, 1908.15995541997 
969, 1904.83934931456 
970, 1896.82179566475 
971, 1885.22809996535 
972, 1867.30968441188 
973, 1839.45829899682 
974, 1806.27645241569 
975, 1771.11318782054 
976, 1737.81338998295 
977, 1709.34987703028 
978, 1685.73332938794 
979, 1667.30499255425 
980, 1653.08733532832 
981, 1640.87964680757 
982, 1627.30042565031 
983, 1612.13103097856 
984, 1594.5878797996 
985, 1574.88967402051 
986, 1554.6074351624 
987, 1531.42311557077 
988, 1507.02176684476 
989, 1481.63007658744 
990, 1453.65085999082 
991, 1425.75528127173 
992, 1398.72368945533 
993, 1371.91280803789 
994, 1344.12967285511 
995, 1315.94114761826 
996, 1286.40791485977 
997, 1256.85547680305 
998, 1228.46418128145 
999, 1198.74048762247 
1000, 1169.65134985919 
1001, 7443.31805989938 
1002, 7437.05548167713 
1003, 7438.71281097034 
1004, 7437.66589704202 
1005, 7440.00898657888 
1006, 7452.69491047244 
1007, 7473.35334110565 
1008, 7507.29469261404 
1009, 7543.98240464502 
1010, 7594.70430995954 
1011, 7640.55346650854 
1012, 7688.93996612538 
1013, 7734.96665731192 
1014, 7780.5379016269 
1015, 7823.0041960041 
1016, 7867.01579946565 
1017, 7910.68143719917 
1018, 7956.79860547042 
1019, 8012.40504253073 
1020, 8068.7907276288 
1021, 8118.2800136809 
1022, 8170.30519435407 
1023, 8223.27550819427 
1024, 8275.45956824678 
1025, 8324.04425657285 
1026, 8383.45505883693 
1027, 8438.75059551511 
1028, 8482.67306846064 
1029, 8531.49319264905 
1030, 8576.13658679705 
1031, 8619.74722988807 
1032, 8661.58590622023 
1033, 8698.11863077546 
1034, 8730.32988749919 
1035, 8756.84991232527 
1036, 8774.85295854681 
1037, 8798.09020362359 
1038, 8820.04813158952 
1039, 8834.7989054524 
1040, 8859.23116433337 
1041, 8885.80771269518 
1042, 8901.60346454467 
1043, 8917.48845940681 
1044, 8933.43323053724 
1045, 8935.08352416378 
1046, 8939.00954689163 
1047, 8947.01512427827 
1048, 8957.71238046742 
1049, 8963.46696778344 
1050, 8977.36039749731 
1051, 8995.06017753749 
1052, 9015.00739781394 
1053, 9033.18218355309 
1054, 9047.37758508824 
1055, 9061.00292589068 
1056, 9072.12774128376 
1057, 9094.47296366637 
1058, 9117.47807383807 
1059, 9144.76531300295 
1060, 9180.05772959124 
1061, 9216.13743810362 
1062, 9262.99663052126 
1063, 9321.51635789588 
1064, 9383.40761636482 
1065, 9450.94244361277 
1066, 9522.00119649532 
1067, 9588.26801113974 
1068, 9669.45213581409 
1069, 9763.20572033686 
1070, 9867.16524357517 
1071, 9985.94329520039 
1072, 10101.9662635729 
1073, 10216.8113026753 
1074, 10335.5319003087 
1075, 10445.0755667347 
1076, 10551.7678261793 
1077, 10656.6785314124 
1078, 10746.1518719905 
1079, 10828.9009179562 
1080, 10899.7098809343 
1081, 10962.5799052267 
1082, 11024.8109213455 
1083, 11078.6486226602 
1084, 11139.712635679 
1085, 11201.8110280951 
1086, 11251.1807761378 
1087, 11299.3810519601 
1088, 11334.4823331979 
1089, 11359.166773129 
1090, 11373.1270245071 
1091, 11377.880381482 
1092, 11371.6654895383 
1093, 11356.52610489 
1094, 11329.3574969068 
1095, 11297.0652492533 
1096, 11268.518988303 
1097, 11230.0984286136 
1098, 11180.9979770391 
1099, 11141.1360151922 
1100, 11102.4028830553 
1101, 11060.6956362144 
1102, 11028.7445602583 
1103, 10983.0931934662 
1104, 10937.7526917114 
1105, 10871.3748061069 
1106, 10801.0743475643 
1107, 10703.0917424829 
1108, 10557.1573532351 
1109, 10374.6304368428 
1110, 10114.4448386055 
1111, 9794.94889822281 
1112, 9426.25410120763 
1113, 8977.44069042652 
1114, 8529.78742301637 
1115, 8006.76628957983 
1116, 7540.47259163061 
1117, 7032.15715429529 
1118, 6609.93860556733 
1119, 6228.88627029639 
1120, 5890.5355727659 
1121, 5604.96518691185 
1122, 5377.79402295333 
1123, 5212.49999335221 
1124, 5098.79224844072 
1125, 5048.35299313196 
1126, 5088.72718688613 
1127, 5123.25755495775 
1128, 5210.25506925874 
1129, 5295.96189853763 
1130, 5406.20897983196 
1131, 5518.47628996236 
1132, 5631.88789667272 
1133, 5776.56316644437 
1134, 5932.87205168282 
1135, 6110.16177254447 
1136, 6347.38207995816 
1137, 6592.14211823585 
1138, 6827.54370550465 
1139, 7038.42402368817 
1140, 7176.37173226253 
1141, 7267.64295121116 
1142, 7311.04923135168 
1143, 7268.08264362489 
1144, 7253.32583991758 
1145, 7150.23159663924 
1146, 7156.13361329605 
1147, 7164.48698280652 
1148, 7263.57240284152 
1149, 7448.02584475565 
1150, 7670.44069520239 
1151, 7960.51012804161 
1152, 8289.3644180045 
1153, 8632.29869752893 
1154, 9023.46632628928 
1155, 9404.77462365452 
1156, 9815.1294796419 
1157, 10201.3510034526 
1158, 10601.0166082549 
1159, 10968.5060332147 
1160, 11324.8361851984 
1161, 11656.9668432568 
1162, 11976.6947003921 
1163, 12264.7557218089 
1164, 12530.1531113536 
1165, 12765.5325176571 
1166, 12974.1762315578 
1167, 13155.8379574999 
1168, 13314.2097026934 
1169, 13448.7193490282 
1170, 13557.2543513134 
1171, 13635.9749511403 
1172, 13700.0942897202 
1173, 13735.9662677841 
1174, 13763.8163322871 
1175, 13772.2054706802 
1176, 13772.7902125791 
1177, 13752.9105043114 
1178, 13735.7442338517 
1179, 13704.193366664 
1180, 13680.3939271964 
1181, 13653.9317544309 
1182, 13632.4827489711 
1183, 13623.8162969095 
1184, 13614.6765838282 
1185, 13633.0252771084 
1186, 13665.070481845 
1187, 13716.7481570209 
1188, 13794.1864746549 
1189, 13874.2280112823 
1190, 13989.4049997777 
1191, 14071.9231271851 
1192, 14168.6435499177 
1193, 14225.1597447755 
1194, 14260.1612784367 
1195, 14267.4731782889 
1196, 14238.5726018229 
1197, 14196.5492254992 
1198, 14145.82418102 
1199, 14058.6437014038 
1200, 14008.4069896772 
1201, 13952.4851864793 
1202, 13928.3867330056 
1203, 13922.1150016546 
1204, 13932.9897528256 
1205, 13967.6492549822 
1206, 14008.7404834987 
1207, 14070.8070627556 
1208, 14132.8305500633 
1209, 14206.0886119416 
1210, 14279.267887092 
1211, 14363.9959579437 
1212, 14439.4322449253 
1213, 14512.1369715377 
1214, 14587.3188301621 
1215, 14649.8525087832 
1216, 14707.2928740356 
1217, 14751.498649971 
1218, 14783.3099045697 
1219, 14815.3977773072 
1220, 14838.010111038 
1221, 14858.0086668536 
1222, 14871.4277351774 
1223, 14889.9909671992 
1224, 14904.2616270287 
1225, 14920.174892346 
1226, 14943.209052319 
1227, 14961.9136058066 
1228, 14972.575390252 
1229, 14988.8310001474 
1230, 15007.1826465314 
1231, 15030.7337755174 
1232, 15045.0826531896 
1233, 15066.1953508536 
1234, 15065.4690017412 
1235, 15052.2292715302 
1236, 15033.4480779973 
1237, 15000.8558662257 
1238, 14966.8992031199 
1239, 14926.5993306593 
1240, 14883.6306580915 
1241, 14834.8572676346 
1242, 14783.8408228724 
1243, 14731.3133020193 
1244, 14673.4648192217 
1245, 14610.6417659998 
1246, 14545.1071858448 
1247, 14474.876415537 
1248, 14401.6982394132 
1249, 14319.8689664973 
1250, 14237.2196620273 
1251, 14137.2339246417 
1252, 14032.1867480767 
1253, 13904.5390116053 
1254, 13767.1980467449 
1255, 13601.3774548073 
1256, 13417.6996310435 
1257, 13207.3676485866 
1258, 12961.2368734707 
1259, 12711.7990688704 
1260, 12425.458747167 
1261, 12155.9834274884 
1262, 11873.1666147903 
1263, 11606.384557963 
1264, 11374.5779466515 
1265, 11139.498908592 
1266, 10992.7494193214 
1267, 10875.7845514185 
1268, 10851.1580484066 
1269, 10902.9067260364 
1270, 11003.9618412692 
1271, 11201.778826207 
1272, 11390.2311953698 
1273, 11647.506768471 
1274, 11867.5322958147 
1275, 12110.2754408554 
1276, 12312.4643341752 
1277, 12499.9858028387 
1278, 12661.3500220591 
1279, 12793.4308969557 
1280, 12905.0292130923 
1281, 13005.362855049 
1282, 13100.4839352666 
1283, 13195.973122292 
1284, 13286.8799437715 
1285, 13376.0591891414 
1286, 13466.0833298501 
1287, 13544.1366092672 
1288, 13622.0234924412 
1289, 13680.5400735897 
1290, 13726.8292969114 
1291, 13762.1932664174 
1292, 13783.8263931594 
1293, 13795.5920948049 
1294, 13797.2799063757 
1295, 13787.4270276897 
1296, 13760.6685548438 
1297, 13732.0688686062 
1298, 13693.6911340309 
1299, 13651.0766789247 
1300, 13609.1622760981 
1301, 13559.2826902472 
1302, 13507.870938468 
1303, 13454.3068057114 
1304, 13394.3157089017 
1305, 13329.0811872449 
1306, 13261.1007655787 
1307, 13188.8409733987 
1308, 13111.7398721419 
1309, 13029.7835780736 
1310, 12946.5088602765 
1311, 12852.4085870683 
1312, 12767.9670892864 
1313, 12682.2047039748 
1314, 12605.9729315227 
1315, 12539.2493988124 
1316, 12473.6244055322 
1317, 12412.2258151375 
1318, 12355.299681731 
1319, 12305.0434217053 
1320, 12251.7835571399 
1321, 12203.6798038919 
1322, 12142.4068689557 
1323, 12048.0391564515 
1324, 11943.6427644646 
1325, 11793.9928238901 
1326, 11600.537753285 
1327, 11399.8271939171 
1328, 11147.1446869641 
1329, 10929.1224003789 
1330, 10684.9864767785 
1331, 10498.8225960659 
1332, 10331.2760539676 
1333, 10208.2306502983 
1334, 10148.6691953541 
1335, 10082.3317438524 
1336, 10049.0125260117 
1337, 10023.5757720415 
1338, 9974.76011317853 
1339, 9880.12892510654 
1340, 9737.15571125572 
1341, 9515.79589161634 
1342, 9200.98960738754 
1343, 8807.98998658586 
1344, 8330.8942993149 
1345, 7743.62601632002 
1346, 7128.98901768685 
1347, 6410.60818794814 
1348, 5728.84531427477 
1349, 4983.3721832444 
1350, 4309.89772789334 
1351, 3624.5129728889 
1352, 3027.41899063554 
1353, 2467.58830576034 
1354, 1984.09796588461 
1355, 1574.32852319478 
1356, 1222.4119230493 
1357, 933.720309845875 
1358, 708.204025903893 
1359, 533.63069467987 
1360, 398.871490867733 
1361, 303.461759253535 
1362, 233.209571968962 
1363, 187.493100553788 
1364, 161.517679970212 
1365, 140.122378951495 
1366, 133.857765773574 
1367, 134.388151227771 
1368, 145.504459644167 
1369, 160.758935818766 
1370, 185.653833731711 
1371, 215.535714013564 
1372, 255.587250348177 
1373, 292.005838166425 
1374, 342.860724108107 
1375, 375.647741969031 
1376, 403.495800266881 
1377, 419.349876413765 
1378, 428.66519456599 
1379, 416.966043581264 
1380, 400.20735235776 
1381, 381.301932652295 
1382, 358.126446071429 
1383, 351.837343258086 
1384, 362.597012174415 
1385, 389.4006086408 
1386, 436.665180457081 
1387, 497.333683582965 
1388, 549.713889162956 
1389, 613.054567956922 
1390, 660.147156238654 
1391, 700.436983030877 
1392, 732.455614364385 
1393, 755.562218901353 
1394, 776.088554088477 
1395, 780.364733314222 
1396, 802.108059164803 
1397, 826.552830300006 
1398, 856.951688902403 
1399, 898.561024326883 
1400, 940.202869890351 
1401, 979.831770655786 
1402, 1027.65991876609 
1403, 1082.05530981715 
1404, 1141.25957313753 
1405, 1198.52672303212 
1406, 1269.67125531844 
1407, 1346.75843239459 
1408, 1429.67261379171 
1409, 1535.95078751563 
1410, 1660.39441951934 
1411, 1790.11136898116 
1412, 1942.27119221789 
1413, 2080.62787692213 
1414, 2225.7684575497 
1415, 2354.64061011579 
1416, 2474.98756976937 
1417, 2592.26696438748 
1418, 2700.75847207502 
1419, 2809.44815017623 
1420, 2913.01007968206 
1421, 3018.2991568251 
1422, 3135.03246460913 
1423, 3225.65580527151 
1424, 3319.04833197769 
1425, 3381.86472921109 
1426, 3422.1692662914 
1427, 3436.44462774724 
1428, 3429.78613832892 
1429, 3393.11090694875 
1430, 3335.37589647455 
1431, 3265.46347601467 
1432, 3188.58015078015 
1433, 3115.99721043286 
1434, 3050.48236435697 
1435, 2998.73304917476 
1436, 2962.63321623699 
1437, 2938.35014015685 
1438, 2922.17326091022 
1439, 2918.90360100511 
1440, 2919.15613871569 
1441, 2931.10344850633 
1442, 2941.38303264225 
1443, 2959.37901514936 
1444, 2970.80251363681 
1445, 2981.55971566045 
1446, 2989.46028554749 
1447, 2990.42667015781 
1448, 2999.46097299388 
1449, 3005.71960976215 
1450, 3022.49697337602 
1451, 3050.82268351854 
1452, 3077.41671918506 
1453, 3117.10186071779 
1454, 3144.4581099914 
1455, 3174.48172603915 
1456, 3187.6056540277 
1457, 3186.09767807301 
1458, 3161.35437692914 
1459, 3109.90470148223 
1460, 3036.33712475384 
1461, 2948.95830682459 
1462, 2836.34744524599 
1463, 2707.05308414005 
1464, 2572.83923509302 
1465, 2444.68207535741 
1466, 2300.63142304091 
1467, 2187.20599822123 
1468, 2082.82835332806 
1469, 1998.87293648853 
1470, 1933.51410752807 
1471, 1879.93243883467 
1472, 1845.67304080889 
1473, 1819.50955618351 
1474, 1806.29391842075 
1475, 1799.33139027952 
1476, 1808.61141697072 
1477, 1811.09370549191 
1478, 1820.01991247349 
1479, 1824.49872299657 
1480, 1822.76855741348 
1481, 1828.71482108787 
1482, 1834.69962764948 
1483, 1847.13913162408 
1484, 1864.83166408817 
1485, 1887.10304253652 
1486, 1913.37133820378 
1487, 1946.6589536339 
1488, 1983.55644290494 
1489, 2017.20250034897 
1490, 2054.86770629803 
1491, 2094.05145944049 
1492, 2129.30477525545 
1493, 2164.38682317492 
1494, 2198.45382395724 
1495, 2224.88029558633 
1496, 2250.91618496003 
1497, 2277.6029456743 
1498, 2297.06427840032 
1499, 2311.21551375439 
1500, 2324.17645113817 
1501, 2331.34484627588 
1502, 2340.23072202379 
1503, 2343.65982972779 
1504, 2356.54190761179 
1505, 2374.69912407738 
1506, 2390.87760516441 
1507, 2410.25680370535 
1508, 2431.80228557342 
1509, 2452.66474842071 
1510, 2474.63992577117 
1511, 2501.9297516564 
1512, 2526.60834899537 
1513, 2552.4880306719 
1514, 2572.60851581641 
1515, 2591.81810248859 
1516, 2607.58046683908 
1517, 2614.8186757953 
1518, 2624.44735536536 
1519, 2629.60555234603 
1520, 2642.59529804044 
1521, 2661.64305430205 
1522, 2678.33210999858 
1523, 2695.2986339838 
1524, 2711.67367307285 
1525, 2716.55294790293 
1526, 2722.34052782866 
1527, 2733.92603760041 
1528, 2744.49814321789 
1529, 2752.5838886942 
1530, 2760.13476690772 
1531, 2765.26033130144 
1532, 2770.60766269752 
1533, 2780.92982537828 
1534, 2789.7410686048 
1535, 2800.9795104605 
1536, 2813.84133842148 
1537, 2825.87030887577 
1538, 2839.76512695948 
1539, 2852.35892356517 
1540, 2861.55123883211 
1541, 2877.23597767946 
1542, 2896.12478705587 
1543, 2914.26032053292 
1544, 2936.09942307587 
1545, 2955.77643555177 
1546, 2975.74224304404 
1547, 2992.36300235534 
1548, 3007.48800617527 
1549, 3023.53843646705 
1550, 3036.61143280387 
1551, 3050.1535045778 
1552, 3065.6405891633 
1553, 3079.43647106272 
1554, 3091.64480557379 
1555, 3103.53953775093 
1556, 3113.4197308817 
1557, 3126.38043328101 
1558, 3141.60846565692 
1559, 3154.22060700488 
1560, 3171.31379041935 
1561, 3181.19591661221 
1562, 3187.17281124258 
1563, 3187.94966514659 
1564, 3182.6984919327 
1565, 3175.99743861067 
1566, 3161.97119802466 
1567, 3150.7562791322 
1568, 3141.11155576766 
1569, 3127.67021281678 
1570, 3113.4356147442 
1571, 3104.57803619776 
1572, 3098.756950498 
1573, 3097.12270354505 
1574, 3101.30613067968 
1575, 3112.72541137718 
1576, 3124.6700841612 
1577, 3147.66586861452 
1578, 3181.50689437144 
1579, 3221.6797627898 
1580, 3264.31401110621 
1581, 3315.48828675274 
1582, 3364.4294012304 
1583, 3417.57569898079 
1584, 3462.9740516457 
1585, 3510.77264378903 
1586, 3547.43878635431 
1587, 3574.4827518003 
1588, 3602.37441274411 
1589, 3626.34003929952 
1590, 3647.360939893 
1591, 3665.09394024092 
1592, 3682.21006060833 
1593, 3699.27041978087 
1594, 3707.47420221413 
1595, 3714.57409511692 
1596, 3711.46098030914 
1597, 3696.7757200805 
1598, 3681.15373789193 
1599, 3656.48788365041 
1600, 3638.126574168 
1601, 3614.96085773481 
1602, 3601.19795958183 
1603, 3594.28199242961 
1604, 3587.87737889691 
1605, 3582.03222501053 
1606, 3585.32858898224 
1607, 3594.61522758809 
1608, 3605.67102486258 
1609, 3623.39876028061 
1610, 3643.87386056682 
1611, 3668.27927569202 
1612, 3691.10681874817 
1613, 3718.5664126333 
1614, 3744.20871965127 
1615, 3769.73692864737 
1616, 3791.0897997993 
1617, 3813.29618980563 
1618, 3830.36655285082 
1619, 3839.83132707861 
1620, 3850.61623976566 
1621, 3861.75981500333 
1622, 3869.74410205423 
1623, 3874.704567868 
1624, 3879.54302397252 
1625, 3882.37125576597 
1626, 3883.90632539897 
1627, 3887.38577775449 
1628, 3885.14706390366 
1629, 3880.63485602963 
1630, 3870.8573197533 
1631, 3854.92060498644 
1632, 3837.60272853992 
1633, 3816.52116324058 
1634, 3792.88149332164 
1635, 3762.69849833713 
1636, 3737.54674926312 
1637, 3711.39261711593 
1638, 3687.70022124238 
1639, 3665.78521422553 
1640, 3648.93355283093 
1641, 3635.19167310122 
1642, 3623.41767098258 
1643, 3617.82731136252 
1644, 3612.45900963426 
1645, 3603.27293014526 
1646, 3602.23386540278 
1647, 3608.64160502906 
1648, 3615.05342742236 
1649, 3628.74522916204 
1650, 3640.32476966669 
1651, 3653.70413883604 
1652, 3660.29372683016 
1653, 3672.10985099545 
1654, 3685.22889612224 
1655, 3696.60411541427 
1656, 3709.56799791385 
1657, 3717.42175256395 
1658, 3723.10613290408 
1659, 3725.77507739321 
1660, 3726.45875448977 
1661, 3721.35405596429 
1662, 3713.20933407036 
1663, 3699.25822867569 
1664, 3676.36284177869 
1665, 3662.45518463721 
1666, 3645.02119980494 
1667, 3639.29112055863 
1668, 3642.17151342704 
1669, 3642.9904353139 
1670, 3648.46330200008 
1671, 3652.27144972197 
1672, 3656.02945480443 
1673, 3660.95709278729 
1674, 3669.16284238744 
1675, 3670.88424768262 
1676, 3671.83872967521 
1677, 3667.73467773622 
1678, 3657.0422582737 
1679, 3650.99779097337 
1680, 3642.31775777712 
1681, 3639.30083364182 
1682, 3640.36816182135 
1683, 3639.64221628669 
1684, 3641.67949554214 
1685, 3639.60558524209 
1686, 3634.00614951723 
1687, 3633.8917248916 
1688, 3633.91161996061 
1689, 3636.79968714384 
1690, 3646.01294340842 
1691, 3647.07548346338 
1692, 3647.38685514117 
1693, 3640.9029029914 
1694, 3626.40223044975 
1695, 3619.45925204392 
1696, 3611.15600391439 
1697, 3606.01909100698 
1698, 3608.47248431917 
1699, 3599.43799079329 
1700, 3584.14701829042 
1701, 3573.02034197439 
1702, 3558.90417758794 
1703, 3546.72532573203 
1704, 3538.33554416201 
1705, 3526.22651380085 
1706, 3509.63840227262 
1707, 3499.34498240513 
1708, 3489.87728902678 
1709, 3484.6053740143 
1710, 3485.14290640953 
1711, 3481.0382313551 
1712, 3477.08444652875 
1713, 3475.44385833422 
1714, 3472.38214204627 
1715, 3473.15806784638 
1716, 3473.47127721716 
1717, 3466.05308217066 
1718, 3458.3247829043 
1719, 3440.54103903188 
1720, 3418.1001914237 
1721, 3394.63667694321 
1722, 3370.70720104026 
1723, 3355.63784016547 
1724, 3345.13622233467 
1725, 3333.58200520859 
1726, 3323.83616272202 
1727, 3309.58270831475 
1728, 3290.6006700585 
1729, 3278.05443012203 
1730, 3262.01282589797 
1731, 3241.17386404401 
1732, 3221.21280574159 
1733, 3193.42004681834 
1734, 3169.84267094418 
1735, 3156.53070017827 
1736, 3144.08776023226 
1737, 3136.13049780267 
1738, 3130.94130000366 
1739, 3127.62668983808 
1740, 3127.41665075842 
1741, 3125.05184409525 
1742, 3118.73039970093 
1743, 3105.87831492319 
1744, 3092.27291755098 
1745, 3082.39979023326 
1746, 3072.8851589629 
1747, 3067.52293360634 
1748, 3063.43906911684 
1749, 3065.47307757158 
1750, 3069.22005588202 
1751, 3068.54605254544 
1752, 3064.92632778483 
1753, 3050.82598095085 
1754, 3037.02580558492 
1755, 3021.76929414774 
1756, 3004.26155811915 
1757, 2987.83654663515 
1758, 2966.83006979264 
1759, 2947.7502370905 
1760, 2926.61655761176 
1761, 2902.92942621946 
1762, 2881.79942400387 
1763, 2859.75763127384 
1764, 2839.50861875039 
1765, 2821.23073655003 
1766, 2803.09759719371 
1767, 2788.04616428476 
1768, 2770.05750888266 
1769, 2755.29539814818 
1770, 2732.25322837357 
1771, 2706.27604082851 
1772, 2672.08691792926 
1773, 2624.89423982989 
1774, 2584.21232026436 
1775, 2538.30639657538 
1776, 2496.89878982578 
1777, 2461.46253953657 
1778, 2425.52682087971 
1779, 2389.52887850065 
1780, 2354.46485377972 
1781, 2319.88995492841 
1782, 2287.35815563658 
1783, 2255.7751723157 
1784, 2227.90038187685 
1785, 2205.68295051 
1786, 2177.58972769231 
1787, 2152.96400753423 
1788, 2119.16489255223 
1789, 2081.17228856759 
1790, 2034.50683206209 
1791, 1981.14904957284 
1792, 1920.87179896051 
1793, 1848.52466944763 
1794, 1778.53054611977 
1795, 1707.70220906365 
1796, 1628.34230785794 
1797, 1549.67436620219 
1798, 1466.66529793708 
1799, 1381.77544188962 
1800, 1299.91592874087 
1801, 7570.52875165051 
1802, 7181.9126996453 
1803, 6857.09087387761 
1804, 6600.33174446293 
1805, 6379.52108159928 
1806, 6165.3739052031 
1807, 5981.71710712718 
1808, 5778.37802695685 
1809, 5608.98406621972 
1810, 5383.40211341608 
1811, 5125.95243418479 
1812, 4865.99562207769 
1813, 4579.81442093389 
1814, 4284.89092748527 
1815, 3996.26633216783 
1816, 3723.7784879896 
1817, 3481.45675867977 
1818, 3250.78842055342 
1819, 3048.65513489584 
1820, 2881.74895045639 
1821, 2729.4616391342 
1822, 2611.24833625361 
1823, 2485.71442478191 
1824, 2348.88064235608 
1825, 2210.09742456042 
1826, 2008.17645932198 
1827, 1788.69084945931 
1828, 1581.83027010134 
1829, 1356.98853484632 
1830, 1146.54745254012 
1831, 925.065183900416 
1832, 747.244915291661 
1833, 594.464035538557 
1834, 457.575807021192 
1835, 381.088597886657 
1836, 316.959807238184 
1837, 249.597341453396 
1838, 207.224632604372 
1839, 182.621365023975 
1840, 174.529830585244 
1841, 174.700728389887 
1842, 189.239328214308 
1843, 238.33906144909 
1844, 285.795332194118 
1845, 308.572077110534 
1846, 350.90821698552 
1847, 365.700803658907 
1848, 330.548491506591 
1849, 311.397163382452 
1850, 296.348651709193 
1851, 280.674345084857 
1852, 242.036943369564 
1853, 219.037244826481 
1854, 215.759714880493 
1855, 196.736014462189 
1856, 190.10024338205 
1857, 223.77935892485 
1858, 265.27089365395 
1859, 312.609759878687 
1860, 374.479675417145 
1861, 447.249756306379 
1862, 502.092530245268 
1863, 532.394893441116 
1864, 539.932732733125 
1865, 538.278666775464 
1866, 519.323876269503 
1867, 482.608142106039 
1868, 419.062036274283 
1869, 342.242822339393 
1870, 283.579254774054 
1871, 225.818403928376 
1872, 158.358212850309 
1873, 116.212340153309 
1874, 116.215426148125 
1875, 131.542395331825 
1876, 189.376964396263 
1877, 278.485770338344 
1878, 366.906356862071 
1879, 442.770896031375 
1880, 511.60434350726 
1881, 573.332498973734 
1882, 639.023453334313 
1883, 700.737069468323 
1884, 741.625501637386 
1885, 773.854664411581 
1886, 787.146408718672 
1887, 791.802642293704 
1888, 783.140728754261 
1889, 757.169607247674 
1890, 746.998422134761 
1891, 724.60835979526 
1892, 681.319831493484 
1893, 652.241270643963 
1894, 635.287245702056 
1895, 600.453639401417 
1896, 564.035721458518 
1897, 512.253940233612 
1898, 466.225295570018 
1899, 404.121759078592 
1900, 349.333359521537 
1901, 287.951092993559 
1902, 249.218824609068 
1903, 211.948198109726 
1904, 201.443755128526 
1905, 192.286829545306 
1906, 200.162701868805 
1907, 230.176624142186 
1908, 233.716666625817 
1909, 257.480469907984 
1910, 284.959219201369 
1911, 292.491574064997 
1912, 274.418281180071 
1913, 281.814025580322 
1914, 283.627225653549 
1915, 295.27830841359 
1916, 348.349893188901 
1917, 402.677524037708 
1918, 468.861352369288 
1919, 538.230600276146 
1920, 587.033546050797 
1921, 647.736527746853 
1922, 691.350000053259 
1923, 736.09081029985 
1924, 753.142252625847 
1925, 756.878303933157 
1926, 728.874752381062 
1927, 698.927540854668 
1928, 684.116525550564 
1929, 669.633299727508 
1930, 675.233243693442 
1931, 696.209045481635 
1932, 711.703991176528 
1933, 729.501862954556 
1934, 760.352166106625 
1935, 777.128657197183 
1936, 785.062227324046 
1937, 801.08953192262 
1938, 796.118050807933 
1939, 793.600566671372 
1940, 827.868284919094 
1941, 848.891289173556 
1942, 870.803240286914 
1943, 918.186616089276 
1944, 940.441625830803 
1945, 947.83925163538 
1946, 947.33404180684 
1947, 934.876325194011 
1948, 918.4812683856 
1949, 891.962846508845 
1950, 854.724061654386 
1951, 830.319943510631 
1952, 805.093023250009 
1953, 750.39343917318 
1954, 695.399809883388 
1955, 656.675757480327 
1956, 610.209964860926 
1957, 581.909982767345 
1958, 568.424288926705 
1959, 570.594560568919 
1960, 577.896348805899 
1961, 598.65647548037 
1962, 656.67541971134 
1963, 713.027756811578 
1964, 767.445094084366 
1965, 828.153866616343 
1966, 885.464617425908 
1967, 937.341718622488 
1968, 1001.06563546201 
1969, 1077.08512350633 
1970, 1140.4171603163 
1971, 1195.19566976589 
1972, 1262.36642343319 
1973, 1332.26023485225 
1974, 1402.79003775329 
1975, 1472.76182970356 
1976, 1544.88776329204 
1977, 1585.8935760081 
1978, 1614.34207202724 
1979, 1652.73954501322 
1980, 1687.23324515206 
1981, 1724.11416746049 
1982, 1767.55002041007 
1983, 1804.3905129624 
1984, 1846.30519164578 
1985, 1870.55618631337 
1986, 1886.41984785558 
1987, 1904.93401612532 
1988, 1882.59197468391 
1989, 1864.00595512491 
1990, 1840.68523950285 
1991, 1816.14319644873 
1992, 1765.21680698328 
1993, 1709.51488961895 
1994, 1631.86584650687 
1995, 1530.41294337457 
1996, 1410.14149918518 
1997, 1267.83879172701 
1998, 1118.89507776571 
1999, 956.018672202736 
2000, 806.702277774283 
2001, 683.029544300136 
2002, 565.873032415161 
2003, 474.788915072492 
2004, 398.66577571013 
2005, 347.084903731459 
2006, 324.208022162819 
2007, 312.339611397028 
2008, 336.492363648369 
2009, 341.14474789259 
2010, 352.592709223017 
2011, 358.974795081904 
2012, 357.459509330271 
2013, 362.399182431196 
2014, 380.546014268953 
2015, 406.984451404206 
2016, 445.285912788807 
2017, 487.445638237877 
2018, 550.219124422257 
2019, 632.71360618449 
2020, 719.032690191316 
2021, 823.413108470494 
2022, 927.037656153035 
2023, 1041.56967678199 
2024, 1149.78350248778 
2025, 1255.17051089186 
2026, 1366.16631471331 
2027, 1466.35868608503 
2028, 1563.74068769646 
2029, 1648.69294627707 
2030, 1728.86546888888 
2031, 1794.89471476167 
2032, 1846.75497178338 
2033, 1892.95980575827 
2034, 1933.88773950068 
2035, 1962.52268413983 
2036, 1974.82751051251 
2037, 1986.35392013852 
2038, 1991.48534214511 
2039, 1980.82068789718 
2040, 1985.04219008876 
2041, 1998.20407799162 
2042, 1994.82268028869 
2043, 2005.91242859356 
2044, 1978.07576840219 
2045, 1920.42458230727 
2046, 1864.32172708071 
2047, 1783.77311210467 
2048, 1707.17304979721 
2049, 1634.93825616297 
2050, 1551.11731558294 
2051, 1443.10847568474 
2052, 1349.24838428652 
2053, 1267.48371498173 
2054, 1198.93350770466 
2055, 1184.94739140673 
2056, 1229.45593586321 
2057, 1251.91681657522 
2058, 1310.20682880529 
2059, 1346.86674884436 
2060, 1377.53795620697 
2061, 1403.10597824869 
2062, 1427.66273865452 
2063, 1448.93599520767 
2064, 1453.14654744206 
2065, 1469.01697894864 
2066, 1480.49074053774 
2067, 1512.18698178262 
2068, 1548.37936133904 
2069, 1590.84877231866 
2070, 1644.11236364224 
2071, 1711.25650630057 
2072, 1777.08182204637 
2073, 1851.87348645411 
2074, 1925.35399597165 
2075, 1993.48805272985 
2076, 2078.19129257575 
2077, 2182.98237040923 
2078, 2270.85637829394 
2079, 2364.33254293653 
2080, 2451.07946158546 
2081, 2521.19744762127 
2082, 2599.48418955088 
2083, 2665.34328684505 
2084, 2735.71448226522 
2085, 2779.92941525196 
2086, 2794.82635475924 
2087, 2832.97826987063 
2088, 2864.51125534806 
2089, 2906.46151895391 
2090, 2961.51625354687 
2091, 3017.0586919409 
2092, 3073.26570547016 
2093, 3132.61211747372 
2094, 3196.71827782563 
2095, 3263.35941573642 
2096, 3352.35034039477 
2097, 3405.43352948871 
2098, 3460.79676267225 
2099, 3520.40265772148 
2100, 3569.07995145533 
2101, 3600.14841231293 
2102, 3637.11973303362 
2103, 3669.64616910956 
2104, 3705.16575372709 
2105, 3733.52275577882 
2106, 3773.02769415809 
2107, 3822.40648677099 
2108, 3870.38940503936 
2109, 3922.01623163158 
2110, 3973.37446734193 
2111, 4025.73737138273 
2112, 4082.10958861466 
2113, 4130.72915982501 
2114, 4169.44086732958 
2115, 4215.59527152748 
2116, 4252.1552734394 
2117, 4305.83986242709 
2118, 4373.67489127726 
2119, 4433.91743801357 
2120, 4503.70023195882 
2121, 4561.09247143742 
2122, 4597.81539639644 
2123, 4658.50843142884 
2124, 4729.42376836466 
2125, 4795.79283080332 
2126, 4872.31099398251 
2127, 4951.78759572272 
2128, 5041.96687844271 
2129, 5106.21520048289 
2130, 5175.90183413865 
2131, 5255.43235051818 
2132, 5316.88645225422 
2133, 5354.99559291841 
2134, 5414.61078770934 
2135, 5472.91011430827 
2136, 5542.90742361326 
2137, 5636.03888117431 
2138, 5706.36387637473 
2139, 5777.64168027674 
2140, 5837.73320746525 
2141, 5879.32620212808 
2142, 5922.50799323678 
2143, 5950.97454735297 
2144, 5997.4263824664 
2145, 6059.37531135068 
2146, 6108.08579927535 
2147, 6157.36987554466 
2148, 6204.44784914577 
2149, 6242.32392321059 
2150, 6258.05133221018 
2151, 6292.95021402686 
2152, 6333.76578535457 
2153, 6374.56168827103 
2154, 6417.32297629493 
2155, 6461.70721606958 
2156, 6508.75265701769 
2157, 6557.00045264108 
2158, 6618.96769402384 
2159, 6659.13293606032 
2160, 6696.38968796985 
2161, 6720.73536851223 
2162, 6712.71244679774 
2163, 6721.80952268058 
2164, 6723.50704569855 
2165, 6738.54147551111 
2166, 6771.98035516304 
2167, 6817.78635839496 
2168, 6881.1348622676 
2169, 6965.01346145857 
2170, 7048.3044705305 
2171, 7153.9575415939 
2172, 7240.34358860283 
2173, 7334.97593580453 
2174, 7405.8573764984 
2175, 7462.05212801175 
2176, 7509.7358852315 
2177, 7529.81323416817 
2178, 7566.59600605436 
2179, 7605.45740587075 
2180, 7642.29725289553 
2181, 7691.0580271331 
2182, 7727.59441607539 
2183, 7748.14484437974 
2184, 7774.2445745389 
2185, 7807.70396446044 
2186, 7844.8642164025 
2187, 7892.95339190566 
2188, 7955.835758494 
2189, 8014.8873735444 
2190, 8092.54975874644 
2191, 8134.72174621242 
2192, 8178.67816835805 
2193, 8187.23610330157 
2194, 8165.6005630653 
2195, 8128.05618039852 
2196, 8051.48379014809 
2197, 7994.73637406478 
2198, 7907.38703928892 
2199, 7858.47041412036 
2200, 7826.73855659694 
2201, 7816.0786253685 
2202, 7817.32986745558 
2203, 7851.01907520542 
2204, 7918.5812944438 
2205, 7996.65808978158 
2206, 8093.47163572303 
2207, 8216.32847134873 
2208, 8311.37753792512 
2209, 8403.80393193003 
2210, 8485.7730351901 
2211, 8563.65547609844 
2212, 8619.72752073966 
2213, 8669.96125385928 
2214, 8697.1648006193 
2215, 8689.55354875139 
2216, 8697.17529630244 
2217, 8702.37228125381 
2218, 8693.98828764987 
2219, 8685.33376834473 
2220, 8665.70723831211 
2221, 8615.33104936835 
2222, 8589.59873642647 
2223, 8567.67195945469 
2224, 8552.04288067174 
2225, 8560.64886133616 
2226, 8552.13724116622 
2227, 8533.33449200819 
2228, 8524.65894383295 
2229, 8512.16063025866 
2230, 8473.73075793116 
2231, 8442.10431641171 
2232, 8407.15163326659 
2233, 8373.97243900985 
2234, 8336.36601463532 
2235, 8299.77955598375 
2236, 8263.74679976354 
2237, 8232.31206055894 
2238, 8204.06038158429 
2239, 8169.5833166231 
2240, 8137.9184088581 
2241, 8102.25997083394 
2242, 8063.91506966166 
2243, 8013.45629701007 
2244, 7958.48275709089 
2245, 7900.14249902336 
2246, 7823.92090379364 
2247, 7759.72928491286 
2248, 7698.42079881628 
2249, 7641.11854008225 
2250, 7592.06189470629 
2251, 7537.07388088896 
2252, 7488.51183327033 
2253, 7434.55740167869 
2254, 7355.82991889062 
2255, 7270.03393459037 
2256, 7173.66897128311 
2257, 7078.91052188269 
2258, 6999.66843084957 
2259, 6935.63096081287 
2260, 6857.16367920443 
2261, 6781.596789015 
2262, 6705.05219937034 
2263, 6609.12629744534 
2264, 6546.66803093759 
2265, 6501.63150430446 
2266, 6458.27936851135 
2267, 6449.96222811478 
2268, 6402.94916515947 
2269, 6337.78840985732 
2270, 6278.45146312904 
2271, 6194.65586059245 
2272, 6128.43844042582 
2273, 6075.90411245277 
2274, 6021.00980072618 
2275, 5978.97916416368 
2276, 5919.55380442114 
2277, 5857.49143522734 
2278, 5787.47724660809 
2279, 5692.06923830131 
2280, 5611.47113083295 
2281, 5539.00181951901 
2282, 5453.54805617066 
2283, 5399.1871045707 
2284, 5340.87656904445 
2285, 5268.84284901485 
2286, 5224.67338046702 
2287, 5156.98149682106 
2288, 5064.399642558 
2289, 4980.28727440873 
2290, 4892.15936160564 
2291, 4797.59577336897 
2292, 4696.94824321738 
2293, 4601.22298089684 
2294, 4499.68901634445 
2295, 4409.84769055869 
2296, 4322.58001817399 
2297, 4248.44689602845 
2298, 4181.74068349458 
2299, 4117.82319833229 
2300, 4059.92959725998 
2301, 4012.65484453568 
2302, 3969.75236966171 
2303, 3941.19369661781 
2304, 3927.20410746137 
2305, 3919.27106429934 
2306, 3927.21934799786 
2307, 3929.02439488723 
2308, 3955.73142672647 
2309, 3946.11612256174 
2310, 3933.49112983159 
2311, 3883.72425419719 
2312, 3789.53360078697 
2313, 3694.98039551318 
2314, 3580.8558141944 
2315, 3449.09504661936 
2316, 3317.15065935986 
2317, 3208.84974565777 
2318, 3113.46949690849 
2319, 3038.4812065118 
2320, 2999.65894767397 
2321, 2964.16334990008 
2322, 2960.69044600536 
2323, 2974.94952839434 
2324, 2974.29383076453 
2325, 2979.43079508252 
2326, 2974.22961624145 
2327, 2956.35742072527 
2328, 2924.35490710891 
2329, 2886.00927345384 
2330, 2841.36791608816 
2331, 2770.48818160709 
2332, 2722.27190902412 
2333, 2690.32850019377 
2334, 2643.25187407054 
2335, 2596.88195745194 
2336, 2532.45549910319 
2337, 2445.44072752126 
2338, 2379.29143600748 
2339, 2307.98242511848 
2340, 2253.7142614514 
2341, 2217.53944164603 
2342, 2178.53132514626 
2343, 2149.12463875005 
2344, 2110.33611849783 
2345, 2075.25579574895 
2346, 2032.15854294969 
2347, 1977.78480491697 
2348, 1926.77731379026 
2349, 1866.60800801968 
2350, 1818.55017680424 
2351, 1765.20546742808 
2352, 1739.06787010966 
2353, 1737.92596406712 
2354, 1734.86865556777 
2355, 1749.57421639988 
2356, 1753.38499858053 
2357, 1752.27630633872 
2358, 1753.38675486436 
2359, 1761.41572433596 
2360, 1762.51876235021 
2361, 1765.15783954136 
2362, 1755.6042056445 
2363, 1741.03653964341 
2364, 1714.04481373362 
2365, 1665.54824601442 
2366, 1603.13991434145 
2367, 1522.02792137944 
2368, 1454.59847757845 
2369, 1396.28701757816 
2370, 1331.12724613617 
2371, 1297.02539420031 
2372, 1251.32402504686 
2373, 1213.6421553052 
2374, 1230.61569885561 
2375, 1240.76715009372 
2376, 1255.59946697303 
2377, 1278.81550171889 
2378, 1266.30760772564 
2379, 1246.41298656792 
2380, 1226.70584196927 
2381, 1213.09362980542 
2382, 1210.17556622744 
2383, 1205.53149011942 
2384, 1200.94939175554 
2385, 1171.06180427279 
2386, 1131.19382369023 
2387, 1114.82224673737 
2388, 1111.52033143993 
2389, 1115.23925572651 
2390, 1134.66870046469 
2391, 1143.68810306484 
2392, 1125.75854336957 
2393, 1115.19477066821 
2394, 1111.39625546872 
2395, 1091.19860340736 
2396, 1071.78773429725 
2397, 1060.01851391542 
2398, 1045.68215089992 
2399, 1029.77172577463 
2400, 1025.420118657 
2401, 1029.24877450387 
2402, 1010.00443797324 
2403, 986.322476988779 
2404, 975.536134441367 
2405, 958.908028568387 
2406, 931.487447308352 
2407, 910.704551636602 
2408, 897.95832327084 
2409, 878.392247283638 
2410, 854.716552672822 
2411, 832.171571926914 
2412, 812.500488509646 
2413, 787.404338866684 
2414, 754.410421475035 
2415, 726.591032106091 
2416, 697.001781649707 
2417, 673.991063537628 
2418, 651.879728232555 
2419, 646.763317182133 
2420, 653.684465047566 
2421, 653.028041241391 
2422, 657.570408183883 
2423, 663.49897053456 
2424, 666.470877278274 
2425, 677.068753555593 
2426, 701.277971972949 
2427, 710.73676058585 
2428, 719.906279165186 
2429, 708.953656577498 
2430, 693.331566319402 
2431, 661.803792424737 
2432, 601.727639675452 
2433, 563.716340883496 
2434, 511.681026270134 
2435, 488.096946565676 
2436, 486.610691707761 
2437, 491.743088668043 
2438, 518.025206209564 
2439, 527.825516573679 
2440, 542.706557779951 
2441, 537.057986969654 
2442, 516.459414687132 
2443, 499.384639474661 
2444, 476.712074164 
2445, 447.943026141869 
2446, 436.02632873037 
2447, 429.134791946765 
2448, 393.753772946773 
2449, 382.122938875794 
2450, 362.007264588868 
2451, 347.403307695317 
2452, 364.598373663083 
2453, 387.220799683447 
2454, 416.784278973466 
2455, 431.157323998274 
2456, 444.032239370426 
2457, 452.924439899127 
2458, 449.205421774977 
2459, 452.848139402009 
2460, 441.177190915622 
2461, 414.96086810804 
2462, 399.160243364869 
2463, 385.76295025912 
2464, 375.315460662344 
2465, 366.165914826291 
2466, 350.891716028171 
2467, 330.976894582087 
2468, 327.476359625737 
2469, 346.017547965135 
2470, 351.882000261183 
2471, 352.725682955179 
2472, 339.278587396717 
2473, 293.706683662071 
2474, 268.312203515931 
2475, 265.449265982669 
2476, 263.682368490582 
2477, 279.200645968505 
2478, 290.417947420187 
2479, 274.883891029189 
2480, 242.433784366772 
2481, 231.859987352428 
2482, 220.058302253694 
2483, 185.297657057546 
2484, 185.746765080539 
2485, 177.423058106022 
2486, 138.680092616197 
2487, 133.386230484227 
2488, 138.866751079736 
2489, 119.411081769651 
2490, 112.757816484545 
2491, 118.797214853479 
2492, 110.201705161358 
2493, 105.012747239867 
2494, 104.460087580618 
2495, 96.1390179626019 
2496, 85.9018061754676 
2497, 95.9791162012852 
2498, 104.714745001334 
2499, 122.313721902011 
2500, 134.437067534766 
