Wavelength,0212202100147.asd
350, 2600.9060517673 
351, 2737.69184220689 
352, 2864.07703740588 
353, 2969.0194149221 
354, 3071.92878717108 
355, 3181.57144661437 
356, 3299.27464371814 
357, 3414.22873516165 
358, 3532.25920246388 
359, 3657.61559121001 
360, 3796.23630056869 
361, 3965.62926497762 
362, 4161.25223117156 
363, 4373.19131386147 
364, 4588.77032640047 
365, 4808.38338479031 
366, 5018.75660356119 
367, 5202.95621604852 
368, 5342.47787712281 
369, 5426.32927238894 
370, 5456.81480110118 
371, 5447.83588503895 
372, 5426.53908955656 
373, 5418.96390031701 
374, 5429.08904837533 
375, 5444.54132184119 
376, 5459.54870489882 
377, 5468.34608058953 
378, 5458.79016558553 
379, 5410.72877691894 
380, 5348.31735851948 
381, 5277.19186628596 
382, 5196.12532986952 
383, 5096.03495421958 
384, 4995.12923002444 
385, 4926.38257894613 
386, 4928.18506695284 
387, 5028.88305578202 
388, 5174.87375432299 
389, 5304.18029108445 
390, 5361.36871688593 
391, 5423.73463952226 
392, 5484.16226752585 
393, 5531.2077310901 
394, 5572.35155217787 
395, 5687.86988123739 
396, 5915.70689286333 
397, 6270.93812634243 
398, 6766.34994503185 
399, 7330.04235739638 
400, 7910.01174957578 
401, 8477.20573233893 
402, 9013.2749756744 
403, 9455.09714945224 
404, 9775.90161391778 
405, 10022.7418900898 
406, 10218.6174996309 
407, 10393.6210777495 
408, 10584.1459650127 
409, 10846.4040178502 
410, 11160.5104606434 
411, 11507.0314288093 
412, 11868.3970303746 
413, 12227.0478892249 
414, 12582.246809338 
415, 12924.7149901781 
416, 13224.3527981272 
417, 13508.3509525539 
418, 13800.0824257713 
419, 14105.797623909 
420, 14369.1329501438 
421, 14637.9497387889 
422, 14932.3494664972 
423, 15244.6126168007 
424, 15535.1006403599 
425, 15765.3205440619 
426, 15900.9624362487 
427, 15909.4476099696 
428, 15849.7925942924 
429, 15862.8831493655 
430, 16060.722754932 
431, 16347.3471630019 
432, 16728.880287684 
433, 17289.9501229367 
434, 18135.4903155337 
435, 19033.0627932831 
436, 19719.9712249909 
437, 20142.5485764228 
438, 20591.4348329014 
439, 21051.30948872 
440, 21484.9300710905 
441, 21879.0497859731 
442, 22388.8019477085 
443, 22923.4828477451 
444, 23413.895856018 
445, 23818.7385518917 
446, 24143.7635994354 
447, 24434.3044413294 
448, 24741.8960317095 
449, 25125.9366057334 
450, 25450.4392026468 
451, 25624.7003404212 
452, 25615.4278800553 
453, 25549.8022859231 
454, 25407.1105043076 
455, 25226.7133604295 
456, 25102.2355026144 
457, 25072.2515642864 
458, 25079.6292425033 
459, 25063.1324805253 
460, 24993.7595821775 
461, 24894.9023469532 
462, 24789.0048580221 
463, 24684.433647442 
464, 24521.8762943248 
465, 24270.9468836469 
466, 23960.4853107878 
467, 23675.7227752323 
468, 23433.7729397749 
469, 23252.8538470107 
470, 23142.0109844643 
471, 23103.1777445165 
472, 23074.0258409348 
473, 23062.7890705128 
474, 23097.2264485382 
475, 23088.9332590925 
476, 23061.3294991449 
477, 23043.7854644096 
478, 23059.2519619062 
479, 23136.8885939548 
480, 23243.6937695408 
481, 23321.3001378719 
482, 23305.3796714399 
483, 23134.4496640998 
484, 22772.5961910744 
485, 22231.9459451756 
486, 21706.6455414217 
487, 21335.5324326728 
488, 21229.0317791998 
489, 21479.9963720488 
490, 21876.1366948845 
491, 22202.7063769436 
492, 22321.049637687 
493, 22364.5027860024 
494, 22429.2889381065 
495, 22558.5330547103 
496, 22735.3505969459 
497, 22790.5889267832 
498, 22727.3287530369 
499, 22584.69329372 
500, 22394.7304272555 
501, 22247.3618009525 
502, 22185.7841212797 
503, 22232.9784450809 
504, 22439.517561278 
505, 22726.8724294912 
506, 23018.6691573228 
507, 23254.0581329049 
508, 23435.422849974 
509, 23577.8702169216 
510, 23709.6246960553 
511, 23889.7865875348 
512, 24014.81187162 
513, 24038.655685191 
514, 23952.2644292315 
515, 23757.9946631913 
516, 23494.2443343597 
517, 23234.2630627868 
518, 23085.8188556193 
519, 23282.4887274235 
520, 23843.9860241723 
521, 24635.5030938298 
522, 25298.1210300343 
523, 25792.8349438312 
524, 26139.3407779039 
525, 26396.5132022583 
526, 26504.6385320144 
527, 26547.2641656078 
528, 26687.0584734701 
529, 27221.7342916242 
530, 27918.060345404 
531, 28505.3235063924 
532, 28762.2494038672 
533, 28848.5762877847 
534, 28981.160885766 
535, 29274.0805361196 
536, 29713.6402573191 
537, 30033.1679388596 
538, 30182.9316885515 
539, 30202.0073138668 
540, 30190.3618953571 
541, 30216.843315405 
542, 30372.7405576182 
543, 30727.6612452344 
544, 31133.6085981813 
545, 31489.3881863966 
546, 31739.3008950191 
547, 31883.2932140191 
548, 31979.7775919539 
549, 32091.5807968932 
550, 32257.9622660122 
551, 32433.6626898612 
552, 32567.5752131989 
553, 32663.7802392677 
554, 32768.9411772038 
555, 32846.6591951904 
556, 32817.2724167214 
557, 32637.6827230672 
558, 32337.9355526867 
559, 32079.8286773038 
560, 31962.6176781216 
561, 32023.4210251966 
562, 32166.9909531432 
563, 32248.7384966189 
564, 32198.2145104422 
565, 32038.4126920598 
566, 31811.1751538546 
567, 31578.5462047926 
568, 31379.1841969528 
569, 31176.8289669282 
570, 30916.9307271704 
571, 30671.3775785318 
572, 30579.2239553186 
573, 30604.3614285508 
574, 30593.7107125513 
575, 30451.0104299509 
576, 30193.1816544875 
577, 29960.8298915848 
578, 29841.6409277414 
579, 29881.2739240929 
580, 30047.7554476806 
581, 30334.3501885929 
582, 30680.0307816558 
583, 30974.6863297726 
584, 31163.7323477401 
585, 31167.7461521884 
586, 30975.0686009805 
587, 30726.7909478705 
588, 30413.3465744141 
589, 29989.1753276923 
590, 29460.7315559447 
591, 29273.7022526685 
592, 29415.0208406058 
593, 29675.8443737451 
594, 29666.5335735223 
595, 29520.5889008584 
596, 29314.3785583917 
597, 29100.0672259265 
598, 28867.0592393971 
599, 28578.521935966 
600, 28260.5472732974 
601, 27982.7426590628 
602, 27768.9572107109 
603, 27655.6347223898 
604, 27641.241972547 
605, 27669.5535407715 
606, 27609.9774545704 
607, 27457.5841656441 
608, 27263.0795422431 
609, 27069.8247914257 
610, 26887.3513934165 
611, 26724.4638312325 
612, 26588.4020590739 
613, 26444.5865156806 
614, 26273.9871431409 
615, 26085.8883193282 
616, 25942.3974338546 
617, 25854.7503604648 
618, 25857.9592184237 
619, 25971.7707524933 
620, 26091.2799978614 
621, 26106.558747467 
622, 25980.140289926 
623, 25763.7566904268 
624, 25518.9458132709 
625, 25285.9896261069 
626, 25084.3115893899 
627, 24901.0735060962 
628, 24715.1868028476 
629, 24539.1418636233 
630, 24414.9885166042 
631, 24433.2456685616 
632, 24532.1011988413 
633, 24653.5087995328 
634, 24783.9006621909 
635, 24886.1317686817 
636, 24957.9756755409 
637, 25007.522310251 
638, 25029.9066389025 
639, 25000.5462378016 
640, 24899.0942381993 
641, 24719.7864665831 
642, 24578.6233320282 
643, 24496.637911966 
644, 24446.8645738396 
645, 24347.4736926582 
646, 24186.5874956054 
647, 23983.2537953806 
648, 23777.4494590712 
649, 23612.6036072919 
650, 23491.012308956 
651, 23432.8223713223 
652, 23469.6920421825 
653, 23422.5321586875 
654, 23166.5723997695 
655, 22680.7620195679 
656, 22114.8565453439 
657, 21709.6777240766 
658, 21722.7481602827 
659, 22285.0503623948 
660, 22856.6560171308 
661, 23186.6139009315 
662, 23257.2195493587 
663, 23292.0982926123 
664, 23272.4026495455 
665, 23238.3331207333 
666, 23224.6149651247 
667, 23232.304030781 
668, 23225.0510494928 
669, 23203.689452898 
670, 23185.7861747185 
671, 23140.1481364797 
672, 23086.1483928942 
673, 23052.6179929643 
674, 23073.0296946796 
675, 23103.3515495634 
676, 23125.428251225 
677, 23135.521192822 
678, 23152.8314932196 
679, 23160.1872776164 
680, 23157.4360063864 
681, 23152.7807408085 
682, 23138.4667219005 
683, 23084.8863350861 
684, 22890.8221709211 
685, 22362.5235027371 
686, 21416.7227917592 
687, 20142.0836826134 
688, 18854.4087364297 
689, 18322.3448947927 
690, 18719.8961891735 
691, 19689.8466796115 
692, 20560.1111390361 
693, 21311.5259818072 
694, 21853.7686488144 
695, 22186.1563952664 
696, 22425.4043799954 
697, 22641.3066993585 
698, 22792.9852869601 
699, 22827.7243181082 
700, 22773.9834587947 
701, 22722.1738576294 
702, 22733.371428213 
703, 22840.6078682244 
704, 23048.298342299 
705, 23284.3024143819 
706, 23483.793530341 
707, 23607.5747429412 
708, 23712.5749471198 
709, 23806.4833773624 
710, 23886.7903368151 
711, 23965.5151503552 
712, 24021.4311171482 
713, 24040.8896692813 
714, 24006.9936994947 
715, 23868.0052195948 
716, 23516.0101769743 
717, 22904.6281690915 
718, 22074.5109124785 
719, 21391.4732651086 
720, 21147.1492654492 
721, 21448.7634120141 
722, 22071.3542854074 
723, 22495.6482368522 
724, 22548.0091741977 
725, 22330.4858434581 
726, 22276.6043158297 
727, 22347.0517421256 
728, 22457.9554368881 
729, 22533.3758069579 
730, 22702.9888031732 
731, 23000.2602303553 
732, 23409.5020691985 
733, 23870.3486693209 
734, 24269.9393072688 
735, 24528.5643855696 
736, 24614.7702165864 
737, 24608.8114991274 
738, 24589.8745447219 
739, 24576.1797888526 
740, 24537.8247918632 
741, 24539.2181918585 
742, 24589.3505009869 
743, 24679.7631288264 
744, 24792.8638078442 
745, 24871.3174176668 
746, 24908.8448933128 
747, 24915.7432174648 
748, 24893.0471263309 
749, 24820.734414296 
750, 24716.7359034439 
751, 24624.5776263485 
752, 24581.8079334456 
753, 24576.6181019661 
754, 24582.5217510684 
755, 24562.0867496876 
756, 24448.3549626116 
757, 23937.952956944 
758, 22547.1365920353 
759, 19459.127218288 
760, 14920.8922244158 
761, 10472.5761866016 
762, 7973.92767920805 
763, 7952.23460664174 
764, 9260.71494048256 
765, 11318.3865682691 
766, 14058.9163560978 
767, 17054.8799747489 
768, 19663.2083303079 
769, 21487.068808999 
770, 22520.3778197732 
771, 23038.6729547309 
772, 23251.0604872172 
773, 23317.2425637983 
774, 23319.2079348249 
775, 23275.2296914158 
776, 23213.408842591 
777, 23152.8757356718 
778, 23067.1526325488 
779, 22963.3127010502 
780, 22859.4409893491 
781, 22776.5560693732 
782, 22684.5020254751 
783, 22572.2162964115 
784, 22442.140241282 
785, 22311.9150713541 
786, 22181.2820529011 
787, 22023.4586729692 
788, 21818.2848490229 
789, 21580.9922481043 
790, 21331.25970407 
791, 21081.5158081103 
792, 20840.1498268717 
793, 20611.771470717 
794, 20428.2927703937 
795, 20306.8701626611 
796, 20244.5488491328 
797, 20195.5662383036 
798, 20118.6586350842 
799, 19988.7715836547 
800, 19802.1338760291 
801, 19595.8512844487 
802, 19405.6677288829 
803, 19246.8198092318 
804, 19092.55890656 
805, 18964.2829701688 
806, 18847.3959704567 
807, 18712.8380088718 
808, 18530.8149933422 
809, 18304.8954959171 
810, 18048.5046571057 
811, 17771.154025847 
812, 17434.2069551022 
813, 16988.4066239053 
814, 16431.3192573623 
815, 15814.0092924561 
816, 15247.2647352934 
817, 14813.1722796848 
818, 14560.5560601716 
819, 14499.1495025835 
820, 14501.9272046728 
821, 14466.6647584465 
822, 14351.6563509253 
823, 14219.318386618 
824, 14133.9612723485 
825, 14156.7310575163 
826, 14273.7835650505 
827, 14254.4388658087 
828, 14099.919576555 
829, 13886.2614203882 
830, 13719.6607046981 
831, 13621.376184368 
832, 13554.9688552994 
833, 13502.6853504831 
834, 13467.7872248729 
835, 13460.7149922702 
836, 13464.6767864267 
837, 13453.6741620638 
838, 13398.5724873605 
839, 13309.8883317407 
840, 13199.1274341599 
841, 13075.8387203237 
842, 12944.4319445691 
843, 12805.3175391627 
844, 12669.0213773482 
845, 12541.3298592589 
846, 12414.8807537277 
847, 12253.3205446843 
848, 12055.7776834825 
849, 11836.8644053049 
850, 11614.7460173786 
851, 11354.7067641087 
852, 11086.8931559963 
853, 10865.994372012 
854, 10701.7718001168 
855, 10571.9905766923 
856, 10515.4134718819 
857, 10586.2963854455 
858, 10696.2214527604 
859, 10728.0346888209 
860, 10658.6672018644 
861, 10549.7177289074 
862, 10417.723792958 
863, 10245.6980535655 
864, 10035.4229884531 
865, 9815.7011099324 
866, 9608.3943373383 
867, 9434.39905848356 
868, 9322.69288977067 
869, 9310.40132943647 
870, 9339.25219535465 
871, 9336.01780881197 
872, 9265.4613595373 
873, 9162.69240303188 
874, 9053.64467741303 
875, 8943.47377517164 
876, 8832.20904500352 
877, 8724.7359490279 
878, 8619.32362455975 
879, 8516.28838988722 
880, 8414.38104251048 
881, 8306.41485230825 
882, 8199.97963708175 
883, 8100.68269651626 
884, 8009.14086391489 
885, 7914.07343678765 
886, 7812.23819926252 
887, 7705.14279132059 
888, 7596.90300277652 
889, 7491.68009147137 
890, 7387.52458534514 
891, 7269.19720535995 
892, 7118.709952862 
893, 6934.83393285745 
894, 6720.49711449748 
895, 6481.42420070361 
896, 6226.87688523062 
897, 5970.66302008018 
898, 5732.80965019979 
899, 5537.51256084324 
900, 5405.27233580091 
901, 5334.27686109076 
902, 5307.51013064715 
903, 5301.77792190498 
904, 5292.48891003587 
905, 5265.29633431974 
906, 5209.63099560299 
907, 5113.9490605946 
908, 4974.31551002265 
909, 4823.46834965019 
910, 4697.77661603748 
911, 4609.08961714698 
912, 4547.46276934493 
913, 4498.27875102738 
914, 4449.19109144965 
915, 4400.01377091433 
916, 4359.60928482595 
917, 4333.5632806232 
918, 4316.67886420189 
919, 4301.87636206826 
920, 4282.88067209516 
921, 4261.93115043549 
922, 4229.63997531339 
923, 4175.96084433062 
924, 4093.47541238924 
925, 3985.40125572902 
926, 3854.45468496379 
927, 3695.52354158308 
928, 3500.70941621945 
929, 3275.85388186796 
930, 3024.21943656721 
931, 2756.95298156475 
932, 2493.68067576647 
933, 2264.74149980276 
934, 2085.85200888623 
935, 1965.80991948781 
936, 1905.26248638282 
937, 1895.02491699369 
938, 1912.06144919612 
939, 1940.11620654893 
940, 1968.68285224813 
941, 1990.43499254347 
942, 1999.64270704904 
943, 1985.12556433197 
944, 1941.99444863598 
945, 1889.45702722975 
946, 1847.32776081497 
947, 1822.1515203918 
948, 1811.83381000509 
949, 1811.01845115792 
950, 1810.9010998237 
951, 1809.33686612471 
952, 1806.1481335233 
953, 1798.95753697562 
954, 1792.47441258839 
955, 1786.33782089138 
956, 1781.03981153786 
957, 1781.27122579675 
958, 1783.26700269256 
959, 1785.56770371311 
960, 1789.15924852214 
961, 1797.39778562837 
962, 1805.95950239474 
963, 1817.88715209888 
964, 1832.32516504256 
965, 1843.15290995409 
966, 1854.63411615507 
967, 1861.26678574424 
968, 1861.53614620682 
969, 1858.59105202039 
970, 1852.99482552303 
971, 1841.41525094201 
972, 1822.66737683952 
973, 1797.32984354879 
974, 1764.41488970429 
975, 1729.51902645905 
976, 1696.58302940555 
977, 1668.10771255764 
978, 1646.0634767264 
979, 1630.13637734024 
980, 1616.90200174431 
981, 1603.51125420082 
982, 1591.35714764696 
983, 1576.78584180233 
984, 1560.28085017578 
985, 1542.3526484953 
986, 1521.76471405703 
987, 1498.66678717191 
988, 1473.60135661706 
989, 1447.98352426162 
990, 1423.39467689369 
991, 1397.12597104038 
992, 1369.58163970408 
993, 1342.20797158079 
994, 1316.06169918712 
995, 1288.518995253 
996, 1259.41987328087 
997, 1230.42970686949 
998, 1202.79646096119 
999, 1174.2081498786 
1000, 1145.15655758793 
1001, 7296.37859368992 
1002, 7295.87721817311 
1003, 7289.82385329956 
1004, 7291.2744880544 
1005, 7299.95387357969 
1006, 7309.41112339756 
1007, 7333.90143626628 
1008, 7366.79750756321 
1009, 7400.5913195819 
1010, 7442.7889508488 
1011, 7481.56303597172 
1012, 7521.34571187321 
1013, 7560.73743198039 
1014, 7601.98160662274 
1015, 7644.40235195478 
1016, 7692.50355190102 
1017, 7741.2509378016 
1018, 7789.46245127487 
1019, 7838.19417916442 
1020, 7883.5137113814 
1021, 7933.28248292562 
1022, 7985.49814422556 
1023, 8040.70002692898 
1024, 8091.1790114959 
1025, 8144.34525418297 
1026, 8200.01770656262 
1027, 8253.1742156886 
1028, 8308.38621303526 
1029, 8359.3658432897 
1030, 8396.26214439042 
1031, 8428.414223015 
1032, 8461.58373268072 
1033, 8495.15105283934 
1034, 8534.02339562864 
1035, 8568.70440947442 
1036, 8603.40009984084 
1037, 8629.12403030254 
1038, 8652.04399807472 
1039, 8675.26435555655 
1040, 8697.02031503727 
1041, 8720.11349360586 
1042, 8741.48371043219 
1043, 8749.78332147291 
1044, 8753.66908445833 
1045, 8754.90034678778 
1046, 8756.72382488291 
1047, 8765.62748459758 
1048, 8782.35272495688 
1049, 8797.7687799982 
1050, 8810.87433619743 
1051, 8824.61756532929 
1052, 8831.53002866208 
1053, 8842.08075525 
1054, 8853.60128509433 
1055, 8859.27320250561 
1056, 8876.58976648029 
1057, 8902.27453241201 
1058, 8929.70173575346 
1059, 8966.7797728817 
1060, 9007.39980313309 
1061, 9051.84057895006 
1062, 9099.68494100703 
1063, 9153.62621615473 
1064, 9207.60077527695 
1065, 9267.14242428534 
1066, 9327.59315317834 
1067, 9391.24124218896 
1068, 9475.52606742896 
1069, 9567.34883376698 
1070, 9666.25683686915 
1071, 9780.23645734394 
1072, 9890.86754772158 
1073, 10004.8182513596 
1074, 10130.6810304939 
1075, 10241.7361620747 
1076, 10349.2959268417 
1077, 10455.9583632331 
1078, 10542.4938976631 
1079, 10620.3252242652 
1080, 10687.9508729391 
1081, 10743.3417615474 
1082, 10799.5748113059 
1083, 10856.9811628858 
1084, 10917.3678776163 
1085, 10972.6739754213 
1086, 11017.6695803052 
1087, 11057.5576172321 
1088, 11087.2850774857 
1089, 11107.6312028694 
1090, 11120.8618160424 
1091, 11127.8263986741 
1092, 11125.9716894931 
1093, 11109.1525785073 
1094, 11083.3569771871 
1095, 11048.3434136905 
1096, 11007.1107888133 
1097, 10963.7316056657 
1098, 10923.7622648006 
1099, 10885.4651393308 
1100, 10849.1528330667 
1101, 10808.3127232893 
1102, 10772.4666036186 
1103, 10725.5263005078 
1104, 10676.5517202514 
1105, 10619.7543279919 
1106, 10554.6054240212 
1107, 10452.107656009 
1108, 10303.0165682061 
1109, 10112.3990081964 
1110, 9846.28916196121 
1111, 9532.15225656983 
1112, 9168.35615729032 
1113, 8730.47006184194 
1114, 8290.18684769075 
1115, 7773.99577584306 
1116, 7315.88870168682 
1117, 6818.88083039749 
1118, 6404.21159337664 
1119, 6033.32116389627 
1120, 5696.01565623919 
1121, 5413.5172677021 
1122, 5186.46776575251 
1123, 5021.51472078052 
1124, 4913.00863963663 
1125, 4861.78713009591 
1126, 4896.62733557147 
1127, 4928.20807150699 
1128, 5008.62989267295 
1129, 5094.20321904157 
1130, 5208.82798264137 
1131, 5324.46822065326 
1132, 5449.80303714328 
1133, 5595.7590973382 
1134, 5750.61812477918 
1135, 5918.82318778802 
1136, 6143.58757142227 
1137, 6372.21675001038 
1138, 6598.24681556967 
1139, 6803.03682652465 
1140, 6938.58527044046 
1141, 7037.83955315744 
1142, 7078.09554911263 
1143, 7030.77428240233 
1144, 7010.50032792119 
1145, 6891.68761575164 
1146, 6888.45709538073 
1147, 6891.83736611875 
1148, 6984.34062074398 
1149, 7158.8966666104 
1150, 7382.01466837448 
1151, 7668.68635543651 
1152, 7995.63544293971 
1153, 8337.33330931374 
1154, 8729.9222150858 
1155, 9108.9190615586 
1156, 9516.80140961901 
1157, 9898.80230919246 
1158, 10292.24498528 
1159, 10653.2464798508 
1160, 11000.4114223697 
1161, 11325.2722439498 
1162, 11634.4437840704 
1163, 11918.4614232218 
1164, 12182.3412470199 
1165, 12422.647902023 
1166, 12636.6376603393 
1167, 12816.5632765661 
1168, 12969.6645486161 
1169, 13090.3571001673 
1170, 13193.3303841068 
1171, 13265.3626074962 
1172, 13326.0228714885 
1173, 13363.4831548859 
1174, 13391.5628688558 
1175, 13402.0967454996 
1176, 13402.2209913661 
1177, 13381.5137601093 
1178, 13363.254938121 
1179, 13329.7531655313 
1180, 13301.932121482 
1181, 13267.8972268868 
1182, 13242.2626170429 
1183, 13232.8954674081 
1184, 13221.4255941035 
1185, 13243.0791634128 
1186, 13286.8967424706 
1187, 13345.7079232173 
1188, 13435.4964563545 
1189, 13516.3896290649 
1190, 13627.5541197614 
1191, 13704.5152446823 
1192, 13782.8329984491 
1193, 13829.7197167996 
1194, 13855.1472464002 
1195, 13858.9021868948 
1196, 13833.5975122959 
1197, 13795.3663009995 
1198, 13745.8272558094 
1199, 13662.1743620614 
1200, 13615.0263654804 
1201, 13561.6232718816 
1202, 13535.6508424811 
1203, 13526.4134281891 
1204, 13536.2544652215 
1205, 13565.3199277019 
1206, 13602.9670108365 
1207, 13665.6956843092 
1208, 13727.4794125375 
1209, 13798.4406942633 
1210, 13869.978530737 
1211, 13956.7514775117 
1212, 14031.5309024752 
1213, 14102.0911585119 
1214, 14172.5673279155 
1215, 14231.0779102532 
1216, 14280.898752601 
1217, 14325.5998859035 
1218, 14364.9605393342 
1219, 14394.9082353123 
1220, 14413.8428043474 
1221, 14433.0578840243 
1222, 14438.6425571092 
1223, 14455.072804819 
1224, 14472.5948109872 
1225, 14494.2512418675 
1226, 14526.6298252756 
1227, 14551.6539929958 
1228, 14577.55421242 
1229, 14599.5181186533 
1230, 14617.992072863 
1231, 14632.1878516118 
1232, 14642.8093854442 
1233, 14653.1129030508 
1234, 14653.5022853019 
1235, 14650.0840659712 
1236, 14635.2187656445 
1237, 14613.7312016164 
1238, 14580.5810522088 
1239, 14531.6921050191 
1240, 14484.0234026259 
1241, 14423.3014637689 
1242, 14369.0202472829 
1243, 14316.1899032977 
1244, 14262.5133863144 
1245, 14211.7014189354 
1246, 14159.5471822908 
1247, 14097.7365025254 
1248, 14035.6200446128 
1249, 13957.8537841721 
1250, 13874.0008501256 
1251, 13771.5210583466 
1252, 13660.2648752301 
1253, 13526.7099341041 
1254, 13376.3662640352 
1255, 13207.9446893521 
1256, 13024.5526142751 
1257, 12817.6215069378 
1258, 12584.9058160544 
1259, 12342.425890811 
1260, 12062.5044158454 
1261, 11799.3536740526 
1262, 11519.9393008822 
1263, 11258.2618917779 
1264, 11030.8562662596 
1265, 10800.4319623252 
1266, 10656.878770533 
1267, 10543.9533043416 
1268, 10519.1136689995 
1269, 10567.139642544 
1270, 10666.648406527 
1271, 10859.2635384924 
1272, 11046.5861879864 
1273, 11306.5259980422 
1274, 11527.5519084639 
1275, 11775.5680881686 
1276, 11976.1115756865 
1277, 12155.8734396141 
1278, 12313.3271259432 
1279, 12440.3288961797 
1280, 12544.0212905185 
1281, 12643.4163062214 
1282, 12736.0912757828 
1283, 12831.8202287919 
1284, 12924.4038227375 
1285, 13013.8233797152 
1286, 13106.5727978934 
1287, 13185.2427903931 
1288, 13261.2499701374 
1289, 13317.8361052929 
1290, 13364.3844502592 
1291, 13394.6139737887 
1292, 13402.7763725012 
1293, 13410.6958848865 
1294, 13407.449836231 
1295, 13399.2687313668 
1296, 13387.0750458313 
1297, 13365.3519916047 
1298, 13333.8169901119 
1299, 13298.3638453106 
1300, 13251.8192531345 
1301, 13198.5002289718 
1302, 13142.3504737025 
1303, 13078.3862936752 
1304, 13013.2192385319 
1305, 12946.4244076414 
1306, 12873.4488419191 
1307, 12791.3319120897 
1308, 12715.782264528 
1309, 12637.9612273343 
1310, 12561.3962039736 
1311, 12491.3079765084 
1312, 12413.832325654 
1313, 12326.0746496589 
1314, 12249.2067913375 
1315, 12170.4365092205 
1316, 12100.5507099296 
1317, 12037.7491266923 
1318, 11984.3347441961 
1319, 11935.6471871302 
1320, 11886.0396822999 
1321, 11831.900548182 
1322, 11764.39828917 
1323, 11667.8400364386 
1324, 11558.6169329626 
1325, 11409.470607442 
1326, 11223.2615011941 
1327, 11026.439898531 
1328, 10780.6169442317 
1329, 10565.0895218601 
1330, 10320.0313101277 
1331, 10135.4629856896 
1332, 9968.16583729021 
1333, 9845.93297999358 
1334, 9786.23655594578 
1335, 9724.25452228593 
1336, 9703.02261148364 
1337, 9677.60167223428 
1338, 9630.57390099854 
1339, 9542.66188612497 
1340, 9396.37331514266 
1341, 9177.04043443363 
1342, 8864.54256691674 
1343, 8473.81499242641 
1344, 8006.92563976957 
1345, 7432.37039577136 
1346, 6833.93755030479 
1347, 6140.04464020168 
1348, 5479.8469756011 
1349, 4755.84944178176 
1350, 4105.98215564599 
1351, 3451.25925517439 
1352, 2877.06519287837 
1353, 2336.54693599609 
1354, 1871.79362298051 
1355, 1475.57572306552 
1356, 1137.06053428138 
1357, 861.182558665492 
1358, 651.001359366185 
1359, 486.395460384758 
1360, 365.12458354483 
1361, 276.268523458324 
1362, 214.350231688879 
1363, 172.8249634029 
1364, 144.15176500187 
1365, 124.999261261371 
1366, 122.048203851041 
1367, 122.504470453815 
1368, 133.009518433906 
1369, 149.062716233617 
1370, 175.531646762618 
1371, 203.155561343709 
1372, 241.117344246008 
1373, 272.213211796263 
1374, 307.573668287914 
1375, 334.539002259121 
1376, 363.55594659031 
1377, 375.398687394687 
1378, 378.188157327513 
1379, 368.817869847053 
1380, 347.545502480771 
1381, 329.149404109189 
1382, 318.550262103334 
1383, 316.013611019062 
1384, 327.785160415584 
1385, 356.365189638332 
1386, 395.199206087086 
1387, 442.548073218124 
1388, 489.695687879361 
1389, 548.983463543807 
1390, 591.443020972376 
1391, 632.633504239354 
1392, 663.887776273545 
1393, 679.191502928257 
1394, 699.889470357153 
1395, 715.842872146791 
1396, 737.660092710186 
1397, 760.214715554283 
1398, 787.025972260126 
1399, 813.247124229109 
1400, 848.125948975598 
1401, 888.762589578873 
1402, 933.154418990085 
1403, 984.200373501702 
1404, 1040.89119564933 
1405, 1095.26240608399 
1406, 1156.87561316981 
1407, 1224.95898182064 
1408, 1306.35843416409 
1409, 1410.16763262108 
1410, 1528.32476070042 
1411, 1649.46828695329 
1412, 1790.26167664709 
1413, 1921.05803041472 
1414, 2055.93970483788 
1415, 2178.98887497844 
1416, 2299.71564227516 
1417, 2413.60739425251 
1418, 2515.17655273574 
1419, 2621.72194838699 
1420, 2732.62154409986 
1421, 2833.05535824847 
1422, 2936.72230510776 
1423, 3021.5510411651 
1424, 3101.69299562159 
1425, 3156.29012288166 
1426, 3198.36192029217 
1427, 3212.8533785361 
1428, 3200.71008256098 
1429, 3170.60401295387 
1430, 3121.46252166983 
1431, 3057.55848928214 
1432, 2991.45235152689 
1433, 2921.96417344033 
1434, 2852.97945934515 
1435, 2795.74876365817 
1436, 2751.16651383 
1437, 2720.02080273446 
1438, 2701.77799357413 
1439, 2701.46095462398 
1440, 2705.03108322737 
1441, 2725.80340832538 
1442, 2737.03249941322 
1443, 2754.32094110352 
1444, 2764.6558731257 
1445, 2767.28335046973 
1446, 2773.86411180548 
1447, 2779.19054833812 
1448, 2789.06987498642 
1449, 2799.17805840442 
1450, 2813.71607320559 
1451, 2832.76976321363 
1452, 2854.20054593976 
1453, 2888.41241038201 
1454, 2909.52763515207 
1455, 2934.57098247457 
1456, 2942.12641750133 
1457, 2937.74341097201 
1458, 2908.88977421015 
1459, 2857.49975479151 
1460, 2788.87730116028 
1461, 2694.38144061418 
1462, 2578.01358974745 
1463, 2452.37916521485 
1464, 2321.5705948708 
1465, 2201.64657878913 
1466, 2078.64367868245 
1467, 1970.79111269339 
1468, 1867.98776273739 
1469, 1783.86768977992 
1470, 1706.08409734976 
1471, 1653.47038049965 
1472, 1625.7075157482 
1473, 1602.06372233756 
1474, 1599.53820072774 
1475, 1594.76564927511 
1476, 1600.0159160498 
1477, 1599.29214226078 
1478, 1599.77996316357 
1479, 1599.95588032405 
1480, 1595.2681591421 
1481, 1597.12505178206 
1482, 1602.38930482193 
1483, 1611.32670392134 
1484, 1622.09504644124 
1485, 1638.31724087676 
1486, 1658.18869306794 
1487, 1683.32192341698 
1488, 1715.55823937834 
1489, 1751.16051909088 
1490, 1788.78042196323 
1491, 1826.61212096521 
1492, 1859.69298272094 
1493, 1893.16841140136 
1494, 1920.37163876141 
1495, 1939.58284943956 
1496, 1962.05642632882 
1497, 1977.6474795556 
1498, 1992.88461419484 
1499, 2008.524926249 
1500, 2020.37679029364 
1501, 2025.29745003679 
1502, 2035.52054960438 
1503, 2044.43873305241 
1504, 2058.74598407087 
1505, 2078.22505221229 
1506, 2096.23866276747 
1507, 2114.93682617004 
1508, 2136.63097486175 
1509, 2159.19605632815 
1510, 2182.23356324868 
1511, 2212.35958011451 
1512, 2234.27064755982 
1513, 2252.36096938894 
1514, 2269.53007284121 
1515, 2280.45152989683 
1516, 2295.19082426877 
1517, 2310.84639242217 
1518, 2326.98365164005 
1519, 2343.72086702156 
1520, 2361.40624973932 
1521, 2382.36242067114 
1522, 2400.01761343715 
1523, 2409.8578154869 
1524, 2422.70109344257 
1525, 2430.34403995651 
1526, 2427.32103940089 
1527, 2432.8862512647 
1528, 2442.6166332422 
1529, 2447.81745205948 
1530, 2457.79195585106 
1531, 2468.50915854337 
1532, 2476.1589705706 
1533, 2488.53518074597 
1534, 2505.57807781749 
1535, 2516.94515858519 
1536, 2525.89024206046 
1537, 2537.45889464395 
1538, 2545.39863636421 
1539, 2560.42452604505 
1540, 2581.9510770316 
1541, 2599.77187376694 
1542, 2618.90609500138 
1543, 2636.11675363311 
1544, 2652.53356573431 
1545, 2667.80509663995 
1546, 2680.94866487252 
1547, 2697.56168628983 
1548, 2713.29902145701 
1549, 2731.61067991147 
1550, 2755.53253531886 
1551, 2774.94640599162 
1552, 2794.00010372655 
1553, 2809.82142595476 
1554, 2822.30583275956 
1555, 2835.74448017727 
1556, 2846.17925926736 
1557, 2859.78716806361 
1558, 2877.09265670864 
1559, 2889.90295753316 
1560, 2900.34773968276 
1561, 2912.89111591556 
1562, 2927.68975473569 
1563, 2936.10920773985 
1564, 2947.05298158539 
1565, 2949.89328375235 
1566, 2942.04722599604 
1567, 2934.47695361385 
1568, 2925.77238270618 
1569, 2909.09282270522 
1570, 2893.26717883335 
1571, 2878.71889288615 
1572, 2865.58338201251 
1573, 2862.23166691222 
1574, 2867.35747144177 
1575, 2879.00820006235 
1576, 2901.45007766163 
1577, 2930.19594049787 
1578, 2965.20618402588 
1579, 3009.36312877438 
1580, 3053.51685103669 
1581, 3105.16778804016 
1582, 3149.92800171746 
1583, 3196.71223887272 
1584, 3235.48296850202 
1585, 3268.58447724386 
1586, 3300.37644819977 
1587, 3328.62619918414 
1588, 3354.78720852267 
1589, 3379.0726598479 
1590, 3401.22555625968 
1591, 3418.82199040529 
1592, 3437.55248334946 
1593, 3458.32896199232 
1594, 3470.44806639749 
1595, 3483.8240487812 
1596, 3483.61987518519 
1597, 3469.09014793532 
1598, 3458.88852413305 
1599, 3442.82903869032 
1600, 3426.35766989605 
1601, 3407.19382828115 
1602, 3393.39852130387 
1603, 3374.43418299797 
1604, 3366.20442984919 
1605, 3367.26016608195 
1606, 3370.04478868618 
1607, 3376.61334355998 
1608, 3387.11544321258 
1609, 3402.13678116343 
1610, 3419.59992242908 
1611, 3440.26510720566 
1612, 3464.94809389397 
1613, 3499.11308239173 
1614, 3524.58739866155 
1615, 3551.12325165823 
1616, 3572.88343682044 
1617, 3589.87393600322 
1618, 3601.9190030541 
1619, 3605.3109123509 
1620, 3615.96537083444 
1621, 3624.19987898119 
1622, 3634.33732665879 
1623, 3655.76047435031 
1624, 3667.10405941596 
1625, 3672.8577325551 
1626, 3676.58349600746 
1627, 3677.51860980999 
1628, 3673.44579669332 
1629, 3663.05146967056 
1630, 3653.24054212825 
1631, 3643.25023907025 
1632, 3626.78714617565 
1633, 3606.67798170783 
1634, 3585.69164026013 
1635, 3555.362008092 
1636, 3529.67967325267 
1637, 3502.19284063965 
1638, 3482.39150878108 
1639, 3465.40095335837 
1640, 3454.30171127065 
1641, 3457.36222952334 
1642, 3454.03871638709 
1643, 3446.62513713386 
1644, 3445.57869172684 
1645, 3441.88380856794 
1646, 3444.66913617186 
1647, 3462.43421849693 
1648, 3472.67991306168 
1649, 3481.27102386005 
1650, 3489.50599591594 
1651, 3494.8641882677 
1652, 3496.31599636148 
1653, 3504.70876337882 
1654, 3516.72025284709 
1655, 3526.01175360429 
1656, 3538.65542361214 
1657, 3542.92885553459 
1658, 3544.08719664926 
1659, 3541.02964527186 
1660, 3531.20960931722 
1661, 3527.00762609609 
1662, 3523.23576054204 
1663, 3514.47042694412 
1664, 3506.50124407262 
1665, 3494.51240013681 
1666, 3472.95646662238 
1667, 3465.80762084041 
1668, 3462.64703075434 
1669, 3463.32680426815 
1670, 3472.438913741 
1671, 3476.94832605029 
1672, 3483.33400566751 
1673, 3485.39401284913 
1674, 3486.74782447743 
1675, 3484.00971753221 
1676, 3475.99355670448 
1677, 3473.09992627759 
1678, 3469.04478962281 
1679, 3469.0614115683 
1680, 3473.82507099381 
1681, 3474.02803378496 
1682, 3473.35723241992 
1683, 3474.08631696829 
1684, 3473.18279639589 
1685, 3475.42970237027 
1686, 3481.57856360234 
1687, 3482.486392183 
1688, 3482.5119669139 
1689, 3481.37016545344 
1690, 3478.02797517802 
1691, 3473.70527248459 
1692, 3468.09021653395 
1693, 3462.4142571553 
1694, 3454.53400863129 
1695, 3449.41411585685 
1696, 3446.80935248277 
1697, 3441.25120994286 
1698, 3434.69449480966 
1699, 3428.00382783116 
1700, 3419.31490303035 
1701, 3413.33629764162 
1702, 3409.74421715618 
1703, 3402.83976541762 
1704, 3395.57250661947 
1705, 3387.02626920667 
1706, 3376.89340741043 
1707, 3365.34411998803 
1708, 3351.92901421441 
1709, 3341.2773383865 
1710, 3327.38251758281 
1711, 3321.83795789209 
1712, 3322.28623198664 
1713, 3321.72462877518 
1714, 3324.51456345511 
1715, 3328.03749871346 
1716, 3329.49915280638 
1717, 3328.9683739136 
1718, 3328.90675734187 
1719, 3321.40764167222 
1720, 3304.66152687807 
1721, 3279.83647926309 
1722, 3257.3086564426 
1723, 3238.83866508946 
1724, 3221.13766147206 
1725, 3211.77842143848 
1726, 3199.97593881311 
1727, 3184.16419066588 
1728, 3169.34491218101 
1729, 3153.3571081829 
1730, 3138.15570271252 
1731, 3117.84986850241 
1732, 3100.26904901478 
1733, 3082.92066917766 
1734, 3062.15860631165 
1735, 3049.45073252503 
1736, 3036.49060878153 
1737, 3025.5101174691 
1738, 3018.91524631649 
1739, 3013.66343223565 
1740, 3009.59052804223 
1741, 3005.91852201805 
1742, 3003.08443968141 
1743, 2994.51831248838 
1744, 2986.47123513263 
1745, 2976.310231376 
1746, 2963.68791680149 
1747, 2958.7586714163 
1748, 2954.46221713905 
1749, 2956.00907510461 
1750, 2958.66087642156 
1751, 2949.30235406691 
1752, 2939.44108880842 
1753, 2928.98593021392 
1754, 2912.37093551653 
1755, 2903.78103647513 
1756, 2899.58946461939 
1757, 2887.71618164177 
1758, 2875.92429274927 
1759, 2859.29008812749 
1760, 2834.49574094284 
1761, 2811.47944612301 
1762, 2787.95537768082 
1763, 2770.28149768975 
1764, 2749.02226267824 
1765, 2721.3014002038 
1766, 2699.935862223 
1767, 2681.80175892517 
1768, 2659.96912771723 
1769, 2644.21300001921 
1770, 2620.97924188906 
1771, 2592.22990733944 
1772, 2560.60479721998 
1773, 2522.54771710939 
1774, 2487.67876149506 
1775, 2450.26738542024 
1776, 2413.13686853197 
1777, 2378.60998617855 
1778, 2341.8962288997 
1779, 2298.09755592989 
1780, 2265.96264834678 
1781, 2238.86849059502 
1782, 2214.06417531702 
1783, 2203.42703150251 
1784, 2177.69925647013 
1785, 2145.99006193033 
1786, 2113.73270737608 
1787, 2074.66027181311 
1788, 2035.25663242636 
1789, 1997.35598517465 
1790, 1948.48672867175 
1791, 1895.0606139034 
1792, 1835.99983798488 
1793, 1769.34055972058 
1794, 1704.20896334741 
1795, 1634.20567385889 
1796, 1558.49619418641 
1797, 1484.63965176286 
1798, 1404.65296366329 
1799, 1325.45077143816 
1800, 1245.65047691494 
1801, 7233.49589762752 
1802, 6859.46733071466 
1803, 6535.40445460183 
1804, 6252.94613167692 
1805, 6000.53513183243 
1806, 5815.20838888106 
1807, 5643.95023010981 
1808, 5444.49713721979 
1809, 5293.76993875793 
1810, 5075.90548398271 
1811, 4793.14585819937 
1812, 4538.67801486615 
1813, 4284.55258240979 
1814, 4007.97981941507 
1815, 3724.7239123808 
1816, 3463.08218360019 
1817, 3208.67296713687 
1818, 2970.41561218188 
1819, 2781.50230752556 
1820, 2649.40712652443 
1821, 2508.5546317065 
1822, 2402.0679410697 
1823, 2300.76392837931 
1824, 2174.06719069381 
1825, 2030.48592322968 
1826, 1864.59268648234 
1827, 1676.70836332694 
1828, 1484.02080674383 
1829, 1258.89924001687 
1830, 1065.40937363081 
1831, 864.717848262005 
1832, 687.849355000075 
1833, 552.052680497281 
1834, 429.966702044411 
1835, 358.820319661171 
1836, 318.318114327819 
1837, 266.736656865252 
1838, 249.294558179926 
1839, 234.795156980085 
1840, 220.776012629113 
1841, 220.379950250894 
1842, 247.045328842134 
1843, 259.423951823805 
1844, 278.804597527427 
1845, 285.042366411588 
1846, 266.711688209002 
1847, 280.988200191031 
1848, 279.028481911455 
1849, 260.778454646199 
1850, 255.427812765592 
1851, 270.153631964897 
1852, 240.637425475483 
1853, 208.637573679044 
1854, 217.759889101786 
1855, 218.807467224493 
1856, 246.714024856257 
1857, 276.757635203568 
1858, 291.28156640571 
1859, 314.397258031105 
1860, 335.60843971647 
1861, 349.93981855286 
1862, 387.161967179404 
1863, 428.898754789376 
1864, 446.534197016472 
1865, 447.762411489234 
1866, 436.747587711404 
1867, 397.662551644249 
1868, 341.036590800127 
1869, 294.42068662779 
1870, 256.049312009519 
1871, 210.149319031193 
1872, 184.056886517584 
1873, 182.629966234556 
1874, 187.726739973638 
1875, 213.67225625715 
1876, 246.891774046089 
1877, 287.989414158644 
1878, 346.796289126505 
1879, 401.407208715718 
1880, 453.770557317935 
1881, 509.141278060097 
1882, 565.962274093652 
1883, 618.239626446065 
1884, 658.951680864715 
1885, 679.862054747246 
1886, 707.136811281535 
1887, 726.93650247953 
1888, 721.413400159388 
1889, 709.496696243781 
1890, 688.526798745064 
1891, 667.548680665633 
1892, 630.228617469224 
1893, 602.711711925146 
1894, 586.411051348434 
1895, 550.830682937544 
1896, 495.915418380184 
1897, 457.252408757029 
1898, 411.793377439415 
1899, 352.596893134572 
1900, 301.636616597498 
1901, 237.424361395719 
1902, 199.964236982556 
1903, 164.639978515386 
1904, 165.720630355834 
1905, 180.969390365752 
1906, 199.205429958148 
1907, 216.260491650897 
1908, 228.744954066844 
1909, 237.013872234699 
1910, 250.529878238744 
1911, 262.868726142172 
1912, 261.816385895172 
1913, 281.343021497467 
1914, 312.193113434484 
1915, 347.124730254175 
1916, 387.624543139481 
1917, 422.771090504561 
1918, 460.086946904345 
1919, 492.8356641246 
1920, 506.194423259807 
1921, 544.328153045225 
1922, 575.843719181155 
1923, 600.586527450446 
1924, 622.407720154718 
1925, 654.179235884781 
1926, 675.036481872613 
1927, 661.660855561699 
1928, 648.959423835261 
1929, 644.85284964751 
1930, 635.362934390175 
1931, 640.21833686105 
1932, 659.643989327841 
1933, 673.120707891924 
1934, 693.229141506536 
1935, 698.752188901369 
1936, 701.336559759842 
1937, 691.259518702734 
1938, 685.577812922951 
1939, 680.268986510279 
1940, 688.514966008365 
1941, 731.798720440706 
1942, 757.385338874969 
1943, 766.619426585221 
1944, 772.275433959117 
1945, 760.118713393052 
1946, 752.619732203464 
1947, 753.577194594235 
1948, 735.97236334285 
1949, 708.766287321406 
1950, 679.669997285962 
1951, 625.608598745786 
1952, 581.458054746 
1953, 558.713694476772 
1954, 531.158587033374 
1955, 507.146555585799 
1956, 489.193892231533 
1957, 479.278319616169 
1958, 461.813147962984 
1959, 465.109672800205 
1960, 489.0738960253 
1961, 514.361491760543 
1962, 536.28884706237 
1963, 590.744253885368 
1964, 638.723581779896 
1965, 681.140560594604 
1966, 722.168202032854 
1967, 755.375198062595 
1968, 795.10970280301 
1969, 840.015737708668 
1970, 883.040012885023 
1971, 923.017877836603 
1972, 972.815165979446 
1973, 1031.44788576472 
1974, 1078.56625668983 
1975, 1125.46572289637 
1976, 1192.18665133978 
1977, 1238.58334246618 
1978, 1272.99485742999 
1979, 1305.83987403768 
1980, 1338.30623044002 
1981, 1356.26217219277 
1982, 1362.3657522727 
1983, 1368.99405079408 
1984, 1361.27809135883 
1985, 1361.52307100131 
1986, 1365.85474004751 
1987, 1362.38406923426 
1988, 1374.14261595653 
1989, 1382.05482363336 
1990, 1375.14574363535 
1991, 1378.25000016075 
1992, 1345.25605081633 
1993, 1279.85794461822 
1994, 1217.11558316791 
1995, 1140.98297757592 
1996, 1051.39113445108 
1997, 942.775991384144 
1998, 852.558924942149 
1999, 725.434644776242 
2000, 591.885569190492 
2001, 492.880881244594 
2002, 385.395263444075 
2003, 317.997418937773 
2004, 287.090858780812 
2005, 257.918754019929 
2006, 258.244605895124 
2007, 249.123105943992 
2008, 247.010465434311 
2009, 243.696100054552 
2010, 246.953334646571 
2011, 232.804294720353 
2012, 230.969625618742 
2013, 242.049257825175 
2014, 258.709572102782 
2015, 275.86785733434 
2016, 317.139107231693 
2017, 370.729876069585 
2018, 438.431536765709 
2019, 540.188587621222 
2020, 620.550462883376 
2021, 710.207753641505 
2022, 785.244274876901 
2023, 847.002284285691 
2024, 903.534105022887 
2025, 960.700817371177 
2026, 1026.11967226397 
2027, 1096.4309121332 
2028, 1177.10361135292 
2029, 1245.50431119854 
2030, 1319.4300699021 
2031, 1375.25969398585 
2032, 1422.86360495558 
2033, 1459.79200007369 
2034, 1482.1337871933 
2035, 1505.98397024076 
2036, 1519.03462040927 
2037, 1532.64826112795 
2038, 1547.59349680974 
2039, 1552.61249129043 
2040, 1565.20967218947 
2041, 1582.23575287456 
2042, 1582.81784974046 
2043, 1593.23794124614 
2044, 1573.94926705613 
2045, 1534.12144622909 
2046, 1483.27598145074 
2047, 1404.51686341942 
2048, 1334.41080425312 
2049, 1246.00800222563 
2050, 1174.43612066866 
2051, 1100.661754973 
2052, 1046.91438082708 
2053, 1009.38746000855 
2054, 982.420026821379 
2055, 970.466748862536 
2056, 980.161485251118 
2057, 992.707460762351 
2058, 1019.04114696716 
2059, 1042.49324863533 
2060, 1076.50384196615 
2061, 1107.02034875469 
2062, 1151.70945476285 
2063, 1172.00988241858 
2064, 1170.96183298089 
2065, 1182.98793095305 
2066, 1180.55590204725 
2067, 1181.54645519199 
2068, 1208.18707681469 
2069, 1254.81501540107 
2070, 1312.37635549059 
2071, 1381.86009767763 
2072, 1462.45567646322 
2073, 1574.70280888902 
2074, 1659.12416294866 
2075, 1744.2496291315 
2076, 1822.41361463179 
2077, 1878.288752112 
2078, 1951.80250314673 
2079, 2045.36783224589 
2080, 2117.84176314617 
2081, 2197.29163766844 
2082, 2249.334830648 
2083, 2296.41193239196 
2084, 2322.40535042957 
2085, 2355.56375776413 
2086, 2373.0577336833 
2087, 2415.86726072831 
2088, 2469.20058842233 
2089, 2516.98033295063 
2090, 2583.58613352466 
2091, 2633.73703473622 
2092, 2657.55241717905 
2093, 2706.97597840606 
2094, 2775.29605357584 
2095, 2830.87541169313 
2096, 2898.81279110723 
2097, 2951.84659047193 
2098, 3000.89300726965 
2099, 3030.35486708401 
2100, 3077.14511744578 
2101, 3128.21169555934 
2102, 3181.15412101856 
2103, 3250.06711700509 
2104, 3293.8389088538 
2105, 3325.25173705602 
2106, 3359.57442432695 
2107, 3362.6252195826 
2108, 3400.20933430722 
2109, 3467.16112333229 
2110, 3521.25635644774 
2111, 3583.5022558674 
2112, 3648.2876603625 
2113, 3699.76872512595 
2114, 3754.09942043499 
2115, 3809.16531695066 
2116, 3871.62523256574 
2117, 3925.32713870818 
2118, 3967.55781841581 
2119, 4024.15140216631 
2120, 4086.88004707396 
2121, 4144.41561694688 
2122, 4207.95191347378 
2123, 4269.39149348286 
2124, 4314.47991330051 
2125, 4382.14239968385 
2126, 4463.07355145301 
2127, 4545.62284963101 
2128, 4648.3993757508 
2129, 4743.97082314282 
2130, 4821.11806419712 
2131, 4896.45333452139 
2132, 4950.95096595461 
2133, 4975.43968843922 
2134, 5020.84046062577 
2135, 5057.18086622879 
2136, 5107.88905062786 
2137, 5172.46632737813 
2138, 5234.35760550674 
2139, 5296.71817017102 
2140, 5365.811345115 
2141, 5445.77995977105 
2142, 5515.76519048357 
2143, 5596.39276611966 
2144, 5659.35765563567 
2145, 5705.68984851364 
2146, 5754.62399356772 
2147, 5781.60384996368 
2148, 5799.49796694587 
2149, 5837.54694774153 
2150, 5878.68638461683 
2151, 5914.13369398177 
2152, 5958.8721080407 
2153, 6002.42852046607 
2154, 6032.44108741523 
2155, 6079.78674919327 
2156, 6152.51273664774 
2157, 6202.48197280343 
2158, 6253.27083345876 
2159, 6287.85800278137 
2160, 6302.29264158781 
2161, 6320.76913659645 
2162, 6317.60239087121 
2163, 6336.54009344257 
2164, 6357.31562399021 
2165, 6395.78485548717 
2166, 6450.22925511526 
2167, 6526.36531957923 
2168, 6597.74226076766 
2169, 6685.98107090545 
2170, 6759.21153185244 
2171, 6828.91096374729 
2172, 6900.71723896791 
2173, 6978.16656153135 
2174, 7038.65600620847 
2175, 7096.84942565288 
2176, 7142.75707898874 
2177, 7164.24750939197 
2178, 7195.79466740988 
2179, 7221.82588591121 
2180, 7256.29332492103 
2181, 7289.95666373231 
2182, 7335.56431565607 
2183, 7399.71852002234 
2184, 7453.34329434309 
2185, 7507.87201426354 
2186, 7555.6960960146 
2187, 7604.95830979255 
2188, 7641.7865727636 
2189, 7693.05891608791 
2190, 7761.8899845696 
2191, 7807.44472465993 
2192, 7862.65998888443 
2193, 7878.36536021392 
2194, 7876.88533711107 
2195, 7845.75989106829 
2196, 7763.95991231538 
2197, 7705.25935734792 
2198, 7615.76718242021 
2199, 7562.62704306066 
2200, 7525.71006462642 
2201, 7506.38614355414 
2202, 7489.695744226 
2203, 7513.05563728271 
2204, 7567.96172815296 
2205, 7647.45720236046 
2206, 7734.28382619787 
2207, 7844.3093938999 
2208, 7931.23500971407 
2209, 8009.76886948507 
2210, 8086.09194696075 
2211, 8165.25000161272 
2212, 8221.84669955776 
2213, 8277.02058822934 
2214, 8300.92370741409 
2215, 8293.29086195835 
2216, 8294.18508718449 
2217, 8268.16078548186 
2218, 8261.91563052064 
2219, 8262.13081888761 
2220, 8265.83684392168 
2221, 8286.89590655245 
2222, 8289.99443726862 
2223, 8289.0784624108 
2224, 8284.15485523008 
2225, 8267.87952872519 
2226, 8247.91981612688 
2227, 8223.05564053713 
2228, 8202.1264602531 
2229, 8168.82747179462 
2230, 8129.45369899009 
2231, 8096.33927895201 
2232, 8061.6382222365 
2233, 8033.07290984568 
2234, 8015.0751755841 
2235, 7979.61936961027 
2236, 7937.42486999218 
2237, 7896.87812284279 
2238, 7842.73318796541 
2239, 7802.74535426713 
2240, 7776.46790727819 
2241, 7740.24654248601 
2242, 7704.3094505033 
2243, 7665.67549949243 
2244, 7615.11670031068 
2245, 7577.27943061463 
2246, 7548.93625445166 
2247, 7512.58915335434 
2248, 7491.08837729828 
2249, 7446.77332061185 
2250, 7380.50229798662 
2251, 7321.56372462285 
2252, 7253.20013256135 
2253, 7189.81582162949 
2254, 7122.37731014387 
2255, 7041.13335737006 
2256, 6949.02236874775 
2257, 6845.48010015743 
2258, 6755.37148017646 
2259, 6660.42143813473 
2260, 6590.27078494229 
2261, 6536.48694971149 
2262, 6480.28597955056 
2263, 6438.88525094613 
2264, 6390.10011540466 
2265, 6339.26296522536 
2266, 6288.43287389105 
2267, 6245.23696929709 
2268, 6190.14225733752 
2269, 6124.82827369581 
2270, 6064.54462179427 
2271, 5995.93169687508 
2272, 5937.09589287109 
2273, 5889.73639386441 
2274, 5832.52833393547 
2275, 5777.91839932817 
2276, 5717.20304098488 
2277, 5658.50405510785 
2278, 5581.53847491423 
2279, 5477.22121246457 
2280, 5394.49025796019 
2281, 5305.39593988978 
2282, 5226.61741661566 
2283, 5165.08586581897 
2284, 5109.37198291445 
2285, 5065.84002428387 
2286, 5017.78721885414 
2287, 4962.30240322233 
2288, 4908.99548271281 
2289, 4842.54127213835 
2290, 4755.69813747445 
2291, 4674.77968024688 
2292, 4599.97625954672 
2293, 4507.64564011301 
2294, 4396.52829593456 
2295, 4299.93227138092 
2296, 4193.28914532145 
2297, 4106.79196246201 
2298, 4028.5674881181 
2299, 3967.47740119764 
2300, 3925.5158523246 
2301, 3878.52804946843 
2302, 3838.99945385458 
2303, 3808.89474987822 
2304, 3772.21894389705 
2305, 3761.75554886692 
2306, 3787.17827536837 
2307, 3791.10481371944 
2308, 3818.67128336445 
2309, 3807.09037566049 
2310, 3781.45305956484 
2311, 3725.42343078933 
2312, 3630.00351663298 
2313, 3531.15091812053 
2314, 3410.85025718509 
2315, 3273.28573792204 
2316, 3152.42386982023 
2317, 3035.60869907162 
2318, 2927.96448571691 
2319, 2864.26791160677 
2320, 2843.04301968133 
2321, 2837.30615487132 
2322, 2857.24802793835 
2323, 2880.0780991066 
2324, 2872.89445170812 
2325, 2864.2629848049 
2326, 2862.90116043404 
2327, 2839.96071510297 
2328, 2813.22879475858 
2329, 2788.55756358701 
2330, 2744.05957151783 
2331, 2678.36761782017 
2332, 2622.17968542203 
2333, 2558.18764208208 
2334, 2495.67910354007 
2335, 2428.44488341559 
2336, 2369.05711904462 
2337, 2314.88229699725 
2338, 2257.12354784524 
2339, 2205.03188439577 
2340, 2149.12239875413 
2341, 2086.73743051551 
2342, 2025.82065699523 
2343, 1957.89733072768 
2344, 1909.92520533179 
2345, 1866.36978543693 
2346, 1829.86078802558 
2347, 1819.78238753588 
2348, 1789.44155054293 
2349, 1743.41423764261 
2350, 1716.91724532681 
2351, 1694.63838682919 
2352, 1674.03606918658 
2353, 1665.85708254012 
2354, 1654.48846586118 
2355, 1635.8928606173 
2356, 1629.83376807591 
2357, 1629.26129563401 
2358, 1634.60336682983 
2359, 1657.392607734 
2360, 1662.55115719632 
2361, 1674.90709784835 
2362, 1670.63480589729 
2363, 1660.39997367306 
2364, 1623.63904619825 
2365, 1565.16045043519 
2366, 1500.34736839304 
2367, 1421.55538520721 
2368, 1344.02548934057 
2369, 1284.48854481253 
2370, 1226.91867602011 
2371, 1173.3147929019 
2372, 1143.26224549675 
2373, 1126.84867011507 
2374, 1130.32787153903 
2375, 1160.19385160759 
2376, 1176.64105274011 
2377, 1202.66467539998 
2378, 1233.59799622071 
2379, 1220.15932296887 
2380, 1216.24371884478 
2381, 1201.68916510338 
2382, 1149.249998681 
2383, 1119.33948620424 
2384, 1093.7086585943 
2385, 1061.66070457766 
2386, 1040.08542792678 
2387, 1034.88134 
2388, 1029.9934169975 
2389, 1015.56662176731 
2390, 1015.75473956849 
2391, 1001.86821010118 
2392, 981.462718916562 
2393, 993.907288528903 
2394, 1007.5982933216 
2395, 1009.20940796614 
2396, 1013.46891324456 
2397, 999.298818873717 
2398, 977.293126253216 
2399, 982.424403519745 
2400, 996.079825414855 
2401, 996.827807123426 
2402, 977.856736185446 
2403, 935.616230849077 
2404, 885.221418768806 
2405, 861.620104920309 
2406, 847.880524223227 
2407, 845.349966478675 
2408, 877.72174665387 
2409, 868.347768562794 
2410, 845.618617514443 
2411, 820.852549829977 
2412, 769.32593977829 
2413, 739.487303006979 
2414, 718.169208948495 
2415, 695.936968682783 
2416, 679.462392955139 
2417, 663.23586108813 
2418, 652.041378746618 
2419, 634.972226506354 
2420, 609.28097870367 
2421, 598.866801155665 
2422, 590.236161823168 
2423, 595.162345399085 
2424, 619.194683525465 
2425, 628.205789271011 
2426, 638.023208468052 
2427, 641.144912163156 
2428, 640.650296652845 
2429, 636.199476190645 
2430, 628.242343179309 
2431, 615.921554255143 
2432, 598.367249759256 
2433, 577.703243600891 
2434, 551.164500261752 
2435, 534.173414512412 
2436, 508.767377225104 
2437, 498.662981931204 
2438, 501.71757697749 
2439, 502.903565629292 
2440, 518.007061121957 
2441, 516.52949117446 
2442, 512.385330493958 
2443, 495.9424026073 
2444, 462.098644695816 
2445, 444.449177293833 
2446, 420.342985753816 
2447, 417.04363175918 
2448, 403.943343578556 
2449, 365.608923974505 
2450, 353.114029004579 
2451, 334.646806930318 
2452, 313.888930592008 
2453, 317.710090040938 
2454, 325.156651348344 
2455, 346.387356806329 
2456, 375.255059898835 
2457, 400.109653697852 
2458, 413.880612630144 
2459, 421.135274488102 
2460, 424.01719332916 
2461, 409.237975776778 
2462, 401.878032219848 
2463, 393.073861194716 
2464, 388.569515025488 
2465, 394.401576879234 
2466, 390.686896158799 
2467, 390.713030834139 
2468, 360.479473080362 
2469, 331.250577797163 
2470, 324.483295436875 
2471, 308.962631692367 
2472, 295.134602642031 
2473, 286.30306270835 
2474, 279.075670432855 
2475, 251.779669615278 
2476, 241.878251326971 
2477, 230.969518555408 
2478, 194.355837296733 
2479, 192.300656662521 
2480, 190.177609417444 
2481, 177.210802278172 
2482, 185.846829583118 
2483, 183.259994310271 
2484, 165.500061113919 
2485, 156.333845862103 
2486, 150.19631546319 
2487, 129.201824106218 
2488, 126.316248852849 
2489, 168.865035217674 
2490, 184.561306911752 
2491, 192.410772887239 
2492, 211.107934094244 
2493, 162.297158382242 
2494, 120.403889384671 
2495, 110.427395997836 
2496, 86.1653335368735 
2497, 107.633066492721 
2498, 118.135271117856 
2499, 130.841229683343 
2500, 138.621419490373 
