Wavelength,0212202100038.asd
350, 3121.82520623615 
351, 3282.8907485934 
352, 3430.02648132088 
353, 3554.87316279887 
354, 3679.14758391848 
355, 3809.66380654717 
356, 3946.23631731918 
357, 4081.27401178734 
358, 4222.50779150156 
359, 4374.13413652731 
360, 4541.56931872541 
361, 4746.08676760057 
362, 4979.14915308549 
363, 5229.07043678199 
364, 5484.13585329378 
365, 5744.97335642726 
366, 5992.99074176648 
367, 6207.69225309665 
368, 6372.66851451218 
369, 6468.11694361701 
370, 6500.80235087143 
371, 6492.3212772944 
372, 6470.33514601494 
373, 6462.54589381152 
374, 6474.13038556714 
375, 6493.10113009422 
376, 6511.58508209007 
377, 6520.68285611217 
378, 6506.01978586966 
379, 6446.63243367439 
380, 6368.68606243666 
381, 6281.49700703735 
382, 6185.97461224424 
383, 6069.70808363022 
384, 5952.20997023954 
385, 5874.35738360177 
386, 5883.68737777174 
387, 6005.84851873744 
388, 6174.8589029033 
389, 6321.999685421 
390, 6392.34519270801 
391, 6467.34723096855 
392, 6538.66184305575 
393, 6595.19317289782 
394, 6648.75831964722 
395, 6796.48181838843 
396, 7079.63005120561 
397, 7510.72042670006 
398, 8104.11483344032 
399, 8779.4783912418 
400, 9473.55413363014 
401, 10145.3230663224 
402, 10781.6219057116 
403, 11307.0023038923 
404, 11689.1997048692 
405, 11986.661591263 
406, 12224.2494571342 
407, 12438.4063816588 
408, 12672.8759437865 
409, 12989.6412352571 
410, 13368.6054454464 
411, 13787.9538339156 
412, 14225.6763959853 
413, 14655.7927650781 
414, 15081.0630026589 
415, 15492.7475310573 
416, 15852.597441612 
417, 16196.5901330489 
418, 16549.9628998445 
419, 16917.1910379063 
420, 17234.9919986246 
421, 17557.1613166313 
422, 17910.3243045567 
423, 18290.6764661035 
424, 18637.6742864661 
425, 18910.0485441198 
426, 19069.9050547206 
427, 19073.9084591496 
428, 19006.0273320554 
429, 19032.3047689276 
430, 19279.33857213 
431, 19627.5075584499 
432, 20091.3920191726 
433, 20774.336521315 
434, 21797.9751992405 
435, 22861.5166792232 
436, 23672.6349973207 
437, 24180.8999511258 
438, 24722.9195435557 
439, 25276.6456373244 
440, 25798.8982420142 
441, 26276.0233011505 
442, 26890.6848617385 
443, 27531.6142888851 
444, 28116.6025559381 
445, 28599.5558854464 
446, 28989.6979924874 
447, 29342.024542129 
448, 29715.6574958927 
449, 30174.014700934 
450, 30553.7809592156 
451, 30753.3096329583 
452, 30739.7105879481 
453, 30657.8650970278 
454, 30487.2505395721 
455, 30275.3882723436 
456, 30130.8589947135 
457, 30096.0244827202 
458, 30104.6839055337 
459, 30086.2853798289 
460, 30008.2332993622 
461, 29889.4639802941 
462, 29760.0543749373 
463, 29635.7279599131 
464, 29435.6284968909 
465, 29129.8542644368 
466, 28757.0654022679 
467, 28419.7258488347 
468, 28133.820002303 
469, 27920.275903994 
470, 27790.2933695641 
471, 27747.1554248067 
472, 27719.0720045812 
473, 27712.536154272 
474, 27755.5453939767 
475, 27745.8733833727 
476, 27717.9090161209 
477, 27704.4302324206 
478, 27719.8016690205 
479, 27815.0829690548 
480, 27944.3152878129 
481, 28030.4370258647 
482, 28005.5244378415 
483, 27789.8459219636 
484, 27341.0222955922 
485, 26679.8319373514 
486, 26054.5157873701 
487, 25619.7550675521 
488, 25500.2188046511 
489, 25812.045481249 
490, 26288.5352765965 
491, 26674.7761907601 
492, 26811.5943188036 
493, 26862.5381750611 
494, 26942.3055222896 
495, 27098.6453240567 
496, 27305.6682094721 
497, 27367.0818378832 
498, 27288.9731189124 
499, 27117.9399255163 
500, 26886.8634343301 
501, 26718.153665022 
502, 26657.7153962611 
503, 26721.9171073175 
504, 26981.070532447 
505, 27335.0644601791 
506, 27688.1001436859 
507, 27966.1018017395 
508, 28175.3800749231 
509, 28340.0620101864 
510, 28496.9830444906 
511, 28711.0261914143 
512, 28855.5774586429 
513, 28878.0357454878 
514, 28771.6901153166 
515, 28529.9601922293 
516, 28205.7158545573 
517, 27893.3573426946 
518, 27725.676751382 
519, 27980.4653960205 
520, 28672.9826582625 
521, 29632.4516207802 
522, 30423.4903053656 
523, 31010.1098345435 
524, 31421.8520898921 
525, 31730.5838416305 
526, 31862.3459062718 
527, 31917.9220320886 
528, 32094.6231797676 
529, 32755.7143459073 
530, 33605.2450430688 
531, 34308.7746073054 
532, 34600.1437913354 
533, 34699.6271714809 
534, 34864.1294387083 
535, 35223.9760640152 
536, 35755.2507831646 
537, 36134.0355625758 
538, 36306.8676204768 
539, 36327.4046856116 
540, 36316.156878471 
541, 36354.1240803372 
542, 36550.790552964 
543, 36989.2676096933 
544, 37482.3110825974 
545, 37909.341644149 
546, 38205.8552332361 
547, 38374.0117887333 
548, 38487.3441300705 
549, 38623.0040572282 
550, 38826.9429408883 
551, 39035.3647370383 
552, 39193.4069912261 
553, 39309.2183407659 
554, 39438.542672613 
555, 39533.7779920514 
556, 39497.8948178873 
557, 39279.1396758422 
558, 38914.1281900367 
559, 38607.8477811389 
560, 38478.2506532344 
561, 38563.3210143326 
562, 38747.3791368182 
563, 38850.3373677897 
564, 38789.3504402407 
565, 38603.5429529569 
566, 38335.4362992541 
567, 38064.47097847 
568, 37840.7632407955 
569, 37612.3665651592 
570, 37308.030323728 
571, 37017.0654877355 
572, 36915.1410748518 
573, 36963.8159305611 
574, 36962.5638544211 
575, 36787.7538508263 
576, 36470.7505797592 
577, 36184.4532698689 
578, 36036.976162511 
579, 36083.4465336573 
580, 36279.3123976986 
581, 36620.8730737734 
582, 37032.5427742775 
583, 37373.9937789197 
584, 37587.496473866 
585, 37579.7461179957 
586, 37341.4317772624 
587, 37055.805953661 
588, 36707.0015191741 
589, 36227.3463621405 
590, 35613.2541241945 
591, 35435.2547276877 
592, 35635.9249353998 
593, 35944.4102166315 
594, 35909.0871646831 
595, 35718.0395002476 
596, 35458.1132783959 
597, 35181.0982338079 
598, 34877.8714901792 
599, 34507.5652849678 
600, 34104.7926280266 
601, 33755.6823827748 
602, 33485.0106157101 
603, 33342.9197829552 
604, 33328.2214630978 
605, 33362.0086803602 
606, 33282.8205839814 
607, 33090.2836013617 
608, 32852.9961885208 
609, 32620.3245552006 
610, 32396.9661343828 
611, 32194.5028839623 
612, 32029.6209499199 
613, 31853.7209063931 
614, 31643.3163048273 
615, 31410.9687496904 
616, 31234.4690306576 
617, 31125.3942922277 
618, 31130.9231158031 
619, 31278.9166571699 
620, 31419.9884219774 
621, 31431.4436273673 
622, 31273.8569920805 
623, 31006.434987496 
624, 30708.5736019852 
625, 30430.4250804875 
626, 30195.4711380576 
627, 29987.8468909856 
628, 29776.4442889246 
629, 29572.2842016995 
630, 29423.6764279538 
631, 29440.4717786122 
632, 29550.007633297 
633, 29684.1175200458 
634, 29827.8536093314 
635, 29935.1984883404 
636, 30008.5177250594 
637, 30061.6951961702 
638, 30081.5000522157 
639, 30035.7500887358 
640, 29900.5270785097 
641, 29672.5918047667 
642, 29501.0382032004 
643, 29404.839785427 
644, 29346.4382184794 
645, 29230.295851264 
646, 29048.1314996951 
647, 28821.9687192873 
648, 28594.352277998 
649, 28407.4204720998 
650, 28257.0596448519 
651, 28175.1273936015 
652, 28220.1584528435 
653, 28153.2752180139 
654, 27831.1645639535 
655, 27233.9341151144 
656, 26525.2653052698 
657, 26020.2577094566 
658, 26046.8068051992 
659, 26761.8718873331 
660, 27425.5974447347 
661, 27790.538318754 
662, 27863.8462008296 
663, 27896.0239674688 
664, 27865.342724571 
665, 27820.0777826361 
666, 27801.5671689292 
667, 27809.3296579852 
668, 27800.0886381998 
669, 27773.568117854 
670, 27748.9985351139 
671, 27689.5253165013 
672, 27620.055797453 
673, 27576.8098834431 
674, 27601.3181195304 
675, 27637.8482138366 
676, 27663.1509873276 
677, 27672.2363589647 
678, 27688.9005221333 
679, 27695.2325191346 
680, 27689.8667092532 
681, 27679.8642876707 
682, 27661.5391168607 
683, 27597.4442358852 
684, 27367.7918837942 
685, 26748.1637003879 
686, 25637.8822468175 
687, 24123.4419094366 
688, 22582.1096942246 
689, 22022.2475238198 
690, 22544.0622794979 
691, 23702.9223450068 
692, 24739.6584066474 
693, 25648.3119629951 
694, 26307.8708849298 
695, 26705.3756372266 
696, 26976.8465136334 
697, 27199.96151389 
698, 27344.2177852577 
699, 27368.208248684 
700, 27315.4850772681 
701, 27262.4780543354 
702, 27271.4185830995 
703, 27386.0199251002 
704, 27613.2686449504 
705, 27875.3170601663 
706, 28097.2940704511 
707, 28225.8339177098 
708, 28332.5400080909 
709, 28429.7359702377 
710, 28516.1340062386 
711, 28603.3758274495 
712, 28667.3668187597 
713, 28694.8092711687 
714, 28671.863544659 
715, 28555.5081219282 
716, 28221.5484125183 
717, 27614.2864124157 
718, 26777.7282646587 
719, 26082.4463611275 
720, 25841.9101054408 
721, 26177.0533831825 
722, 26847.7449986712 
723, 27302.3359437633 
724, 27369.9102455098 
725, 27173.1036362732 
726, 27150.8215070088 
727, 27240.9748392663 
728, 27352.2037809455 
729, 27421.2589216763 
730, 27598.1428296464 
731, 27917.9655963565 
732, 28354.3114175335 
733, 28818.7066854974 
734, 29213.4177761981 
735, 29462.2398735822 
736, 29533.4672919245 
737, 29508.5550220834 
738, 29464.6565774841 
739, 29419.6411343928 
740, 29346.1354345365 
741, 29324.2964479077 
742, 29364.130606493 
743, 29455.2149218894 
744, 29578.6062988061 
745, 29661.343519269 
746, 29696.9097146321 
747, 29698.5550248047 
748, 29662.0329182339 
749, 29565.8836336042 
750, 29432.7689858707 
751, 29314.9481542236 
752, 29256.7585920954 
753, 29242.7294376448 
754, 29241.4921116892 
755, 29210.5837272869 
756, 29067.3512502033 
757, 28457.9576125158 
758, 26805.5683605724 
759, 23106.449042152 
760, 17706.9737050252 
761, 12490.0264574431 
762, 9680.41906462855 
763, 9766.75678679094 
764, 11361.7656185765 
765, 13790.0208454474 
766, 17011.3178027629 
767, 20488.8169904663 
768, 23478.5044405294 
769, 25535.6826742285 
770, 26678.6144132062 
771, 27235.48164041 
772, 27448.6853017312 
773, 27499.6885546186 
774, 27480.5791701143 
775, 27411.4005706228 
776, 27322.3621482131 
777, 27233.8112353935 
778, 27118.3329996264 
779, 26981.3182587321 
780, 26843.4039768169 
781, 26730.9970274493 
782, 26609.2208423523 
783, 26464.8197529251 
784, 26301.1078128085 
785, 26140.4920279228 
786, 25982.6675528189 
787, 25800.3496234554 
788, 25571.1082839636 
789, 25304.4676039116 
790, 25020.2784169338 
791, 24726.5204551895 
792, 24428.8484739062 
793, 24143.1897250151 
794, 23913.6766541851 
795, 23764.2334736838 
796, 23691.8641377963 
797, 23638.1698214032 
798, 23543.6784379779 
799, 23380.2690069301 
800, 23160.9000350449 
801, 22924.1457992901 
802, 22704.8251696946 
803, 22516.1876173106 
804, 22329.6447138216 
805, 22166.5708739225 
806, 22015.4171049463 
807, 21849.7232794506 
808, 21635.8836000844 
809, 21381.3585934011 
810, 21104.9374182512 
811, 20819.3236165406 
812, 20473.3918715713 
813, 20018.4762472632 
814, 19447.9702328686 
815, 18804.4253268298 
816, 18201.6678609799 
817, 17723.8046446706 
818, 17424.4956174146 
819, 17321.819215531 
820, 17280.9664924643 
821, 17211.5453194705 
822, 17078.7617702443 
823, 16930.8183429853 
824, 16832.1573903795 
825, 16842.1604319751 
826, 16943.6359172267 
827, 16897.7758777858 
828, 16711.4218402007 
829, 16466.6981015621 
830, 16273.064474447 
831, 16140.0041142393 
832, 16037.1963481758 
833, 15951.239167561 
834, 15886.715363825 
835, 15851.3097027513 
836, 15829.1193553566 
837, 15793.4496177603 
838, 15712.0914331049 
839, 15590.5265008603 
840, 15445.8314444605 
841, 15291.0717024813 
842, 15127.1493749968 
843, 14957.7857644282 
844, 14789.527188276 
845, 14626.1896857541 
846, 14468.0981977363 
847, 14271.5832023808 
848, 14034.1295527618 
849, 13771.5878340995 
850, 13506.278179398 
851, 13196.8413285059 
852, 12878.3469736319 
853, 12614.698768877 
854, 12416.9905743052 
855, 12254.9528857507 
856, 12177.2707400165 
857, 12253.5342470744 
858, 12370.8211570607 
859, 12393.3854885524 
860, 12298.1942738174 
861, 12161.5177943787 
862, 11995.9790503921 
863, 11784.9244096715 
864, 11531.9732940944 
865, 11268.9332168476 
866, 11018.5510771553 
867, 10808.5317397834 
868, 10672.6478516007 
869, 10648.2440839232 
870, 10669.7707578812 
871, 10654.1475007468 
872, 10561.6422608332 
873, 10432.7289826731 
874, 10296.9446396073 
875, 10159.7010798781 
876, 10021.1201701436 
877, 9888.27882078954 
878, 9759.17794965863 
879, 9632.69779517376 
880, 9506.6486256132 
881, 9375.46091724648 
882, 9245.15740675002 
883, 9122.79021133145 
884, 9010.93514775152 
885, 8898.80001702685 
886, 8777.09990072585 
887, 8648.88936151427 
888, 8521.92573900175 
889, 8398.32466106815 
890, 8276.16032765014 
891, 8142.89377936142 
892, 7982.64669831625 
893, 7788.5200214525 
894, 7565.26748262575 
895, 7318.44169102095 
896, 7055.95453016417 
897, 6791.01311725806 
898, 6542.26331183481 
899, 6334.28704515181 
900, 6188.59826096891 
901, 6101.23942142295 
902, 6058.36994322517 
903, 6037.96208406359 
904, 6015.36792909986 
905, 5978.86563054666 
906, 5915.46036494151 
907, 5811.94221473405 
908, 5664.22606845257 
909, 5508.62190724116 
910, 5377.19695574047 
911, 5280.28939613899 
912, 5209.39930241078 
913, 5152.52903238805 
914, 5098.0374012686 
915, 5042.4956613667 
916, 4990.20128229169 
917, 4950.89593734011 
918, 4919.54614375465 
919, 4890.60802626648 
920, 4859.69312561524 
921, 4826.19885152294 
922, 4781.0793868833 
923, 4716.96542266542 
924, 4629.07874799761 
925, 4514.93101062173 
926, 4378.8016199566 
927, 4216.68511671956 
928, 4019.95833827445 
929, 3788.17312656963 
930, 3527.89399034776 
931, 3251.31482010999 
932, 2977.37379775171 
933, 2736.89195809038 
934, 2546.13949151631 
935, 2415.86061334457 
936, 2348.07924551603 
937, 2328.77839170943 
938, 2341.98520557748 
939, 2367.39809700253 
940, 2387.94393419646 
941, 2405.02492509954 
942, 2410.30674637123 
943, 2389.25675139694 
944, 2336.01097722097 
945, 2277.43168365142 
946, 2228.48559896953 
947, 2196.34058675692 
948, 2180.80055483996 
949, 2175.68966607427 
950, 2168.91354765955 
951, 2158.78330739159 
952, 2147.39095272018 
953, 2135.40985261986 
954, 2121.60975578986 
955, 2107.98277244879 
956, 2096.95444570812 
957, 2089.73465882931 
958, 2082.58098950555 
959, 2077.83925014229 
960, 2076.31001754388 
961, 2074.42673532702 
962, 2071.75285385088 
963, 2072.75542924555 
964, 2077.38085078454 
965, 2079.51423724323 
966, 2078.84050289397 
967, 2072.47242025432 
968, 2061.35044077648 
969, 2049.08993038149 
970, 2032.12088578192 
971, 2010.2747340625 
972, 1982.39567766329 
973, 1947.21336011921 
974, 1905.91396229991 
975, 1864.34849121824 
976, 1825.11894023655 
977, 1789.11152844065 
978, 1758.56862825894 
979, 1731.95475694452 
980, 1709.08581308781 
981, 1688.70775240933 
982, 1666.37677153093 
983, 1642.3086964359 
984, 1617.45995653409 
985, 1591.86177135957 
986, 1563.73374005509 
987, 1532.90206548295 
988, 1501.40498642762 
989, 1469.6963113184 
990, 1436.51617191022 
991, 1404.68510914241 
992, 1373.75296142832 
993, 1342.03431738331 
994, 1308.46886959448 
995, 1277.31348653901 
996, 1246.47242221368 
997, 1215.11662817445 
998, 1183.39198337388 
999, 1152.01331192583 
1000, 1119.34729667097 
1001, 7057.77247775463 
1002, 7032.46228647492 
1003, 7007.19796189034 
1004, 6987.26408010353 
1005, 6975.09938016094 
1006, 6972.70143560652 
1007, 6978.44382575811 
1008, 6991.32674860576 
1009, 7007.76144051155 
1010, 7035.26254685576 
1011, 7057.3318657214 
1012, 7079.82979137694 
1013, 7102.84850615947 
1014, 7129.42642440299 
1015, 7161.19602000304 
1016, 7192.91204245932 
1017, 7220.57799178494 
1018, 7249.89447952712 
1019, 7277.68486788527 
1020, 7303.24158965124 
1021, 7337.20898107696 
1022, 7372.50153007789 
1023, 7407.53003462071 
1024, 7447.33551722088 
1025, 7497.39427196446 
1026, 7545.49234604988 
1027, 7596.867083315 
1028, 7641.68851627853 
1029, 7679.14501254568 
1030, 7716.40480329467 
1031, 7747.53325177674 
1032, 7781.22956630481 
1033, 7816.12050816616 
1034, 7847.20517115261 
1035, 7877.34567075948 
1036, 7908.50881982922 
1037, 7933.58336352396 
1038, 7956.73122435848 
1039, 7984.69952924135 
1040, 8006.25634546684 
1041, 8029.47149390399 
1042, 8059.45933939731 
1043, 8079.99055544723 
1044, 8106.21520776687 
1045, 8131.52776800606 
1046, 8143.55720554918 
1047, 8164.4119286388 
1048, 8186.69893596992 
1049, 8212.84054820738 
1050, 8240.95346951236 
1051, 8276.57622055023 
1052, 8312.51398777976 
1053, 8341.9076795253 
1054, 8372.34698818593 
1055, 8410.83001454242 
1056, 8445.18646127973 
1057, 8480.00898575812 
1058, 8521.73444969393 
1059, 8567.02638115423 
1060, 8619.85846749275 
1061, 8679.59205040142 
1062, 8743.73191736386 
1063, 8813.80982205833 
1064, 8889.93148908529 
1065, 8971.36878690278 
1066, 9062.17961222505 
1067, 9160.65512183304 
1068, 9261.54558320071 
1069, 9364.95103380041 
1070, 9481.69379251555 
1071, 9610.22706560972 
1072, 9742.84352970124 
1073, 9870.62333820065 
1074, 10004.4172982235 
1075, 10126.848321465 
1076, 10244.6550826187 
1077, 10356.2817185816 
1078, 10456.0654645057 
1079, 10553.5408599743 
1080, 10636.254310622 
1081, 10704.8236689063 
1082, 10774.2242347389 
1083, 10838.3854740669 
1084, 10897.5679190968 
1085, 10956.937267209 
1086, 11009.4910325817 
1087, 11060.2104960201 
1088, 11099.6455756892 
1089, 11135.3332681635 
1090, 11156.1240650487 
1091, 11165.9394932964 
1092, 11163.6809014228 
1093, 11148.9265121407 
1094, 11135.961787732 
1095, 11116.395461913 
1096, 11086.6493173209 
1097, 11057.6936854492 
1098, 11023.5339020263 
1099, 10989.6457161357 
1100, 10952.1442552505 
1101, 10920.3627810114 
1102, 10896.5558370446 
1103, 10855.9977511392 
1104, 10818.8251671865 
1105, 10763.1222439713 
1106, 10696.721267453 
1107, 10607.292345864 
1108, 10476.935931596 
1109, 10311.3269323123 
1110, 10071.2650084197 
1111, 9782.02181310173 
1112, 9447.24413177079 
1113, 9039.51956900309 
1114, 8637.16624832706 
1115, 8171.38084879 
1116, 7748.34674301819 
1117, 7292.70556036015 
1118, 6905.2991374474 
1119, 6544.99768512151 
1120, 6218.08480402384 
1121, 5949.19034253694 
1122, 5732.19274893516 
1123, 5578.83752248882 
1124, 5480.13226183874 
1125, 5431.80806671125 
1126, 5461.80826136668 
1127, 5492.48144394719 
1128, 5572.62884600783 
1129, 5650.40186287361 
1130, 5758.13154546063 
1131, 5859.8505723998 
1132, 5956.70280649639 
1133, 6081.40471867729 
1134, 6215.2760549101 
1135, 6361.71137137121 
1136, 6570.22103804474 
1137, 6786.54350056962 
1138, 6993.66436079446 
1139, 7184.44869381543 
1140, 7309.18426626578 
1141, 7394.62628601158 
1142, 7429.54411705181 
1143, 7389.53661145417 
1144, 7366.4581377012 
1145, 7249.50761293631 
1146, 7239.51036130988 
1147, 7236.197893537 
1148, 7307.75744980813 
1149, 7456.79616892382 
1150, 7638.19132173006 
1151, 7870.78455227581 
1152, 8130.87338170047 
1153, 8399.39199541654 
1154, 8707.12939693997 
1155, 8999.78988448858 
1156, 9312.92916593644 
1157, 9598.07228226797 
1158, 9884.87663184365 
1159, 10146.4041550834 
1160, 10392.2512058628 
1161, 10619.393141478 
1162, 10840.3612476411 
1163, 11027.3200414887 
1164, 11190.5507957945 
1165, 11324.9690079113 
1166, 11436.7354205176 
1167, 11522.274601524 
1168, 11590.5331151782 
1169, 11641.2835953887 
1170, 11664.6932447768 
1171, 11659.4217784757 
1172, 11643.8015975283 
1173, 11599.5024173331 
1174, 11554.7426931696 
1175, 11498.5117683459 
1176, 11434.5967176576 
1177, 11353.9660466531 
1178, 11277.9295639776 
1179, 11190.743525543 
1180, 11110.7609660769 
1181, 11029.6127128017 
1182, 10957.0082781616 
1183, 10893.2470585411 
1184, 10831.2162291478 
1185, 10786.7746618196 
1186, 10754.9948931748 
1187, 10731.8532676193 
1188, 10722.7003707066 
1189, 10716.6696952172 
1190, 10731.7122968306 
1191, 10728.5895937777 
1192, 10738.8338619861 
1193, 10719.2791826478 
1194, 10684.9690968664 
1195, 10632.3661771828 
1196, 10553.4086574999 
1197, 10465.5816230449 
1198, 10377.020450165 
1199, 10269.1885299237 
1200, 10181.4697021007 
1201, 10092.0588445887 
1202, 10019.9347041774 
1203, 9952.56380799825 
1204, 9904.80946556961 
1205, 9875.23185938704 
1206, 9850.72201160681 
1207, 9842.28381291986 
1208, 9837.15176206427 
1209, 9842.73174770971 
1210, 9847.31421490841 
1211, 9865.38775064906 
1212, 9873.30832192091 
1213, 9877.40440074792 
1214, 9878.98069274941 
1215, 9875.55058614316 
1216, 9866.49744354207 
1217, 9854.76252572208 
1218, 9840.16687188324 
1219, 9821.12043779705 
1220, 9795.93262138202 
1221, 9770.84053819225 
1222, 9737.432921535 
1223, 9713.02898201259 
1224, 9691.7431269584 
1225, 9670.53942184178 
1226, 9652.8030013704 
1227, 9636.97481605867 
1228, 9623.49827066727 
1229, 9608.0416492407 
1230, 9593.02521678013 
1231, 9583.9630053766 
1232, 9563.51001829537 
1233, 9537.35733691858 
1234, 9510.08115825572 
1235, 9478.48563410423 
1236, 9444.68164298594 
1237, 9408.6671204352 
1238, 9370.00343628488 
1239, 9326.86129626827 
1240, 9283.56001557795 
1241, 9239.11542384419 
1242, 9192.5903536027 
1243, 9140.67171996841 
1244, 9093.1937060883 
1245, 9048.20161087282 
1246, 9000.37947390629 
1247, 8953.57044318118 
1248, 8913.55615724811 
1249, 8858.18643390735 
1250, 8799.32341940074 
1251, 8729.88121118524 
1252, 8651.94911408861 
1253, 8565.55363864777 
1254, 8473.90987605456 
1255, 8368.18053133659 
1256, 8253.22406094312 
1257, 8124.46956250397 
1258, 7980.288746243 
1259, 7829.86397349092 
1260, 7655.72075990373 
1261, 7494.3417069654 
1262, 7329.10504540367 
1263, 7163.08416665361 
1264, 7024.6732208013 
1265, 6886.72008915662 
1266, 6803.20307294071 
1267, 6738.09105770544 
1268, 6729.43595244152 
1269, 6766.66864140529 
1270, 6838.84405268068 
1271, 6971.49103705543 
1272, 7100.04871619204 
1273, 7278.87119545691 
1274, 7427.85968221556 
1275, 7588.71331481357 
1276, 7722.0430978437 
1277, 7843.65156230663 
1278, 7947.84585892957 
1279, 8029.71049935235 
1280, 8100.50556941806 
1281, 8167.55156172465 
1282, 8225.0845680341 
1283, 8290.74160661254 
1284, 8357.66232553574 
1285, 8423.69055289213 
1286, 8495.54789377774 
1287, 8554.28110881098 
1288, 8611.04277256849 
1289, 8656.29862556273 
1290, 8692.12567149977 
1291, 8720.65625287708 
1292, 8739.3184122819 
1293, 8754.78518730927 
1294, 8762.43649672148 
1295, 8766.3519368828 
1296, 8768.07313475347 
1297, 8761.97133291664 
1298, 8750.28433021996 
1299, 8730.34594181108 
1300, 8703.25250702769 
1301, 8673.15478060251 
1302, 8643.51299615459 
1303, 8609.76349272896 
1304, 8577.29820189803 
1305, 8547.24177492571 
1306, 8511.15842357131 
1307, 8471.02302908242 
1308, 8430.75623041087 
1309, 8386.75138261808 
1310, 8343.91351848823 
1311, 8298.39003789387 
1312, 8257.74990949972 
1313, 8220.25530554584 
1314, 8181.01228737393 
1315, 8138.79513372351 
1316, 8105.44598697547 
1317, 8076.49608332441 
1318, 8046.80695957761 
1319, 8025.23324791904 
1320, 8005.42526488654 
1321, 7978.97848460312 
1322, 7943.817767411 
1323, 7894.36092281818 
1324, 7843.50558022994 
1325, 7761.0743950777 
1326, 7654.19785878305 
1327, 7541.1073199394 
1328, 7393.45050701227 
1329, 7269.03226638122 
1330, 7130.53301716616 
1331, 7024.04955167046 
1332, 6929.8227657243 
1333, 6858.69881188321 
1334, 6820.84958874174 
1335, 6782.25701266896 
1336, 6768.771707283 
1337, 6748.18254871624 
1338, 6714.3092275365 
1339, 6648.97876987056 
1340, 6544.57380185634 
1341, 6400.72375795667 
1342, 6203.03228429524 
1343, 5964.33498814364 
1344, 5668.50515288514 
1345, 5308.25719814601 
1346, 4924.26224442728 
1347, 4473.65601887208 
1348, 4039.91240639761 
1349, 3563.66772594254 
1350, 3127.44534921627 
1351, 2677.69295093885 
1352, 2280.64213827236 
1353, 1903.15398643761 
1354, 1570.02267433047 
1355, 1274.980166515 
1356, 1019.71662533528 
1357, 799.15245665849 
1358, 625.630755128284 
1359, 488.549678088828 
1360, 378.23208706812 
1361, 301.288428503434 
1362, 243.966661493937 
1363, 203.657681322764 
1364, 182.422672244457 
1365, 163.449376531713 
1366, 155.087709083537 
1367, 153.615168715849 
1368, 160.366532012938 
1369, 173.734599405396 
1370, 194.771525979741 
1371, 223.454146539879 
1372, 265.911145357075 
1373, 302.782265569075 
1374, 353.420956695703 
1375, 386.296757293773 
1376, 416.537447311432 
1377, 430.325832593511 
1378, 428.976459454886 
1379, 421.518431543667 
1380, 400.957099816302 
1381, 378.945671805088 
1382, 369.333440573933 
1383, 366.754268035406 
1384, 373.935284700721 
1385, 396.018875032506 
1386, 435.409688892017 
1387, 476.416685028892 
1388, 514.038510503471 
1389, 567.235109209952 
1390, 599.851694702959 
1391, 617.36476593419 
1392, 638.589322954881 
1393, 655.943528431932 
1394, 668.685613793224 
1395, 675.838347899416 
1396, 686.137730855052 
1397, 690.10923564192 
1398, 702.488113773349 
1399, 720.672869695967 
1400, 738.848815816644 
1401, 760.516931662286 
1402, 781.508874496071 
1403, 801.621038403973 
1404, 824.814923198203 
1405, 849.282745979075 
1406, 879.861229075269 
1407, 915.757804688625 
1408, 958.737187009499 
1409, 1008.3663721449 
1410, 1063.27965620962 
1411, 1119.47700015094 
1412, 1185.30728001295 
1413, 1239.23565013505 
1414, 1294.20180963638 
1415, 1337.44361403011 
1416, 1372.4521891441 
1417, 1400.50748498119 
1418, 1420.25505728098 
1419, 1438.25275635617 
1420, 1447.71422570362 
1421, 1457.95975837668 
1422, 1471.08039046662 
1423, 1471.11007930469 
1424, 1470.83065164881 
1425, 1455.22538754763 
1426, 1422.89036424204 
1427, 1387.75384019353 
1428, 1343.8810450192 
1429, 1290.65021043614 
1430, 1237.71424675359 
1431, 1183.06164579953 
1432, 1125.14996089341 
1433, 1070.43504092869 
1434, 1017.20357333842 
1435, 968.376036019662 
1436, 920.773838272129 
1437, 876.462742349 
1438, 835.962388944343 
1439, 795.46673296391 
1440, 763.564991394945 
1441, 741.672554063389 
1442, 715.783363460704 
1443, 694.453478264345 
1444, 671.822715226417 
1445, 648.065259977069 
1446, 622.877352665751 
1447, 597.147349860443 
1448, 573.497916492409 
1449, 545.860283053904 
1450, 525.016347812955 
1451, 514.557407245676 
1452, 496.094497681285 
1453, 473.740839811118 
1454, 455.845928723414 
1455, 435.689508644977 
1456, 416.982256844444 
1457, 405.487183652213 
1458, 396.38609276007 
1459, 382.018991925091 
1460, 360.265793834776 
1461, 339.839447999132 
1462, 316.699490894642 
1463, 287.917692025377 
1464, 264.794047401361 
1465, 243.575804216151 
1466, 221.360996883676 
1467, 202.538181786848 
1468, 189.467912411437 
1469, 173.174873013163 
1470, 153.06782323407 
1471, 141.139432830727 
1472, 133.478860182338 
1473, 127.792768859729 
1474, 131.323449982079 
1475, 124.878313896394 
1476, 110.753046132503 
1477, 105.000683376415 
1478, 99.1987951748405 
1479, 94.7598115928225 
1480, 97.9661236516524 
1481, 98.2196477915159 
1482, 93.7271219556508 
1483, 92.9093100259462 
1484, 95.4011689642479 
1485, 97.6898200338767 
1486, 100.703444256742 
1487, 105.002054350231 
1488, 106.449748276567 
1489, 106.358690583164 
1490, 107.812152321804 
1491, 102.443538927635 
1492, 98.7166483666943 
1493, 101.588533451913 
1494, 102.366935214591 
1495, 105.794004092048 
1496, 110.192612058158 
1497, 110.374120030932 
1498, 111.050379318488 
1499, 108.426294689888 
1500, 110.223224394774 
1501, 113.953367295773 
1502, 116.503291566269 
1503, 121.525832914278 
1504, 124.428336419782 
1505, 124.999878623258 
1506, 127.217001283146 
1507, 129.065806871649 
1508, 131.316702636117 
1509, 134.553915854903 
1510, 138.544273352504 
1511, 145.987104960774 
1512, 147.183756647968 
1513, 145.325715636804 
1514, 143.081254554513 
1515, 132.699609872962 
1516, 130.875929131108 
1517, 134.540191675718 
1518, 137.335368152694 
1519, 145.528171269414 
1520, 149.754723930561 
1521, 150.928236603856 
1522, 153.325810165449 
1523, 156.641008621549 
1524, 159.1677672124 
1525, 163.42084314164 
1526, 167.620600563524 
1527, 167.30595669955 
1528, 169.105351664598 
1529, 169.836387964634 
1530, 165.11784345813 
1531, 165.42411968483 
1532, 162.811790100214 
1533, 161.363990541338 
1534, 168.625567892603 
1535, 171.08440986295 
1536, 173.076068790094 
1537, 177.769696591755 
1538, 183.172872628979 
1539, 186.010263529621 
1540, 191.014577058615 
1541, 192.215939965432 
1542, 188.161474183483 
1543, 188.364776663304 
1544, 189.036188052054 
1545, 191.350558650009 
1546, 195.81984224002 
1547, 199.054496272952 
1548, 202.628571622411 
1549, 206.318971247732 
1550, 209.020205268793 
1551, 213.6658488958 
1552, 220.67944333633 
1553, 226.501670705753 
1554, 232.904285568853 
1555, 238.341513012658 
1556, 241.59833923066 
1557, 246.309619885356 
1558, 252.343064320033 
1559, 257.19593768255 
1560, 262.460796758586 
1561, 267.475209518958 
1562, 270.08858628619 
1563, 274.814455322133 
1564, 282.024309859217 
1565, 287.381060843609 
1566, 295.108444109252 
1567, 298.665100209406 
1568, 298.295135126428 
1569, 297.360509184212 
1570, 296.741107364603 
1571, 298.933652679585 
1572, 302.344390937298 
1573, 306.212864738142 
1574, 315.395438273213 
1575, 317.565351114167 
1576, 319.26935765111 
1577, 330.860976898584 
1578, 332.970145035066 
1579, 337.449828312375 
1580, 344.279360475601 
1581, 351.141448628988 
1582, 361.138457831867 
1583, 376.335870037628 
1584, 385.95383099862 
1585, 396.476958870958 
1586, 403.483765223237 
1587, 404.925190110096 
1588, 412.304345347307 
1589, 421.274457996902 
1590, 428.85033184189 
1591, 439.553492479303 
1592, 445.02222794597 
1593, 447.033321023919 
1594, 449.742942077248 
1595, 450.171934772435 
1596, 452.376982350931 
1597, 454.849556186473 
1598, 456.751103630235 
1599, 458.559656471089 
1600, 461.133148326917 
1601, 465.125540347603 
1602, 466.429792213464 
1603, 467.664437528681 
1604, 467.301547949823 
1605, 460.556884297091 
1606, 461.649786068526 
1607, 465.512319141642 
1608, 471.34339193463 
1609, 484.952248767372 
1610, 492.310575632128 
1611, 498.897514093931 
1612, 502.926760523171 
1613, 502.153592355139 
1614, 503.579513852908 
1615, 503.316507801355 
1616, 505.54762950105 
1617, 508.891618450698 
1618, 513.9386319275 
1619, 521.08870599453 
1620, 528.381545498158 
1621, 538.128763581405 
1622, 545.793935623329 
1623, 553.687340833944 
1624, 560.21487478442 
1625, 569.426794736804 
1626, 570.507116511725 
1627, 562.32002282529 
1628, 559.855171214631 
1629, 554.840193718751 
1630, 550.465367072825 
1631, 550.577827597072 
1632, 550.00096765455 
1633, 546.785025043243 
1634, 544.668987377844 
1635, 545.112749315339 
1636, 544.94766942149 
1637, 542.454138364706 
1638, 542.310210265221 
1639, 545.51831620779 
1640, 546.601789260535 
1641, 547.497030176912 
1642, 548.639732515787 
1643, 545.045412069858 
1644, 547.218770508493 
1645, 555.038116048384 
1646, 560.869456421976 
1647, 568.741563082058 
1648, 577.225710681762 
1649, 586.997470545916 
1650, 593.327861281731 
1651, 599.832579598768 
1652, 604.169571840499 
1653, 607.83738296574 
1654, 607.418966662004 
1655, 609.480291794483 
1656, 613.101873742908 
1657, 614.715804091479 
1658, 614.682230598994 
1659, 615.972230967501 
1660, 616.683826348616 
1661, 620.440488934133 
1662, 625.500533141768 
1663, 630.631797637833 
1664, 639.552419166534 
1665, 641.074750619895 
1666, 640.048632312918 
1667, 637.612967869341 
1668, 628.279885628298 
1669, 630.008676793997 
1670, 635.499811007995 
1671, 640.472986890195 
1672, 651.498534125446 
1673, 656.872504157368 
1674, 657.948985343208 
1675, 663.643363203732 
1676, 671.880426681457 
1677, 676.33085114087 
1678, 681.48207378103 
1679, 683.38268498408 
1680, 681.705925652802 
1681, 680.443768488714 
1682, 675.176281765964 
1683, 680.876977930245 
1684, 691.384760977383 
1685, 697.980569800981 
1686, 710.750992535819 
1687, 717.771138525179 
1688, 718.092454367027 
1689, 722.282937122692 
1690, 730.549179871653 
1691, 731.943790789758 
1692, 727.605962244907 
1693, 730.403560733393 
1694, 733.253675464494 
1695, 737.196427677594 
1696, 748.050058265551 
1697, 748.496123492618 
1698, 742.409299019962 
1699, 741.533545566742 
1700, 738.828597714849 
1701, 736.940907993042 
1702, 737.6958715227 
1703, 737.944473836524 
1704, 735.31567555623 
1705, 736.576792770466 
1706, 740.990429871287 
1707, 745.047972417569 
1708, 750.86446377507 
1709, 754.794746407717 
1710, 759.360911009246 
1711, 762.3671819353 
1712, 762.423858660085 
1713, 764.783096716056 
1714, 767.904480243385 
1715, 772.695515320149 
1716, 777.594933158081 
1717, 777.971301961664 
1718, 777.92727555151 
1719, 772.893347895355 
1720, 770.329146363411 
1721, 771.301671042847 
1722, 770.095811904581 
1723, 775.469863208705 
1724, 780.010648638486 
1725, 786.166371535846 
1726, 793.204715083715 
1727, 793.307557907736 
1728, 790.751741814106 
1729, 785.29545474678 
1730, 777.798523415614 
1731, 771.575766696757 
1732, 769.594112694751 
1733, 762.762864682168 
1734, 757.55748308178 
1735, 757.771764645342 
1736, 755.077277182284 
1737, 759.270129468489 
1738, 767.511594842812 
1739, 773.219767716155 
1740, 775.054399759365 
1741, 772.979883412929 
1742, 771.013923618041 
1743, 769.419981152904 
1744, 766.830926169056 
1745, 764.838880015414 
1746, 764.240161438073 
1747, 766.661283455204 
1748, 771.697918256922 
1749, 776.608992909011 
1750, 779.890035679482 
1751, 778.118610525874 
1752, 775.081808109348 
1753, 771.457913902782 
1754, 766.309619679257 
1755, 759.760075304485 
1756, 752.732709926204 
1757, 750.456313868647 
1758, 749.733675536706 
1759, 750.167751227999 
1760, 749.002370185473 
1761, 744.109684383742 
1762, 740.398280686018 
1763, 734.97321358584 
1764, 730.623453622521 
1765, 725.426113475823 
1766, 722.224079270068 
1767, 722.413996241576 
1768, 718.667780445422 
1769, 714.609207578458 
1770, 710.168610909509 
1771, 701.615468306763 
1772, 695.094425289092 
1773, 690.722332403141 
1774, 686.250725998584 
1775, 682.20552523302 
1776, 679.216999199639 
1777, 679.726762616499 
1778, 672.013677296633 
1779, 656.833492247335 
1780, 649.213190876931 
1781, 639.297855383203 
1782, 633.765960215448 
1783, 639.131980973091 
1784, 635.109054092518 
1785, 625.949734746053 
1786, 619.656452512302 
1787, 612.129987862913 
1788, 604.636604999095 
1789, 599.080273410802 
1790, 588.924543550708 
1791, 574.339637848878 
1792, 561.395142052276 
1793, 551.084344926177 
1794, 533.668306444664 
1795, 514.222113594156 
1796, 490.7983503183 
1797, 461.656862589381 
1798, 436.383522205242 
1799, 415.800915534229 
1800, 394.854217288748 
1801, 2266.47244996345 
1802, 2172.58521521014 
1803, 2097.89777052685 
1804, 2036.54813123548 
1805, 2005.74374412306 
1806, 1979.15544050902 
1807, 1937.78154232236 
1808, 1889.33893867608 
1809, 1841.00121830791 
1810, 1768.90288377544 
1811, 1672.33109162498 
1812, 1599.83980219067 
1813, 1525.0696784281 
1814, 1440.21132226471 
1815, 1386.98544946363 
1816, 1323.62585537758 
1817, 1236.65421188479 
1818, 1180.74681459641 
1819, 1122.81797055131 
1820, 1060.61414243972 
1821, 1007.33027801778 
1822, 969.99441138683 
1823, 925.589206145154 
1824, 872.630565865156 
1825, 839.155628937749 
1826, 788.540144793869 
1827, 714.483287834647 
1828, 646.3964901113 
1829, 571.36048154412 
1830, 495.999171276739 
1831, 407.341691364532 
1832, 346.720969706409 
1833, 288.871555174989 
1834, 234.374360754856 
1835, 216.071914064514 
1836, 198.777752471921 
1837, 178.084090518195 
1838, 165.534693163857 
1839, 147.544642134578 
1840, 114.162771608117 
1841, 101.688206866299 
1842, 97.2663561696253 
1843, 102.841003294236 
1844, 102.649935866237 
1845, 106.053411098549 
1846, 132.133814934082 
1847, 137.303511585842 
1848, 137.97682063409 
1849, 166.51339461512 
1850, 178.964287029206 
1851, 176.752638919217 
1852, 168.865679611518 
1853, 181.048906778064 
1854, 169.427191431417 
1855, 144.5253524502 
1856, 139.445715698327 
1857, 144.570324143684 
1858, 158.995186743105 
1859, 169.973183600576 
1860, 188.294299555726 
1861, 209.297961842709 
1862, 223.48769029748 
1863, 205.935633890758 
1864, 195.505653462926 
1865, 202.244288396549 
1866, 184.877146803292 
1867, 169.554626180068 
1868, 171.606473277583 
1869, 135.373067568715 
1870, 105.258308948128 
1871, 64.4469029950306 
1872, 57.7253043919703 
1873, 38.6743900834949 
1874, 52.9701545206373 
1875, 80.0988508829402 
1876, 85.4997547639321 
1877, 98.2632531599302 
1878, 81.5019354438336 
1879, 82.3062115492566 
1880, 107.281726096535 
1881, 155.348395782792 
1882, 195.685790153126 
1883, 252.015467572615 
1884, 279.553327914204 
1885, 268.765721991613 
1886, 260.594242840222 
1887, 234.394884827496 
1888, 207.825535418165 
1889, 198.16549100596 
1890, 189.165281698279 
1891, 181.211185802343 
1892, 184.444382153259 
1893, 185.308528692421 
1894, 160.934774631405 
1895, 129.768113509444 
1896, 104.60461618923 
1897, 95.8827299926125 
1898, 107.637928796017 
1899, 123.72770589976 
1900, 125.658812843713 
1901, 126.527452158708 
1902, 111.650319505847 
1903, 80.8986117209398 
1904, 48.7583313167926 
1905, 19.3474611715305 
1906, 5.9892740840244 
1907, 23.7775821655282 
1908, 34.2449004183635 
1909, 41.6770893232034 
1910, 55.7114227356561 
1911, 56.4280704662247 
1912, 36.2159766769729 
1913, 31.9578448725083 
1914, 29.9949376303461 
1915, 26.1495690236069 
1916, 41.0871783734646 
1917, 58.2276517316944 
1918, 77.3735040228507 
1919, 94.1518869797556 
1920, 66.2397621179962 
1921, 48.3968273501849 
1922, 46.0629374583803 
1923, 39.5581593156175 
1924, 41.8377042895465 
1925, 69.3368818688688 
1926, 89.2392781314662 
1927, 81.8615152351889 
1928, 87.6027442813778 
1929, 87.5027899185523 
1930, 65.972073869531 
1931, 55.4691867910328 
1932, 27.3577714727761 
1933, 13.6496981933263 
1934, 2.22659546418642 
1935, 4.22317020513233 
1936, 15.3007991334636 
1937, 36.5892796395284 
1938, 56.8135641168629 
1939, 44.7401142775056 
1940, 13.9582760507039 
1941,-8.71250659486535 
1942,-19.6013040510511 
1943,-13.780788889334 
1944,-6.35854701159321 
1945, 24.4017116260908 
1946, 35.9539250716973 
1947, 39.8256738166267 
1948, 45.8722661216849 
1949, 51.9012865331135 
1950, 61.2517231983094 
1951, 48.9667206199942 
1952, 42.3397257297155 
1953, 27.4905772983327 
1954, 16.3442109944157 
1955, 6.66696411326189 
1956,-0.976937066287473 
1957,-6.44729827199416 
1958,-18.1946373210791 
1959,-19.6086893723999 
1960,-18.3886510303175 
1961, 9.9226711175873 
1962, 20.089076876009 
1963, 39.8054833315879 
1964, 57.1474492868505 
1965, 44.1957368068423 
1966, 42.279213785296 
1967, 32.7738452239981 
1968, 31.70346050859 
1969, 31.9637779477031 
1970, 41.4433022922967 
1971, 65.8553391863273 
1972, 76.0129769842489 
1973, 93.796933001382 
1974, 95.2835070003122 
1975, 68.8271975016811 
1976, 34.8214936397463 
1977, 14.2590969149967 
1978, 1.59950605603188 
1979,-0.535569765861768 
1980, 20.798837705975 
1981, 35.2555005035075 
1982, 60.6908936137089 
1983, 67.7374360826543 
1984, 67.6801290915118 
1985, 72.7526498075427 
1986, 69.7002136865802 
1987, 59.1383341795232 
1988, 81.4905719919068 
1989, 88.5219619186845 
1990, 86.3425705171066 
1991, 77.7231382525215 
1992, 74.9270343070168 
1993, 55.1292871750528 
1994, 54.1299411206796 
1995, 76.0825071009316 
1996, 78.1447375841149 
1997, 72.3598475354541 
1998, 75.6229462868238 
1999, 65.9048834650084 
2000, 53.3206525900687 
2001, 47.9110068534216 
2002, 30.8009800711522 
2003, 20.4328247342848 
2004, 7.29568939920713 
2005,-2.38888906269909 
2006,-13.7981421526263 
2007,-10.4054464221405 
2008, 3.79366343667933 
2009, 14.1469894660168 
2010, 46.1504484929457 
2011, 53.9241966328357 
2012, 39.6348558214844 
2013, 21.0238201295262 
2014, 4.5042996973651 
2015,-32.1579246948633 
2016,-42.3467053973396 
2017,-39.8465236502268 
2018,-35.8578834046219 
2019,-16.2411089537479 
2020,-8.12443878705286 
2021, 2.64360513408024 
2022, 5.92650801596034 
2023, 5.62750346998533 
2024,-12.5170577597317 
2025,-1.85899944045365 
2026, 10.7904946075305 
2027, 15.784911683561 
2028, 30.7409439731028 
2029, 39.9993111321408 
2030, 35.6346834082574 
2031, 40.1946685966948 
2032, 53.9581809580791 
2033, 60.3686694459588 
2034, 61.7399509042279 
2035, 64.1320588347998 
2036, 62.3558594948959 
2037, 65.9040820465565 
2038, 66.0150030108961 
2039, 80.7027752957126 
2040, 90.2166842561726 
2041, 111.482220684761 
2042, 109.901568556839 
2043, 97.1312674647243 
2044, 84.3967693120713 
2045, 47.6425223033188 
2046, 39.3473720382012 
2047, 46.6579054411739 
2048, 51.5481276414494 
2049, 70.9270088212006 
2050, 83.1814281667238 
2051, 100.252039411148 
2052, 100.352178990767 
2053, 99.655415642196 
2054, 97.187889091589 
2055, 92.5699575084309 
2056, 78.4552625357871 
2057, 73.1951738474662 
2058, 74.7018976240977 
2059, 67.3649500882283 
2060, 51.194112912181 
2061, 48.1059926515119 
2062, 52.058815958474 
2063, 48.1379281564274 
2064, 46.9548719076115 
2065, 47.2501940921895 
2066, 42.5947166609583 
2067, 33.1119480816706 
2068, 34.6359560343396 
2069, 46.3084200004104 
2070, 56.7566294395399 
2071, 74.0747526987191 
2072, 81.5043455229682 
2073, 86.0051197713976 
2074, 92.7463076971701 
2075, 94.9951113049445 
2076, 95.0415736904344 
2077, 102.39355698233 
2078, 103.095895805661 
2079, 94.7348899166507 
2080, 85.9931959527073 
2081, 74.3570617758115 
2082, 57.6802030157136 
2083, 56.8110563462386 
2084, 56.2532310101986 
2085, 65.2041516327261 
2086, 94.1484440291908 
2087, 107.419413447143 
2088, 121.239696413523 
2089, 129.238937859338 
2090, 126.775847303259 
2091, 132.607614069283 
2092, 146.036735063458 
2093, 144.241748668546 
2094, 136.989593256435 
2095, 131.067815462399 
2096, 105.067369244186 
2097, 90.2015952269479 
2098, 99.1707958691004 
2099, 128.029202977201 
2100, 148.993819859255 
2101, 197.192435142948 
2102, 209.79085264983 
2103, 193.944628389821 
2104, 203.130068602431 
2105, 219.674860939763 
2106, 216.206335831773 
2107, 207.334431407641 
2108, 209.844653820889 
2109, 197.057554760181 
2110, 193.946740014593 
2111, 208.652457883793 
2112, 229.267906923829 
2113, 230.456092963691 
2114, 230.96509043456 
2115, 239.566752042266 
2116, 252.554841383286 
2117, 266.701452118109 
2118, 290.774159602637 
2119, 300.680715171521 
2120, 303.819655585084 
2121, 312.122713412683 
2122, 306.399778949275 
2123, 319.374322707139 
2124, 350.810475232228 
2125, 373.301167034695 
2126, 410.425117078154 
2127, 427.564105667348 
2128, 431.927958145339 
2129, 430.924338528019 
2130, 430.492941380014 
2131, 420.244427162991 
2132, 419.451492528679 
2133, 420.464414657844 
2134, 424.742189947179 
2135, 425.829477353227 
2136, 437.918440373124 
2137, 463.869338021769 
2138, 479.367754778601 
2139, 499.450511425836 
2140, 513.156746476368 
2141, 509.705818000988 
2142, 523.868490496909 
2143, 547.619059249983 
2144, 568.914056738385 
2145, 601.883999860153 
2146, 631.255251821951 
2147, 640.620548092207 
2148, 641.374424071892 
2149, 650.365112448881 
2150, 648.43816506213 
2151, 662.246180612026 
2152, 689.839500265068 
2153, 712.393926996486 
2154, 736.326156883738 
2155, 759.580601409859 
2156, 787.117005444385 
2157, 807.013718032488 
2158, 823.977143424853 
2159, 841.197441980439 
2160, 857.128938004445 
2161, 868.245847341602 
2162, 880.286606101665 
2163, 883.890794209881 
2164, 869.492982798281 
2165, 863.215861631603 
2166, 876.841394868304 
2167, 901.044992345165 
2168, 917.71925818728 
2169, 949.913074439433 
2170, 973.871910569379 
2171, 985.838357620501 
2172, 1001.63104291041 
2173, 1029.96792835124 
2174, 1043.79381260401 
2175, 1041.16505895952 
2176, 1050.67178891326 
2177, 1054.40471086582 
2178, 1071.31388603493 
2179, 1101.78621271381 
2180, 1127.54191253306 
2181, 1168.21053476654 
2182, 1195.14128799339 
2183, 1217.69801282391 
2184, 1227.0239715647 
2185, 1235.27533644312 
2186, 1238.6118272143 
2187, 1253.69045545361 
2188, 1273.08909141684 
2189, 1293.33581335274 
2190, 1319.91681808995 
2191, 1343.57937331245 
2192, 1375.93382572821 
2193, 1388.28728324452 
2194, 1397.66115574511 
2195, 1394.82864308575 
2196, 1361.25182567364 
2197, 1349.32965931474 
2198, 1338.72922884346 
2199, 1335.37479163861 
2200, 1334.82987740474 
2201, 1350.29828648658 
2202, 1377.25360339219 
2203, 1406.63692349981 
2204, 1457.7278728577 
2205, 1502.3963900474 
2206, 1530.68394393315 
2207, 1561.98368880379 
2208, 1576.96217265425 
2209, 1570.26885395843 
2210, 1586.64740339857 
2211, 1604.23106482059 
2212, 1623.29272185408 
2213, 1661.88527125411 
2214, 1676.27952578156 
2215, 1670.4474734059 
2216, 1678.85482320173 
2217, 1679.22830944403 
2218, 1693.13522932829 
2219, 1727.26012978766 
2220, 1746.88418984541 
2221, 1771.03229838104 
2222, 1781.78401034416 
2223, 1774.42336028281 
2224, 1775.95571202278 
2225, 1778.5365392944 
2226, 1775.43907450026 
2227, 1772.1771425621 
2228, 1767.67563868318 
2229, 1756.80073136048 
2230, 1744.99123030095 
2231, 1746.57164055262 
2232, 1761.74524940957 
2233, 1759.68009172376 
2234, 1757.51139243972 
2235, 1753.63798071283 
2236, 1739.40737294579 
2237, 1733.66893952637 
2238, 1737.08446876116 
2239, 1730.10587709069 
2240, 1714.71938003382 
2241, 1706.90650886357 
2242, 1700.25363975602 
2243, 1691.55953968096 
2244, 1693.74154509406 
2245, 1679.12461771452 
2246, 1647.03629687412 
2247, 1626.44831103472 
2248, 1592.50051255803 
2249, 1577.96581782828 
2250, 1582.70307243737 
2251, 1584.86797256426 
2252, 1601.15416216915 
2253, 1609.20865508817 
2254, 1620.72091500495 
2255, 1613.82511588305 
2256, 1588.56133148467 
2257, 1558.59012967747 
2258, 1522.99994555406 
2259, 1462.68611615606 
2260, 1434.14176424249 
2261, 1418.55741031625 
2262, 1395.44044679248 
2263, 1383.07198393907 
2264, 1364.43012491226 
2265, 1333.786435055 
2266, 1319.90247630125 
2267, 1316.31009929071 
2268, 1309.00186466173 
2269, 1314.71537377496 
2270, 1303.52681299696 
2271, 1274.54639682393 
2272, 1264.80151139353 
2273, 1268.64442499245 
2274, 1247.37186466659 
2275, 1222.46849245078 
2276, 1198.03581541766 
2277, 1154.24915161651 
2278, 1115.52599683788 
2279, 1083.48840045987 
2280, 1053.60783415271 
2281, 1014.95016118859 
2282, 978.535319747589 
2283, 966.026372331218 
2284, 966.670514733795 
2285, 977.747061585742 
2286, 971.602366470569 
2287, 955.364989639554 
2288, 935.618422838032 
2289, 913.494136422115 
2290, 881.879728483813 
2291, 856.453541117432 
2292, 835.096703929883 
2293, 806.482956784304 
2294, 771.632125462249 
2295, 741.621712072158 
2296, 701.195757056933 
2297, 682.352719313209 
2298, 682.129762912354 
2299, 671.561065157838 
2300, 669.345986342999 
2301, 662.199340318236 
2302, 641.972725932544 
2303, 632.086112172215 
2304, 636.851125619039 
2305, 627.797415996134 
2306, 609.28401612468 
2307, 601.224178010717 
2308, 587.223111800784 
2309, 580.870295509837 
2310, 600.895581972686 
2311, 595.178201002634 
2312, 582.981117192526 
2313, 557.527307154524 
2314, 517.686665107507 
2315, 459.409179101746 
2316, 396.39271911032 
2317, 367.085776323888 
2318, 345.499969278394 
2319, 345.522390479316 
2320, 371.481641650985 
2321, 377.447038655267 
2322, 379.320704264317 
2323, 380.397709598383 
2324, 357.45254197545 
2325, 343.488500903458 
2326, 336.828448254555 
2327, 309.825395282749 
2328, 295.188866562239 
2329, 286.817734641395 
2330, 275.34534742836 
2331, 259.438661864381 
2332, 253.753119683869 
2333, 256.156007509907 
2334, 249.455174244276 
2335, 247.383021522846 
2336, 240.377804260713 
2337, 218.093449004398 
2338, 212.061214755449 
2339, 213.734217641368 
2340, 213.305798952268 
2341, 226.294456210234 
2342, 225.999402934304 
2343, 218.392344204026 
2344, 209.762329068628 
2345, 184.140555954026 
2346, 180.911357667249 
2347, 189.411522979686 
2348, 195.705381591045 
2349, 231.814272316814 
2350, 225.561313756131 
2351, 184.281164381006 
2352, 163.343247822126 
2353, 119.975246716455 
2354, 106.821714624336 
2355, 130.475755028282 
2356, 134.892759964184 
2357, 140.936556590812 
2358, 141.85076146655 
2359, 123.266595101829 
2360, 123.667070431286 
2361, 139.782836357745 
2362, 149.143916221057 
2363, 165.793085811167 
2364, 181.099660269587 
2365, 179.534439625238 
2366, 166.161472676884 
2367, 144.534214053882 
2368, 119.218937024927 
2369, 115.37189593939 
2370, 115.930477595421 
2371, 120.697289083003 
2372, 138.874743830038 
2373, 137.145437844723 
2374, 128.534018492648 
2375, 132.001555888132 
2376, 131.46132325222 
2377, 124.092641258731 
2378, 108.73408494648 
2379, 91.0702925082137 
2380, 81.8190569056622 
2381, 79.5073611423326 
2382, 89.4062596366616 
2383, 88.5404799539172 
2384, 75.9946849180308 
2385, 69.0240039626466 
2386, 64.1975484298304 
2387, 84.5134106807299 
2388, 101.800197215615 
2389, 100.474619075129 
2390, 115.756260112347 
2391, 122.037295864105 
2392, 114.770305754746 
2393, 120.917993305361 
2394, 113.110918916113 
2395, 107.26298405252 
2396, 122.528659950622 
2397, 121.121019575709 
2398, 101.937864853376 
2399, 70.961160356343 
2400, 37.9025848596646 
2401, 37.3704499876198 
2402, 61.4538896072533 
2403, 77.6980725912963 
2404, 74.6958726203457 
2405, 67.7929796549202 
2406, 33.2096427873312 
2407, 30.3886732194764 
2408, 43.7235205497338 
2409, 46.8097271426404 
2410, 61.6162087212735 
2411, 57.5497980346353 
2412, 27.5321091723102 
2413, 29.7746271967518 
2414, 42.5246325885347 
2415, 42.9096782468032 
2416, 65.3421294992816 
2417, 63.4472488322168 
2418, 33.4623167588976 
2419, 31.0417302641462 
2420, 28.2409228192516 
2421, 35.59909783173 
2422, 62.888496381013 
2423, 62.8964089754071 
2424, 58.0692349090409 
2425, 53.8274796553551 
2426, 36.256482960548 
2427, 34.2846185394917 
2428, 38.2716920103872 
2429, 51.0997326440496 
2430, 69.4444596022288 
2431, 83.7130265648556 
2432, 118.004669573568 
2433, 109.342212429389 
2434, 71.7968221582273 
2435, 47.9276477538118 
2436, 3.57023228787618 
2437,-11.6008814069207 
2438,-8.09526276866748 
2439, 1.58416982490388 
2440, 24.755419058943 
2441, 32.6010768139362 
2442, 44.0085632496109 
2443, 51.5302664706572 
2444, 49.1160533143991 
2445, 56.1523029162677 
2446, 55.539663784494 
2447, 64.0246262627491 
2448, 69.8929461696652 
2449, 58.3580357443651 
2450, 64.0667627633908 
2451, 62.3407280069931 
2452, 37.8655327337085 
2453, 47.6897018987069 
2454, 58.0756324977726 
2455, 50.6525128757157 
2456, 54.2815006016017 
2457, 46.7431325072094 
2458, 35.1008937652998 
2459, 25.1647124303449 
2460, 27.3181003010678 
2461, 24.9982287516075 
2462, 9.42819691021102 
2463, 13.6974685034698 
2464, 19.9740725185769 
2465, 22.9131766743583 
2466, 28.6980673295084 
2467, 12.4912745114999 
2468, 1.00096269727118 
2469, 13.0956267090058 
2470, 15.460426832579 
2471, 26.8104962373306 
2472, 29.9971929182189 
2473, 12.3530116037357 
2474, 5.53935525952044 
2475,-3.17468557103546 
2476,-12.2001550309347 
2477,-24.6355008680763 
2478,-27.8090705425949 
2479,-24.6198959627756 
2480,-21.0629300307251 
2481,-6.83207210009917 
2482,-6.69448940590363 
2483,-12.2250430736735 
2484,-21.6048927332496 
2485,-27.4044426597494 
2486,-18.0953727667925 
2487, 5.0090698509457 
2488, 36.0010991534394 
2489, 43.039427798814 
2490, 42.8304438392582 
2491, 35.5885409481379 
2492, 10.8291585602958 
2493, 12.1938145219915 
2494, 19.8680120835635 
2495, 24.1863117590569 
2496, 38.839589155009 
2497, 48.7256707208807 
2498, 45.941686560571 
2499, 25.2507734401723 
2500, 18.2303502066421 
