Wavelength,0212202100151.asd
350, 2139.73413549263 
351, 2250.1884026799 
352, 2353.76088173182 
353, 2439.22550615331 
354, 2523.49417487575 
355, 2611.27996767689 
356, 2702.90821842036 
357, 2796.34055071717 
358, 2892.52662639835 
359, 2993.58263972733 
360, 3104.37837450583 
361, 3239.69298026409 
362, 3397.79911464366 
363, 3570.45208963783 
364, 3745.04702419604 
365, 3921.68445508462 
366, 4090.40924321743 
367, 4238.66596658611 
368, 4353.10420345164 
369, 4419.32839315206 
370, 4442.30948146776 
371, 4436.72617763609 
372, 4417.54975219045 
373, 4408.58825999278 
374, 4414.27905159045 
375, 4424.56388191974 
376, 4433.9945746238 
377, 4439.26345549899 
378, 4430.51841518091 
379, 4389.29701325335 
380, 4337.50510188584 
381, 4279.23545015937 
382, 4212.40976755196 
383, 4128.71810148541 
384, 4045.59391259364 
385, 3988.08679365115 
386, 3985.09837698127 
387, 4067.85434713351 
388, 4187.48603932508 
389, 4291.33234557695 
390, 4336.31133733427 
391, 4385.16216699167 
392, 4433.39229594654 
393, 4471.60967263019 
394, 4502.15116921 
395, 4592.88613067938 
396, 4775.0835185981 
397, 5060.82331034753 
398, 5461.63122441389 
399, 5916.06593916447 
400, 6381.97277378608 
401, 6838.63632315186 
402, 7271.21167077842 
403, 7627.57401661588 
404, 7885.36076801972 
405, 8083.01514952528 
406, 8239.22766103528 
407, 8378.45115839423 
408, 8530.36364485612 
409, 8741.27417145801 
410, 8993.71151769624 
411, 9272.56204370723 
412, 9565.22291363977 
413, 9851.77934199018 
414, 10135.6852560309 
415, 10411.5940871986 
416, 10651.5545350012 
417, 10880.0067148585 
418, 11114.1478119522 
419, 11357.5607904948 
420, 11569.3793533659 
421, 11783.5157949463 
422, 12017.766914719 
423, 12271.0843269096 
424, 12502.8128991078 
425, 12685.7841414226 
426, 12795.0438028382 
427, 12802.3252601374 
428, 12752.5177431519 
429, 12759.3760171452 
430, 12914.9082315378 
431, 13145.556974604 
432, 13448.3796986595 
433, 13893.5537297994 
434, 14573.8656679191 
435, 15293.7016993772 
436, 15842.9084403297 
437, 16180.1082943567 
438, 16539.6708063822 
439, 16907.3429461795 
440, 17252.5977696712 
441, 17565.3814788693 
442, 17973.6571080149 
443, 18402.4763594588 
444, 18794.6768296933 
445, 19116.2313387935 
446, 19372.5382205524 
447, 19602.959762543 
448, 19849.1370335442 
449, 20153.3590602437 
450, 20410.1461870491 
451, 20548.3005574489 
452, 20541.1577525035 
453, 20487.1486673002 
454, 20371.1391148796 
455, 20225.2212859332 
456, 20124.0020570499 
457, 20098.6201193982 
458, 20102.0023662481 
459, 20085.4327653716 
460, 20030.4918699968 
461, 19949.4248485633 
462, 19862.2300758698 
463, 19779.3070080774 
464, 19646.7334596198 
465, 19443.5150528043 
466, 19193.9738078383 
467, 18964.867283471 
468, 18770.4735481369 
469, 18623.8857799108 
470, 18532.0898659064 
471, 18500.4449966208 
472, 18477.8251115646 
473, 18469.3328890075 
474, 18495.6663032731 
475, 18485.7610010816 
476, 18461.3577662751 
477, 18446.872628138 
478, 18458.641115734 
479, 18517.3144081899 
480, 18599.5650467172 
481, 18661.4181392295 
482, 18648.3519424363 
483, 18509.2816636168 
484, 18216.979897331 
485, 17784.0761271825 
486, 17360.8415152422 
487, 17060.8734483866 
488, 16973.7367187857 
489, 17171.3638875304 
490, 17486.6568597149 
491, 17746.653713182 
492, 17838.7281917327 
493, 17870.7944230083 
494, 17920.2014284954 
495, 18020.9350854746 
496, 18158.5705603064 
497, 18201.3660159886 
498, 18150.2639442304 
499, 18035.1256884958 
500, 17882.2241181726 
501, 17763.2055363558 
502, 17712.3012794873 
503, 17747.5703577532 
504, 17908.8844495152 
505, 18136.9238868288 
506, 18370.7019744262 
507, 18557.8257086735 
508, 18700.7437617425 
509, 18812.3513076197 
510, 18915.8571601223 
511, 19058.149852112 
512, 19157.2734993184 
513, 19176.5415206302 
514, 19108.0089409568 
515, 18949.8110275992 
516, 18736.1833942064 
517, 18527.3511563016 
518, 18407.2015506279 
519, 18563.6384623622 
520, 19011.7909387637 
521, 19642.9849663181 
522, 20170.3560871358 
523, 20562.7015104964 
524, 20836.4006864624 
525, 21039.7287215266 
526, 21127.1171529923 
527, 21161.3641994562 
528, 21269.9922308077 
529, 21693.3689855481 
530, 22246.3879712144 
531, 22712.8538896575 
532, 22915.586242728 
533, 22982.738429009 
534, 23086.3675930001 
535, 23317.7362308667 
536, 23667.5175884966 
537, 23921.4817281889 
538, 24040.9297297828 
539, 24057.090387561 
540, 24045.4992239729 
541, 24064.0264081695 
542, 24185.6369878889 
543, 24464.8882375653 
544, 24787.4173594778 
545, 25069.3136526514 
546, 25265.2554939969 
547, 25379.134810826 
548, 25454.3088255031 
549, 25541.7998241365 
550, 25674.0724719488 
551, 25811.5692840431 
552, 25917.6921380786 
553, 25995.3742850851 
554, 26077.8630133873 
555, 26139.0071538584 
556, 26114.2359835359 
557, 25968.6098904098 
558, 25727.8027146176 
559, 25522.5801201031 
560, 25429.3345461771 
561, 25474.362711077 
562, 25588.3194169384 
563, 25654.0590061113 
564, 25613.3941335498 
565, 25483.3494821998 
566, 25303.9039066086 
567, 25121.8650432957 
568, 24964.3869454648 
569, 24803.657901763 
570, 24596.2605671715 
571, 24400.2318509897 
572, 24327.3617834411 
573, 24347.6189430121 
574, 24340.1154770805 
575, 24227.2088439155 
576, 24017.319270957 
577, 23827.3380862108 
578, 23729.6276609877 
579, 23761.0970281154 
580, 23892.1457036825 
581, 24116.2154286946 
582, 24386.0367327866 
583, 24617.3326105018 
584, 24766.1808635048 
585, 24768.8630546243 
586, 24615.7497468576 
587, 24419.3398062762 
588, 24172.8048053426 
589, 23837.3658881718 
590, 23415.0002160777 
591, 23263.9330028099 
592, 23375.957706936 
593, 23584.6334793572 
594, 23576.7378150909 
595, 23459.9665239796 
596, 23296.0205534765 
597, 23126.3069997042 
598, 22939.2073686472 
599, 22706.890975443 
600, 22451.7124033045 
601, 22230.2120652634 
602, 22057.260393795 
603, 21964.1065090425 
604, 21951.360672461 
605, 21973.7294166385 
606, 21927.6605486301 
607, 21806.6564597716 
608, 21649.2183109636 
609, 21496.515407312 
610, 21351.4070734905 
611, 21219.8918958199 
612, 21110.5680264351 
613, 20993.3855995463 
614, 20855.7800437949 
615, 20706.4629003351 
616, 20590.9607684104 
617, 20517.5114334211 
618, 20517.1068635429 
619, 20609.0874458507 
620, 20703.4400715605 
621, 20712.2046738909 
622, 20607.7664865854 
623, 20436.0263342639 
624, 20240.7268576426 
625, 20053.4175916474 
626, 19890.2153662867 
627, 19740.7509789275 
628, 19592.4553608713 
629, 19453.1685842964 
630, 19351.0609627656 
631, 19364.1036723185 
632, 19440.885365151 
633, 19533.6472263728 
634, 19632.7131274511 
635, 19709.3180241437 
636, 19762.5269617186 
637, 19799.3498775561 
638, 19815.9069988713 
639, 19790.2788143587 
640, 19706.157084346 
641, 19560.7828719676 
642, 19447.4349300157 
643, 19380.103898201 
644, 19336.7220953385 
645, 19257.6365474359 
646, 19128.7535300995 
647, 18965.4316230862 
648, 18800.84330627 
649, 18666.5160818214 
650, 18568.9493588828 
651, 18523.6812085321 
652, 18550.0508418635 
653, 18510.3952925816 
654, 18307.9118122265 
655, 17924.8931654436 
656, 17472.0631776098 
657, 17146.4248718938 
658, 17154.0973975435 
659, 17598.318467237 
660, 18046.6059845596 
661, 18304.3537174167 
662, 18358.8845200576 
663, 18384.3764320222 
664, 18365.9107635302 
665, 18336.5344409815 
666, 18324.6923037613 
667, 18330.5637619027 
668, 18323.3213440703 
669, 18304.1014145281 
670, 18288.3762475542 
671, 18249.2837768899 
672, 18202.9603348861 
673, 18173.3005990681 
674, 18187.8049143947 
675, 18208.3072486918 
676, 18222.6084500854 
677, 18229.46786807 
678, 18239.1776750541 
679, 18241.8478430732 
680, 18236.3434702466 
681, 18226.2075274148 
682, 18212.0821143021 
683, 18167.7468977539 
684, 18012.3393647947 
685, 17596.3752095082 
686, 16853.1412731056 
687, 15849.0013939362 
688, 14830.5315530827 
689, 14408.1438436376 
690, 14714.17401774 
691, 15468.0719205697 
692, 16144.8852520451 
693, 16731.5736778625 
694, 17151.3985038782 
695, 17402.7078906567 
696, 17584.4498694854 
697, 17746.2022833762 
698, 17856.8502768742 
699, 17877.1161172603 
700, 17829.5037936686 
701, 17782.9458916031 
702, 17784.8920414266 
703, 17861.5778293197 
704, 18013.4905333077 
705, 18190.9479753914 
706, 18343.7955441948 
707, 18431.6298000667 
708, 18503.4521705532 
709, 18569.4199288781 
710, 18628.9707979915 
711, 18684.0868718277 
712, 18722.0480479015 
713, 18732.6096847665 
714, 18701.3244957899 
715, 18589.6650016155 
716, 18314.6636443297 
717, 17840.0792856652 
718, 17196.032078065 
719, 16660.1146648704 
720, 16463.6835979616 
721, 16694.6441266907 
722, 17173.2540363552 
723, 17501.1387079228 
724, 17541.3403679331 
725, 17368.4950366599 
726, 17322.3032741782 
727, 17375.1605568832 
728, 17460.2205510761 
729, 17512.2853759466 
730, 17640.6074691359 
731, 17869.5272526839 
732, 18183.3972548189 
733, 18531.7618204371 
734, 18838.2561150906 
735, 19038.5275829246 
736, 19101.4697356937 
737, 19091.6904737282 
738, 19072.3717310135 
739, 19057.7397593109 
740, 19023.3199380817 
741, 19020.0310745868 
742, 19052.8581119187 
743, 19115.1552137832 
744, 19197.2198218088 
745, 19252.464969033 
746, 19275.8415416282 
747, 19275.2535991768 
748, 19249.7371836191 
749, 19185.9886491545 
750, 19098.1789223276 
751, 19018.9298298158 
752, 18975.7190355687 
753, 18962.447880558 
754, 18959.4681675925 
755, 18935.4588557687 
756, 18839.1886264006 
757, 18442.301993116 
758, 17375.1587540357 
759, 15004.6233005545 
760, 11510.3137711671 
761, 8077.78675810046 
762, 6143.54770003903 
763, 6117.38898430391 
764, 7112.81631066447 
765, 8679.97181417835 
766, 10767.1007548276 
767, 13050.5852394776 
768, 15034.4808519893 
769, 16414.0018790883 
770, 17188.8127116484 
771, 17569.0632910125 
772, 17715.0610012771 
773, 17749.8039139642 
774, 17738.0010954929 
775, 17690.5432895259 
776, 17628.6996702493 
777, 17568.0994600983 
778, 17488.0837055578 
779, 17395.5325633909 
780, 17303.5013244747 
781, 17225.6745850404 
782, 17141.7436778329 
783, 17043.496233935 
784, 16932.1895580808 
785, 16820.0317101588 
786, 16707.2971360994 
787, 16578.5337607493 
788, 16419.4855444124 
789, 16229.093262694 
790, 16030.6169019005 
791, 15833.3603731191 
792, 15641.1712666225 
793, 15461.7161412991 
794, 15317.3800145249 
795, 15219.3891797155 
796, 15164.698251824 
797, 15124.2184081306 
798, 15061.7611774544 
799, 14957.8357100098 
800, 14816.259257832 
801, 14658.6428151023 
802, 14512.3026155777 
803, 14390.6024107312 
804, 14275.4935399467 
805, 14177.6510164106 
806, 14087.952605792 
807, 13987.803221506 
808, 13853.3558097119 
809, 13684.5788620123 
810, 13493.1704813155 
811, 13289.2810507728 
812, 13038.632595408 
813, 12708.1555103715 
814, 12296.6563816101 
815, 11839.5288268322 
816, 11420.6996500193 
817, 11098.3561413348 
818, 10908.7741334929 
819, 10863.9545045684 
820, 10867.5651877422 
821, 10843.7208784209 
822, 10761.1830362701 
823, 10664.6068249793 
824, 10600.479074116 
825, 10617.2296554356 
826, 10706.9617479619 
827, 10692.7288088606 
828, 10578.1070009583 
829, 10420.2474205894 
830, 10297.1801434319 
831, 10221.9140395973 
832, 10170.9137856103 
833, 10132.1596154437 
834, 10106.6902772871 
835, 10099.6287556759 
836, 10099.4953025974 
837, 10088.4449622808 
838, 10045.9563806668 
839, 9976.08503177552 
840, 9889.60429256724 
841, 9794.67988234597 
842, 9691.85517267186 
843, 9584.33490108538 
844, 9477.912470622 
845, 9375.53438072444 
846, 9274.88181647714 
847, 9150.10932890654 
848, 8997.41989607968 
849, 8825.40348979811 
850, 8653.66153226938 
851, 8454.98220629613 
852, 8249.01136791811 
853, 8074.48394477483 
854, 7943.66017847862 
855, 7837.35974415613 
856, 7784.32105547691 
857, 7826.71870485663 
858, 7900.2877326038 
859, 7914.97894210778 
860, 7853.16489939641 
861, 7762.46697646598 
862, 7654.03284855317 
863, 7516.7777442816 
864, 7352.22109431555 
865, 7180.20049656852 
866, 7017.40929488614 
867, 6877.9347749833 
868, 6783.25515170255 
869, 6763.11231454639 
870, 6772.09565411941 
871, 6758.07584344293 
872, 6696.15971576185 
873, 6610.35733446707 
874, 6520.1059365998 
875, 6429.69495068397 
876, 6338.52010010532 
877, 6246.74019358539 
878, 6159.9346068061 
879, 6075.37038068515 
880, 5989.25711740739 
881, 5902.50499165645 
882, 5816.76181217658 
883, 5735.0717209328 
884, 5658.89650471986 
885, 5584.47295600703 
886, 5503.7930903752 
887, 5418.50036051874 
888, 5334.01295665091 
889, 5252.01659950869 
890, 5171.22457061894 
891, 5081.07650617143 
892, 4969.27805464628 
893, 4836.01727590398 
894, 4681.68443513073 
895, 4510.86481601156 
896, 4331.15142447742 
897, 4149.41369074603 
898, 3981.61248245773 
899, 3843.6324356302 
900, 3747.51888218406 
901, 3693.45673049353 
902, 3671.88683578931 
903, 3666.21929048872 
904, 3657.59209103944 
905, 3638.33491588092 
906, 3598.11460782367 
907, 3529.21682164879 
908, 3431.4187138437 
909, 3327.13122767499 
910, 3240.25591937142 
911, 3178.84242613271 
912, 3136.2756828964 
913, 3099.10612500089 
914, 3064.70700640182 
915, 3031.45820181177 
916, 2999.87739242133 
917, 2981.42352116254 
918, 2967.96860292461 
919, 2955.30853406885 
920, 2943.18512703397 
921, 2929.47393774433 
922, 2907.62769198189 
923, 2870.45348878091 
924, 2812.63275313227 
925, 2738.14836212966 
926, 2647.17847949526 
927, 2537.90337698757 
928, 2407.38774408639 
929, 2253.08638771401 
930, 2078.78983258771 
931, 1894.67127118903 
932, 1715.90997868206 
933, 1560.32463820301 
934, 1436.47730258317 
935, 1352.20829702856 
936, 1310.84942152905 
937, 1302.54219351073 
938, 1314.50568341877 
939, 1333.26135237787 
940, 1348.96777186137 
941, 1364.94895011464 
942, 1369.66660502834 
943, 1356.79631238355 
944, 1326.82248142837 
945, 1289.57019422205 
946, 1258.2732353293 
947, 1239.01305572711 
948, 1231.38980644047 
949, 1228.58376495078 
950, 1227.6350887207 
951, 1224.8811341482 
952, 1218.92901202581 
953, 1213.36329521092 
954, 1205.26076587456 
955, 1198.09579658396 
956, 1194.55382059642 
957, 1192.32138543042 
958, 1189.94965236998 
959, 1188.598940249 
960, 1189.02111310417 
961, 1190.26256585114 
962, 1191.31450927925 
963, 1194.29535326638 
964, 1199.51508316574 
965, 1204.34665341356 
966, 1206.10367399671 
967, 1205.72787799972 
968, 1202.36509941815 
969, 1194.0193177743 
970, 1185.69850215866 
971, 1173.1591414011 
972, 1155.37459015329 
973, 1134.10494379567 
974, 1109.75621087259 
975, 1082.56696425088 
976, 1056.12156895905 
977, 1034.0845158519 
978, 1014.84514437629 
979, 998.72724457795 
980, 985.304785611026 
981, 972.725725715075 
982, 956.752546641397 
983, 943.604643973891 
984, 928.975021376392 
985, 910.55718576402 
986, 893.299442507016 
987, 874.832123296831 
988, 856.230357351975 
989, 837.424426043773 
990, 817.057045528763 
991, 798.349105991886 
992, 778.281649656217 
993, 757.314523016874 
994, 738.029635625379 
995, 718.396303024157 
996, 699.146332659998 
997, 679.480495439739 
998, 659.014546825723 
999, 640.737092794781 
1000, 622.217644952778 
1001, 3857.34065740435 
1002, 3831.22117674852 
1003, 3810.3967350174 
1004, 3796.64346772522 
1005, 3780.26489073202 
1006, 3769.8138666718 
1007, 3763.29336085248 
1008, 3758.68079464333 
1009, 3757.84294750385 
1010, 3764.81919399147 
1011, 3768.41852296552 
1012, 3771.08299585665 
1013, 3777.39846105575 
1014, 3787.78203956655 
1015, 3799.30556999934 
1016, 3812.46809173966 
1017, 3825.37774741634 
1018, 3830.59304774095 
1019, 3835.86774721166 
1020, 3849.24086775301 
1021, 3862.33219031678 
1022, 3877.37046616837 
1023, 3896.83317167727 
1024, 3920.50819979326 
1025, 3937.19254789029 
1026, 3955.8595451062 
1027, 3981.66234248932 
1028, 4000.4626680881 
1029, 4020.20831923444 
1030, 4045.1446840375 
1031, 4062.97740008942 
1032, 4080.94445263985 
1033, 4101.04711410375 
1034, 4116.53439012022 
1035, 4133.502236649 
1036, 4150.27143117556 
1037, 4169.83855361809 
1038, 4188.36275724019 
1039, 4207.10342582172 
1040, 4225.55428137403 
1041, 4242.76767872454 
1042, 4257.6722548913 
1043, 4271.76689261741 
1044, 4291.47087908525 
1045, 4310.91149495428 
1046, 4331.27931320589 
1047, 4353.27767171327 
1048, 4379.41125880952 
1049, 4396.98107640242 
1050, 4415.59110627668 
1051, 4440.10107398387 
1052, 4462.53398884744 
1053, 4490.36164557542 
1054, 4518.54788710558 
1055, 4544.07450770958 
1056, 4572.06922405633 
1057, 4601.60854596405 
1058, 4635.53432112184 
1059, 4673.9926319219 
1060, 4714.26905969295 
1061, 4757.07559924454 
1062, 4801.58740180632 
1063, 4848.05169997286 
1064, 4897.03651303849 
1065, 4951.57096157133 
1066, 5009.05660992594 
1067, 5069.23727326575 
1068, 5135.43569590491 
1069, 5205.85907533646 
1070, 5280.56777020345 
1071, 5362.51782926835 
1072, 5446.27618346452 
1073, 5524.52454493697 
1074, 5603.03353580728 
1075, 5674.8480010008 
1076, 5741.19937363473 
1077, 5805.37143484583 
1078, 5870.17870986311 
1079, 5929.50015725331 
1080, 5978.62219473479 
1081, 6022.98847968836 
1082, 6060.98861596839 
1083, 6089.56630279031 
1084, 6121.69723615965 
1085, 6156.05488915096 
1086, 6186.11283485915 
1087, 6216.77967307038 
1088, 6237.76791611822 
1089, 6257.73434808184 
1090, 6267.20636511653 
1091, 6266.20326454882 
1092, 6260.47695577284 
1093, 6249.02877111671 
1094, 6223.83124963985 
1095, 6194.28843165894 
1096, 6166.55403968772 
1097, 6139.17917356764 
1098, 6111.34433350832 
1099, 6081.87604655796 
1100, 6050.55707030233 
1101, 6020.12555578629 
1102, 5990.32342310614 
1103, 5956.52217017862 
1104, 5926.20092644436 
1105, 5889.58159477464 
1106, 5841.5882275967 
1107, 5775.14240012959 
1108, 5686.72994770732 
1109, 5575.63328996278 
1110, 5429.94447809647 
1111, 5259.72367911368 
1112, 5055.32287527009 
1113, 4804.610765465 
1114, 4558.9915824611 
1115, 4272.1857062675 
1116, 4013.74596480935 
1117, 3738.02047758051 
1118, 3505.26668094 
1119, 3288.04160506805 
1120, 3094.38861767006 
1121, 2942.22811558883 
1122, 2813.91306300179 
1123, 2720.52498315577 
1124, 2657.86002126843 
1125, 2626.11491624288 
1126, 2640.24914824501 
1127, 2652.20012485959 
1128, 2693.49071790673 
1129, 2731.24887064696 
1130, 2776.90843651092 
1131, 2829.91054674931 
1132, 2889.04204392431 
1133, 2959.4157156806 
1134, 3037.77594856055 
1135, 3122.13440857466 
1136, 3239.53131857139 
1137, 3358.24529757312 
1138, 3473.87057192015 
1139, 3581.82300941918 
1140, 3643.83437582356 
1141, 3676.06962365451 
1142, 3683.64387209639 
1143, 3642.48920445784 
1144, 3617.86653767304 
1145, 3549.21334679073 
1146, 3532.59494339187 
1147, 3517.67708252818 
1148, 3544.61010114992 
1149, 3607.58066373364 
1150, 3694.27880932149 
1151, 3820.19548924038 
1152, 3956.57324743394 
1153, 4096.37581519718 
1154, 4259.48091103105 
1155, 4412.92617750238 
1156, 4571.29418158719 
1157, 4723.65126435642 
1158, 4885.80714693442 
1159, 5026.85557682537 
1160, 5165.09192459468 
1161, 5281.07013108351 
1162, 5383.22695838035 
1163, 5468.6128373111 
1164, 5537.16267005028 
1165, 5584.62322459755 
1166, 5623.61953387854 
1167, 5652.97352981023 
1168, 5670.75992915034 
1169, 5678.80898130855 
1170, 5672.87816462062 
1171, 5652.39133453881 
1172, 5624.75885355952 
1173, 5581.67272932552 
1174, 5537.67487967801 
1175, 5484.49295644284 
1176, 5430.79602361899 
1177, 5370.66908151246 
1178, 5311.40753961589 
1179, 5248.808338756 
1180, 5187.43649592767 
1181, 5121.18323052076 
1182, 5061.82136352022 
1183, 5007.90409526948 
1184, 4953.68188851534 
1185, 4911.88252578085 
1186, 4880.11146872918 
1187, 4851.3184261303 
1188, 4831.1025528629 
1189, 4812.14904781518 
1190, 4803.51005674805 
1191, 4785.54292106469 
1192, 4773.22230661537 
1193, 4748.43094087167 
1194, 4719.10801098044 
1195, 4678.52074673838 
1196, 4627.59448529293 
1197, 4566.51619773373 
1198, 4508.26329796474 
1199, 4436.59317029022 
1200, 4381.7914915117 
1201, 4332.48288605227 
1202, 4286.24765691532 
1203, 4242.16071659078 
1204, 4208.5793665164 
1205, 4181.13636595004 
1206, 4158.75816268663 
1207, 4149.59990939042 
1208, 4137.35571876881 
1209, 4126.32616019261 
1210, 4117.57059722076 
1211, 4115.78769183255 
1212, 4108.17674006073 
1213, 4098.92021657692 
1214, 4088.92251964149 
1215, 4079.54160083803 
1216, 4066.77907428272 
1217, 4055.62922419074 
1218, 4048.86428003967 
1219, 4035.85739412025 
1220, 4018.25729323911 
1221, 4001.98907865799 
1222, 3981.35603991976 
1223, 3965.97637825919 
1224, 3953.28739409182 
1225, 3940.19508237422 
1226, 3930.1429665049 
1227, 3919.12451971033 
1228, 3907.36337349924 
1229, 3895.62835535423 
1230, 3883.99655297488 
1231, 3872.23578902672 
1232, 3862.16644303068 
1233, 3854.108248721 
1234, 3842.02966012617 
1235, 3830.92627176315 
1236, 3816.14898816682 
1237, 3797.63603251983 
1238, 3777.96757092743 
1239, 3757.07080585681 
1240, 3734.36077377582 
1241, 3705.51553697921 
1242, 3681.76730657225 
1243, 3660.57778343659 
1244, 3637.65989214429 
1245, 3615.28120474312 
1246, 3594.27543283803 
1247, 3573.19655586188 
1248, 3552.22891347881 
1249, 3528.00527846638 
1250, 3505.19187399736 
1251, 3477.72705556193 
1252, 3448.20395789965 
1253, 3411.44279170328 
1254, 3371.67984373786 
1255, 3327.11446949703 
1256, 3273.01935628437 
1257, 3220.6259634158 
1258, 3169.13801908612 
1259, 3111.43360619659 
1260, 3048.5383590087 
1261, 2984.71055265117 
1262, 2909.8210731936 
1263, 2842.40416348245 
1264, 2786.71884301477 
1265, 2730.27350194526 
1266, 2696.25725979343 
1267, 2672.95945986467 
1268, 2672.13143547307 
1269, 2689.66456894547 
1270, 2720.11016652779 
1271, 2777.38512283109 
1272, 2830.08198583143 
1273, 2896.65385879388 
1274, 2956.56909484161 
1275, 3024.22858260323 
1276, 3080.52213857101 
1277, 3133.16775384733 
1278, 3179.57733158682 
1279, 3218.84426234379 
1280, 3252.51307545577 
1281, 3281.01391473633 
1282, 3308.50325079944 
1283, 3337.07004542631 
1284, 3362.60910778176 
1285, 3391.21811480715 
1286, 3424.91236351046 
1287, 3449.14933131526 
1288, 3471.85751105794 
1289, 3488.93938630766 
1290, 3498.07748867569 
1291, 3509.06481770245 
1292, 3520.42075182962 
1293, 3525.12666372435 
1294, 3526.36482894933 
1295, 3524.66097204497 
1296, 3514.05357375421 
1297, 3506.7230610743 
1298, 3500.20612357927 
1299, 3492.7270473516 
1300, 3480.23991106261 
1301, 3472.61900760943 
1302, 3459.91195370711 
1303, 3444.32147737921 
1304, 3425.9296885 
1305, 3403.8143641635 
1306, 3384.28842000647 
1307, 3359.35570406915 
1308, 3343.51469074532 
1309, 3337.02753391228 
1310, 3322.39987741455 
1311, 3311.29991317052 
1312, 3292.85984843612 
1313, 3262.78173234881 
1314, 3240.77620186271 
1315, 3216.91492616759 
1316, 3197.42918681662 
1317, 3182.77319728019 
1318, 3171.00314678298 
1319, 3159.98153999227 
1320, 3147.89301793747 
1321, 3130.52424125472 
1322, 3108.5069998335 
1323, 3080.87962198352 
1324, 3048.49814095173 
1325, 3008.56544187058 
1326, 2963.45953648662 
1327, 2910.77744529537 
1328, 2841.4095644606 
1329, 2784.14887438224 
1330, 2719.37082075479 
1331, 2671.49732823248 
1332, 2634.24500096785 
1333, 2603.07971761377 
1334, 2583.50328594945 
1335, 2565.65715674508 
1336, 2556.84690046058 
1337, 2547.69234063947 
1338, 2535.98894299362 
1339, 2515.71882389727 
1340, 2479.65148053719 
1341, 2422.37730042542 
1342, 2337.68617071637 
1343, 2228.13261985253 
1344, 2102.69636554972 
1345, 1947.61178492546 
1346, 1789.73304731898 
1347, 1611.06580271338 
1348, 1439.81753523132 
1349, 1254.31638160471 
1350, 1082.89973117843 
1351, 906.617964606197 
1352, 754.335817426858 
1353, 607.936733341444 
1354, 483.817033108738 
1355, 380.959253640838 
1356, 293.553568994836 
1357, 224.157518727776 
1358, 169.937375532467 
1359, 125.771616231473 
1360, 92.3370425861028 
1361, 70.0076141136788 
1362, 53.5572720670063 
1363, 44.7251838275884 
1364, 39.119871719009 
1365, 32.1853384158787 
1366, 23.9382661655189 
1367, 21.339349926443 
1368, 19.6604596278807 
1369, 24.4800474773204 
1370, 35.7573152863828 
1371, 45.8109083068916 
1372, 65.2091711052869 
1373, 74.7506605832653 
1374, 79.5258141715831 
1375, 84.4474792955181 
1376, 85.3597883285843 
1377, 84.989921470752 
1378, 81.6363231860986 
1379, 82.2609792440547 
1380, 83.9068600504252 
1381, 81.5946160577477 
1382, 82.1772095019218 
1383, 85.5557751687526 
1384, 83.0421768684773 
1385, 81.1832684332943 
1386, 92.4788608019152 
1387, 105.631498579516 
1388, 120.01403583175 
1389, 146.408506009136 
1390, 158.638789472779 
1391, 166.093453661839 
1392, 169.164639977489 
1393, 162.754838157993 
1394, 161.585857646838 
1395, 156.582179003559 
1396, 156.551694529231 
1397, 161.051688027204 
1398, 163.388278472053 
1399, 165.548738239032 
1400, 170.713504470778 
1401, 176.212330192816 
1402, 183.066044850896 
1403, 193.328301219334 
1404, 203.985441952636 
1405, 209.941099143375 
1406, 219.761744687794 
1407, 230.921892403642 
1408, 240.911573235784 
1409, 255.381775460468 
1410, 270.061032084302 
1411, 281.734245191881 
1412, 291.586101316187 
1413, 303.054662917712 
1414, 315.158397000426 
1415, 323.229528975128 
1416, 331.407621318209 
1417, 336.28258656134 
1418, 334.393744191828 
1419, 336.069081238295 
1420, 338.350538153889 
1421, 340.908000825184 
1422, 346.656342333971 
1423, 348.21573836729 
1424, 351.41758447126 
1425, 347.365531702876 
1426, 337.318634071542 
1427, 324.757178516415 
1428, 308.202170587166 
1429, 285.534659909317 
1430, 266.419028772547 
1431, 248.156809966022 
1432, 230.006320727494 
1433, 214.972661444838 
1434, 198.594995636305 
1435, 184.43237256332 
1436, 169.818204958949 
1437, 159.748558833972 
1438, 151.504285816432 
1439, 145.531149892469 
1440, 139.468547638994 
1441, 138.419128007709 
1442, 132.73917258652 
1443, 124.041059881999 
1444, 117.660832674877 
1445, 110.808362058337 
1446, 102.268486764725 
1447, 93.7540692036414 
1448, 87.7991617258855 
1449, 81.6335326950849 
1450, 76.0409359211647 
1451, 71.0303676460686 
1452, 68.4683827913367 
1453, 68.0448162196501 
1454, 65.5652692767384 
1455, 65.9571720499393 
1456, 63.8747126070069 
1457, 57.8210203938512 
1458, 51.0318297878294 
1459, 46.5206343910982 
1460, 42.5639283993348 
1461, 35.9529827257584 
1462, 32.8394275689962 
1463, 30.9904957592556 
1464, 26.4467646624075 
1465, 21.7477848127496 
1466, 16.5012325436107 
1467, 13.5956542026042 
1468, 9.96543803548579 
1469, 8.20681265028592 
1470, 10.7534813277025 
1471, 11.2618441031281 
1472, 12.4184029492311 
1473, 9.34065489676158 
1474, 2.80441506004008 
1475,-0.874169610225224 
1476,-8.75443859364094 
1477,-11.4905383961742 
1478,-7.17979382912784 
1479,-6.60774164130807 
1480,-6.02954614763364 
1481,-6.12662745322269 
1482,-7.97949961476308 
1483,-8.79408209093308 
1484,-11.3725478180345 
1485,-10.5101156951348 
1486,-7.42441777328989 
1487,-3.56713559830764 
1488, 0.820836843018489 
1489, 7.08049204681929 
1490, 10.8237115707787 
1491, 11.3887850954321 
1492, 16.0885841243983 
1493, 18.7306168129832 
1494, 19.0493337151604 
1495, 22.8233871295074 
1496, 21.4670216521746 
1497, 15.9917492083954 
1498, 13.909458255145 
1499, 12.5428161260619 
1500, 9.470027423747 
1501, 7.13312059180934 
1502, 3.7431610717167 
1503,-2.58966043861667 
1504,-4.45934923043412 
1505,-6.52001725656969 
1506,-4.62662166987054 
1507, 2.88707258372217 
1508, 5.46058362169975 
1509, 9.35542534468325 
1510, 11.8301448746887 
1511, 11.9188930731763 
1512, 11.1975764649032 
1513, 7.54457324639672 
1514, 8.50248875450126 
1515, 9.66028162073393 
1516, 12.435402554715 
1517, 22.4377935994846 
1518, 25.9191045692474 
1519, 25.8648596958938 
1520, 26.3622564100062 
1521, 25.3904359009196 
1522, 21.9803931863345 
1523, 22.766137849411 
1524, 18.3026032529201 
1525, 11.873832013149 
1526, 9.25747543856043 
1527, 5.06204793672556 
1528, 6.44274451541925 
1529, 7.51854937397764 
1530, 11.3663707773627 
1531, 15.899887101894 
1532, 11.1384291689193 
1533, 12.7787181588774 
1534, 16.7138363330801 
1535, 20.2085935027132 
1536, 28.0760630239209 
1537, 30.3424773034616 
1538, 29.1414182447746 
1539, 28.7087918766727 
1540, 26.3410271982962 
1541, 25.1176283276536 
1542, 25.225368472906 
1543, 23.5783097041434 
1544, 21.1945709820086 
1545, 18.0937616501806 
1546, 11.8419745976217 
1547, 9.98452911014861 
1548, 7.4416993243408 
1549, 8.75439440873285 
1550, 17.2739452247256 
1551, 20.415403417759 
1552, 23.7016785630955 
1553, 26.4737883291292 
1554, 25.7297839012902 
1555, 26.2361031726656 
1556, 28.3470737749389 
1557, 28.728804423656 
1558, 26.87452985754 
1559, 27.5995574779763 
1560, 28.553789115479 
1561, 30.8570317857188 
1562, 36.8830918590022 
1563, 39.2792773375436 
1564, 40.6185132068981 
1565, 40.8927296074439 
1566, 36.3204198462713 
1567, 37.0194176530153 
1568, 42.6217984427298 
1569, 43.6188037874968 
1570, 49.2102862181589 
1571, 50.9180187696092 
1572, 43.9483702065394 
1573, 41.2710471811964 
1574, 40.839560872064 
1575, 39.7228771706544 
1576, 42.9199523563422 
1577, 45.3216127991523 
1578, 40.2165485814976 
1579, 36.7097691507243 
1580, 38.9763795218707 
1581, 43.711971065732 
1582, 46.9497806685722 
1583, 56.0595888583858 
1584, 57.9679485486173 
1585, 52.7300247392794 
1586, 54.4564403197183 
1587, 60.1454070807673 
1588, 60.4447848482931 
1589, 58.8860296492042 
1590, 60.8580140112968 
1591, 60.475675040829 
1592, 62.1015102674269 
1593, 69.7050039356987 
1594, 72.598830906601 
1595, 72.7401538916765 
1596, 72.4693047824308 
1597, 69.6520288498552 
1598, 70.6722274769062 
1599, 73.9611534780713 
1600, 73.236332611862 
1601, 74.0226878764477 
1602, 72.8046134687077 
1603, 63.9707758726386 
1604, 62.4747997778445 
1605, 66.3838800950827 
1606, 67.2193208862736 
1607, 68.4872005840169 
1608, 70.5817276970487 
1609, 71.7997147340097 
1610, 73.8600623923281 
1611, 79.3353139268803 
1612, 81.4148988560299 
1613, 80.5608306426773 
1614, 81.2012434277746 
1615, 81.372255039408 
1616, 81.3111929317853 
1617, 81.9060435680068 
1618, 82.7844186848684 
1619, 82.4846233363827 
1620, 83.3416278376172 
1621, 86.5141761104198 
1622, 87.6355247083764 
1623, 89.2922183060064 
1624, 88.4421724211347 
1625, 83.7787838655443 
1626, 81.1214362725229 
1627, 74.7493605783715 
1628, 74.4782264399458 
1629, 82.5035128148919 
1630, 84.7614060495318 
1631, 86.615571966751 
1632, 88.8271151578886 
1633, 85.1711203882946 
1634, 86.1839980513494 
1635, 95.0705779523772 
1636, 97.9866125392815 
1637, 98.5265671485622 
1638, 99.035300831802 
1639, 96.7593404694394 
1640, 93.8604233479411 
1641, 88.6937113642275 
1642, 87.2771533807653 
1643, 83.9588370506704 
1644, 85.1712412032759 
1645, 96.3415702355247 
1646, 101.695523387862 
1647, 106.755758212358 
1648, 109.964621627651 
1649, 105.698618089848 
1650, 105.963994839806 
1651, 110.76905033045 
1652, 112.536352477342 
1653, 112.419254532196 
1654, 112.584980497327 
1655, 112.867224082389 
1656, 108.63819079768 
1657, 111.672748100043 
1658, 119.474948170988 
1659, 125.265483135513 
1660, 134.241735476974 
1661, 135.586203348445 
1662, 134.119697100185 
1663, 133.218784833898 
1664, 127.835118949536 
1665, 125.666674078183 
1666, 124.641544966662 
1667, 126.035213386458 
1668, 128.272089292937 
1669, 129.815365548047 
1670, 134.750622815167 
1671, 135.333657788545 
1672, 132.661680464778 
1673, 131.276788988691 
1674, 129.229273462854 
1675, 128.48623611382 
1676, 127.222537638349 
1677, 128.415843274144 
1678, 133.508157755719 
1679, 131.344659967055 
1680, 125.165756239206 
1681, 125.265041296039 
1682, 122.841191128731 
1683, 126.31884667539 
1684, 139.996910967171 
1685, 141.880459981866 
1686, 137.36970355049 
1687, 140.385600401541 
1688, 142.690501966809 
1689, 145.420343037497 
1690, 155.003393450402 
1691, 155.531209199172 
1692, 148.073915625593 
1693, 148.842031131164 
1694, 150.414423574621 
1695, 153.849057519683 
1696, 163.003980777331 
1697, 164.328412746305 
1698, 162.659933046048 
1699, 161.504303037727 
1700, 157.174270080783 
1701, 155.142252954191 
1702, 153.262270252685 
1703, 153.85915656516 
1704, 155.564249959075 
1705, 156.410973197053 
1706, 159.137026390461 
1707, 161.261560216589 
1708, 162.230593673589 
1709, 164.147708859184 
1710, 168.403599752496 
1711, 168.891334298507 
1712, 166.868914021094 
1713, 166.191607939031 
1714, 165.007757878766 
1715, 164.513338990028 
1716, 160.708567472003 
1717, 158.127454507334 
1718, 157.652079547928 
1719, 158.762775949037 
1720, 163.417426660622 
1721, 165.401540798211 
1722, 169.448014170499 
1723, 178.211756237149 
1724, 184.914049929154 
1725, 187.984471620633 
1726, 186.378536537279 
1727, 177.522997488924 
1728, 168.900286743666 
1729, 166.00914270146 
1730, 166.786947923464 
1731, 172.977862768057 
1732, 175.267093555895 
1733, 174.507080460256 
1734, 177.049892426378 
1735, 173.247413271629 
1736, 171.128291149368 
1737, 172.037179567016 
1738, 169.735309076437 
1739, 170.51764372191 
1740, 170.985671370937 
1741, 172.50577087104 
1742, 172.539118887775 
1743, 168.266197994469 
1744, 164.543649549339 
1745, 156.359951998831 
1746, 153.961221172344 
1747, 161.390477542395 
1748, 167.924565374499 
1749, 175.302266813557 
1750, 178.256727061783 
1751, 174.3062855016 
1752, 169.496707872228 
1753, 171.399464831671 
1754, 176.928000434122 
1755, 177.363617153708 
1756, 178.752220872581 
1757, 176.538087723103 
1758, 168.686315454713 
1759, 169.449134220485 
1760, 177.213597219321 
1761, 180.524234728603 
1762, 184.62372983681 
1763, 182.585350481924 
1764, 179.814597225042 
1765, 178.81195042555 
1766, 175.340056287613 
1767, 167.027758922514 
1768, 164.706864607262 
1769, 163.238534391112 
1770, 161.237155537608 
1771, 163.727078846577 
1772, 162.298986707569 
1773, 156.312420814132 
1774, 155.497877009135 
1775, 159.902735040885 
1776, 159.133321402525 
1777, 155.754588956018 
1778, 155.330865678503 
1779, 150.89652854247 
1780, 149.502333181189 
1781, 156.94566732682 
1782, 156.539681584948 
1783, 148.795699689677 
1784, 147.699720802305 
1785, 148.300359806942 
1786, 146.39363369757 
1787, 147.56153963032 
1788, 146.315692615529 
1789, 141.805807918865 
1790, 134.425579984396 
1791, 126.941222600166 
1792, 120.868883137503 
1793, 110.166750329753 
1794, 105.728514178458 
1795, 105.15629588163 
1796, 104.428072859183 
1797, 103.651058389807 
1798, 100.056737397881 
1799, 94.0930011637136 
1800, 90.5661569971535 
1801, 524.45249700468 
1802, 462.221029755868 
1803, 442.226515259295 
1804, 454.584607623016 
1805, 465.280293132457 
1806, 473.11061730212 
1807, 465.943478554191 
1808, 449.991428432232 
1809, 406.672620875393 
1810, 385.542742066973 
1811, 377.657326087114 
1812, 353.42821166445 
1813, 323.405945978925 
1814, 294.34475669814 
1815, 265.579949355377 
1816, 243.570809909504 
1817, 233.520026282128 
1818, 231.425981178372 
1819, 216.237867347692 
1820, 185.027733638117 
1821, 166.360523546618 
1822, 146.962376969049 
1823, 127.11114885328 
1824, 142.510272613318 
1825, 157.754041377793 
1826, 142.524824616095 
1827, 145.651979854627 
1828, 146.007412784566 
1829, 131.450272104061 
1830, 119.781946349997 
1831, 122.248910077095 
1832, 110.04247084539 
1833, 83.8256480386497 
1834, 74.8522959336271 
1835, 87.237325766823 
1836, 93.0238030438846 
1837, 90.8755868339068 
1838, 78.9282413381668 
1839, 67.8780724522577 
1840, 44.1340871488943 
1841, 31.7404984127001 
1842, 22.2410626676953 
1843, 18.4786285250966 
1844, 20.2119103675442 
1845, 32.6005767633062 
1846, 55.333925404656 
1847, 69.8577333739839 
1848, 66.0443124453271 
1849, 62.4305508928153 
1850, 52.1637397847662 
1851, 24.3651108287662 
1852, 7.60662916593627 
1853, 19.8369537172255 
1854, 23.9773802817799 
1855, 59.6902159372128 
1856, 81.6405999304507 
1857, 72.257866143736 
1858, 80.8377003123027 
1859, 76.2484908294012 
1860, 52.887202110782 
1861, 41.4380928880845 
1862, 38.7233439486566 
1863, 31.537141896656 
1864, 38.3858901067399 
1865, 31.8461726830836 
1866, 37.5299464487142 
1867, 32.3515842127305 
1868, 18.6301593375938 
1869, 24.6703187542812 
1870, 14.7801319600074 
1871,-7.65465219026929 
1872,-19.5084463403127 
1873,-13.8552162876232 
1874,-29.4988590313555 
1875,-27.4412415935622 
1876,-23.1562201001502 
1877,-49.558695612878 
1878,-56.2185920632611 
1879,-39.5471203835433 
1880,-28.9132254649567 
1881,-15.307165734332 
1882, 10.6079000667229 
1883, 28.3829054166551 
1884, 27.2013410476081 
1885, 31.0667434802112 
1886, 34.9127290056349 
1887, 50.3002741086597 
1888, 52.974182862513 
1889, 36.1744228641263 
1890, 36.3324283316557 
1891, 42.595568290522 
1892, 43.7097682315248 
1893, 63.0946294313842 
1894, 93.2080003631887 
1895, 87.8449144902919 
1896, 71.7132821666764 
1897, 61.6051939625733 
1898, 29.8541910208519 
1899, 16.7675664146808 
1900, 12.7098619331325 
1901, 9.18744730744932 
1902, 7.52725890246151 
1903, 21.2793313862982 
1904, 30.1222728471966 
1905, 38.9828470631822 
1906, 31.4263947957034 
1907, 34.7440751482859 
1908, 49.4920981618516 
1909, 42.6509773562216 
1910, 50.1567432643197 
1911, 47.9464084940615 
1912, 29.93859830544 
1913, 22.2625161574583 
1914, 13.4773863664259 
1915, 16.669291352686 
1916, 25.0974058844814 
1917, 38.8888295914735 
1918, 53.6013220560242 
1919, 51.6901317633469 
1920, 50.2629494178459 
1921, 40.372390956141 
1922, 36.3978603913984 
1923, 39.6497847795396 
1924, 38.29900315094 
1925, 30.9283465194459 
1926, 33.0020675070421 
1927, 32.1855442348926 
1928, 23.5583875098089 
1929, 33.3318349601497 
1930, 28.308169583739 
1931, 30.9090865639714 
1932, 47.6593982672774 
1933, 54.4221645016292 
1934, 61.0389878831049 
1935, 69.0374820445592 
1936, 81.4091262038469 
1937, 73.6350112659868 
1938, 78.7780078052716 
1939, 64.0146829088964 
1940, 33.4664125634069 
1941, 22.1743244834354 
1942, 9.38215768032741 
1943,-8.16661533839524 
1944,-9.34220790242747 
1945, 8.66942229530684 
1946, 17.9657241513682 
1947, 43.0917087665232 
1948, 49.9899968519488 
1949, 50.4187671110084 
1950, 41.7993762472117 
1951, 25.2594314977308 
1952, 4.6426613219775 
1953, 15.2377047673187 
1954, 20.9011491584544 
1955, 18.3248848180445 
1956, 24.8158597404078 
1957, 22.1512116171047 
1958,-11.1799950745464 
1959,-17.0309175103756 
1960,-4.29160449318398 
1961,-2.37034932896867 
1962,-3.62081608343567 
1963, 32.5942788106254 
1964, 43.1639673224713 
1965, 36.4853777427988 
1966, 42.1179030794426 
1967, 52.6154657661318 
1968, 47.1113865584821 
1969, 34.1481898487595 
1970, 27.0870587672737 
1971, 3.64301210527153 
1972,-4.17390193938035 
1973,-6.92220634063999 
1974, 11.9125532839929 
1975, 32.5228342617038 
1976, 51.4656521442562 
1977, 69.9987223677299 
1978, 88.787647692432 
1979, 96.5338012934262 
1980, 91.03112213574 
1981, 86.3771210225299 
1982, 77.7487945696941 
1983, 66.1987848488548 
1984, 47.2558407140026 
1985, 35.8367254184335 
1986, 18.3297992516052 
1987, 11.9876089670458 
1988, 17.6699866984413 
1989, 23.8060408039213 
1990, 26.2802233011136 
1991, 36.5598245401456 
1992, 31.8714241551631 
1993, 11.7989596171563 
1994, 2.36583471363959 
1995,-14.4844124652587 
1996,-17.1017837069998 
1997,-15.3606437835372 
1998, 3.40930104208656 
1999, 25.7519635877986 
2000, 36.9753951243175 
2001, 54.3969077239203 
2002, 63.1739534731161 
2003, 59.3723390577091 
2004, 39.8928910605046 
2005, 34.1887840631811 
2006, 13.7494754501597 
2007, 11.0808964178321 
2008, 35.4217981581724 
2009, 36.8398099168365 
2010, 24.3798790567762 
2011, 30.9419010859682 
2012, 18.152605597734 
2013, 9.94664639394565 
2014, 13.9382139930809 
2015, 34.7839485904086 
2016, 35.9294376049644 
2017, 33.8124959819593 
2018, 33.3586091260858 
2019, 22.7345569857815 
2020, 19.5537179689849 
2021, 28.8905990058848 
2022, 27.3925949233345 
2023, 14.2622928697369 
2024, 11.4880595818331 
2025, 9.24842613523683 
2026, 15.1830204322949 
2027, 15.8735001527873 
2028, 22.3075733924971 
2029, 23.6229686110611 
2030, 17.7117109186444 
2031, 15.5006354003583 
2032, 17.2681720444864 
2033, 16.7453434423364 
2034, 15.8191680155975 
2035, 13.7675544160542 
2036, 5.48496926660772 
2037, 4.23925301238291 
2038, 6.99350431380362 
2039, 6.35847428273489 
2040, 11.40457931564 
2041, 25.7549263950633 
2042, 35.4946198953719 
2043, 49.6611814218025 
2044, 51.5132337953277 
2045, 47.6687816843299 
2046, 44.2375913526569 
2047, 27.3830804825564 
2048, 19.3724800408183 
2049, 19.5140674419339 
2050, 16.0657997221584 
2051, 4.23355649066469 
2052, 12.303969759661 
2053, 18.3803511676088 
2054,-5.22163913195175 
2055,-7.27780575946265 
2056,-7.04509791034252 
2057,-4.30166536582785 
2058, 11.4410102668571 
2059, 17.4178845400129 
2060, 19.7642215126596 
2061, 19.6261428460519 
2062, 12.1617041289119 
2063, 8.27993584135532 
2064, 6.49603913528745 
2065, 3.81362989196153 
2066,-3.31209437054223 
2067,-5.01730126144751E-02 
2068,-1.41999248536877 
2069,-5.59657379421799 
2070,-6.70836991703771 
2071,-4.874236128961 
2072,-8.39736987989986 
2073,-15.2675710916746 
2074,-18.2591756136884 
2075,-23.1743533641481 
2076,-20.6763724007156 
2077,-10.7786782286221 
2078,-4.80517215667277 
2079, 1.58612389607182E-02 
2080, 6.34476572449307 
2081, 4.9438184455912 
2082, 20.144232519581 
2083, 33.0614984224468 
2084, 56.5745893296399 
2085, 63.3427677397435 
2086, 67.9486125628651 
2087, 66.3078278618065 
2088, 50.8030681901245 
2089, 41.7149689120705 
2090, 29.9824520028249 
2091, 22.1462191840377 
2092, 17.4300251179236 
2093, 11.8822881209406 
2094, 5.57527905995116 
2095, 5.35921560604595 
2096, 13.076545942109 
2097, 6.13955161965561 
2098, 12.0770202071457 
2099, 28.1779603142582 
2100, 30.6092481288147 
2101, 29.1421470973849 
2102, 30.6041031764285 
2103, 24.8116415385015 
2104, 27.5971367070787 
2105, 41.597100431382 
2106, 45.1814180923853 
2107, 45.0024623182974 
2108, 46.0077563866055 
2109, 38.5586599562744 
2110, 39.5229611790588 
2111, 43.0288454406704 
2112, 51.7239725702179 
2113, 82.2977833915374 
2114, 88.3964932281389 
2115, 94.6422155787676 
2116, 99.9483832820764 
2117, 103.671031494926 
2118, 101.402285572325 
2119, 92.9428636156796 
2120, 79.0412592403151 
2121, 71.13762870817 
2122, 47.8796917934017 
2123, 43.8994282542794 
2124, 59.8153867455784 
2125, 68.5693376933008 
2126, 91.2730417411766 
2127, 96.8819368123778 
2128, 92.9822234974035 
2129, 82.2386365021068 
2130, 82.3911460864453 
2131, 75.2559911361372 
2132, 77.9579467903871 
2133, 101.5980833065 
2134, 97.2631104840411 
2135, 76.2736848118796 
2136, 67.2204924166178 
2137, 40.1414147228847 
2138, 42.2787455002773 
2139, 67.4932149484043 
2140, 84.475239629645 
2141, 120.305016372648 
2142, 139.237457070775 
2143, 147.719486052069 
2144, 156.416492573586 
2145, 159.379187427747 
2146, 158.524919627657 
2147, 168.139209198876 
2148, 172.351532703161 
2149, 165.73551319046 
2150, 150.701960528774 
2151, 144.039116458253 
2152, 125.399154588755 
2153, 123.340160968624 
2154, 137.423374356106 
2155, 142.877707148792 
2156, 149.331908276106 
2157, 155.749540938173 
2158, 161.625562748064 
2159, 169.022618530241 
2160, 182.326184371636 
2161, 185.734282695026 
2162, 186.993955037448 
2163, 184.013461142938 
2164, 170.582182765328 
2165, 156.03154547313 
2166, 152.261643200692 
2167, 148.973230186012 
2168, 152.502102365611 
2169, 163.304631567572 
2170, 181.477271214995 
2171, 214.536853783183 
2172, 228.026564635478 
2173, 240.581435187281 
2174, 249.920009937191 
2175, 237.156176232541 
2176, 244.31366369728 
2177, 274.402232879628 
2178, 284.118495927285 
2179, 297.680948095279 
2180, 294.393909175647 
2181, 267.028473507258 
2182, 246.725888682401 
2183, 217.052542772239 
2184, 190.565279230259 
2185, 179.14630294938 
2186, 162.583699579542 
2187, 165.622896887698 
2188, 188.613772370388 
2189, 193.417775258023 
2190, 200.953224978295 
2191, 210.574725106959 
2192, 206.375260478917 
2193, 221.435183280181 
2194, 260.945910988297 
2195, 275.728499290368 
2196, 289.696261678534 
2197, 293.372739753596 
2198, 277.254441919333 
2199, 269.294313961551 
2200, 249.480684831944 
2201, 249.415807137542 
2202, 268.18223121642 
2203, 276.84441593927 
2204, 297.664455797855 
2205, 305.089142456632 
2206, 312.414078233623 
2207, 312.214946900995 
2208, 318.736748716886 
2209, 332.083824434176 
2210, 342.94510070406 
2211, 351.367280170052 
2212, 358.566426252734 
2213, 374.718053596592 
2214, 372.314396663036 
2215, 352.722272515208 
2216, 348.435780553852 
2217, 336.428640501079 
2218, 336.486299592874 
2219, 354.678352780589 
2220, 362.794230979624 
2221, 373.092244051032 
2222, 376.227779791854 
2223, 372.946044712524 
2224, 371.360167158194 
2225, 364.65742002095 
2226, 361.503171577939 
2227, 357.589262653675 
2228, 355.394775553615 
2229, 382.210901939821 
2230, 384.842266898341 
2231, 382.777766497586 
2232, 382.838172512035 
2233, 375.284873052237 
2234, 341.923712865972 
2235, 337.308422824654 
2236, 350.377635944832 
2237, 354.241349617411 
2238, 361.267373339811 
2239, 368.592627858415 
2240, 373.403603494226 
2241, 379.805571676376 
2242, 403.079235184762 
2243, 397.262986586378 
2244, 366.932381902503 
2245, 354.356682015617 
2246, 326.187277649783 
2247, 315.516907180218 
2248, 332.114500062921 
2249, 335.808261996108 
2250, 338.101801604533 
2251, 336.86167307474 
2252, 329.348289395653 
2253, 327.542718687053 
2254, 314.413027771404 
2255, 309.994275695045 
2256, 295.086343365145 
2257, 282.682835477432 
2258, 284.627609789514 
2259, 291.012252240382 
2260, 300.376016733838 
2261, 333.857229931627 
2262, 336.737586112413 
2263, 328.857274174669 
2264, 317.497986646392 
2265, 283.071276170943 
2266, 269.797357280146 
2267, 263.782191431681 
2268, 255.733783535059 
2269, 254.311219966897 
2270, 252.713613059216 
2271, 253.484046528845 
2272, 248.337891630872 
2273, 237.827542561049 
2274, 237.232468789178 
2275, 237.312416967321 
2276, 234.042954027402 
2277, 246.072107571264 
2278, 243.803705952201 
2279, 218.276746034771 
2280, 210.98070855134 
2281, 213.924709658578 
2282, 208.317258403047 
2283, 206.209862483036 
2284, 210.867874300898 
2285, 198.57667568761 
2286, 182.445190579296 
2287, 199.700110759403 
2288, 203.614226138287 
2289, 208.445287029112 
2290, 230.418259200184 
2291, 226.173456949811 
2292, 195.026497687328 
2293, 188.684970759061 
2294, 188.963503210166 
2295, 175.671095741563 
2296, 164.240176538208 
2297, 157.407963397354 
2298, 133.743332861745 
2299, 126.679849041229 
2300, 137.498208559469 
2301, 142.556738400354 
2302, 154.870824389999 
2303, 155.224618567945 
2304, 152.821328696437 
2305, 150.545042153721 
2306, 134.519975092039 
2307, 129.51875696548 
2308, 139.697374908029 
2309, 135.140644603655 
2310, 119.201393272903 
2311, 110.738917534114 
2312, 93.5558069114019 
2313, 84.7063443056417 
2314, 82.5143461330883 
2315, 94.6872000226431 
2316, 85.8869260955531 
2317, 92.4507828902598 
2318, 98.1299133027154 
2319, 99.134572935798 
2320, 98.4513462660648 
2321, 99.5897423822946 
2322, 100.00203212756 
2323, 80.3764390234199 
2324, 78.5202346026708 
2325, 88.1492549568059 
2326, 82.8458399144159 
2327, 86.7452764789693 
2328, 79.1877979661458 
2329, 59.9883542555112 
2330, 47.4453876361529 
2331, 26.6478145558455 
2332, 25.9710170554961 
2333, 39.3396998844947 
2334, 41.2094498664605 
2335, 56.9895107372505 
2336, 55.2277308490019 
2337, 29.6634384550787 
2338, 30.0944598925245 
2339, 36.4780903533208 
2340, 43.3348286934017 
2341, 62.5605161458491 
2342, 73.7266283919013 
2343, 89.5469860652663 
2344, 87.9984359860045 
2345, 74.3929407886336 
2346, 70.9156835889856 
2347, 56.5168965487213 
2348, 48.0031410554991 
2349, 49.4695350526355 
2350, 51.6957222034477 
2351, 53.9205425768279 
2352, 53.0447439904346 
2353, 58.0533368659863 
2354, 56.981924895707 
2355, 44.454623745888 
2356, 38.9267078389605 
2357, 40.4900890505739 
2358, 35.0686378265925 
2359, 18.2066186005543 
2360, 19.2652463301265 
2361, 28.0798505256089 
2362, 36.1263023197455 
2363, 60.1528739203868 
2364, 76.6585385138686 
2365, 75.4035079191022 
2366, 60.2286298500121 
2367, 29.3840455076622 
2368,-9.0611362185876 
2369,-42.1151176386962 
2370,-45.2570794121113 
2371,-16.4206263906047 
2372, 18.5782583266198 
2373, 35.6494708991741 
2374, 25.4134451771657 
2375, 3.38219971059132 
2376,-16.4914046292876 
2377,-27.307501205755 
2378,-19.3303157405525 
2379,-5.81194113764824 
2380,-8.64309043261657 
2381, 1.70211121035509 
2382, 22.2239153878714 
2383, 34.3002304974129 
2384, 50.3919719020867 
2385, 60.6089789938256 
2386, 60.986526445333 
2387, 38.6251883548832 
2388, 14.3464301113814 
2389,-1.84941684222518 
2390,-12.801766033343 
2391, 3.55718675557771 
2392, 24.5660936028869 
2393, 42.8461147952892 
2394, 49.531730863965 
2395, 36.5062296314375 
2396, 29.0479410952055 
2397, 16.2036795376957 
2398, 4.31697454727175 
2399,-2.81841025595435 
2400,-28.3802904450154 
2401,-43.3753312080583 
2402,-45.7194488656434 
2403,-45.540018889989 
2404,-25.6252674215395 
2405,-14.9326486335574 
2406, 0.213789805682534 
2407, 1.3099142234339 
2408,-6.56966267108941 
2409,-10.5960540918035 
2410,-25.7735596168955 
2411,-28.4290740225239 
2412,-21.0294948878711 
2413,-15.6019063502176 
2414,-4.66746258125383 
2415,-5.77827749299455 
2416,-7.92211905058459 
2417,-14.9860384136167 
2418,-40.4047063538346 
2419,-38.2697024130606 
2420,-24.2209317328698 
2421,-23.3024338407687 
2422,-15.6352905253765 
2423,-3.26080340272229 
2424, 2.71486949632039 
2425, 22.2317876156119 
2426, 71.8134489823157 
2427, 78.6900121802779 
2428, 60.8474644898951 
2429, 48.0913212615144 
2430, 13.275139067755 
2431,-1.48284634224271 
2432,-4.49895672120667 
2433,-4.53381656016649 
2434, 0.587972786085778 
2435, 4.1267533784965 
2436, 16.9843298319353 
2437, 12.8596703138239 
2438,-3.83146505312336 
2439,-8.80698795874198 
2440,-12.788739611989 
2441,-20.7772330260355 
2442,-27.2608499857061 
2443,-32.9510288177838 
2444,-51.0474061597673 
2445,-45.0746785767411 
2446,-21.499002177913 
2447, 19.1412807760749 
2448, 49.1882123162463 
2449, 51.2132028572674 
2450, 54.5982673426617 
2451, 46.1254295882854 
2452, 30.5007613887667 
2453, 44.5008135984236 
2454, 59.1897916013099 
2455, 52.6566495480432 
2456, 42.290071384272 
2457, 16.7708066024227 
2458, 3.46816844180973 
2459, 17.0274196110753 
2460, 18.4899426030019 
2461, 42.2513532142547 
2462, 58.2137964355641 
2463, 30.5901317179366 
2464, 30.5214647942687 
2465, 28.1835446850551 
2466, 6.09377791280924 
2467, 24.5783602701521 
2468, 35.415943588296 
2469, 28.7031689000828 
2470, 35.9926210388954 
2471, 24.2412951925844 
2472, 5.74730859643175 
2473,-13.7270984527758 
2474,-37.6635331946188 
2475,-36.2038233135634 
2476,-25.2976899140613 
2477,-10.7776075505514 
2478, 11.800561345149 
2479, 14.8755039602153 
2480, 5.9774070751911 
2481,-7.63086544954218 
2482,-7.86006649007476 
2483,-3.31921164038982 
2484,-11.1951318138746 
2485,-9.67043103381127 
2486,-3.32631801920602 
2487, 11.1929254111842 
2488, 27.6502687159875 
2489, 51.577050169261 
2490, 57.9603199437004 
2491, 41.2791582048035 
2492, 34.7718689302235 
2493, 19.5425595576539 
2494, 16.3856365833959 
2495, 15.8119520627485 
2496, 12.9823899561801 
2497, 15.5610028756324 
2498, 7.74414105875455 
2499,-10.5485230221077 
2500,-25.5257413167732 
