Wavelength,0212202100008.asd
350, 164.579509034062 
351, 173.724503190506 
352, 181.492407685528 
353, 186.225111770808 
354, 192.563252925081 
355, 199.73548279979 
356, 206.044245113171 
357, 211.464625195573 
358, 218.997118073555 
359, 228.012512260823 
360, 236.66567817003 
361, 247.62485536715 
362, 260.036527880418 
363, 272.630828994738 
364, 284.202826909679 
365, 297.095726407255 
366, 309.026697003983 
367, 318.412220474576 
368, 326.710507352307 
369, 331.151117661037 
370, 333.241453041883 
371, 334.637853670249 
372, 331.069642433438 
373, 330.205442221442 
374, 331.718995346284 
375, 330.629426838039 
376, 333.202597836727 
377, 334.018929783108 
378, 330.918387840979 
379, 327.888513077671 
380, 325.077601927345 
381, 321.387387411246 
382, 316.009296362364 
383, 309.896493006243 
384, 304.471919764347 
385, 301.130213155818 
386, 301.492708218329 
387, 309.573316657396 
388, 317.478147180047 
389, 321.937803354883 
390, 325.593988261548 
391, 329.362249970515 
392, 332.111747553378 
393, 333.677779235386 
394, 336.322096531138 
395, 346.472172821718 
396, 363.116049942015 
397, 383.533514136777 
398, 413.567732374723 
399, 447.083428572921 
400, 481.041407547805 
401, 515.384277593017 
402, 545.754433764426 
403, 570.210527862242 
404, 588.45386650781 
405, 601.874961419421 
406, 614.103851147389 
407, 625.841436320822 
408, 637.647611254123 
409, 654.326168326844 
410, 673.950490290787 
411, 694.201274424677 
412, 713.11572957236 
413, 734.274397616233 
414, 755.53784226646 
415, 775.168427619818 
416, 793.532530899645 
417, 811.092445470118 
418, 828.158934071282 
419, 844.891304382004 
420, 861.057861700012 
421, 877.264299556071 
422, 893.924772037707 
423, 911.14478217108 
424, 928.486138277101 
425, 941.741908362467 
426, 948.194385075687 
427, 948.112153674979 
428, 946.053270201337 
429, 948.551889760411 
430, 960.442807521758 
431, 978.251717248583 
432, 1002.16422180012 
433, 1036.60437102126 
434, 1086.78380862633 
435, 1136.34112117756 
436, 1174.33540579865 
437, 1200.13550872482 
438, 1228.42653589689 
439, 1254.493115908 
440, 1278.95993578776 
441, 1304.28080034341 
442, 1334.87574597821 
443, 1365.23247501306 
444, 1392.31447593874 
445, 1415.4525163403 
446, 1434.25517848481 
447, 1451.32812302942 
448, 1469.49435759917 
449, 1491.6860595278 
450, 1509.34821810704 
451, 1517.25080022512 
452, 1514.32864653715 
453, 1511.01991709264 
454, 1503.94184429832 
455, 1493.93428506238 
456, 1486.03279848752 
457, 1484.61989891414 
458, 1485.2663305208 
459, 1483.60218929427 
460, 1478.8724340585 
461, 1474.0211790223 
462, 1468.5594004695 
463, 1460.7183803063 
464, 1450.29380279509 
465, 1435.20471382946 
466, 1416.44432538977 
467, 1398.28133409353 
468, 1385.49295625955 
469, 1375.76109789505 
470, 1367.58895385127 
471, 1366.42855429931 
472, 1366.38816900888 
473, 1366.38195194951 
474, 1367.23655781234 
475, 1366.30699786927 
476, 1365.47915827789 
477, 1365.95546477564 
478, 1367.56408810196 
479, 1371.3588542043 
480, 1376.31409461483 
481, 1379.73544603159 
482, 1376.29649255191 
483, 1365.0450721667 
484, 1343.55136629249 
485, 1310.72074246078 
486, 1280.61373321532 
487, 1260.01843809232 
488, 1255.12826909815 
489, 1273.83739910911 
490, 1295.38745323832 
491, 1310.73520116369 
492, 1317.38665224289 
493, 1320.87101062471 
494, 1325.04737458607 
495, 1332.34022803269 
496, 1342.88490264526 
497, 1344.50307428037 
498, 1339.88100481052 
499, 1332.4961367075 
500, 1320.82282663642 
501, 1313.58686673121 
502, 1311.69785617053 
503, 1314.02928340224 
504, 1328.28996306469 
505, 1345.0032169652 
506, 1359.72751183234 
507, 1374.57686831121 
508, 1384.50610114607 
509, 1391.65086871409 
510, 1399.2090923193 
511, 1409.02024670588 
512, 1415.57483240693 
513, 1416.23536769402 
514, 1410.29324766692 
515, 1397.85316753296 
516, 1381.32319155713 
517, 1365.83427095909 
518, 1359.51749824827 
519, 1373.93325068651 
520, 1408.81059402488 
521, 1455.42390172267 
522, 1493.21314110804 
523, 1520.70558328864 
524, 1539.78476148716 
525, 1554.4051029387 
526, 1559.91254028202 
527, 1561.84226744615 
528, 1570.61770512788 
529, 1604.90743626149 
530, 1646.47805622802 
531, 1679.03009994051 
532, 1691.49091492007 
533, 1697.50313285505 
534, 1706.10975964579 
535, 1722.72893174929 
536, 1748.46973666516 
537, 1766.80997196224 
538, 1774.84370765153 
539, 1775.24852149503 
540, 1774.90671631276 
541, 1776.36413332869 
542, 1785.33537576173 
543, 1807.02006554671 
544, 1830.69806302939 
545, 1851.41987857813 
546, 1865.8234930812 
547, 1871.45315341658 
548, 1877.01677403124 
549, 1884.62226648178 
550, 1893.68091952274 
551, 1902.69286228122 
552, 1910.07440487686 
553, 1915.99999515436 
554, 1921.94593118105 
555, 1926.62041730527 
556, 1924.22676805314 
557, 1912.00324670905 
558, 1894.13949049594 
559, 1879.4251295015 
560, 1873.7781829684 
561, 1879.35020894325 
562, 1888.31051950458 
563, 1893.73628404735 
564, 1891.58752353429 
565, 1881.25771421756 
566, 1867.78279068849 
567, 1855.06940636626 
568, 1844.83876790512 
569, 1833.93995787029 
570, 1818.90380623375 
571, 1804.76808673801 
572, 1800.94806324439 
573, 1803.62964309501 
574, 1803.60906936069 
575, 1795.13159859995 
576, 1778.84636062583 
577, 1764.51385439366 
578, 1757.55966738798 
579, 1760.28567940924 
580, 1769.66934788577 
581, 1786.64252759268 
582, 1806.82825726094 
583, 1821.29041398283 
584, 1832.42538241059 
585, 1832.34174098569 
586, 1818.58173624845 
587, 1805.58463661934 
588, 1789.37727699967 
589, 1764.97678093349 
590, 1732.43032034711 
591, 1728.24164670826 
592, 1740.88435953384 
593, 1754.07932899195 
594, 1751.96560694281 
595, 1740.51502320374 
596, 1727.04989377875 
597, 1716.17023487429 
598, 1700.96887003778 
599, 1681.43870456974 
600, 1660.92668669975 
601, 1644.73023861208 
602, 1631.71229367511 
603, 1625.106918243 
604, 1625.3286364316 
605, 1627.75441278272 
606, 1622.77863651314 
607, 1611.95913983831 
608, 1600.79289079559 
609, 1590.42205620576 
610, 1579.86167812592 
611, 1570.28973218865 
612, 1564.60016317924 
613, 1556.37099771358 
614, 1544.87107117993 
615, 1532.29414682981 
616, 1524.66464801376 
617, 1520.43869356414 
618, 1521.61357899096 
619, 1529.86731160419 
620, 1536.73525187646 
621, 1536.52462691997 
622, 1528.21987420171 
623, 1516.16584786773 
624, 1501.60875335368 
625, 1487.97746452363 
626, 1477.65198035206 
627, 1469.12439127433 
628, 1457.66232660306 
629, 1446.13600878041 
630, 1441.91350792052 
631, 1444.85966324944 
632, 1450.57165344098 
633, 1455.93056408581 
634, 1460.94091964667 
635, 1467.65445306582 
636, 1472.57325234742 
637, 1472.56323859672 
638, 1474.19118217248 
639, 1471.98449275143 
640, 1464.13161050527 
641, 1452.74278405686 
642, 1445.03957452804 
643, 1441.65430817464 
644, 1439.89858263209 
645, 1433.00981560995 
646, 1424.09866711927 
647, 1413.80908093831 
648, 1402.6872725258 
649, 1394.34345467621 
650, 1387.49215087158 
651, 1383.38875245706 
652, 1385.54613190604 
653, 1382.64424828442 
654, 1367.31101587613 
655, 1337.9536563437 
656, 1301.43020360797 
657, 1276.24285505201 
658, 1280.39604710529 
659, 1321.30386165025 
660, 1353.02765264422 
661, 1367.82039277043 
662, 1369.22462293878 
663, 1369.6887371662 
664, 1369.77048699945 
665, 1369.34212169029 
666, 1368.28753317305 
667, 1368.48334361101 
668, 1368.26933129714 
669, 1367.01710895237 
670, 1364.71041898072 
671, 1360.95123039483 
672, 1358.31221381997 
673, 1358.17991975444 
674, 1359.9387852343 
675, 1361.0426528372 
676, 1361.66420645589 
677, 1362.56404377581 
678, 1363.62976432284 
679, 1364.80693508052 
680, 1365.22067782813 
681, 1363.80232236979 
682, 1362.86308230921 
683, 1359.26009217589 
684, 1347.11690995882 
685, 1317.98428888637 
686, 1264.35062360428 
687, 1188.56297843372 
688, 1110.0791326667 
689, 1088.42898741632 
690, 1120.02114846264 
691, 1179.0836059906 
692, 1228.31823339217 
693, 1272.2151705214 
694, 1303.3902366384 
695, 1321.05074108162 
696, 1334.84976658241 
697, 1345.75816526143 
698, 1351.60810610416 
699, 1350.75256486191 
700, 1346.8565976218 
701, 1344.62584682681 
702, 1345.76708118251 
703, 1350.16868917125 
704, 1361.73057604357 
705, 1375.16371868943 
706, 1385.22046793766 
707, 1388.39167625939 
708, 1393.63619625312 
709, 1399.35640716662 
710, 1402.61937028558 
711, 1406.35593170965 
712, 1408.24698545117 
713, 1408.74769775571 
714, 1408.97824279569 
715, 1403.25306311548 
716, 1388.5685788467 
717, 1361.88019577495 
718, 1319.94796616709 
719, 1286.81183152 
720, 1277.31143611585 
721, 1295.52133754972 
722, 1328.79214649869 
723, 1350.07184347361 
724, 1350.98658199444 
725, 1338.32715663905 
726, 1338.67142458324 
727, 1345.08090208357 
728, 1350.51075009995 
729, 1351.80558185496 
730, 1359.45690230064 
731, 1374.86327363176 
732, 1395.63634620448 
733, 1416.27295589272 
734, 1433.90392528892 
735, 1445.31825197167 
736, 1448.62002920639 
737, 1446.16384754977 
738, 1443.62505901658 
739, 1441.84603546498 
740, 1437.76155450026 
741, 1435.84381519149 
742, 1437.61489460789 
743, 1442.83143351522 
744, 1449.380828293 
745, 1453.88547568026 
746, 1455.029898936 
747, 1453.37540728302 
748, 1452.82424298557 
749, 1451.05668151764 
750, 1445.88033797935 
751, 1436.85829961991 
752, 1434.58342046727 
753, 1435.99301155216 
754, 1436.96251925812 
755, 1434.12139714626 
756, 1427.96985378142 
757, 1399.64099148858 
758, 1318.04124523555 
759, 1130.98648666214 
760, 861.012732429206 
761, 607.735358327274 
762, 483.751781027911 
763, 497.286749134347 
764, 581.880624098045 
765, 705.091561896535 
766, 864.453420766189 
767, 1034.16959150671 
768, 1176.59851446135 
769, 1271.75031425024 
770, 1326.85447390303 
771, 1353.22283578419 
772, 1362.19393440955 
773, 1363.4879064596 
774, 1363.20865349891 
775, 1361.6035384352 
776, 1358.9218471517 
777, 1355.06412884334 
778, 1349.52347152115 
779, 1343.77748078373 
780, 1338.33632021462 
781, 1332.79861041025 
782, 1327.85073686267 
783, 1322.12759454431 
784, 1315.11949855096 
785, 1308.06180212425 
786, 1300.0720945454 
787, 1290.94410650443 
788, 1280.73738120825 
789, 1269.84179870702 
790, 1257.13700962986 
791, 1243.03168983622 
792, 1228.53350738321 
793, 1213.14432282124 
794, 1202.46259109035 
795, 1196.92497646878 
796, 1192.91569620652 
797, 1192.12785431762 
798, 1188.51797283115 
799, 1179.58853086997 
800, 1168.67501696412 
801, 1157.47543802473 
802, 1147.65876952564 
803, 1139.1078725761 
804, 1127.97907089003 
805, 1118.65934997727 
806, 1111.1108595226 
807, 1103.4661138341 
808, 1093.50282878897 
809, 1080.98042694272 
810, 1067.11765248133 
811, 1053.36334439116 
812, 1037.82585195798 
813, 1016.39749751185 
814, 988.223341637964 
815, 956.231899256374 
816, 927.138094469452 
817, 903.525236367649 
818, 888.164527813247 
819, 884.992361133296 
820, 881.059978187926 
821, 875.679532607029 
822, 870.11345088226 
823, 862.01789675441 
824, 858.068404917512 
825, 859.322095465922 
826, 862.784492352594 
827, 860.297691479278 
828, 849.698842554449 
829, 836.863870761374 
830, 829.810467597731 
831, 822.897328818209 
832, 817.375404598855 
833, 812.819035489836 
834, 807.689612377968 
835, 805.276227040407 
836, 803.722209003656 
837, 801.47106512422 
838, 798.115982415138 
839, 792.942389980729 
840, 785.134740660649 
841, 775.732199624834 
842, 768.617926473364 
843, 760.663528721313 
844, 752.291337515188 
845, 744.348483372064 
846, 736.646659083477 
847, 728.04406526659 
848, 716.270709296431 
849, 700.751639849157 
850, 687.453244533258 
851, 673.448389827616 
852, 659.253278389409 
853, 646.687735786794 
854, 635.150411366269 
855, 626.985026754548 
856, 624.386568425419 
857, 628.367502254221 
858, 636.206995959159 
859, 637.581999927573 
860, 631.962453358337 
861, 627.006530286435 
862, 618.490245337573 
863, 608.054550066255 
864, 596.927023696705 
865, 585.093717980181 
866, 572.430876898797 
867, 561.979582167513 
868, 556.250295726653 
869, 555.972625959244 
870, 556.899961902921 
871, 555.898064672433 
872, 551.816710372304 
873, 546.326463424797 
874, 540.627483829286 
875, 534.245694282995 
876, 527.038943504818 
877, 520.75509614576 
878, 513.6341325892 
879, 507.470766436324 
880, 503.374047806064 
881, 497.748798643715 
882, 490.942726419346 
883, 484.55869249771 
884, 479.564989416179 
885, 473.04868462548 
886, 467.247826726922 
887, 461.291323628823 
888, 454.265151108024 
889, 450.466936832241 
890, 444.540496871223 
891, 437.169782258527 
892, 430.64871723685 
893, 420.195046420724 
894, 408.850385283599 
895, 396.830570233406 
896, 383.165834289761 
897, 369.465480733766 
898, 357.518198634088 
899, 347.750896871699 
900, 339.942984630025 
901, 335.472464769786 
902, 334.087842162698 
903, 333.30053816808 
904, 330.20955734714 
905, 327.403720073185 
906, 324.072294567634 
907, 319.461468948391 
908, 313.155113529978 
909, 305.26106160119 
910, 296.679195472018 
911, 290.121256084342 
912, 288.190209217816 
913, 286.162207063117 
914, 283.257290188171 
915, 280.157411197643 
916, 278.145201640837 
917, 276.718143356251 
918, 274.290561816764 
919, 271.254401700688 
920, 269.318032813798 
921, 268.809385789066 
922, 265.594663343735 
923, 260.529371253726 
924, 257.064415550881 
925, 250.323153880077 
926, 242.806593553323 
927, 234.379334544287 
928, 223.360085780298 
929, 212.014355471849 
930, 198.2713911248 
931, 182.966575039997 
932, 168.817640927045 
933, 157.032467190934 
934, 146.696157368906 
935, 139.305195327693 
936, 136.580816223058 
937, 134.59091266902 
938, 135.646107235795 
939, 137.533008786689 
940, 137.343228284816 
941, 139.850466701504 
942, 139.954244085454 
943, 138.310535024648 
944, 136.857919169254 
945, 131.251296056176 
946, 128.197826631027 
947, 127.24597660039 
948, 126.09631667287 
949, 126.585901750336 
950, 125.748215029349 
951, 124.258696694511 
952, 123.758447212644 
953, 125.084293276933 
954, 124.06218761181 
955, 122.034721602815 
956, 120.923595751097 
957, 120.389576500253 
958, 122.146610073345 
959, 121.327188824291 
960, 118.398275220363 
961, 122.936205039251 
962, 122.839573343204 
963, 121.702715117137 
964, 121.875859914558 
965, 120.989254299054 
966, 121.418156997273 
967, 121.711569254498 
968, 121.396979990398 
969, 121.204221195567 
970, 120.17430862155 
971, 119.5114714286 
972, 118.633619788083 
973, 116.275841391982 
974, 114.416962229698 
975, 113.318938105768 
976, 111.492276926211 
977, 108.198298911534 
978, 108.228327522493 
979, 106.236097961134 
980, 104.289860519206 
981, 104.582487247577 
982, 103.110164635967 
983, 101.512754237614 
984, 100.166091485878 
985, 99.0560071100793 
986, 97.952915466928 
987, 95.322909763204 
988, 93.696195966305 
989, 92.8478180076612 
990, 89.6330753869008 
991, 87.7914084976127 
992, 87.1833968574282 
993, 86.4881848890211 
994, 84.5845071940673 
995, 83.76246521245 
996, 81.6682306001753 
997, 79.4250821396548 
998, 78.4424893094959 
999, 75.7054551007277 
1000, 73.6402711537136 
1001, 441.588360200867 
1002, 445.506953606242 
1003, 448.45571114323 
1004, 450.429501278943 
1005, 450.036887407052 
1006, 451.40535719429 
1007, 448.223724404705 
1008, 443.846519694206 
1009, 444.495706916848 
1010, 448.296014596437 
1011, 450.647003350259 
1012, 454.685272155169 
1013, 462.578405663041 
1014, 468.190879702091 
1015, 470.614772693939 
1016, 477.450010956406 
1017, 481.032198316908 
1018, 480.31577082638 
1019, 485.459110081361 
1020, 488.435046734472 
1021, 489.510372679127 
1022, 490.313010543264 
1023, 489.308930425647 
1024, 487.980962242087 
1025, 494.121796568407 
1026, 497.320645454958 
1027, 500.602620046491 
1028, 507.58833685657 
1029, 507.028136979154 
1030, 510.737975709535 
1031, 519.995374316953 
1032, 523.584698620811 
1033, 527.739755872539 
1034, 530.761817126281 
1035, 531.256554807514 
1036, 527.314084710448 
1037, 526.512475427316 
1038, 527.26788659739 
1039, 525.164473877021 
1040, 525.182622547686 
1041, 527.603578288445 
1042, 532.992773646359 
1043, 541.426170101479 
1044, 544.479624474133 
1045, 542.422667012475 
1046, 535.543121785111 
1047, 533.953078407032 
1048, 530.157688242607 
1049, 534.608075042451 
1050, 540.054016615643 
1051, 545.04984645456 
1052, 548.113830575672 
1053, 542.163364363999 
1054, 534.349780793211 
1055, 534.010718844393 
1056, 535.126937456286 
1057, 539.9612758644 
1058, 546.210643493555 
1059, 550.254325323232 
1060, 554.630717247277 
1061, 555.223149805412 
1062, 556.158225311017 
1063, 558.870351175156 
1064, 562.060123542083 
1065, 558.030500736182 
1066, 562.129375067839 
1067, 567.745955982926 
1068, 573.9003997484 
1069, 584.527463661769 
1070, 589.38157433037 
1071, 596.783604236485 
1072, 605.184022628672 
1073, 610.989962691534 
1074, 615.164016189188 
1075, 620.535085720364 
1076, 624.34711107877 
1077, 628.929721899506 
1078, 637.353783507529 
1079, 648.451590712328 
1080, 654.734407904272 
1081, 659.887869545883 
1082, 662.733874065193 
1083, 659.219703494469 
1084, 659.238391107457 
1085, 663.224529961224 
1086, 667.942849089697 
1087, 675.509900089976 
1088, 681.155402786 
1089, 690.833368388338 
1090, 692.948905168307 
1091, 689.381086311368 
1092, 687.397086594948 
1093, 683.386702548967 
1094, 678.320372556188 
1095, 678.293765296408 
1096, 685.846950625136 
1097, 689.568525462294 
1098, 693.418717359495 
1099, 695.913359858881 
1100, 695.490703534797 
1101, 693.441571332055 
1102, 690.815696832689 
1103, 688.47144317724 
1104, 684.709065127714 
1105, 682.039417030956 
1106, 678.509872014604 
1107, 667.431226906431 
1108, 653.733325090857 
1109, 643.099390540957 
1110, 625.433170841818 
1111, 610.51985537241 
1112, 593.254228685809 
1113, 572.399083152648 
1114, 549.831730274189 
1115, 524.92517760356 
1116, 503.791714498204 
1117, 483.43099054855 
1118, 462.47898836132 
1119, 444.326601044352 
1120, 421.942716706505 
1121, 401.364589611216 
1122, 382.512948943008 
1123, 369.3862321168 
1124, 362.272756608881 
1125, 360.969231859988 
1126, 367.506608449276 
1127, 370.766177500625 
1128, 378.644642111768 
1129, 386.9078023911 
1130, 395.980081859122 
1131, 402.87098501507 
1132, 412.450802903644 
1133, 419.924515354328 
1134, 424.852501949545 
1135, 424.318535569894 
1136, 435.795481238819 
1137, 452.027553890076 
1138, 461.525747418576 
1139, 474.258612480306 
1140, 480.969347302278 
1141, 478.524545857504 
1142, 481.104355840747 
1143, 486.459502519452 
1144, 488.260747647247 
1145, 486.478584951798 
1146, 488.82378027646 
1147, 485.932515018025 
1148, 492.197337508803 
1149, 504.708038050878 
1150, 520.865407829602 
1151, 540.63922800214 
1152, 560.296662915438 
1153, 582.356379384335 
1154, 607.302973036924 
1155, 629.938552161733 
1156, 655.629523967369 
1157, 677.398618860727 
1158, 696.327225559196 
1159, 714.466393292759 
1160, 728.691987732571 
1161, 746.785254538786 
1162, 769.115296577579 
1163, 785.478979257654 
1164, 799.723659653386 
1165, 815.953583158439 
1166, 829.994496426154 
1167, 834.335694983331 
1168, 841.792101878593 
1169, 850.444988509161 
1170, 857.103670143691 
1171, 860.545421661994 
1172, 864.75340092071 
1173, 869.401540396265 
1174, 872.365277043833 
1175, 873.893059441677 
1176, 875.001547150642 
1177, 876.875456148962 
1178, 875.65408787492 
1179, 867.222574865489 
1180, 866.11879991728 
1181, 865.600997127 
1182, 869.376574605503 
1183, 872.975997418951 
1184, 882.949835397889 
1185, 886.680751930678 
1186, 885.85599020386 
1187, 889.495245570764 
1188, 893.668389302855 
1189, 899.35333423902 
1190, 911.600209652771 
1191, 915.445320568015 
1192, 914.256817804451 
1193, 915.438659422879 
1194, 912.300273348127 
1195, 911.04590882292 
1196, 913.069264414416 
1197, 914.713473407718 
1198, 914.537671864192 
1199, 912.985541986725 
1200, 911.299185125461 
1201, 908.227492334995 
1202, 906.993008292772 
1203, 904.570435633914 
1204, 904.578172550219 
1205, 907.617711904139 
1206, 909.200619191919 
1207, 912.422545023637 
1208, 913.257681779825 
1209, 911.611693307472 
1210, 911.435534088109 
1211, 904.817557288045 
1212, 907.89083684015 
1213, 915.788642772608 
1214, 930.448947368366 
1215, 939.29714127574 
1216, 954.619122267107 
1217, 961.183023689715 
1218, 958.746289752197 
1219, 962.488216986868 
1220, 969.0729605411 
1221, 970.987591126537 
1222, 969.147735547335 
1223, 971.903165457766 
1224, 975.060470356336 
1225, 976.876229682548 
1226, 981.675139936993 
1227, 985.627808316136 
1228, 988.580407873444 
1229, 988.80886901347 
1230, 988.010375868404 
1231, 987.223771954568 
1232, 987.297847867042 
1233, 984.82214051856 
1234, 983.200935763281 
1235, 984.645349836456 
1236, 983.437730604 
1237, 978.708013251706 
1238, 976.214505800587 
1239, 975.768945300651 
1240, 973.304705649477 
1241, 971.51990263195 
1242, 966.753193759314 
1243, 956.908728565845 
1244, 951.213639238745 
1245, 946.394251377786 
1246, 940.472787421805 
1247, 936.806966347121 
1248, 937.290936284979 
1249, 934.152035976421 
1250, 929.182109406671 
1251, 925.37204580407 
1252, 922.612149340496 
1253, 917.319837341979 
1254, 914.011455760052 
1255, 904.712175491031 
1256, 891.45966126645 
1257, 876.630094225462 
1258, 852.678199878947 
1259, 836.564529687752 
1260, 825.593624034161 
1261, 810.87406474499 
1262, 796.619878902821 
1263, 784.495773516015 
1264, 770.886307078976 
1265, 751.816504980448 
1266, 740.424084849513 
1267, 730.706926294042 
1268, 728.691796508533 
1269, 731.595987280553 
1270, 736.15179918789 
1271, 750.253514927869 
1272, 758.928822958688 
1273, 763.301271530154 
1274, 774.644087739558 
1275, 792.242707151756 
1276, 803.774149820594 
1277, 817.242148464507 
1278, 828.693121895872 
1279, 836.437517720917 
1280, 841.808806067954 
1281, 847.961705170117 
1282, 851.173047101959 
1283, 856.170174952697 
1284, 856.976903530255 
1285, 863.807323546214 
1286, 876.160376500858 
1287, 885.558355086121 
1288, 897.297822956135 
1289, 904.030854117979 
1290, 906.676777604253 
1291, 911.339568649069 
1292, 917.250857463775 
1293, 918.205397774752 
1294, 917.064739001916 
1295, 916.072640344006 
1296, 908.293856243106 
1297, 904.937783444405 
1298, 904.908801582245 
1299, 907.380302150628 
1300, 902.682891511584 
1301, 897.898181196994 
1302, 893.210848166254 
1303, 883.311538559809 
1304, 880.237085193287 
1305, 884.184989597933 
1306, 880.005584409273 
1307, 873.230503113889 
1308, 869.34987497871 
1309, 862.523224723293 
1310, 857.506558262665 
1311, 855.162329132126 
1312, 853.311117551319 
1313, 851.706855367795 
1314, 848.920777791799 
1315, 848.165412494342 
1316, 846.277807402021 
1317, 841.246719729394 
1318, 837.180701165847 
1319, 836.438816042742 
1320, 837.589524469461 
1321, 836.773080253789 
1322, 834.079201665389 
1323, 831.703783507006 
1324, 829.744336878406 
1325, 822.291391121832 
1326, 813.891902933001 
1327, 801.998357342611 
1328, 781.304816291366 
1329, 765.397508941297 
1330, 747.37895306126 
1331, 736.104378553474 
1332, 729.162847754232 
1333, 723.171230387156 
1334, 723.628099063281 
1335, 721.080267512143 
1336, 716.347353536013 
1337, 712.642297695291 
1338, 718.650097608233 
1339, 714.994937909513 
1340, 706.89126607398 
1341, 698.030855689831 
1342, 678.741752503859 
1343, 647.838910924302 
1344, 616.37646053291 
1345, 580.07097312973 
1346, 541.356117939717 
1347, 496.322098014163 
1348, 452.611943709014 
1349, 407.41382278534 
1350, 361.190281586564 
1351, 309.389083633691 
1352, 265.019478922374 
1353, 219.841961050152 
1354, 181.409964239656 
1355, 149.684773887924 
1356, 121.379094703037 
1357, 93.2722504468198 
1358, 77.1907677776432 
1359, 67.9816450170743 
1360, 56.5316682045001 
1361, 49.9301680246179 
1362, 41.5289856193468 
1363, 34.1960574519365 
1364, 28.0837397437867 
1365, 22.9552812679338 
1366, 19.5290639903822 
1367, 19.0603894798994 
1368, 19.6635913126676 
1369, 22.0221974298735 
1370, 28.0741161088152 
1371, 33.244967964381 
1372, 39.3386693847091 
1373, 45.4846793918033 
1374, 55.8895589223045 
1375, 59.5276446776331 
1376, 58.4522420337945 
1377, 58.5063907070843 
1378, 53.4955077189923 
1379, 53.3487567382525 
1380, 52.7328300886242 
1381, 49.3327786640646 
1382, 46.858297279925 
1383, 45.0675610695778 
1384, 46.9268322707627 
1385, 50.3424407273357 
1386, 58.8963349608692 
1387, 67.6559818297608 
1388, 74.4444867294015 
1389, 83.2650804021774 
1390, 90.9020808300995 
1391, 96.7672545140699 
1392, 100.637307184169 
1393, 105.600291271603 
1394, 106.441241251135 
1395, 99.967959130286 
1396, 98.850950428239 
1397, 98.9332216654968 
1398, 100.344662248947 
1399, 103.761216564493 
1400, 107.794671941029 
1401, 112.750423491001 
1402, 116.317189322919 
1403, 119.086585146819 
1404, 124.862810270087 
1405, 127.829666836639 
1406, 135.484350264956 
1407, 149.283092358103 
1408, 162.338951874746 
1409, 174.396519242263 
1410, 184.64686597683 
1411, 195.763815918137 
1412, 204.809171980812 
1413, 214.742831342238 
1414, 226.975834552933 
1415, 237.453055552865 
1416, 245.376015251789 
1417, 253.929143270852 
1418, 263.549580035664 
1419, 272.121162176977 
1420, 278.010932850104 
1421, 286.926808072105 
1422, 299.683127241758 
1423, 308.008109712014 
1424, 316.098783338301 
1425, 322.7967463603 
1426, 327.960845098652 
1427, 329.17331286886 
1428, 328.453147516643 
1429, 324.797893095008 
1430, 322.633569379451 
1431, 316.006229072459 
1432, 311.039003876223 
1433, 310.528206273051 
1434, 306.341118633409 
1435, 307.029011305553 
1436, 311.805004386691 
1437, 315.585482634346 
1438, 317.408261625613 
1439, 318.195890449195 
1440, 321.094965462825 
1441, 322.565976706295 
1442, 325.573484483124 
1443, 330.877661617124 
1444, 335.547402269389 
1445, 341.343229119816 
1446, 345.647232657766 
1447, 349.805812632958 
1448, 353.718624980789 
1449, 353.510412485524 
1450, 357.578184773344 
1451, 365.057159856456 
1452, 372.217225768632 
1453, 382.644265572789 
1454, 389.681530928138 
1455, 393.918175027948 
1456, 401.931050544263 
1457, 404.510910051778 
1458, 404.751826093688 
1459, 406.69747884961 
1460, 401.365109138549 
1461, 392.939766490504 
1462, 385.806471588323 
1463, 372.574793285073 
1464, 354.290855773924 
1465, 340.025022019416 
1466, 323.384376294718 
1467, 313.059946678345 
1468, 307.173293951126 
1469, 300.232839671578 
1470, 296.272594857029 
1471, 292.309866349326 
1472, 288.545563443265 
1473, 285.525448312257 
1474, 281.996602589849 
1475, 282.004879487399 
1476, 284.641029501858 
1477, 284.513175061877 
1478, 287.364630274831 
1479, 288.644622329103 
1480, 284.933573246596 
1481, 285.515240305434 
1482, 287.617281992 
1483, 291.336524211183 
1484, 295.864410371794 
1485, 303.802780204458 
1486, 317.653223875571 
1487, 329.704994372663 
1488, 333.06139057166 
1489, 337.175986455135 
1490, 332.740446802138 
1491, 329.963629025269 
1492, 334.904126491117 
1493, 337.460485970696 
1494, 347.39815912686 
1495, 353.266815943455 
1496, 353.986066248056 
1497, 359.662653606522 
1498, 359.085826400833 
1499, 351.333767521569 
1500, 348.277312432594 
1501, 343.197945533458 
1502, 343.597935677885 
1503, 347.956655989164 
1504, 350.845403920693 
1505, 358.061625432471 
1506, 361.258610431997 
1507, 360.220381714823 
1508, 362.604342954001 
1509, 364.515463003437 
1510, 368.610425729452 
1511, 378.714324926737 
1512, 382.082224163309 
1513, 381.546461190693 
1514, 384.420137212815 
1515, 383.809081367594 
1516, 385.876099946041 
1517, 394.149828905318 
1518, 398.67886702578 
1519, 401.013022080449 
1520, 402.8090091503 
1521, 404.516380891738 
1522, 404.001212893819 
1523, 401.515800627444 
1524, 402.793149464271 
1525, 400.030440990362 
1526, 395.819668035664 
1527, 396.60804739546 
1528, 396.433132606839 
1529, 396.22858421181 
1530, 400.602372342718 
1531, 398.395269621137 
1532, 394.351064594781 
1533, 395.301672025751 
1534, 393.537934680988 
1535, 393.939885401519 
1536, 398.630595845826 
1537, 397.086009565443 
1538, 391.29773850806 
1539, 389.344676100064 
1540, 385.063951099447 
1541, 383.947537959514 
1542, 386.526464417123 
1543, 389.885324484934 
1544, 394.017918247134 
1545, 398.569939398451 
1546, 407.895762096602 
1547, 410.027827313191 
1548, 407.048550183605 
1549, 407.756136564965 
1550, 407.362192543468 
1551, 407.138901298687 
1552, 409.403976491368 
1553, 409.821210397776 
1554, 407.255022185822 
1555, 406.109327117796 
1556, 406.367427858593 
1557, 405.678523063469 
1558, 400.902740417093 
1559, 402.417780220078 
1560, 411.439130099652 
1561, 412.716510249935 
1562, 416.990791468416 
1563, 415.92492581226 
1564, 401.471683061445 
1565, 395.72337265876 
1566, 392.622116547009 
1567, 389.567848928728 
1568, 390.037668139441 
1569, 391.232637860094 
1570, 390.602921642319 
1571, 389.742495489587 
1572, 388.743458501923 
1573, 388.770382581531 
1574, 384.504566036962 
1575, 382.039894377631 
1576, 382.801229587663 
1577, 383.51118601167 
1578, 389.750586251421 
1579, 399.336940478313 
1580, 406.204382737736 
1581, 414.295752949275 
1582, 417.986142791025 
1583, 418.721653608311 
1584, 420.805003954942 
1585, 421.417699965659 
1586, 421.985289635354 
1587, 423.15323947511 
1588, 424.01013994086 
1589, 422.579482974966 
1590, 423.388553488507 
1591, 426.879186129181 
1592, 428.144764656772 
1593, 429.493130802499 
1594, 428.29641966349 
1595, 425.513927922571 
1596, 422.292009403774 
1597, 417.099851861941 
1598, 412.292234170585 
1599, 405.37641010032 
1600, 402.417716576169 
1601, 399.852039790547 
1602, 400.115649118952 
1603, 407.249319878231 
1604, 407.525278473053 
1605, 404.169326440343 
1606, 404.652757565801 
1607, 403.366040188736 
1608, 403.361739801069 
1609, 408.27129132015 
1610, 409.580768576011 
1611, 406.327548346902 
1612, 408.300744509651 
1613, 413.533635992562 
1614, 415.617614653488 
1615, 419.436168130489 
1616, 421.275148606028 
1617, 419.249202806954 
1618, 419.209024706094 
1619, 418.776332268197 
1620, 420.292892170226 
1621, 425.008302995392 
1622, 426.67116817421 
1623, 429.245018377361 
1624, 429.757281547329 
1625, 427.278491243666 
1626, 423.593202294444 
1627, 414.473643888461 
1628, 412.340561435074 
1629, 415.819987032445 
1630, 414.326711596996 
1631, 417.855120967535 
1632, 415.470164581197 
1633, 400.998406262029 
1634, 393.599216654615 
1635, 387.697313806823 
1636, 383.547638072088 
1637, 382.077301690205 
1638, 382.919400714805 
1639, 388.469034033207 
1640, 390.601271383617 
1641, 394.343164315984 
1642, 396.002244063607 
1643, 392.749680197644 
1644, 391.108516832033 
1645, 390.95913946386 
1646, 389.168035389667 
1647, 385.197690449767 
1648, 383.231121031177 
1649, 379.065875308465 
1650, 378.850299709413 
1651, 383.229974103829 
1652, 387.607584144356 
1653, 391.995799088325 
1654, 399.371589916097 
1655, 401.330591213008 
1656, 400.216702195616 
1657, 401.897769573695 
1658, 402.794623537251 
1659, 403.073049271781 
1660, 406.474655839634 
1661, 401.498345073619 
1662, 390.715450120884 
1663, 384.177031938196 
1664, 374.833260992048 
1665, 368.556900076659 
1666, 363.753919733792 
1667, 363.210287949759 
1668, 364.113912624889 
1669, 366.350820187543 
1670, 375.39836462405 
1671, 375.924727187793 
1672, 371.36023724692 
1673, 372.647668391674 
1674, 374.095732901952 
1675, 374.579310070206 
1676, 378.804077429571 
1677, 377.493399735385 
1678, 372.021983309027 
1679, 367.753538658351 
1680, 362.51316968685 
1681, 357.047423886757 
1682, 348.129563165389 
1683, 347.40163155068 
1684, 351.471230115223 
1685, 351.165102646906 
1686, 353.483501105341 
1687, 354.543597242154 
1688, 351.267534381488 
1689, 352.491997757862 
1690, 358.742337593311 
1691, 360.000456357392 
1692, 360.179598253173 
1693, 357.379832697542 
1694, 350.57200703962 
1695, 349.477046941864 
1696, 347.752826003151 
1697, 348.842417812315 
1698, 356.635420888623 
1699, 355.493585126557 
1700, 349.836210622646 
1701, 348.008232688074 
1702, 343.80490925527 
1703, 343.534032412595 
1704, 347.889202355072 
1705, 347.648418534665 
1706, 346.94093145295 
1707, 344.135200880395 
1708, 337.570501282823 
1709, 337.311904904954 
1710, 337.636794607205 
1711, 338.357658543716 
1712, 344.198142677268 
1713, 343.959304548462 
1714, 340.586623588332 
1715, 340.809037372676 
1716, 339.319535483277 
1717, 339.772379854473 
1718, 336.497930442698 
1719, 334.022311541497 
1720, 333.453951779071 
1721, 332.698558300331 
1722, 331.731727722947 
1723, 333.50229994664 
1724, 330.153928031463 
1725, 324.032360015936 
1726, 325.583088593735 
1727, 321.549610556056 
1728, 316.997136609193 
1729, 320.261447771253 
1730, 316.501582849998 
1731, 312.76169918202 
1732, 314.733809110675 
1733, 313.237320882731 
1734, 313.438654302565 
1735, 316.512552526999 
1736, 313.849761924281 
1737, 308.208073698327 
1738, 303.446033075904 
1739, 294.815995236193 
1740, 288.380667032699 
1741, 284.385633060173 
1742, 281.045847370642 
1743, 283.482569338638 
1744, 285.925464943219 
1745, 286.375895661985 
1746, 286.731089388841 
1747, 289.060682201634 
1748, 289.831298930296 
1749, 292.638677767075 
1750, 292.04201585349 
1751, 281.158933955178 
1752, 277.291367468959 
1753, 273.546528857864 
1754, 269.707713219539 
1755, 269.860072521507 
1756, 265.639039198413 
1757, 264.467691393819 
1758, 267.325791530304 
1759, 268.832253242036 
1760, 269.453302399542 
1761, 270.659017194097 
1762, 268.405788049589 
1763, 271.856574009083 
1764, 269.313948608573 
1765, 255.903273330407 
1766, 252.745882516349 
1767, 254.082195386136 
1768, 252.965132705129 
1769, 259.14834225164 
1770, 259.220024641264 
1771, 250.810830915464 
1772, 247.195063996247 
1773, 244.162793374974 
1774, 242.276818750754 
1775, 243.784618486183 
1776, 242.234026923388 
1777, 241.338289489697 
1778, 236.926294816524 
1779, 225.84542515547 
1780, 223.216948005405 
1781, 224.632518635983 
1782, 221.377042130375 
1783, 221.874972170372 
1784, 219.455390348804 
1785, 209.001213724036 
1786, 205.554960005971 
1787, 208.309002111884 
1788, 203.671988794251 
1789, 198.028767415891 
1790, 191.131961883798 
1791, 178.132814024417 
1792, 173.737136009277 
1793, 174.989487128396 
1794, 168.815187335503 
1795, 162.880642953974 
1796, 153.312172484789 
1797, 143.912730514788 
1798, 136.79654098757 
1799, 130.151080720979 
1800, 123.772663031413 
1801, 817.928710626126 
1802, 807.215257163452 
1803, 781.052721936907 
1804, 734.75021978004 
1805, 700.830950644519 
1806, 667.033450829802 
1807, 642.346798050332 
1808, 620.629894177385 
1809, 608.981456841679 
1810, 589.644717959103 
1811, 573.635219169407 
1812, 548.758799936726 
1813, 515.179941610949 
1814, 490.15731668388 
1815, 460.983949094011 
1816, 442.76815984291 
1817, 430.654976550184 
1818, 413.810424820916 
1819, 401.937570335605 
1820, 402.499112443566 
1821, 386.661751588217 
1822, 364.50787915056 
1823, 340.278980456485 
1824, 326.719196125065 
1825, 282.182838893859 
1826, 250.649402956381 
1827, 248.764942147191 
1828, 229.836387104998 
1829, 202.091308726904 
1830, 178.258486706932 
1831, 152.952836016664 
1832, 134.36090917757 
1833, 108.33840528116 
1834, 92.4511844260355 
1835, 94.4780978960911 
1836, 62.2482586607654 
1837, 49.2807778347136 
1838, 60.8236621407588 
1839, 66.1356301399255 
1840, 90.2772413271151 
1841, 102.929671689401 
1842, 110.621088410466 
1843, 111.516064000627 
1844, 115.98424285837 
1845, 96.0010770723088 
1846, 96.903696697427 
1847, 106.617090953953 
1848, 115.715923693475 
1849, 116.676856176859 
1850, 109.060849296545 
1851, 89.1648195042338 
1852, 72.9764070753426 
1853, 45.0818170720434 
1854, 30.2276862175273 
1855, 58.2192633596686 
1856, 70.4442549938612 
1857, 64.5468130016671 
1858, 80.724142508197 
1859, 83.9884670103141 
1860, 69.680656414715 
1861, 46.7486984147825 
1862, 61.7187819208342 
1863, 70.022454628178 
1864, 69.0311901221827 
1865, 85.6583752408052 
1866, 92.423516564382 
1867, 84.7909065272376 
1868, 80.5727829213336 
1869, 75.3905700348173 
1870, 69.9001750190912 
1871, 63.4312315793342 
1872, 53.1533772735693 
1873, 45.3364262186654 
1874, 39.8853138415274 
1875, 14.4349135033175 
1876, 9.57486625718322 
1877, 20.622409832507 
1878, 35.8943798232712 
1879, 67.4887024915265 
1880, 86.6178650349992 
1881, 106.7843510258 
1882, 121.559780763728 
1883, 127.610582586115 
1884, 123.663638358594 
1885, 126.700245322209 
1886, 134.402609404779 
1887, 131.856990504832 
1888, 132.616741016502 
1889, 142.654437500506 
1890, 137.871498484219 
1891, 137.129631828375 
1892, 139.000828291428 
1893, 143.143617805059 
1894, 125.805281889586 
1895, 110.690079009981 
1896, 99.203431315019 
1897, 88.0127874399079 
1898, 93.9348023045263 
1899, 96.6812430474183 
1900, 92.9162086770208 
1901, 87.7331307866958 
1902, 79.0921057117596 
1903, 58.3725904596182 
1904, 49.4979445293348 
1905, 57.190739359513 
1906, 41.5341729329075 
1907, 34.1643119419635 
1908, 34.9623361875229 
1909, 17.6100767818418 
1910, 8.77450672303873 
1911, 17.9635581645593 
1912, 44.2725366593615 
1913, 62.6934248797561 
1914, 90.9126616762297 
1915, 127.953731165035 
1916, 133.821463437952 
1917, 148.309964582055 
1918, 166.160106668061 
1919, 168.528875103608 
1920, 178.952192879074 
1921, 186.553781688247 
1922, 191.257447202076 
1923, 186.975628516348 
1924, 188.18036000118 
1925, 194.623458810896 
1926, 194.383427681245 
1927, 180.979635113189 
1928, 186.648852996264 
1929, 179.6404007945 
1930, 168.387720031512 
1931, 183.052874276267 
1932, 198.439150970094 
1933, 203.700802580249 
1934, 213.542337555807 
1935, 216.314225050144 
1936, 209.967221590806 
1937, 193.209887863398 
1938, 192.271657289789 
1939, 193.368828122537 
1940, 200.435267116484 
1941, 212.64041914148 
1942, 227.462216963731 
1943, 250.21692794836 
1944, 256.44048255125 
1945, 261.000546125292 
1946, 255.500845658965 
1947, 220.750442868158 
1948, 209.354500279758 
1949, 208.080461917762 
1950, 192.703146157131 
1951, 202.864251004311 
1952, 219.074064217621 
1953, 225.101817407304 
1954, 241.479413118648 
1955, 235.138204206572 
1956, 215.738378600461 
1957, 192.495222913847 
1958, 137.666374089458 
1959, 118.788693262024 
1960, 107.215252147611 
1961, 106.281115940606 
1962, 142.462912392264 
1963, 157.395928446167 
1964, 174.501976037215 
1965, 203.664655441326 
1966, 218.37615494241 
1967, 221.695208885915 
1968, 237.358141686983 
1969, 254.85393482386 
1970, 271.24744411756 
1971, 299.822657074062 
1972, 314.717302497729 
1973, 328.055410538229 
1974, 315.425130343237 
1975, 312.759887955062 
1976, 318.690892087004 
1977, 335.297384684918 
1978, 365.47961516063 
1979, 385.263805970965 
1980, 407.948062065998 
1981, 425.697007051641 
1982, 444.216606910478 
1983, 451.78721161868 
1984, 445.635804341108 
1985, 451.204025902462 
1986, 462.86930641494 
1987, 452.099498284456 
1988, 458.38579689933 
1989, 474.218130343972 
1990, 469.325497048545 
1991, 453.85022806531 
1992, 432.745908325675 
1993, 395.240466387883 
1994, 365.475193607765 
1995, 329.529041176699 
1996, 300.917262437774 
1997, 274.73574548854 
1998, 257.347224282965 
1999, 239.402125493023 
2000, 204.569640992171 
2001, 162.00464833641 
2002, 122.107480994911 
2003, 90.8033157279421 
2004, 47.9679924575505 
2005, 38.9209261398744 
2006, 55.5967078063805 
2007, 64.8604510653928 
2008, 105.594468179522 
2009, 116.195873803317 
2010, 104.398899532298 
2011, 104.397564321029 
2012, 103.380188098806 
2013, 104.85483199636 
2014, 109.945092080529 
2015, 131.131388456686 
2016, 132.722046111469 
2017, 113.045750766866 
2018, 121.57911714729 
2019, 133.358498177769 
2020, 158.041620378594 
2021, 216.627781241012 
2022, 248.786499691708 
2023, 270.669353258433 
2024, 299.122307015305 
2025, 310.117279022033 
2026, 328.800750602189 
2027, 352.479778658058 
2028, 381.822649614643 
2029, 406.836315362576 
2030, 444.208088427454 
2031, 455.49024689381 
2032, 447.036614456052 
2033, 452.572037110989 
2034, 447.046164578252 
2035, 451.171340369651 
2036, 480.100377967882 
2037, 487.267382355749 
2038, 491.153370950306 
2039, 474.513567652709 
2040, 458.630275203834 
2041, 427.770477857818 
2042, 410.596697628555 
2043, 387.083844470681 
2044, 381.013680458252 
2045, 390.706368761495 
2046, 390.553049672647 
2047, 405.788932593302 
2048, 401.236306715641 
2049, 380.658933973758 
2050, 361.287854286009 
2051, 327.323604461119 
2052, 302.30801110384 
2053, 278.395927791084 
2054, 282.399448080852 
2055, 281.718844174736 
2056, 296.814190709422 
2057, 298.517065157864 
2058, 299.554853262606 
2059, 294.260363110306 
2060, 274.191790560661 
2061, 274.661402958709 
2062, 280.16725615241 
2063, 290.130452614969 
2064, 318.4847039846 
2065, 337.304610371512 
2066, 354.690646621865 
2067, 368.990468574776 
2068, 380.486550847462 
2069, 395.472252124361 
2070, 393.775937331201 
2071, 371.389019803331 
2072, 375.256242095213 
2073, 372.338540308231 
2074, 388.607051865775 
2075, 441.574962786629 
2076, 468.119378369587 
2077, 482.469084438931 
2078, 507.198335240196 
2079, 539.514765044749 
2080, 555.742734513999 
2081, 568.332743389339 
2082, 587.163367122224 
2083, 584.562615610129 
2084, 550.886482492853 
2085, 547.244667487981 
2086, 550.022849703183 
2087, 549.775747247859 
2088, 552.223745485581 
2089, 563.683650678393 
2090, 585.548025629614 
2091, 592.940123113508 
2092, 605.258305333654 
2093, 612.588608033356 
2094, 592.166696387986 
2095, 593.241314848174 
2096, 610.570470133561 
2097, 631.392248670807 
2098, 639.040186619334 
2099, 649.588374484159 
2100, 652.881279374062 
2101, 641.783735859777 
2102, 642.425296612322 
2103, 646.477071497752 
2104, 651.032413737558 
2105, 653.988714888648 
2106, 660.781571172893 
2107, 675.066207477117 
2108, 685.858172669378 
2109, 696.086954491426 
2110, 708.364196815957 
2111, 723.929157835526 
2112, 736.369481931692 
2113, 728.314549514701 
2114, 728.142543249332 
2115, 730.86230604758 
2116, 722.51428156371 
2117, 725.424102210631 
2118, 743.7357090255 
2119, 755.879687753541 
2120, 763.76657640356 
2121, 778.313168790382 
2122, 805.245436361634 
2123, 817.078723891297 
2124, 828.132008865256 
2125, 830.146619225803 
2126, 810.942068663573 
2127, 806.22746309024 
2128, 803.277631079029 
2129, 800.514131086568 
2130, 806.775360475001 
2131, 825.067556908996 
2132, 837.107002641485 
2133, 854.320440706274 
2134, 861.157183506241 
2135, 860.660006737924 
2136, 867.213621313557 
2137, 862.453859059135 
2138, 876.732391202005 
2139, 913.927547984364 
2140, 932.607557117203 
2141, 961.947312950544 
2142, 971.409315050137 
2143, 956.165384504754 
2144, 949.627207982379 
2145, 942.497321984869 
2146, 921.669134212289 
2147, 920.846173880939 
2148, 918.039810396345 
2149, 916.52547205388 
2150, 926.196879318901 
2151, 914.663242157107 
2152, 882.749444950959 
2153, 877.448689301373 
2154, 870.649586013346 
2155, 870.485965001406 
2156, 901.767402076511 
2157, 906.092961487144 
2158, 891.48474418042 
2159, 885.543999655625 
2160, 867.410751567733 
2161, 864.297309691453 
2162, 877.502848324279 
2163, 881.315127905474 
2164, 877.982627488106 
2165, 893.533671842267 
2166, 904.812297357759 
2167, 916.079567844417 
2168, 919.051179719988 
2169, 928.631376151966 
2170, 925.169173846262 
2171, 898.922462327633 
2172, 892.216344890271 
2173, 879.674566986466 
2174, 893.955136411481 
2175, 945.587244590391 
2176, 960.991407092561 
2177, 984.888355262205 
2178, 987.889780789308 
2179, 945.126795313792 
2180, 926.73172073637 
2181, 907.950748659982 
2182, 903.217185333594 
2183, 908.303836466715 
2184, 922.466510455102 
2185, 949.988772539894 
2186, 969.587914763989 
2187, 979.050224151294 
2188, 980.311529208666 
2189, 986.390934570435 
2190, 981.178317096797 
2191, 989.899746244285 
2192, 1020.02360571043 
2193, 1022.46957116001 
2194, 1016.80007153275 
2195, 1006.01651967504 
2196, 972.929186192374 
2197, 952.291850734943 
2198, 933.085920765957 
2199, 919.780504719772 
2200, 906.824282017483 
2201, 900.957286592305 
2202, 899.441911314671 
2203, 905.555868960789 
2204, 924.922436975064 
2205, 942.682283240323 
2206, 953.075089022737 
2207, 958.576698528879 
2208, 959.494162213812 
2209, 944.249596233629 
2210, 944.883376510113 
2211, 958.639281818838 
2212, 953.926356822399 
2213, 934.340908985453 
2214, 936.765186791519 
2215, 945.625065418364 
2216, 942.386705751613 
2217, 949.125545645998 
2218, 951.503280070088 
2219, 932.12436827676 
2220, 929.211337890967 
2221, 940.155556471434 
2222, 951.084646970722 
2223, 978.255482883101 
2224, 981.546971762183 
2225, 974.190965957341 
2226, 969.427103341684 
2227, 950.100891595838 
2228, 922.87878235383 
2229, 922.909425185176 
2230, 928.142661913123 
2231, 932.294390738809 
2232, 947.629220992259 
2233, 944.909184915637 
2234, 932.727378359935 
2235, 926.744076960203 
2236, 910.908805974704 
2237, 908.035319015291 
2238, 923.707283411729 
2239, 916.882795286516 
2240, 901.151307557965 
2241, 890.397393772121 
2242, 859.960619813301 
2243, 853.892920657986 
2244, 869.591511388725 
2245, 872.072583517159 
2246, 888.419053200619 
2247, 887.130791374898 
2248, 873.607632512542 
2249, 855.679058379365 
2250, 813.575459417278 
2251, 790.095644998287 
2252, 763.314426621356 
2253, 754.976352235106 
2254, 760.520512080124 
2255, 769.557792385114 
2256, 779.591930038268 
2257, 778.617867533079 
2258, 778.547290491725 
2259, 774.434053940447 
2260, 774.818464689452 
2261, 776.730519114967 
2262, 774.090984995702 
2263, 773.255841457241 
2264, 762.748229135589 
2265, 738.931928871203 
2266, 730.761059142764 
2267, 730.807495102213 
2268, 719.156116795129 
2269, 706.013552857764 
2270, 698.771331237763 
2271, 678.916009767064 
2272, 673.137825977701 
2273, 693.003035583939 
2274, 691.026743112088 
2275, 676.897114357187 
2276, 672.231645114727 
2277, 667.14229159682 
2278, 656.465387156989 
2279, 644.991884974094 
2280, 636.906279504176 
2281, 623.09254100991 
2282, 610.652053804881 
2283, 606.118857761645 
2284, 617.018504624775 
2285, 626.179230862331 
2286, 611.54433560031 
2287, 609.454198558025 
2288, 591.553619311603 
2289, 565.651045813443 
2290, 523.290736083151 
2291, 505.50809698214 
2292, 480.215653082939 
2293, 477.075480012142 
2294, 506.139070403022 
2295, 511.409482125017 
2296, 511.364858326865 
2297, 513.40996978101 
2298, 510.002626390713 
2299, 507.126540120709 
2300, 513.702294029454 
2301, 509.16066752554 
2302, 487.354165679054 
2303, 485.229437978003 
2304, 491.662019537623 
2305, 489.95528221719 
2306, 495.831825188206 
2307, 496.240825711877 
2308, 478.634948655288 
2309, 480.076921071422 
2310, 504.586935098477 
2311, 509.012044219351 
2312, 516.000148172045 
2313, 507.924438062136 
2314, 468.325269948507 
2315, 454.188619130326 
2316, 433.836281702911 
2317, 419.185520265513 
2318, 435.783911929329 
2319, 420.298714457038 
2320, 403.833459045995 
2321, 402.867158502966 
2322, 392.649681428431 
2323, 388.989175791828 
2324, 389.526048242417 
2325, 392.90733745014 
2326, 392.798040691636 
2327, 393.4559425055 
2328, 397.491017342232 
2329, 406.523233286652 
2330, 410.866210147404 
2331, 421.219448188944 
2332, 414.101296567909 
2333, 396.570572967337 
2334, 388.332371271426 
2335, 370.178133447995 
2336, 356.833379563925 
2337, 347.528660919997 
2338, 341.605976259096 
2339, 336.969237243734 
2340, 333.132631202312 
2341, 344.387733203164 
2342, 337.298034776114 
2343, 317.629901032347 
2344, 300.87728709812 
2345, 271.374669245267 
2346, 260.666234200198 
2347, 252.996094402325 
2348, 251.076620543357 
2349, 272.065182274477 
2350, 270.350710073972 
2351, 257.341919504312 
2352, 252.665806434641 
2353, 234.032711220184 
2354, 236.472795526726 
2355, 259.505561969334 
2356, 277.173327878673 
2357, 315.470994881024 
2358, 323.125943958675 
2359, 309.645102760013 
2360, 299.381595522407 
2361, 262.211218491059 
2362, 245.676336924748 
2363, 236.696520368923 
2364, 241.031349689483 
2365, 260.093406933015 
2366, 275.39421943082 
2367, 280.875909295873 
2368, 274.101455399712 
2369, 246.047197522359 
2370, 238.354688796137 
2371, 237.422183334044 
2372, 236.119191139192 
2373, 252.498763769279 
2374, 253.957716520635 
2375, 249.976668939606 
2376, 252.516126389378 
2377, 226.951434490072 
2378, 195.300571560799 
2379, 199.847765980712 
2380, 197.791743773777 
2381, 206.58368040706 
2382, 227.844328504223 
2383, 197.913298534769 
2384, 173.117779956219 
2385, 169.031745821898 
2386, 150.593495131938 
2387, 163.564584072507 
2388, 176.360146556706 
2389, 167.258527353672 
2390, 179.947285160723 
2391, 169.804681812489 
2392, 160.82752187571 
2393, 161.584370032383 
2394, 166.25737953638 
2395, 202.449121394937 
2396, 215.838464044906 
2397, 224.788658373407 
2398, 217.368975072571 
2399, 173.757147709327 
2400, 147.819451897709 
2401, 119.769760683664 
2402, 112.935551583024 
2403, 141.952056436131 
2404, 147.091704535643 
2405, 162.65045216927 
2406, 200.915813371118 
2407, 198.648038555986 
2408, 179.411284799818 
2409, 166.772169803203 
2410, 123.639867023494 
2411, 121.21867431264 
2412, 144.182532316812 
2413, 143.225287707433 
2414, 153.593309725686 
2415, 144.289739015832 
2416, 107.186133137206 
2417, 97.3012037921753 
2418, 89.1593792607685 
2419, 96.2697964418859 
2420, 124.807600507161 
2421, 138.705221971515 
2422, 165.961737993811 
2423, 165.846120001721 
2424, 137.989532408067 
2425, 129.082512829867 
2426, 111.728630837636 
2427, 113.911288161305 
2428, 144.820060091522 
2429, 146.285677248193 
2430, 132.192693099606 
2431, 130.490098143132 
2432, 124.150351837071 
2433, 119.510994013235 
2434, 129.221415422741 
2435, 128.854542382304 
2436, 107.591727619069 
2437, 118.035247367043 
2438, 145.466158009176 
2439, 155.508469956778 
2440, 179.214645748684 
2441, 183.077521872786 
2442, 168.260982518147 
2443, 162.65425873583 
2444, 159.012297239251 
2445, 146.089785436931 
2446, 130.126197768191 
2447, 118.876977605969 
2448, 100.934242778769 
2449, 93.6324189139019 
2450, 89.1920487196041 
2451, 76.260603489808 
2452, 59.4730476465328 
2453, 39.8763613825585 
2454, 30.8420466318411 
2455, 44.6970400891938 
2456, 67.7815803380919 
2457, 81.8784428302388 
2458, 88.7351602762061 
2459, 86.0191471372224 
2460, 79.7762467512141 
2461, 73.5507605656607 
2462, 80.3201167510172 
2463, 85.3237535929465 
2464, 72.5087785983209 
2465, 74.6068722188959 
2466, 82.8534561658238 
2467, 70.1157221176208 
2468, 70.0221941743951 
2469, 64.6476936441856 
2470, 36.8463588098124 
2471, 23.4019063240082 
2472, 21.1011599717613 
2473, 46.2463088146927 
2474, 71.9073469431445 
2475, 92.9378970043118 
2476, 114.583043076611 
2477, 85.52003300979 
2478, 46.9730831709988 
2479, 18.5438256966227 
2480,-15.2931248209754 
2481, 6.78434899713309 
2482, 40.0066164199639 
2483, 40.5147798707079 
2484, 52.0019166692269 
2485, 17.4585895447491 
2486,-15.9529431373466 
2487, 9.33904922459968 
2488, 29.7028396541061 
2489, 72.2935918524088 
2490, 106.995936440305 
2491, 90.9614435714604 
2492, 83.7893721776512 
2493, 77.2012390956125 
2494, 55.6915872796436 
2495, 43.8662775843805 
2496, 38.6956657355388 
2497, 18.3159955830167 
2498, 15.348419084963 
2499, 46.2057467853473 
2500, 53.970395445111 
