Wavelength,0212202100018.asd
350, 3962.63348165144 
351, 4165.13633987145 
352, 4350.39987820098 
353, 4509.82416330784 
354, 4673.18723248594 
355, 4844.64285026183 
356, 5020.80267739601 
357, 5198.76469278188 
358, 5382.96687922806 
359, 5581.28431789434 
360, 5805.34844738059 
361, 6076.63326119461 
362, 6380.04270213381 
363, 6701.55179326309 
364, 7031.51557690572 
365, 7366.40172018061 
366, 7684.97550662905 
367, 7961.10928860319 
368, 8166.6611187834 
369, 8284.65246978465 
370, 8329.04008427721 
371, 8328.54970007192 
372, 8308.64898779831 
373, 8307.59203779488 
374, 8330.50383650985 
375, 8358.79214191689 
376, 8390.80733299526 
377, 8408.2080675656 
378, 8389.132939024 
379, 8310.44842384359 
380, 8214.73744112352 
381, 8107.98541739297 
382, 7986.43447379811 
383, 7843.37286646973 
384, 7703.36457758588 
385, 7618.5983150978 
386, 7648.29206271135 
387, 7818.29883641583 
388, 8032.91757841277 
389, 8210.79409801211 
390, 8305.68892078732 
391, 8415.57397726246 
392, 8512.24017589145 
393, 8579.24381137345 
394, 8669.47749833837 
395, 8887.02037960864 
396, 9281.07162177555 
397, 9867.05807769711 
398, 10650.492082227 
399, 11535.5702148142 
400, 12445.6431653428 
401, 13327.9570945612 
402, 14148.4986636461 
403, 14824.6013806221 
404, 15327.0501118193 
405, 15730.0771142097 
406, 16049.0926978558 
407, 16340.3953977009 
408, 16671.5701353849 
409, 17101.6465363119 
410, 17609.7584355503 
411, 18168.6409985123 
412, 18748.2516137174 
413, 19328.5814978922 
414, 19898.7512065478 
415, 20441.4067804613 
416, 20921.9955206977 
417, 21391.0466595437 
418, 21871.2280560636 
419, 22359.5851726994 
420, 22789.8511264211 
421, 23231.461072098 
422, 23711.8734220783 
423, 24216.1612089829 
424, 24676.4030262499 
425, 25041.7125910659 
426, 25257.5208379422 
427, 25249.143813935 
428, 25175.2776662936 
429, 25244.4344246206 
430, 25598.7137336685 
431, 26075.8866714799 
432, 26726.8404706138 
433, 27678.8579375626 
434, 29053.5458976614 
435, 30438.2778072096 
436, 31496.6197490421 
437, 32187.7355748587 
438, 32925.6043110653 
439, 33672.8490408104 
440, 34383.5952625228 
441, 35048.964104947 
442, 35881.5064169015 
443, 36737.0249576192 
444, 37515.6742972005 
445, 38167.9644567193 
446, 38696.0006860644 
447, 39183.2184138957 
448, 39708.3276405495 
449, 40332.6086801775 
450, 40830.3679843855 
451, 41083.8721270037 
452, 41070.283962048 
453, 40968.9313943972 
454, 40754.4240411264 
455, 40488.4779449113 
456, 40310.7544320464 
457, 40275.3428872607 
458, 40295.2714213749 
459, 40278.0855116069 
460, 40180.2083428529 
461, 40033.8031589023 
462, 39872.2903763967 
463, 39707.3154629183 
464, 39438.6905015388 
465, 39032.5449017782 
466, 38542.9726995887 
467, 38105.2517093888 
468, 37731.3410973566 
469, 37460.6810588302 
470, 37312.1569891388 
471, 37262.7898294461 
472, 37235.7816507169 
473, 37240.99529104 
474, 37309.221462507 
475, 37303.047107454 
476, 37276.6917336453 
477, 37275.003650428 
478, 37308.4149623223 
479, 37445.6295340884 
480, 37623.1560098916 
481, 37735.6695639802 
482, 37690.260104333 
483, 37381.0309675309 
484, 36758.2955115162 
485, 35861.8284163502 
486, 35041.3119371742 
487, 34491.148092495 
488, 34367.103564887 
489, 34824.1446613273 
490, 35466.6193674873 
491, 35970.6436118689 
492, 36152.6892741456 
493, 36229.2299667523 
494, 36348.6448230372 
495, 36569.9136364228 
496, 36853.8662182543 
497, 36932.5473520376 
498, 36820.6154666639 
499, 36587.0055553825 
500, 36277.1640950637 
501, 36062.8354580417 
502, 35999.3738039458 
503, 36100.2626528798 
504, 36475.8782971615 
505, 36965.9196260625 
506, 37437.8997500636 
507, 37814.4301345237 
508, 38098.6073733831 
509, 38325.1735566318 
510, 38544.0964793929 
511, 38835.401835124 
512, 39025.3359927604 
513, 39049.7893926231 
514, 38908.4493750046 
515, 38567.5007571447 
516, 38119.1452194437 
517, 37704.2302821557 
518, 37497.1090240828 
519, 37883.8699358578 
520, 38862.2103169561 
521, 40175.6546858262 
522, 41237.8275549314 
523, 42025.3863740377 
524, 42580.1529657479 
525, 42983.4337058976 
526, 43143.0630709578 
527, 43218.3355402218 
528, 43486.7182237305 
529, 44425.1226928133 
530, 45591.7182063019 
531, 46526.7138066667 
532, 46886.0204600762 
533, 47013.1240050407 
534, 47249.9064439602 
535, 47760.4319209242 
536, 48497.109275546 
537, 48999.8542554059 
538, 49213.66048886 
539, 49231.7347326525 
540, 49217.364790222 
541, 49278.2771144607 
542, 49562.1770142197 
543, 50179.3466712219 
544, 50856.4503252304 
545, 51432.058366224 
546, 51824.3753467736 
547, 52042.5326711637 
548, 52194.6412543579 
549, 52384.6861667381 
550, 52669.3313221724 
551, 52951.1675172734 
552, 53164.9560588417 
553, 53323.0467549979 
554, 53495.9324054704 
555, 53630.5437704569 
556, 53577.5850726459 
557, 53259.9994751465 
558, 52754.1750159404 
559, 52343.6525555488 
560, 52186.0942051123 
561, 52324.4057361476 
562, 52590.1043755033 
563, 52731.603033909 
564, 52639.3452623326 
565, 52380.2641811185 
566, 52015.7609034417 
567, 51659.9050312352 
568, 51377.889779963 
569, 51068.633860967 
570, 50651.5848901203 
571, 50261.9942417599 
572, 50148.5398542948 
573, 50250.8586112234 
574, 50264.5431327108 
575, 50011.7369580385 
576, 49565.2959578138 
577, 49182.6240397165 
578, 48995.735411513 
579, 49058.0837845842 
580, 49327.6632984683 
581, 49800.1692509906 
582, 50364.9870819928 
583, 50817.3714379057 
584, 51090.7747993204 
585, 51058.2786636153 
586, 50712.7425163657 
587, 50329.1990804998 
588, 49864.8952611032 
589, 49208.5591380313 
590, 48353.0069841994 
591, 48182.5612908735 
592, 48513.5109964268 
593, 48924.824579072 
594, 48842.4577750447 
595, 48553.8224296386 
596, 48189.177152267 
597, 47814.9449857967 
598, 47387.9038064036 
599, 46864.9899334657 
600, 46303.8348473498 
601, 45828.2771087157 
602, 45452.3908306355 
603, 45264.2517020421 
604, 45265.6169312074 
605, 45313.8142395089 
606, 45193.4809321539 
607, 44918.8731263192 
608, 44596.7652035731 
609, 44276.2833668246 
610, 43972.4068225823 
611, 43703.3430133922 
612, 43486.9481793506 
613, 43246.3590641454 
614, 42956.3956780172 
615, 42640.5024576153 
616, 42400.7665586949 
617, 42248.8742235912 
618, 42264.3056289224 
619, 42498.6488286123 
620, 42689.7907944724 
621, 42693.3796600756 
622, 42469.7144304058 
623, 42093.0633011445 
624, 41688.0517284039 
625, 41317.6515466818 
626, 41007.7085748532 
627, 40750.891701576 
628, 40472.1371610366 
629, 40192.4552705827 
630, 40004.6285534914 
631, 40030.7836950217 
632, 40175.6586349174 
633, 40351.2894260487 
634, 40537.6004968133 
635, 40670.3355846904 
636, 40756.2704420871 
637, 40818.9543459696 
638, 40843.3223395129 
639, 40773.3408270526 
640, 40573.2572219744 
641, 40245.0291260502 
642, 40014.4517003482 
643, 39894.60454313 
644, 39820.645361519 
645, 39659.4833502409 
646, 39412.2543552939 
647, 39111.7954793806 
648, 38812.9992211293 
649, 38563.1604094973 
650, 38353.7182349478 
651, 38236.8689260746 
652, 38310.5749077929 
653, 38216.0954044898 
654, 37765.4628743254 
655, 36934.7683402745 
656, 35907.8979501321 
657, 35210.1745167126 
658, 35310.5769983685 
659, 36383.4612659958 
660, 37248.9452266744 
661, 37692.6417820524 
662, 37785.8521522429 
663, 37825.3889409547 
664, 37770.2584084215 
665, 37705.7052641001 
666, 37697.4557372134 
667, 37698.6508352576 
668, 37678.8774170406 
669, 37644.8713751991 
670, 37616.4510698885 
671, 37529.2405638877 
672, 37429.8938299755 
673, 37374.9325987667 
674, 37416.6255591822 
675, 37464.0358295139 
676, 37493.7574943308 
677, 37507.8107655559 
678, 37526.0144657726 
679, 37533.8299508443 
680, 37527.0699018135 
681, 37507.5118778919 
682, 37483.7531472812 
683, 37399.7614855976 
684, 37088.7848376367 
685, 36247.0515115451 
686, 34735.3703683755 
687, 32646.4895509303 
688, 30511.4945268806 
689, 29898.3974154007 
690, 30711.5459654239 
691, 32291.6881753685 
692, 33675.5426212503 
693, 34882.9410255846 
694, 35745.8024546579 
695, 36246.2843023891 
696, 36581.8180573257 
697, 36855.9758628246 
698, 37023.2310115694 
699, 37027.8967924713 
700, 36950.2916950501 
701, 36868.6599999678 
702, 36863.7879820032 
703, 37005.5480509958 
704, 37305.4350017338 
705, 37643.9728129498 
706, 37915.7734553631 
707, 38061.4227512127 
708, 38184.4185021992 
709, 38297.972121189 
710, 38396.5817299847 
711, 38503.5455655062 
712, 38572.3622195565 
713, 38593.0516776576 
714, 38564.4854798363 
715, 38411.7356150279 
716, 37979.4508712097 
717, 37195.6209488412 
718, 36107.5705490829 
719, 35212.6750966921 
720, 34928.6131983416 
721, 35407.0596189844 
722, 36296.3075156527 
723, 36855.4228888075 
724, 36899.9401823079 
725, 36648.1706707355 
726, 36646.2696460097 
727, 36770.5923674136 
728, 36892.5416483941 
729, 36958.685198167 
730, 37182.9899854541 
731, 37596.5142460917 
732, 38149.8122799204 
733, 38730.3024063293 
734, 39214.365978906 
735, 39502.7130303984 
736, 39556.6563722673 
737, 39505.1958089015 
738, 39429.563335486 
739, 39347.0278878532 
740, 39229.4733754488 
741, 39183.7550803627 
742, 39225.2347916236 
743, 39339.8258511522 
744, 39498.5920050313 
745, 39593.8795644629 
746, 39625.7950925712 
747, 39621.4377672694 
748, 39564.10211622 
749, 39422.0093662245 
750, 39231.3127649894 
751, 39071.1648211078 
752, 38991.4697090866 
753, 38970.7706974892 
754, 38964.8718907206 
755, 38912.5288515803 
756, 38722.1899382408 
757, 37914.4483232966 
758, 35688.845429797 
759, 30619.6713541224 
760, 23318.7325831173 
761, 16434.9922919867 
762, 12984.1007840716 
763, 13322.692565905 
764, 15553.0714867638 
765, 18810.4978794006 
766, 23123.93248031 
767, 27689.536315113 
768, 31546.6129862033 
769, 34146.1584738841 
770, 35547.8750118801 
771, 36211.43975253 
772, 36451.3927859076 
773, 36493.0313172763 
774, 36451.8416817173 
775, 36348.1442198517 
776, 36220.9060710339 
777, 36097.3148888709 
778, 35931.8894523232 
779, 35740.2757005203 
780, 35552.2936375449 
781, 35399.0939944385 
782, 35231.9483663571 
783, 35034.3711146906 
784, 34812.8982364358 
785, 34599.8473869624 
786, 34392.8443110913 
787, 34152.3046365806 
788, 33848.0787710891 
789, 33502.1619520378 
790, 33131.0999814052 
791, 32740.6933885423 
792, 32337.8685673893 
793, 31950.2068104147 
794, 31641.7697862938 
795, 31446.292981688 
796, 31357.8740417587 
797, 31290.3992596503 
798, 31162.2116323513 
799, 30939.106154406 
800, 30647.2498261635 
801, 30336.2932741217 
802, 30048.3063916286 
803, 29797.0147652724 
804, 29542.5666335087 
805, 29319.9310696051 
806, 29115.4929143365 
807, 28893.6868528225 
808, 28607.9309054008 
809, 28276.023380923 
810, 27921.082004079 
811, 27554.372877611 
812, 27116.9152178452 
813, 26541.2854662945 
814, 25817.1669966744 
815, 25000.8154775741 
816, 24236.0685795598 
817, 23624.5786585439 
818, 23232.8656141379 
819, 23088.2319632359 
820, 23017.5717655753 
821, 22912.0409638428 
822, 22732.625726998 
823, 22539.9519968196 
824, 22415.5045696524 
825, 22424.35914015 
826, 22536.0893117868 
827, 22455.6062265005 
828, 22205.2166970163 
829, 21887.6868135847 
830, 21632.3202345503 
831, 21447.9466167431 
832, 21298.9519774901 
833, 21171.1354011705 
834, 21072.383799562 
835, 21012.8466254597 
836, 20971.484273425 
837, 20912.7607323178 
838, 20793.8910798558 
839, 20627.1284340585 
840, 20429.3636025154 
841, 20215.8718045372 
842, 19995.2440000479 
843, 19766.2357796677 
844, 19538.8516023612 
845, 19319.4719176858 
846, 19105.2076735807 
847, 18838.9874861352 
848, 18519.79896102 
849, 18170.2986249784 
850, 17817.5392498575 
851, 17406.1120392403 
852, 16986.0205355436 
853, 16643.5044753542 
854, 16376.0794933139 
855, 16160.6442846087 
856, 16064.5170387624 
857, 16170.927434003 
858, 16317.3040284345 
859, 16335.859157858 
860, 16202.2327415398 
861, 16016.0730752154 
862, 15793.1974554598 
863, 15511.4427794555 
864, 15175.6700879117 
865, 14828.1968422169 
866, 14500.6129828592 
867, 14225.9166169967 
868, 14047.7050843157 
869, 14018.882293107 
870, 14044.2493785776 
871, 14017.2570558123 
872, 13890.8106015616 
873, 13722.5710130716 
874, 13541.2797794297 
875, 13358.285401788 
876, 13177.6481588286 
877, 13003.3448606845 
878, 12831.7777249566 
879, 12664.1388740972 
880, 12499.400792765 
881, 12326.2517490413 
882, 12155.0280193338 
883, 11993.9040203982 
884, 11845.392150721 
885, 11699.3365315335 
886, 11538.9693538976 
887, 11369.7282282814 
888, 11204.4864449679 
889, 11043.113029199 
890, 10885.1070455082 
891, 10712.8285334982 
892, 10503.9734782805 
893, 10253.4760410044 
894, 9968.1034961139 
895, 9656.09333746813 
896, 9327.28909297348 
897, 8991.45406713315 
898, 8674.39275441922 
899, 8408.95257558256 
900, 8222.60106487278 
901, 8106.09094237539 
902, 8044.50374775235 
903, 8011.93001424319 
904, 7978.11139688806 
905, 7928.23465889515 
906, 7842.30202597488 
907, 7704.93678151524 
908, 7515.18656102786 
909, 7318.03973786691 
910, 7151.30652684418 
911, 7028.66897835962 
912, 6941.06243568356 
913, 6865.46570099431 
914, 6790.81761937394 
915, 6715.64282745491 
916, 6645.98588190309 
917, 6590.09799129832 
918, 6543.80374688443 
919, 6500.16936145195 
920, 6452.4351523974 
921, 6402.86781059801 
922, 6338.63677480151 
923, 6250.54712503221 
924, 6133.89073523227 
925, 5985.94088213657 
926, 5810.36624384975 
927, 5601.26357758478 
928, 5348.02340555813 
929, 5052.06918753723 
930, 4718.12986894294 
931, 4364.14067862297 
932, 4018.127942227 
933, 3709.78945336267 
934, 3464.92454821935 
935, 3297.02123200996 
936, 3206.30276141352 
937, 3179.51512222813 
938, 3194.04943250264 
939, 3223.78696032469 
940, 3247.79918104152 
941, 3268.22776668905 
942, 3270.68925930676 
943, 3239.35862920057 
944, 3169.96133714274 
945, 3090.33076742788 
946, 3025.53356222505 
947, 2984.4504766298 
948, 2964.15144352493 
949, 2955.04664832527 
950, 2943.86902181527 
951, 2928.96042430591 
952, 2912.10910328111 
953, 2891.43251967589 
954, 2870.57186133559 
955, 2851.71000023327 
956, 2836.18366359475 
957, 2824.55895188337 
958, 2813.720464771 
959, 2804.3720550658 
960, 2798.31893591524 
961, 2796.9446910342 
962, 2791.76132887942 
963, 2788.34017019483 
964, 2789.07817575631 
965, 2789.12210245497 
966, 2783.99062255292 
967, 2773.58753003833 
968, 2757.7348755137 
969, 2736.04049889083 
970, 2711.80809746699 
971, 2681.21060802568 
972, 2642.47671051311 
973, 2596.20160717529 
974, 2543.46007128748 
975, 2488.42669590935 
976, 2435.42535683087 
977, 2387.8996345542 
978, 2347.24664117854 
979, 2311.91960598279 
980, 2280.55120879569 
981, 2250.88299575263 
982, 2218.79326718832 
983, 2187.18343112517 
984, 2153.26924008513 
985, 2115.70135243775 
986, 2077.52475749135 
987, 2039.28593408295 
988, 1997.33552789875 
989, 1953.1153277792 
990, 1912.68637411333 
991, 1868.33996775882 
992, 1826.43353490209 
993, 1786.45749267263 
994, 1743.62052287029 
995, 1702.49990632443 
996, 1660.34753515008 
997, 1617.58084739332 
998, 1575.9165097704 
999, 1535.935347137 
1000, 1494.67363376143 
1001, 9317.02731109305 
1002, 9289.39916308296 
1003, 9262.89906313725 
1004, 9240.88107708497 
1005, 9228.71751808259 
1006, 9232.04215375976 
1007, 9244.07349305528 
1008, 9262.14447242532 
1009, 9281.41254231602 
1010, 9303.31544555482 
1011, 9330.75085170202 
1012, 9363.48499878247 
1013, 9395.84329096904 
1014, 9434.91527396664 
1015, 9473.58305329998 
1016, 9510.07363248991 
1017, 9555.38783027924 
1018, 9603.0028247312 
1019, 9645.70938255877 
1020, 9691.28702152333 
1021, 9744.64085429079 
1022, 9796.80687584643 
1023, 9849.10350036521 
1024, 9903.47781920208 
1025, 9963.96877822836 
1026, 10018.6140739406 
1027, 10072.6126459064 
1028, 10132.6563129858 
1029, 10187.1149338379 
1030, 10237.8099766708 
1031, 10285.4582714893 
1032, 10331.1536172469 
1033, 10377.7577290789 
1034, 10417.1930348674 
1035, 10455.5362590389 
1036, 10491.3904865903 
1037, 10525.7719174456 
1038, 10558.5365570366 
1039, 10593.760365699 
1040, 10627.3295182387 
1041, 10660.5724429534 
1042, 10691.3954847027 
1043, 10721.7644599996 
1044, 10753.5608110196 
1045, 10778.6130435372 
1046, 10801.7467945156 
1047, 10828.4497713549 
1048, 10854.6632714977 
1049, 10879.6396322038 
1050, 10913.4935302992 
1051, 10952.727604795 
1052, 10994.4424439082 
1053, 11040.4059883979 
1054, 11081.650337257 
1055, 11123.9419380837 
1056, 11169.0788377204 
1057, 11217.6936871717 
1058, 11276.4433155127 
1059, 11346.3052705297 
1060, 11418.9348001429 
1061, 11495.9803772498 
1062, 11578.8779030042 
1063, 11668.2101884278 
1064, 11759.9982521002 
1065, 11856.7127232577 
1066, 11962.6095733105 
1067, 12079.5147897659 
1068, 12209.2752808802 
1069, 12350.8929320202 
1070, 12506.1767788722 
1071, 12671.9469690426 
1072, 12835.100228739 
1073, 12997.7138019672 
1074, 13170.4803150499 
1075, 13326.6521679224 
1076, 13477.5625141224 
1077, 13621.0543362523 
1078, 13747.3746638907 
1079, 13867.6331647608 
1080, 13972.3252707219 
1081, 14066.2122586683 
1082, 14152.7962406329 
1083, 14231.6161312609 
1084, 14311.4723261262 
1085, 14389.2653308307 
1086, 14461.7729671937 
1087, 14540.1112759747 
1088, 14596.9781723708 
1089, 14649.2621547665 
1090, 14678.6688932755 
1091, 14689.3035343924 
1092, 14687.1713238096 
1093, 14666.4679701685 
1094, 14639.6245045913 
1095, 14609.2095210028 
1096, 14575.5960311718 
1097, 14549.0200859193 
1098, 14517.666892101 
1099, 14489.3570705854 
1100, 14464.9479652485 
1101, 14437.1577145138 
1102, 14418.7172303963 
1103, 14380.0462438842 
1104, 14342.1065912263 
1105, 14281.2228092523 
1106, 14203.4973606948 
1107, 14084.247196296 
1108, 13917.6327201373 
1109, 13704.1535645808 
1110, 13405.5658643921 
1111, 13045.5029223199 
1112, 12621.2318199583 
1113, 12101.9077427973 
1114, 11585.5228941526 
1115, 10980.8169811083 
1116, 10439.6122441284 
1117, 9856.89717856668 
1118, 9361.55283538585 
1119, 8907.25530008518 
1120, 8490.73282436853 
1121, 8143.64622302416 
1122, 7865.33767775146 
1123, 7671.85000378255 
1124, 7543.79988462609 
1125, 7487.65999188063 
1126, 7540.1347688794 
1127, 7582.55694247998 
1128, 7687.5818710107 
1129, 7790.91726475189 
1130, 7924.96689628068 
1131, 8054.91458445477 
1132, 8184.29570716281 
1133, 8345.03845124965 
1134, 8513.17701106363 
1135, 8697.4506337465 
1136, 8968.44781305961 
1137, 9254.05950994758 
1138, 9530.11322309745 
1139, 9791.14923052644 
1140, 9961.47913447235 
1141, 10080.4700664989 
1142, 10133.3417858296 
1143, 10086.4651318605 
1144, 10063.2128328549 
1145, 9922.50634747666 
1146, 9913.67946164852 
1147, 9909.99251608841 
1148, 10004.8322618403 
1149, 10197.0684742244 
1150, 10427.9330763406 
1151, 10735.0337849649 
1152, 11080.311139073 
1153, 11434.4505341063 
1154, 11843.2861594919 
1155, 12227.0752237194 
1156, 12633.4081183185 
1157, 13005.008642778 
1158, 13376.1550272115 
1159, 13717.8025235279 
1160, 14044.2405023813 
1161, 14338.7284509075 
1162, 14617.8666744831 
1163, 14861.0878211018 
1164, 15071.5493682173 
1165, 15250.9051192418 
1166, 15404.1383648768 
1167, 15522.5611344337 
1168, 15613.8519110397 
1169, 15674.4121966252 
1170, 15708.3175129937 
1171, 15705.2545802126 
1172, 15694.8388668737 
1173, 15656.2513147475 
1174, 15609.5806512085 
1175, 15551.0037459311 
1176, 15475.9792541135 
1177, 15368.9470941874 
1178, 15275.8181471386 
1179, 15170.4651884512 
1180, 15073.1825265095 
1181, 14976.3094108787 
1182, 14890.8048342772 
1183, 14818.9817139872 
1184, 14748.1123180701 
1185, 14702.365154054 
1186, 14678.0205116855 
1187, 14661.5837853763 
1188, 14665.7925671852 
1189, 14665.9311039266 
1190, 14688.4528984576 
1191, 14688.7933850664 
1192, 14697.7713494476 
1193, 14674.819723545 
1194, 14637.5461307324 
1195, 14576.7218133529 
1196, 14485.1147078402 
1197, 14379.9089572699 
1198, 14272.6694412461 
1199, 14140.4058357923 
1200, 14033.2748010706 
1201, 13920.0304042747 
1202, 13834.818889026 
1203, 13761.3501926025 
1204, 13706.4389021892 
1205, 13671.5344175229 
1206, 13648.3338101345 
1207, 13645.2203803511 
1208, 13645.9104855632 
1209, 13666.7307052748 
1210, 13681.8311442999 
1211, 13708.3354450781 
1212, 13723.6190713752 
1213, 13734.1975725345 
1214, 13742.0588601707 
1215, 13743.916494762 
1216, 13738.0287621104 
1217, 13730.4518594541 
1218, 13722.8863672031 
1219, 13704.0034092003 
1220, 13674.4117994524 
1221, 13646.992116256 
1222, 13609.6982014779 
1223, 13578.9291725969 
1224, 13549.4531643766 
1225, 13522.3565926411 
1226, 13493.673968172 
1227, 13472.1078094571 
1228, 13459.4546805506 
1229, 13443.5098325043 
1230, 13428.6283596045 
1231, 13421.5339813867 
1232, 13400.728618104 
1233, 13375.2979321888 
1234, 13343.9326654143 
1235, 13305.4798166282 
1236, 13264.3017467606 
1237, 13219.0250966045 
1238, 13168.8733592069 
1239, 13113.8615832047 
1240, 13055.028775908 
1241, 12985.9807034303 
1242, 12922.7886907551 
1243, 12860.0472617136 
1244, 12795.8055857397 
1245, 12733.5324437031 
1246, 12671.4262803754 
1247, 12603.8701682657 
1248, 12534.7656442991 
1249, 12457.6504379777 
1250, 12380.4123735313 
1251, 12287.4385828192 
1252, 12188.0825037064 
1253, 12072.1274359019 
1254, 11945.3436062225 
1255, 11802.7302243998 
1256, 11650.951413948 
1257, 11475.5586996588 
1258, 11276.6399993914 
1259, 11070.3590106558 
1260, 10829.7353757733 
1261, 10604.8639791253 
1262, 10368.0224666787 
1263, 10144.551945285 
1264, 9954.89077793971 
1265, 9763.64323489932 
1266, 9649.18857657196 
1267, 9565.0432369905 
1268, 9555.77211167795 
1269, 9610.45999686265 
1270, 9708.81433450371 
1271, 9890.22285949936 
1272, 10061.243551883 
1273, 10297.016983252 
1274, 10487.6767945018 
1275, 10684.4597599548 
1276, 10855.0016436924 
1277, 11005.3865730274 
1278, 11141.7563224482 
1279, 11264.6934039044 
1280, 11366.4986628818 
1281, 11453.4849791455 
1282, 11536.9536396152 
1283, 11626.1171645497 
1284, 11712.1803674035 
1285, 11797.0666318639 
1286, 11888.9220861225 
1287, 11967.1860786202 
1288, 12041.5521602781 
1289, 12101.4644797966 
1290, 12156.1676950146 
1291, 12194.2015710778 
1292, 12213.9422001226 
1293, 12229.7825445671 
1294, 12229.9109461134 
1295, 12232.1054396243 
1296, 12231.8886308487 
1297, 12225.0017252018 
1298, 12217.7848217733 
1299, 12199.6865301649 
1300, 12173.6185044943 
1301, 12139.1412458651 
1302, 12103.9596307765 
1303, 12062.6017455032 
1304, 12021.3014690897 
1305, 11978.9140428536 
1306, 11931.7194007152 
1307, 11879.8950392428 
1308, 11827.809188165 
1309, 11773.281333501 
1310, 11715.825073238 
1311, 11654.2276448586 
1312, 11594.5034751845 
1313, 11525.5309026112 
1314, 11470.3531722621 
1315, 11419.3690215902 
1316, 11377.3825916935 
1317, 11347.0292650972 
1318, 11321.1491142149 
1319, 11297.1833265237 
1320, 11273.9372237254 
1321, 11244.5204991694 
1322, 11202.0692880855 
1323, 11136.8334577108 
1324, 11064.6105334928 
1325, 10953.521249269 
1326, 10808.4612463362 
1327, 10655.4420108486 
1328, 10457.8254706974 
1329, 10288.1155169806 
1330, 10097.4094349027 
1331, 9951.99534704677 
1332, 9819.83938246575 
1333, 9723.93088906345 
1334, 9677.80261442377 
1335, 9628.47806579758 
1336, 9611.6188804789 
1337, 9590.15640275987 
1338, 9553.09869978946 
1339, 9476.86744491735 
1340, 9349.73386191633 
1341, 9159.94029581136 
1342, 8883.46971996264 
1343, 8535.98099788903 
1344, 8115.95354465044 
1345, 7598.94179982085 
1346, 7055.49915932052 
1347, 6424.26701753927 
1348, 5814.82219567595 
1349, 5148.12259401195 
1350, 4532.09025256143 
1351, 3898.57415077675 
1352, 3332.34233488745 
1353, 2782.01992824206 
1354, 2301.6944197132 
1355, 1873.75536731286 
1356, 1504.51258911583 
1357, 1188.68494214589 
1358, 939.402554846715 
1359, 736.90221613232 
1360, 585.150999932671 
1361, 470.572051125493 
1362, 385.275414757537 
1363, 331.637119274706 
1364, 294.628101031718 
1365, 266.357173523568 
1366, 257.091722659768 
1367, 256.777265854085 
1368, 264.741306726264 
1369, 287.966180698451 
1370, 330.402427941664 
1371, 377.835386590737 
1372, 444.590998072311 
1373, 502.09938404831 
1374, 578.109655332424 
1375, 624.521225456224 
1376, 661.443913814257 
1377, 680.096143960095 
1378, 680.224312093745 
1379, 663.291349133144 
1380, 634.478314620816 
1381, 605.544150766164 
1382, 578.553905835525 
1383, 566.26809548075 
1384, 581.214061340007 
1385, 620.452188178741 
1386, 679.886578888083 
1387, 753.739881398633 
1388, 819.110303001516 
1389, 900.030523399234 
1390, 954.208863103032 
1391, 999.589066740464 
1392, 1030.99860613933 
1393, 1041.64174975841 
1394, 1054.11837017387 
1395, 1051.70654107147 
1396, 1062.0213521004 
1397, 1071.14536120569 
1398, 1088.82319093264 
1399, 1112.85721583275 
1400, 1142.64846732918 
1401, 1180.75283667437 
1402, 1217.37668830102 
1403, 1257.06052452523 
1404, 1300.45218605207 
1405, 1343.66190847385 
1406, 1394.76880618893 
1407, 1452.80323507484 
1408, 1517.09698009261 
1409, 1591.1069471143 
1410, 1673.80959855967 
1411, 1754.10096182258 
1412, 1844.17245161597 
1413, 1926.95127917731 
1414, 2012.66261122795 
1415, 2079.42163725385 
1416, 2139.40196078336 
1417, 2189.93392941906 
1418, 2224.04632127893 
1419, 2257.93767907286 
1420, 2288.72481670079 
1421, 2314.67761789655 
1422, 2337.86660729409 
1423, 2348.16184236268 
1424, 2359.26083857386 
1425, 2347.77473316158 
1426, 2321.25569420596 
1427, 2278.35107100989 
1428, 2216.54919199692 
1429, 2143.23863965679 
1430, 2052.85583342843 
1431, 1951.09598261493 
1432, 1854.24042849001 
1433, 1760.37619913671 
1434, 1675.54377218271 
1435, 1604.37845133438 
1436, 1541.51367150585 
1437, 1485.17720345214 
1438, 1435.36195589231 
1439, 1399.87607476441 
1440, 1357.09296279764 
1441, 1314.18739241455 
1442, 1275.51660521227 
1443, 1237.79965511345 
1444, 1203.19826553227 
1445, 1174.43530539681 
1446, 1144.17261849084 
1447, 1114.68219013127 
1448, 1083.00767158589 
1449, 1049.80031956802 
1450, 1020.17726532798 
1451, 989.738191941533 
1452, 963.332316291034 
1453, 944.479599969635 
1454, 921.046118042074 
1455, 897.746893759778 
1456, 871.38940733353 
1457, 847.530348424668 
1458, 817.966130778561 
1459, 786.011696270451 
1460, 749.238484981305 
1461, 701.885387918424 
1462, 651.787623203507 
1463, 603.521279849663 
1464, 556.343839168398 
1465, 514.218722547517 
1466, 476.724765963787 
1467, 439.865088165715 
1468, 404.68695913861 
1469, 374.87520294952 
1470, 345.931424351409 
1471, 327.339534559502 
1472, 315.061852972158 
1473, 307.120017475867 
1474, 313.341656336938 
1475, 307.3821021094 
1476, 298.868457907844 
1477, 293.36674718252 
1478, 283.323788944997 
1479, 276.174239909268 
1480, 273.451535799982 
1481, 269.906970548352 
1482, 263.101980827344 
1483, 260.902151079766 
1484, 262.882657015167 
1485, 264.232068408882 
1486, 266.084442422277 
1487, 271.844522537969 
1488, 274.395149876599 
1489, 278.002842842604 
1490, 279.295924411016 
1491, 276.894042461418 
1492, 274.493110342957 
1493, 275.455486601576 
1494, 284.160293133958 
1495, 295.686772636888 
1496, 304.323155528531 
1497, 310.298900116125 
1498, 312.183100500976 
1499, 305.357668571894 
1500, 302.908925197152 
1501, 299.784895917726 
1502, 300.01484147648 
1503, 300.513827708858 
1504, 303.474201826833 
1505, 309.753027618535 
1506, 315.679938975951 
1507, 324.045194227837 
1508, 329.732481190178 
1509, 336.838005373179 
1510, 339.581742260195 
1511, 338.35665290781 
1512, 337.775612775041 
1513, 332.080527920799 
1514, 333.000156691019 
1515, 333.785995141235 
1516, 339.477118075456 
1517, 354.306183039195 
1518, 365.284276359018 
1519, 381.502089837488 
1520, 391.136224868391 
1521, 398.971843127381 
1522, 398.67996885862 
1523, 394.772458910686 
1524, 391.02350684158 
1525, 391.012211314201 
1526, 393.09122327641 
1527, 396.602773024923 
1528, 402.984235107186 
1529, 409.313581979519 
1530, 413.538639086957 
1531, 420.209921727678 
1532, 425.832980908762 
1533, 426.404721076866 
1534, 425.879601144315 
1535, 429.625737388051 
1536, 434.226082358959 
1537, 438.899293643841 
1538, 447.408735787404 
1539, 453.472579828003 
1540, 456.505727425483 
1541, 462.410840491752 
1542, 468.25475354928 
1543, 477.273804029258 
1544, 491.237014001549 
1545, 499.696327045034 
1546, 508.859137293298 
1547, 516.03296276949 
1548, 516.837740795756 
1549, 521.830098117082 
1550, 529.605296560463 
1551, 535.166444663323 
1552, 540.48007690849 
1553, 546.707668461813 
1554, 553.868285550735 
1555, 559.033231443798 
1556, 561.22552754861 
1557, 566.271382586716 
1558, 570.150458389626 
1559, 576.76490203719 
1560, 591.750875116733 
1561, 599.650735735871 
1562, 602.370341102114 
1563, 607.467691990389 
1564, 610.069281795741 
1565, 614.276469617781 
1566, 621.963357948543 
1567, 627.680305285064 
1568, 634.263867271691 
1569, 635.93118944325 
1570, 634.353410701613 
1571, 636.66462258549 
1572, 636.528874582149 
1573, 635.56978603543 
1574, 641.986744729073 
1575, 653.268118298355 
1576, 667.443398369991 
1577, 682.236127748341 
1578, 697.298095339032 
1579, 711.612747411734 
1580, 727.623938309937 
1581, 745.320321517039 
1582, 761.099282973706 
1583, 777.1181573366 
1584, 792.486996347464 
1585, 805.858805195315 
1586, 821.534643170036 
1587, 839.315144005491 
1588, 853.892973629347 
1589, 867.985242496282 
1590, 879.616046059964 
1591, 889.884018235442 
1592, 898.615401378028 
1593, 904.765942881254 
1594, 912.107518026573 
1595, 919.066766210939 
1596, 923.106728288329 
1597, 924.507047662965 
1598, 930.503690564861 
1599, 938.406671852725 
1600, 941.774905549427 
1601, 948.47717365476 
1602, 948.867142250899 
1603, 938.559296549665 
1604, 936.53505635622 
1605, 933.632434082986 
1606, 937.263353421558 
1607, 947.804211439256 
1608, 956.388430682391 
1609, 968.859655491791 
1610, 980.110219767617 
1611, 989.889829167564 
1612, 1001.09032050341 
1613, 1014.54222748065 
1614, 1025.96326742238 
1615, 1036.05677060837 
1616, 1047.42085887978 
1617, 1060.99555114933 
1618, 1070.31582035168 
1619, 1080.19353518089 
1620, 1085.58601803548 
1621, 1084.29033968906 
1622, 1084.69123324724 
1623, 1082.70216749993 
1624, 1082.42996816984 
1625, 1081.35882398614 
1626, 1083.12177218149 
1627, 1088.38600625152 
1628, 1091.62296885977 
1629, 1097.91217436748 
1630, 1100.08518841298 
1631, 1099.44783077776 
1632, 1097.10168024323 
1633, 1090.67890030195 
1634, 1085.84395046846 
1635, 1077.32659011173 
1636, 1073.83816745041 
1637, 1074.50015310109 
1638, 1074.46492012797 
1639, 1078.45829465196 
1640, 1080.06856450152 
1641, 1078.46472446952 
1642, 1079.13340616094 
1643, 1077.24928617773 
1644, 1080.94460352928 
1645, 1090.75998276681 
1646, 1099.18376887786 
1647, 1112.52572910343 
1648, 1122.54040172568 
1649, 1130.99513953616 
1650, 1136.99358341605 
1651, 1139.23390814445 
1652, 1141.87296609505 
1653, 1146.2597918458 
1654, 1148.47522512475 
1655, 1156.61485595878 
1656, 1169.73119473515 
1657, 1178.65332989826 
1658, 1190.10040667247 
1659, 1193.93659177908 
1660, 1192.59240662617 
1661, 1195.00121091298 
1662, 1196.14736297609 
1663, 1194.7354644557 
1664, 1192.8213496482 
1665, 1194.00877028589 
1666, 1191.90277323137 
1667, 1194.8762987377 
1668, 1204.20614006894 
1669, 1209.83780670538 
1670, 1213.83663893905 
1671, 1219.85249060215 
1672, 1227.04636548918 
1673, 1235.28132836706 
1674, 1245.70140090398 
1675, 1251.36196824702 
1676, 1256.46271208331 
1677, 1260.60103757216 
1678, 1260.08600166738 
1679, 1264.86453615611 
1680, 1272.52807614693 
1681, 1278.28050472679 
1682, 1285.4356992179 
1683, 1288.95096768472 
1684, 1290.87911708631 
1685, 1292.20368735833 
1686, 1290.93933050173 
1687, 1292.03087482637 
1688, 1292.81469776117 
1689, 1296.21177176362 
1690, 1301.65002101604 
1691, 1305.382843931 
1692, 1309.53982945748 
1693, 1314.90428460665 
1694, 1319.65010781908 
1695, 1325.0549376261 
1696, 1334.67386159089 
1697, 1336.21488035316 
1698, 1334.57557407834 
1699, 1331.98517605393 
1700, 1321.89577382545 
1701, 1322.85818033651 
1702, 1327.68848124651 
1703, 1331.18422904442 
1704, 1340.93400627153 
1705, 1343.7560557669 
1706, 1341.82676456119 
1707, 1343.96825595122 
1708, 1346.86624738965 
1709, 1348.62617991496 
1710, 1349.87912525461 
1711, 1353.17727286693 
1712, 1356.02868251286 
1713, 1360.85005474625 
1714, 1370.38172750588 
1715, 1373.10507336518 
1716, 1371.6073391733 
1717, 1371.81887157171 
1718, 1372.88234999853 
1719, 1375.81926823878 
1720, 1375.88491138673 
1721, 1369.27254755515 
1722, 1363.15397761186 
1723, 1356.82699992912 
1724, 1355.10369760407 
1725, 1358.29481809803 
1726, 1357.63802127394 
1727, 1354.84223501929 
1728, 1348.93039077881 
1729, 1341.20498281852 
1730, 1334.42797884295 
1731, 1330.86060611905 
1732, 1328.7834008913 
1733, 1322.04863854873 
1734, 1317.45386431209 
1735, 1313.58450339595 
1736, 1308.75034154324 
1737, 1306.06476001902 
1738, 1305.39689753888 
1739, 1303.81092004031 
1740, 1298.43146073832 
1741, 1299.68473417602 
1742, 1301.36155522107 
1743, 1297.54773861402 
1744, 1300.05403723804 
1745, 1299.89123851506 
1746, 1294.38425930453 
1747, 1297.44980770778 
1748, 1301.57545662862 
1749, 1303.85086140377 
1750, 1309.29498656455 
1751, 1314.19033453175 
1752, 1313.82440679861 
1753, 1310.20224186602 
1754, 1309.77029677815 
1755, 1304.48698610717 
1756, 1297.58557913883 
1757, 1296.71159025921 
1758, 1291.79345411325 
1759, 1284.72658673661 
1760, 1280.20392711796 
1761, 1272.00187084995 
1762, 1260.95232053502 
1763, 1253.29680916082 
1764, 1246.5982130132 
1765, 1239.88705044151 
1766, 1236.07502948429 
1767, 1235.3198156019 
1768, 1230.40405398441 
1769, 1228.24048931818 
1770, 1222.89721244821 
1771, 1215.02506009998 
1772, 1204.65700542141 
1773, 1191.43700534892 
1774, 1176.37346118432 
1775, 1154.92345677285 
1776, 1138.35247607083 
1777, 1122.34025160038 
1778, 1108.2161617376 
1779, 1099.05518996992 
1780, 1086.8941212142 
1781, 1072.17301988107 
1782, 1059.10442791361 
1783, 1045.79755894532 
1784, 1035.85674711036 
1785, 1031.10018625622 
1786, 1022.26607882938 
1787, 1012.31800601169 
1788, 1000.65291252276 
1789, 987.702361002598 
1790, 970.384895473726 
1791, 953.976370782547 
1792, 929.280411988001 
1793, 895.058224762396 
1794, 867.59427077686 
1795, 839.835469247239 
1796, 808.092355371664 
1797, 778.517161661738 
1798, 739.025924842347 
1799, 696.584955533775 
1800, 662.355703255138 
1801, 3750.69638338827 
1802, 3622.13370114328 
1803, 3500.91451729584 
1804, 3387.46749512239 
1805, 3287.21876050315 
1806, 3219.02061461224 
1807, 3128.25063572919 
1808, 3044.60374002355 
1809, 2987.37644822677 
1810, 2887.53130847619 
1811, 2771.30480192823 
1812, 2654.44872224562 
1813, 2512.2408996691 
1814, 2371.12802155488 
1815, 2263.68330557715 
1816, 2116.28114644107 
1817, 1980.2967832009 
1818, 1879.41610426557 
1819, 1792.35155052901 
1820, 1731.12833931463 
1821, 1664.93860947189 
1822, 1633.31608063979 
1823, 1566.92979957789 
1824, 1459.23576252607 
1825, 1355.01351339077 
1826, 1242.35014924522 
1827, 1125.74195633681 
1828, 1015.70602586975 
1829, 915.902210929264 
1830, 807.000510138887 
1831, 688.496563454864 
1832, 579.888489945596 
1833, 474.432532646115 
1834, 386.025565454741 
1835, 307.918897049623 
1836, 252.799491846871 
1837, 217.004968012244 
1838, 184.371878700409 
1839, 171.934236567173 
1840, 180.027986870346 
1841, 190.485262690883 
1842, 213.024984743429 
1843, 256.017525967193 
1844, 290.479925046102 
1845, 316.244054953458 
1846, 335.8281305494 
1847, 343.307190279351 
1848, 349.144500477261 
1849, 332.4049408716 
1850, 315.242317178061 
1851, 286.514322331615 
1852, 270.909391111649 
1853, 232.354311923944 
1854, 207.962187066732 
1855, 205.079918008934 
1856, 205.597186186426 
1857, 232.730103586048 
1858, 259.312552404796 
1859, 286.977486511992 
1860, 325.109984218864 
1861, 349.14407918597 
1862, 359.183863086172 
1863, 386.094527721079 
1864, 396.671557939512 
1865, 392.8649488992 
1866, 383.212947413896 
1867, 351.578552284064 
1868, 306.695165882508 
1869, 253.701583428633 
1870, 205.831238089115 
1871, 147.037300146244 
1872, 108.639648850479 
1873, 88.6844412867886 
1874, 88.587572639979 
1875, 105.753294195378 
1876, 120.365921289514 
1877, 153.640263591175 
1878, 195.500401224572 
1879, 231.59678357167 
1880, 265.119419590405 
1881, 305.604007864924 
1882, 339.184147792485 
1883, 358.848780019162 
1884, 379.060266235272 
1885, 403.21934340988 
1886, 399.342666148661 
1887, 405.233744161348 
1888, 406.221267799556 
1889, 381.853589581154 
1890, 376.421711211324 
1891, 355.527136282671 
1892, 316.793045882381 
1893, 271.676997348426 
1894, 250.606659301606 
1895, 215.801484335621 
1896, 173.05913201419 
1897, 150.355786997374 
1898, 134.867851417073 
1899, 112.427521233195 
1900, 92.6097370926823 
1901, 84.8720403218895 
1902, 69.9275859657816 
1903, 40.199126062292 
1904, 26.203160515062 
1905, 46.1125959995139 
1906, 57.9812818909283 
1907, 74.7242060409193 
1908, 83.8558442672375 
1909, 55.1252234715162 
1910, 44.0435418907215 
1911, 39.892639644049 
1912, 35.800199708437 
1913, 40.9550183375015 
1914, 69.7150818895108 
1915, 71.8861695806882 
1916, 65.9590660598301 
1917, 70.5131205120659 
1918, 74.4704409088495 
1919, 79.1595364654762 
1920, 104.45209329914 
1921, 127.804418032005 
1922, 128.440625480543 
1923, 105.958718435288 
1924, 99.446721232401 
1925, 84.1742254394139 
1926, 70.9241900006247 
1927, 70.926214911852 
1928, 89.2250786863137 
1929, 84.5100020657938 
1930, 79.7311257300919 
1931, 84.9588346288057 
1932, 68.4761712456979 
1933, 67.0170087964293 
1934, 80.8934745594315 
1935, 80.8026593420016 
1936, 71.8623407067873 
1937, 77.9923558489344 
1938, 71.1397064325504 
1939, 47.7209772982056 
1940, 51.731412888841 
1941, 68.9800804788813 
1942, 76.2013574166015 
1943, 84.2120224567517 
1944, 86.9508392988872 
1945, 72.1019436715917 
1946, 65.7766548276409 
1947, 67.0123579393339 
1948, 63.956981586478 
1949, 55.7045320653356 
1950, 45.1030030645626 
1951, 55.6917048361883 
1952, 78.3933578290782 
1953, 76.7921435307502 
1954, 79.5343870815042 
1955, 80.452183215345 
1956, 58.1663609912078 
1957, 50.9666189574422 
1958, 56.9919127015991 
1959, 62.7898532182616 
1960, 63.4764550999831 
1961, 82.3216270125697 
1962, 92.6784989060315 
1963, 96.7109113762383 
1964, 113.788316549705 
1965, 107.108826402695 
1966, 99.5519658027516 
1967, 93.3461817155143 
1968, 85.4744077453658 
1969, 58.3919186975878 
1970, 48.9633230628477 
1971, 53.1607748798471 
1972, 53.4350975130115 
1973, 63.8817854492044 
1974, 53.7189039112805 
1975, 46.4584084417288 
1976, 40.1653300606978 
1977, 45.9316356958324 
1978, 69.9247678205348 
1979, 80.8747857824571 
1980, 105.666371738989 
1981, 114.430444783509 
1982, 94.3661299762264 
1983, 100.110790853414 
1984, 123.060799880901 
1985, 132.893854846462 
1986, 150.713914143083 
1987, 162.923280549442 
1988, 144.624241479159 
1989, 136.124761655213 
1990, 132.792256713415 
1991, 130.863383923873 
1992, 120.752025003413 
1993, 119.014348709984 
1994, 103.384542269876 
1995, 62.6268791028122 
1996, 46.2239412920194 
1997, 38.7722196366664 
1998, 27.8016623438439 
1999, 37.2190716559846 
2000, 43.5222578878611 
2001, 38.2783164597121 
2002, 45.4678910455895 
2003, 38.5115289837278 
2004, 20.2936204341557 
2005, 4.93010810532498 
2006,-29.2811805498696 
2007,-33.5821693372293 
2008,-15.9216036181133 
2009,-12.1829416321211 
2010,-2.85797651263967 
2011, 18.8871033080395 
2012, 14.9453734648941 
2013, 15.6264743291365 
2014, 15.5213118350534 
2015, 17.0911908589345 
2016, 21.2635647557986 
2017, 29.4155731844827 
2018, 25.7995743785926 
2019, 17.5505907480368 
2020, 14.1972541474574 
2021,-0.95504993351943 
2022,-5.66244447274596 
2023,-3.4704502563348 
2024, 12.3789335786608 
2025, 12.7152288365648 
2026, 0.674923592789987 
2027, 21.4002565991188 
2028, 61.7756540799919 
2029, 78.6235750053542 
2030, 114.347479283992 
2031, 129.178092645103 
2032, 117.18545084913 
2033, 109.697159223738 
2034, 89.1832119975564 
2035, 89.5844044912159 
2036, 101.74209132556 
2037, 103.413179633591 
2038, 117.624285036497 
2039, 125.672123509651 
2040, 127.174462827493 
2041, 104.051139300801 
2042, 102.686899304375 
2043, 114.27460669266 
2044, 121.694413820947 
2045, 141.317687179712 
2046, 139.26135891512 
2047, 127.16206160017 
2048, 112.950835651663 
2049, 66.426828668888 
2050, 50.2976791693153 
2051, 44.3301749592703 
2052, 53.843908904178 
2053, 71.112495182925 
2054, 100.410579349847 
2055, 117.10503137976 
2056, 139.885827774017 
2057, 140.654844763395 
2058, 121.65238714538 
2059, 117.771797920006 
2060, 100.593687631212 
2061, 100.108866105209 
2062, 122.29726730826 
2063, 130.224778299528 
2064, 141.225717615634 
2065, 141.36627284989 
2066, 124.018419995862 
2067, 119.369385122858 
2068, 116.40132985706 
2069, 107.342097817787 
2070, 113.175075686699 
2071, 140.330012503884 
2072, 142.943080159133 
2073, 139.02711437027 
2074, 137.162728244825 
2075, 114.792501098971 
2076, 116.198957215504 
2077, 128.841785550613 
2078, 147.637007493779 
2079, 187.701353776878 
2080, 213.619422334961 
2081, 240.105574757042 
2082, 269.902955223785 
2083, 277.119636766374 
2084, 263.66856979976 
2085, 266.624018254834 
2086, 260.42549118036 
2087, 262.495011677149 
2088, 280.927606370931 
2089, 284.755140549333 
2090, 281.34290014559 
2091, 278.612085784724 
2092, 258.685850628057 
2093, 262.341732383713 
2094, 278.912968014128 
2095, 293.850260970915 
2096, 326.464599850769 
2097, 356.443032153354 
2098, 371.306398075607 
2099, 374.461822398195 
2100, 384.426658075247 
2101, 386.302194016196 
2102, 396.274169260796 
2103, 414.832657986771 
2104, 422.060847876757 
2105, 425.773030878277 
2106, 430.886426369038 
2107, 422.096473520822 
2108, 431.033728382141 
2109, 452.826770517581 
2110, 470.628027305352 
2111, 485.791867723062 
2112, 523.024280216092 
2113, 550.750780721826 
2114, 558.530633809588 
2115, 577.976361058524 
2116, 599.901399472459 
2117, 616.897352855811 
2118, 632.935632629167 
2119, 649.506416522101 
2120, 657.427409815179 
2121, 678.435538623829 
2122, 710.494302790656 
2123, 734.974388216678 
2124, 757.986157860117 
2125, 787.631349575313 
2126, 817.173770962206 
2127, 846.859733539718 
2128, 888.117650432385 
2129, 927.535201408528 
2130, 946.34643823774 
2131, 949.133148443382 
2132, 963.683310220909 
2133, 966.472537647875 
2134, 982.939310528825 
2135, 1015.995455391 
2136, 1032.88534574453 
2137, 1045.18816741771 
2138, 1057.43301578233 
2139, 1060.23322675245 
2140, 1070.11831033172 
2141, 1074.2146093916 
2142, 1095.07321856757 
2143, 1135.14704832178 
2144, 1163.18611199355 
2145, 1196.43475032457 
2146, 1230.20997209026 
2147, 1241.32517438455 
2148, 1261.30167948156 
2149, 1287.50588680651 
2150, 1323.73004793191 
2151, 1347.88017895657 
2152, 1374.58081413048 
2153, 1393.23520321246 
2154, 1388.67934805141 
2155, 1413.83338845613 
2156, 1452.54276550579 
2157, 1488.88940093856 
2158, 1556.40649677717 
2159, 1589.93746554683 
2160, 1605.64664629375 
2161, 1618.37065863913 
2162, 1593.61251806134 
2163, 1600.61390685596 
2164, 1626.88957873392 
2165, 1646.49356771073 
2166, 1671.35198349686 
2167, 1715.14044679478 
2168, 1744.44573210439 
2169, 1755.40711506059 
2170, 1793.63615987936 
2171, 1850.1379776242 
2172, 1890.9610904913 
2173, 1945.1804250195 
2174, 1979.44239694812 
2175, 1990.23843074844 
2176, 2014.7813976179 
2177, 2038.64087462328 
2178, 2062.51125366519 
2179, 2093.61927248585 
2180, 2117.68273877516 
2181, 2136.45688553841 
2182, 2155.3951166376 
2183, 2176.97297748938 
2184, 2184.99804987258 
2185, 2200.0793711266 
2186, 2216.1702301792 
2187, 2242.23573192978 
2188, 2278.36776930753 
2189, 2306.4280027551 
2190, 2343.12910734165 
2191, 2363.6775885994 
2192, 2370.80684468667 
2193, 2382.57302991026 
2194, 2390.3494997851 
2195, 2397.94400547035 
2196, 2411.11773442344 
2197, 2411.61466617223 
2198, 2401.66629200218 
2199, 2396.81722082213 
2200, 2373.31565200958 
2201, 2372.23967467025 
2202, 2375.84328429063 
2203, 2396.6558043512 
2204, 2426.74088577832 
2205, 2487.87648800962 
2206, 2561.54093247075 
2207, 2624.08005405431 
2208, 2666.20361900643 
2209, 2700.22752793205 
2210, 2729.25119626817 
2211, 2727.0834430182 
2212, 2756.23397064062 
2213, 2806.57358184596 
2214, 2836.49659781999 
2215, 2873.51916373168 
2216, 2896.70773159225 
2217, 2903.31019713515 
2218, 2909.17306722754 
2219, 2901.64399695385 
2220, 2906.70166148858 
2221, 2909.47073843596 
2222, 2918.90397448995 
2223, 2949.69046606247 
2224, 2963.59096380324 
2225, 2971.42692256659 
2226, 2976.22373010833 
2227, 2978.58845150581 
2228, 2967.58813850075 
2229, 2944.33720787554 
2230, 2924.79843194741 
2231, 2920.09253816666 
2232, 2916.8483977199 
2233, 2914.4262912968 
2234, 2935.45261074734 
2235, 2925.93817863869 
2236, 2893.82529182695 
2237, 2875.65521475441 
2238, 2844.98762050129 
2239, 2837.78963855039 
2240, 2848.98386136086 
2241, 2850.98497217541 
2242, 2864.18133537315 
2243, 2869.01001684736 
2244, 2875.5805537308 
2245, 2863.80202830919 
2246, 2838.30132010943 
2247, 2816.45179442513 
2248, 2779.2965330479 
2249, 2747.82865523802 
2250, 2720.44151906499 
2251, 2696.98152679298 
2252, 2684.52839212966 
2253, 2649.43912559651 
2254, 2629.61085408361 
2255, 2610.30699197139 
2256, 2558.50425799935 
2257, 2519.53754214746 
2258, 2474.73435747602 
2259, 2415.41791724089 
2260, 2379.87042918925 
2261, 2351.95105060667 
2262, 2332.3727629053 
2263, 2338.31600970905 
2264, 2310.13801245557 
2265, 2270.55036109211 
2266, 2238.08271653357 
2267, 2181.42171565113 
2268, 2154.68547233836 
2269, 2148.15753071931 
2270, 2141.08769589701 
2271, 2164.87937776128 
2272, 2146.24790920887 
2273, 2102.52212483374 
2274, 2071.95170062234 
2275, 2020.00463466481 
2276, 1978.86465448909 
2277, 1963.81776474703 
2278, 1930.62412875885 
2279, 1869.02877386172 
2280, 1827.5071284548 
2281, 1787.9292271239 
2282, 1761.78193444932 
2283, 1740.66915425073 
2284, 1731.17340812852 
2285, 1710.47241266273 
2286, 1678.17636957506 
2287, 1635.77389734051 
2288, 1594.12018966813 
2289, 1552.84412868942 
2290, 1503.50594063677 
2291, 1464.88157509556 
2292, 1434.93765952075 
2293, 1395.38525705198 
2294, 1349.13012464995 
2295, 1318.83852144017 
2296, 1294.83877688265 
2297, 1266.09757417227 
2298, 1253.28876722341 
2299, 1221.48382881409 
2300, 1163.450228501 
2301, 1132.01759870475 
2302, 1110.090975999 
2303, 1083.50650850618 
2304, 1065.14709422339 
2305, 1049.3845561669 
2306, 1026.89999169952 
2307, 1015.5586197137 
2308, 1027.14020739144 
2309, 1019.91785651611 
2310, 1003.21535739009 
2311, 989.723042678206 
2312, 973.977241086014 
2313, 948.132909713548 
2314, 926.375703143817 
2315, 892.829620617626 
2316, 819.436467283457 
2317, 773.097110841307 
2318, 723.919687613355 
2319, 682.11559238166 
2320, 691.304207996483 
2321, 688.797412784685 
2322, 668.538409043578 
2323, 673.853706642332 
2324, 669.079809653772 
2325, 661.31065658719 
2326, 664.334864958326 
2327, 657.112326083337 
2328, 644.562801679696 
2329, 614.65059681274 
2330, 591.782141717122 
2331, 572.60744890523 
2332, 552.346146126766 
2333, 530.997660546565 
2334, 508.790753609128 
2335, 482.549550209686 
2336, 460.950160306946 
2337, 430.023906483892 
2338, 425.015073558237 
2339, 442.39974330965 
2340, 447.51439625481 
2341, 466.567877364748 
2342, 469.179562897907 
2343, 458.838143953272 
2344, 448.554571654286 
2345, 435.80246951647 
2346, 419.209395044623 
2347, 396.06588707615 
2348, 372.828651837627 
2349, 339.648130245117 
2350, 320.113518802595 
2351, 304.885167911144 
2352, 295.890550396698 
2353, 297.03432988465 
2354, 297.031357201966 
2355, 295.082964359162 
2356, 302.903022201965 
2357, 327.555392600896 
2358, 339.519139386074 
2359, 360.258094132818 
2360, 360.632908378037 
2361, 334.644038303733 
2362, 320.705992969438 
2363, 305.391795585465 
2364, 287.471049445278 
2365, 261.657137287537 
2366, 246.286889822314 
2367, 239.894120716702 
2368, 221.535951229785 
2369, 221.091648023286 
2370, 222.631126390542 
2371, 219.085973647228 
2372, 218.36182643685 
2373, 222.393186865899 
2374, 220.413813956246 
2375, 201.929946882314 
2376, 188.981082676414 
2377, 165.263620405977 
2378, 154.633327509807 
2379, 167.592789634551 
2380, 176.37578657899 
2381, 206.516919998056 
2382, 215.404215390356 
2383, 194.582835703808 
2384, 193.801879198327 
2385, 173.10220430322 
2386, 162.505771940158 
2387, 177.432718578624 
2388, 171.408863568628 
2389, 163.706901010001 
2390, 153.777514367567 
2391, 130.24942830349 
2392, 114.967442626235 
2393, 124.04003250989 
2394, 136.363680567336 
2395, 156.070722518346 
2396, 173.157051643294 
2397, 158.707879451845 
2398, 138.713140340322 
2399, 109.742742183462 
2400, 83.8122406138904 
2401, 80.9048529695723 
2402, 81.0395721252622 
2403, 91.8374817983023 
2404, 99.8921102468915 
2405, 94.9867024611782 
2406, 77.8761349213442 
2407, 71.1796191990371 
2408, 60.5815126430202 
2409, 50.3821880818203 
2410, 37.8976750168807 
2411, 38.6288198600234 
2412, 41.7370286796848 
2413, 51.4952913477771 
2414, 79.7570588020346 
2415, 92.1606228591102 
2416, 97.0737430783666 
2417, 101.942233178215 
2418, 110.428002821436 
2419, 112.297359621656 
2420, 112.668348284824 
2421, 100.052712298306 
2422, 64.9177722813088 
2423, 58.4002270139674 
2424, 55.390461570284 
2425, 58.6376976639703 
2426, 89.9168190836418 
2427, 93.9177710021306 
2428, 77.2378536659334 
2429, 79.9508904746001 
2430, 86.4530793818433 
2431, 90.6220250646427 
2432, 110.922466136985 
2433, 104.867962521721 
2434, 74.8751876911442 
2435, 67.481411761158 
2436, 56.1218818781442 
2437, 56.3543669846162 
2438, 77.7111961508346 
2439, 76.3669777906855 
2440, 66.4553331793737 
2441, 59.7310717289047 
2442, 44.371653716715 
2443, 39.877028533281 
2444, 47.9265180792807 
2445, 39.3813192542044 
2446, 37.873621719603 
2447, 29.3423106094519 
2448, 0.139113240984509 
2449,-2.94577182352785 
2450, 8.97402354279772 
2451, 22.6440820657774 
2452, 35.0287823368253 
2453, 28.1171154061941 
2454, 11.1658589716125 
2455, 2.34267609935886 
2456,-9.35342796774988 
2457, 4.5721718923202 
2458, 24.9007281592585 
2459, 35.147401278478 
2460, 59.5787821676995 
2461, 59.2805760835859 
2462, 50.1701004940906 
2463, 29.9659359715898 
2464, 12.2892006014652 
2465, 25.9835577393232 
2466, 43.88068857727 
2467, 91.1204428359195 
2468, 119.145069889072 
2469, 106.058838555337 
2470, 85.150092031315 
2471, 44.333173781195 
2472, 15.552490143918 
2473,-5.545036281024 
2474,-12.4447469525889 
2475, 6.68867068956605 
2476, 13.9203399849845 
2477, 32.8459989334975 
2478, 51.5495948112667 
2479, 42.2766628190077 
2480, 33.0394266029788 
2481, 16.7374198839504 
2482, 8.35863842977768E-02 
2483,-5.39910282629477 
2484, 0.935937177095224 
2485, 11.0958411470501 
2486, 14.4313433267074 
2487, 8.09965012349217 
2488,-1.06078309167277 
2489,-3.11135342269869 
2490,-16.151215034362 
2491,-18.508475130154 
2492,-6.44407239968155 
2493,-0.170002919169748 
2494, 25.8958433937252 
2495, 55.2050364315621 
2496, 45.5019855409267 
2497, 32.8281989075833 
2498, 23.5360977365218 
2499,-0.986788836624665 
2500,-14.0210687846547 
