Wavelength,0212202100033.asd
350, 3752.11114082568 
351, 3944.51049733456 
352, 4122.16509272615 
353, 4273.67669217713 
354, 4425.40969189003 
355, 4584.52488722232 
356, 4750.0315450328 
357, 4913.59075117491 
358, 5085.47606710161 
359, 5271.04392469402 
360, 5476.45411944753 
361, 5725.80259934004 
362, 6008.21160831254 
363, 6310.72613006727 
364, 6621.52093689701 
365, 6936.29479036527 
366, 7236.23242383611 
367, 7497.58392233445 
368, 7693.19079865119 
369, 7808.08026854075 
370, 7850.36689394502 
371, 7842.99753501776 
372, 7816.47900581658 
373, 7809.62197478025 
374, 7827.61699880698 
375, 7851.32552782579 
376, 7876.0041604461 
377, 7889.6715778548 
378, 7873.42170839373 
379, 7800.97494455007 
380, 7709.73725498694 
381, 7607.53995908581 
382, 7492.47604547967 
383, 7354.79068269144 
384, 7214.09724546993 
385, 7120.65276200838 
386, 7134.89715055822 
387, 7289.43917238706 
388, 7495.7003162384 
389, 7669.66383712422 
390, 7753.01118522819 
391, 7848.35658547798 
392, 7939.23207970748 
393, 8008.27425798759 
394, 8076.15691179164 
395, 8261.1956198137 
396, 8611.53238465081 
397, 9139.99165874828 
398, 9865.99761183603 
399, 10689.3103779678 
400, 11534.6251667833 
401, 12356.399282254 
402, 13126.5124538594 
403, 13762.1489019326 
404, 14230.4466322432 
405, 14597.8211660088 
406, 14888.488932791 
407, 15150.2474506633 
408, 15441.4593308432 
409, 15834.4349361039 
410, 16301.4055579962 
411, 16814.6663202054 
412, 17348.5981095375 
413, 17877.9731610712 
414, 18400.0479107178 
415, 18902.2669590109 
416, 19346.5844119779 
417, 19771.9530986365 
418, 20206.5259978932 
419, 20655.6745619014 
420, 21049.0772803227 
421, 21450.7778617342 
422, 21887.976557642 
423, 22349.9002599502 
424, 22774.3093649249 
425, 23111.0107993486 
426, 23310.7633605406 
427, 23315.1348423362 
428, 23233.904801328 
429, 23272.5859457563 
430, 23584.8249690548 
431, 24014.9410597358 
432, 24592.2858466008 
433, 25441.3149836316 
434, 26699.2040712888 
435, 27996.9877907783 
436, 28989.5613936059 
437, 29619.9326681425 
438, 30287.9244630287 
439, 30970.4786736355 
440, 31617.6220999075 
441, 32213.0484235621 
442, 32971.4088848651 
443, 33760.5626565266 
444, 34481.6820334471 
445, 35077.9998739635 
446, 35559.5219949046 
447, 35997.3853554088 
448, 36464.7849813899 
449, 37033.6624726281 
450, 37499.9190896153 
451, 37743.6371845046 
452, 37730.5469483301 
453, 37634.4505484362 
454, 37428.7198686533 
455, 37172.0039129238 
456, 36999.2625770746 
457, 36961.4884250288 
458, 36976.0832300875 
459, 36956.538801056 
460, 36866.2096168515 
461, 36726.2078634079 
462, 36571.8360830026 
463, 36421.4730525787 
464, 36177.4642800332 
465, 35806.1556649466 
466, 35353.5789121845 
467, 34939.9455619679 
468, 34593.1601681373 
469, 34339.2389395314 
470, 34189.1718586288 
471, 34140.5993140455 
472, 34111.615267649 
473, 34111.9294358915 
474, 34174.8292581982 
475, 34170.2854438046 
476, 34142.7311826687 
477, 34133.9503771667 
478, 34161.4445794986 
479, 34279.1431864114 
480, 34434.7958798503 
481, 34538.4793138172 
482, 34501.4509224456 
483, 34230.4470608423 
484, 33674.6109104772 
485, 32858.669320646 
486, 32088.802756829 
487, 31558.4883807416 
488, 31421.6701281522 
489, 31817.8372714698 
490, 32408.1545754201 
491, 32882.0145964529 
492, 33050.3986555138 
493, 33115.9575995995 
494, 33217.8166678309 
495, 33413.7175464877 
496, 33671.5920608623 
497, 33747.5465392131 
498, 33651.1278971277 
499, 33441.7848158178 
500, 33160.7333898037 
501, 32956.4067325128 
502, 32886.8537314806 
503, 32974.3149373974 
504, 33302.4196433016 
505, 33743.3636476407 
506, 34179.1419888179 
507, 34523.3310925553 
508, 34783.8900868071 
509, 34989.7244461766 
510, 35185.060733089 
511, 35448.88141031 
512, 35624.8896934516 
513, 35651.3007838072 
514, 35523.108324425 
515, 35221.7075454536 
516, 34819.6593204633 
517, 34437.0876519732 
518, 34233.2104185521 
519, 34555.2538073431 
520, 35420.1430639506 
521, 36613.0322464128 
522, 37591.6005020397 
523, 38317.9548300571 
524, 38828.7317074724 
525, 39207.9804943104 
526, 39365.9945948148 
527, 39434.3496332415 
528, 39660.4782992677 
529, 40489.319878793 
530, 41546.1773217329 
531, 42414.8462647308 
532, 42768.1726044142 
533, 42887.1834298236 
534, 43091.5349630018 
535, 43542.0582228368 
536, 44206.652754084 
537, 44672.0627571817 
538, 44877.9255099329 
539, 44899.058020884 
540, 44887.2126463934 
541, 44938.1691346427 
542, 45186.1848751781 
543, 45734.3514165046 
544, 46347.8257355785 
545, 46875.5610664079 
546, 47238.6780240199 
547, 47444.5457136957 
548, 47585.2010476973 
549, 47753.8505565172 
550, 48005.4505896726 
551, 48266.249335895 
552, 48463.4718903552 
553, 48605.553874144 
554, 48763.1984111868 
555, 48884.0985374123 
556, 48839.8224963444 
557, 48563.2626050465 
558, 48114.6485048248 
559, 47741.300269745 
560, 47586.7322294826 
561, 47697.0118500798 
562, 47929.5369424817 
563, 48062.782595068 
564, 47992.4455676515 
565, 47761.6137430688 
566, 47434.9411485435 
567, 47110.9640803182 
568, 46847.7410971553 
569, 46574.4849294539 
570, 46205.0911737499 
571, 45854.4425962887 
572, 45744.6245259944 
573, 45822.0422892732 
574, 45831.5525383491 
575, 45617.843810388 
576, 45224.7960904195 
577, 44874.2683744513 
578, 44695.3290378607 
579, 44749.4311032704 
580, 44988.3673480262 
581, 45403.5141498707 
582, 45901.4219426293 
583, 46312.7369414503 
584, 46569.1004740383 
585, 46552.2096769138 
586, 46249.9449404982 
587, 45896.7768011763 
588, 45473.9503327182 
589, 44890.1712445281 
590, 44133.1579552923 
591, 43930.913922862 
592, 44194.0721102985 
593, 44576.9291182567 
594, 44524.7151606248 
595, 44276.7207574464 
596, 43947.5966579149 
597, 43603.2646635843 
598, 43217.3478473264 
599, 42746.50494546 
600, 42239.8010814536 
601, 41807.6234271936 
602, 41467.1540130633 
603, 41290.3700701058 
604, 41279.2032937983 
605, 41322.0151739937 
606, 41221.0176253201 
607, 40979.5473294265 
608, 40685.8487870177 
609, 40396.3909780244 
610, 40120.1533139486 
611, 39872.8846033796 
612, 39674.2221083929 
613, 39454.3487845799 
614, 39191.9032593892 
615, 38908.1979308365 
616, 38692.1282437557 
617, 38555.6317112505 
618, 38563.3634406018 
619, 38757.0070737681 
620, 38935.0103392828 
621, 38948.7586058991 
622, 38753.329998966 
623, 38424.3088851506 
624, 38060.58347768 
625, 37722.8132044229 
626, 37440.1683056121 
627, 37201.1879538624 
628, 36953.6274840629 
629, 36709.7949295785 
630, 36534.6860691126 
631, 36550.3001477052 
632, 36671.8827810072 
633, 36822.9361654044 
634, 36993.0225867804 
635, 37118.7141576677 
636, 37201.1825007668 
637, 37257.9066904299 
638, 37275.1708959543 
639, 37212.4409686366 
640, 37038.6418725528 
641, 36748.4246278253 
642, 36534.5173139258 
643, 36417.615353915 
644, 36347.727121934 
645, 36205.4890942215 
646, 35984.1630724229 
647, 35711.9975962484 
648, 35439.9831282776 
649, 35211.8111776466 
650, 35022.0553410467 
651, 34914.2410827951 
652, 34968.3806937809 
653, 34884.5255728896 
654, 34482.838059858 
655, 33736.6356332271 
656, 32844.5087968927 
657, 32216.715139599 
658, 32261.1683020747 
659, 33161.6902218394 
660, 33976.9623606846 
661, 34417.9160005946 
662, 34504.3035345983 
663, 34544.4460064696 
664, 34501.3933204934 
665, 34444.4507995285 
666, 34430.3252403583 
667, 34437.6032970536 
668, 34422.5251419013 
669, 34390.5409462104 
670, 34366.8104025683 
671, 34290.1854161476 
672, 34201.7061500818 
673, 34151.2120886089 
674, 34184.3101271899 
675, 34231.2047145237 
676, 34262.0212491252 
677, 34271.2110301005 
678, 34294.213097252 
679, 34302.4019066976 
680, 34293.2383953411 
681, 34278.601213436 
682, 34258.3214529577 
683, 34182.4409038416 
684, 33901.7361253151 
685, 33142.6047178125 
686, 31788.0068392639 
687, 29942.3110746992 
688, 28068.1289597242 
689, 27420.7382564167 
690, 28079.8566522522 
691, 29492.5138683059 
692, 30745.5906621537 
693, 31846.0341168808 
694, 32643.5378232877 
695, 33117.2300046125 
696, 33428.1933312085 
697, 33679.5202452742 
698, 33837.2002280542 
699, 33852.1992116118 
700, 33779.435792087 
701, 33706.3302944611 
702, 33705.1552222405 
703, 33828.1337520308 
704, 34089.5366530861 
705, 34393.5967558395 
706, 34647.7903590418 
707, 34786.4976719167 
708, 34897.39145372 
709, 34996.8445683142 
710, 35084.9809915268 
711, 35178.342652168 
712, 35241.0228684837 
713, 35260.384281998 
714, 35227.622288262 
715, 35081.5088384717 
716, 34686.8187191998 
717, 33977.8919063396 
718, 32989.8436795982 
719, 32164.2200011746 
720, 31875.4352586292 
721, 32268.1796598538 
722, 33053.5330295219 
723, 33574.8589485312 
724, 33641.210990396 
725, 33412.1260976623 
726, 33391.3607272307 
727, 33492.3272515724 
728, 33605.412452392 
729, 33666.9598321531 
730, 33867.1512187209 
731, 34235.4190409326 
732, 34730.5943571623 
733, 35255.7407617721 
734, 35699.67403651 
735, 35971.8725257864 
736, 36033.3650270332 
737, 35986.0845722039 
738, 35914.880104516 
739, 35839.7403328176 
740, 35732.2311521521 
741, 35688.0321021428 
742, 35722.8423204961 
743, 35824.3192720907 
744, 35962.9465640387 
745, 36054.2890528774 
746, 36090.0230444665 
747, 36084.2892715263 
748, 36029.0256006847 
749, 35904.4186763552 
750, 35737.7112458185 
751, 35588.4791413365 
752, 35513.2817270837 
753, 35492.1106883209 
754, 35485.9035082952 
755, 35443.0487267116 
756, 35267.8225372675 
757, 34534.2485059575 
758, 32541.8966913016 
759, 28061.4227584249 
760, 21539.4006126093 
761, 15282.9355449581 
762, 11992.7610607847 
763, 12187.2484592139 
764, 14161.2913323737 
765, 17096.4755443117 
766, 20961.5366441683 
767, 25100.8178175496 
768, 28631.4376063123 
769, 31035.340239187 
770, 32352.9483502302 
771, 32982.2612372859 
772, 33212.04697889 
773, 33255.7893117324 
774, 33221.8784163518 
775, 33130.1582673072 
776, 33015.6751401487 
777, 32902.601591458 
778, 32753.6364352756 
779, 32580.365209327 
780, 32409.4721815818 
781, 32270.9953653059 
782, 32120.258827586 
783, 31941.4910331036 
784, 31739.8556478735 
785, 31544.1029152103 
786, 31354.5262748585 
787, 31136.6225540801 
788, 30861.9803230932 
789, 30543.3483765432 
790, 30204.1424119868 
791, 29849.7821621911 
792, 29483.5557048878 
793, 29131.7794957627 
794, 28847.7375157691 
795, 28663.3910283117 
796, 28579.3122404512 
797, 28516.4746445654 
798, 28401.3558669797 
799, 28200.9754942127 
800, 27934.1106117482 
801, 27648.8981496382 
802, 27385.9850205483 
803, 27158.3115472888 
804, 26926.2507283543 
805, 26721.0134660883 
806, 26531.3498156667 
807, 26327.4224359164 
808, 26072.1969794556 
809, 25770.2107096565 
810, 25442.7698880723 
811, 25107.1808567944 
812, 24711.1138109008 
813, 24188.5573437914 
814, 23527.7161027998 
815, 22780.1247955405 
816, 22075.9390799155 
817, 21511.4191427336 
818, 21148.188770904 
819, 21007.4923984789 
820, 20946.0949762207 
821, 20855.3244179266 
822, 20690.3711639828 
823, 20511.7300804173 
824, 20392.7323821615 
825, 20398.5244012761 
826, 20506.1714445891 
827, 20440.8547098495 
828, 20216.4285197657 
829, 19925.0052168214 
830, 19687.3443536973 
831, 19520.6012636393 
832, 19386.4775217024 
833, 19270.3708197688 
834, 19181.6027535142 
835, 19125.9906369851 
836, 19090.3468378209 
837, 19041.4984384413 
838, 18931.4622848021 
839, 18780.7481344121 
840, 18603.340917329 
841, 18410.3186276341 
842, 18207.7456209455 
843, 18000.6030932956 
844, 17795.7998585206 
845, 17596.5546023922 
846, 17402.0040295614 
847, 17163.4388293459 
848, 16875.8428605474 
849, 16556.0416475576 
850, 16234.825641121 
851, 15862.7170263016 
852, 15479.6898527559 
853, 15159.9479762134 
854, 14917.3873677982 
855, 14722.5446439694 
856, 14631.7198281448 
857, 14721.1469737491 
858, 14856.3298013147 
859, 14878.0694540406 
860, 14760.2452660987 
861, 14593.6349097615 
862, 14393.5222477789 
863, 14137.9697581879 
864, 13831.2005681038 
865, 13513.5817494391 
866, 13214.5957427632 
867, 12962.2183515288 
868, 12796.0424237854 
869, 12767.524791974 
870, 12792.2569043444 
871, 12769.8605990158 
872, 12654.948391108 
873, 12501.4696336397 
874, 12336.05318412 
875, 12169.4315306444 
876, 12005.3296593433 
877, 11846.7512135354 
878, 11690.9394630815 
879, 11537.2426767775 
880, 11384.2840058354 
881, 11226.509769091 
882, 11072.4286507284 
883, 10926.3600470746 
884, 10788.5663442739 
885, 10654.0084506603 
886, 10507.8913207035 
887, 10353.4628251042 
888, 10201.0788976317 
889, 10054.3243087077 
890, 9911.25918151458 
891, 9754.72711088794 
892, 9564.13835937326 
893, 9337.05995859805 
894, 9076.94900179857 
895, 8791.23164332799 
896, 8489.99155231688 
897, 8180.73748939485 
898, 7889.6372729764 
899, 7645.25049845586 
900, 7470.31990445842 
901, 7363.14498324387 
902, 7306.6769356182 
903, 7277.6666589168 
904, 7250.521346402 
905, 7206.26915491794 
906, 7127.25413273005 
907, 7001.44891052575 
908, 6829.63684729698 
909, 6648.4283715198 
910, 6495.50201153546 
911, 6382.77580960147 
912, 6299.63778927361 
913, 6231.64772058202 
914, 6164.89212797117 
915, 6095.55656452915 
916, 6029.42627564463 
917, 5979.76529215948 
918, 5939.20524299025 
919, 5900.68150178032 
920, 5859.3445111646 
921, 5813.9548246761 
922, 5756.66634011427 
923, 5679.14994904496 
924, 5574.2547227727 
925, 5438.85787481644 
926, 5278.99548782049 
927, 5089.81019180224 
928, 4860.13340044765 
929, 4588.64759709977 
930, 4283.70374482444 
931, 3960.6933235772 
932, 3641.85625709551 
933, 3357.35715362689 
934, 3131.37302445071 
935, 2977.10455355718 
936, 2895.02701670547 
937, 2870.13980632883 
938, 2882.84189458428 
939, 2910.58636673861 
940, 2934.71824060048 
941, 2954.37251368478 
942, 2957.52397354912 
943, 2929.90784624532 
944, 2867.18210196825 
945, 2793.89053068671 
946, 2733.42401040027 
947, 2694.96333321004 
948, 2676.5279252652 
949, 2668.33061321543 
950, 2658.95054852708 
951, 2646.14829578705 
952, 2630.82237697922 
953, 2611.54802198827 
954, 2594.14512665135 
955, 2578.25368828114 
956, 2563.33517822219 
957, 2552.06503252426 
958, 2542.85302535477 
959, 2534.33888380687 
960, 2527.40265824504 
961, 2525.63230215327 
962, 2522.97572100902 
963, 2521.61659181327 
964, 2522.40336288949 
965, 2522.56366955442 
966, 2518.88452798428 
967, 2508.94236131216 
968, 2493.79113988374 
969, 2476.60943917257 
970, 2454.69274007035 
971, 2427.08249368597 
972, 2392.14923910948 
973, 2349.12259433928 
974, 2302.71619985436 
975, 2253.24587593723 
976, 2203.54029913735 
977, 2157.98142945853 
978, 2121.69351886024 
979, 2090.17717612147 
980, 2062.39359773889 
981, 2036.44024969089 
982, 2005.78298721514 
983, 1976.42058093022 
984, 1946.78032313838 
985, 1914.70756154453 
986, 1880.42603918133 
987, 1843.85851946188 
988, 1806.84115059974 
989, 1769.30701514626 
990, 1729.35185747736 
991, 1689.49921447782 
992, 1651.84795818433 
993, 1614.70977791124 
994, 1575.49926529064 
995, 1540.3874413521 
996, 1503.34884384969 
997, 1464.12635489197 
998, 1425.16206807698 
999, 1387.14377979151 
1000, 1350.86099848594 
1001, 8484.69595439655 
1002, 8452.05333104803 
1003, 8420.70441464512 
1004, 8398.97093888322 
1005, 8384.48428150415 
1006, 8388.53347532001 
1007, 8400.82031828629 
1008, 8415.33006676744 
1009, 8434.66428078125 
1010, 8457.17778550301 
1011, 8481.7712037991 
1012, 8511.04896486231 
1013, 8546.6599860215 
1014, 8582.70574236569 
1015, 8613.68281012886 
1016, 8646.39407035426 
1017, 8678.6835118897 
1018, 8712.32062052414 
1019, 8755.8328533768 
1020, 8803.3220342169 
1021, 8854.44756171341 
1022, 8904.13187527729 
1023, 8953.40963315614 
1024, 9001.798999083 
1025, 9057.69366641582 
1026, 9111.0088904172 
1027, 9162.69982264339 
1028, 9210.94406450826 
1029, 9251.31400404385 
1030, 9296.17476299805 
1031, 9342.22478230718 
1032, 9384.24055295761 
1033, 9426.83513511959 
1034, 9463.35855230785 
1035, 9501.11549998731 
1036, 9537.00184858544 
1037, 9576.59943934196 
1038, 9610.2525196143 
1039, 9640.82467289056 
1040, 9666.19201474535 
1041, 9688.07765740615 
1042, 9715.05201743524 
1043, 9739.05255416658 
1044, 9763.60098201864 
1045, 9789.67797663976 
1046, 9811.49829572241 
1047, 9838.79369877736 
1048, 9869.80071461704 
1049, 9903.1385669062 
1050, 9935.77813601681 
1051, 9972.87463853218 
1052, 10012.5383996455 
1053, 10050.8750900847 
1054, 10087.6672634473 
1055, 10125.3238651076 
1056, 10161.9456621863 
1057, 10203.2058409273 
1058, 10251.4016149388 
1059, 10303.83649077 
1060, 10366.3964202088 
1061, 10437.4562642861 
1062, 10515.2595171433 
1063, 10602.0156177648 
1064, 10694.546500424 
1065, 10792.8555097372 
1066, 10890.3593498248 
1067, 10988.767312165 
1068, 11101.928945849 
1069, 11228.2731961417 
1070, 11364.2418662002 
1071, 11515.1769849144 
1072, 11669.2498496727 
1073, 11821.394262012 
1074, 11982.4164859228 
1075, 12127.1849442558 
1076, 12268.1252265445 
1077, 12402.8115313694 
1078, 12520.320877496 
1079, 12625.3712642347 
1080, 12715.2998242053 
1081, 12796.7401280015 
1082, 12872.3523971233 
1083, 12945.0110735381 
1084, 13025.209501479 
1085, 13102.0745517597 
1086, 13169.1070043885 
1087, 13235.9722572921 
1088, 13285.2708520548 
1089, 13324.8899583818 
1090, 13352.1895445289 
1091, 13366.7948239293 
1092, 13370.0303073917 
1093, 13360.082564385 
1094, 13337.6611546894 
1095, 13307.5910141092 
1096, 13277.2230338984 
1097, 13249.0411633658 
1098, 13219.5746240593 
1099, 13191.2075605562 
1100, 13164.4385772864 
1101, 13134.6766125551 
1102, 13112.3886203218 
1103, 13071.0960812661 
1104, 13028.4883637126 
1105, 12969.2563395073 
1106, 12891.58205208 
1107, 12787.0590017303 
1108, 12642.4132006484 
1109, 12450.3685096034 
1110, 12182.8421347861 
1111, 11857.2934031897 
1112, 11471.9604411812 
1113, 10998.0632241641 
1114, 10526.6733202509 
1115, 9973.74300830465 
1116, 9477.76273087145 
1117, 8939.62622845747 
1118, 8486.71219047417 
1119, 8072.96813290999 
1120, 7695.90005968166 
1121, 7383.57451419444 
1122, 7133.7302461723 
1123, 6951.90680847487 
1124, 6830.49504621418 
1125, 6774.0204812055 
1126, 6810.87606897463 
1127, 6846.4884975707 
1128, 6943.40414010449 
1129, 7035.08066296554 
1130, 7154.56165809947 
1131, 7273.9405722009 
1132, 7393.01969434568 
1133, 7542.49776551336 
1134, 7702.524967789 
1135, 7881.63221127736 
1136, 8129.72063978629 
1137, 8386.85024999453 
1138, 8636.39586388499 
1139, 8862.22649105723 
1140, 9010.93646191883 
1141, 9113.46390110073 
1142, 9157.32802517582 
1143, 9109.71814312607 
1144, 9086.89333116304 
1145, 8957.6926788025 
1146, 8951.11347257561 
1147, 8957.71806882982 
1148, 9046.0471951008 
1149, 9218.27695746921 
1150, 9431.16520165472 
1151, 9707.12513389342 
1152, 10015.1496936631 
1153, 10336.6942646257 
1154, 10713.3391045857 
1155, 11059.5098129614 
1156, 11423.2406726983 
1157, 11759.3936631242 
1158, 12094.8696477706 
1159, 12402.5809616492 
1160, 12696.4852115005 
1161, 12964.4927960958 
1162, 13218.8738280032 
1163, 13439.3257065254 
1164, 13633.5251983436 
1165, 13797.9326048054 
1166, 13935.8604496154 
1167, 14043.3853820637 
1168, 14129.522191607 
1169, 14193.3535776478 
1170, 14227.3549386109 
1171, 14229.5983096474 
1172, 14217.0595752043 
1173, 14173.0140945455 
1174, 14123.4388829657 
1175, 14053.1667953317 
1176, 13980.3654918695 
1177, 13889.5607164674 
1178, 13802.4976316524 
1179, 13704.7554439039 
1180, 13615.0822905593 
1181, 13523.3554941068 
1182, 13439.1387010147 
1183, 13365.3765519192 
1184, 13292.1590100769 
1185, 13245.6535670823 
1186, 13213.7121133282 
1187, 13195.6853720158 
1188, 13205.0557023532 
1189, 13207.9615184468 
1190, 13233.2604883133 
1191, 13233.8485954657 
1192, 13239.9629721411 
1193, 13219.8297527976 
1194, 13185.3921755656 
1195, 13128.7013980208 
1196, 13045.9958170199 
1197, 12954.2668463868 
1198, 12850.2369177053 
1199, 12713.0121894801 
1200, 12610.7947693915 
1201, 12502.7789563766 
1202, 12422.4119383912 
1203, 12361.6879879548 
1204, 12311.6263634405 
1205, 12276.8500021565 
1206, 12251.7950341366 
1207, 12243.9109600625 
1208, 12239.668527161 
1209, 12250.6696304148 
1210, 12258.579989608 
1211, 12277.471523694 
1212, 12287.955221471 
1213, 12295.2666973278 
1214, 12300.5182976664 
1215, 12301.7773106288 
1216, 12301.2455382772 
1217, 12290.3680098019 
1218, 12274.4530441157 
1219, 12253.0350084381 
1220, 12217.9787638527 
1221, 12189.2471529165 
1222, 12156.024860864 
1223, 12129.3908595696 
1224, 12105.7934425495 
1225, 12083.0261687734 
1226, 12064.0857327008 
1227, 12045.741347463 
1228, 12028.1527929683 
1229, 12011.2494880269 
1230, 11995.5039667183 
1231, 11985.5431670851 
1232, 11964.1174269841 
1233, 11942.3277678689 
1234, 11909.9958779999 
1235, 11867.4943471658 
1236, 11824.2720759734 
1237, 11774.0584975932 
1238, 11724.2120497993 
1239, 11671.9446605097 
1240, 11617.828561987 
1241, 11558.0509186798 
1242, 11502.9976448121 
1243, 11448.4519708886 
1244, 11393.9290642632 
1245, 11342.7701131135 
1246, 11293.1550199907 
1247, 11233.9072976604 
1248, 11172.6538363705 
1249, 11102.5595248534 
1250, 11026.4574389197 
1251, 10943.0596272482 
1252, 10854.4704375539 
1253, 10755.9120903033 
1254, 10656.0881007467 
1255, 10533.8401009289 
1256, 10404.0257045452 
1257, 10250.1274781363 
1258, 10067.7302926085 
1259, 9882.29451990195 
1260, 9667.08484963381 
1261, 9466.14911799096 
1262, 9255.95330304937 
1263, 9055.51216651183 
1264, 8886.83629801479 
1265, 8718.15354476601 
1266, 8616.61945685031 
1267, 8542.69127690414 
1268, 8532.40846022548 
1269, 8577.25166631403 
1270, 8660.29253957055 
1271, 8812.07464414215 
1272, 8961.85801453905 
1273, 9170.02410513591 
1274, 9343.13562703738 
1275, 9532.24034119425 
1276, 9690.23785264699 
1277, 9831.96781051543 
1278, 9956.03312987308 
1279, 10060.0052152093 
1280, 10147.3448740566 
1281, 10227.5440641544 
1282, 10295.7518189031 
1283, 10372.3240770856 
1284, 10446.9413482767 
1285, 10522.1894504123 
1286, 10603.7375796002 
1287, 10671.8694151168 
1288, 10738.6072949547 
1289, 10791.5797709336 
1290, 10836.1139691123 
1291, 10869.5872708022 
1292, 10886.8829736665 
1293, 10905.0775785652 
1294, 10916.1444204125 
1295, 10922.162597513 
1296, 10928.6706267724 
1297, 10924.6927521826 
1298, 10910.4473074935 
1299, 10891.2208017065 
1300, 10864.8581178686 
1301, 10837.032599368 
1302, 10807.1171261341 
1303, 10773.9950774132 
1304, 10739.2160412509 
1305, 10703.8145717335 
1306, 10661.8755267637 
1307, 10615.9679257611 
1308, 10567.144531574 
1309, 10512.3444780698 
1310, 10457.9326369121 
1311, 10396.7551651145 
1312, 10343.2012914811 
1313, 10288.949304796 
1314, 10240.5096695267 
1315, 10196.8348088244 
1316, 10158.7931046763 
1317, 10125.6859576509 
1318, 10096.8472320551 
1319, 10072.7063991224 
1320, 10048.0280041902 
1321, 10020.1881990194 
1322, 9981.65251828552 
1323, 9922.38067140074 
1324, 9856.60221711551 
1325, 9759.69012739152 
1326, 9638.12208104739 
1327, 9499.32675202279 
1328, 9315.46224865554 
1329, 9162.97324020496 
1330, 8985.55288242744 
1331, 8855.67390712631 
1332, 8751.04380076886 
1333, 8670.45625115539 
1334, 8631.46840842331 
1335, 8586.89479635819 
1336, 8568.76795389864 
1337, 8545.38006563536 
1338, 8502.6495692426 
1339, 8429.96291022643 
1340, 8312.72057015301 
1341, 8139.2918379527 
1342, 7894.71144998072 
1343, 7591.84020014111 
1344, 7224.47174832704 
1345, 6776.74300828491 
1346, 6299.21594365732 
1347, 5744.82825950563 
1348, 5201.91701225244 
1349, 4601.82550889268 
1350, 4046.35762792102 
1351, 3467.19589891095 
1352, 2954.93430706588 
1353, 2456.92908437488 
1354, 2026.05428849004 
1355, 1648.62542348665 
1356, 1320.5278937733 
1357, 1043.080288396 
1358, 820.694577174253 
1359, 637.987545450083 
1360, 501.710772439722 
1361, 405.280246783671 
1362, 333.084963984727 
1363, 289.160078092115 
1364, 260.446372484016 
1365, 235.267181673609 
1366, 221.993306931679 
1367, 218.553310831994 
1368, 222.419090539146 
1369, 239.009440839036 
1370, 270.237762723091 
1371, 307.396135781545 
1372, 360.032655792201 
1373, 407.304608031905 
1374, 473.066735853905 
1375, 513.358845535819 
1376, 547.799402701958 
1377, 565.701967428361 
1378, 569.271600828592 
1379, 554.274498125458 
1380, 527.632821482899 
1381, 501.396363293459 
1382, 474.320538344303 
1383, 464.440278328731 
1384, 477.731311855475 
1385, 510.155536841175 
1386, 560.967144132122 
1387, 627.11000330684 
1388, 687.917644958778 
1389, 767.650216323643 
1390, 818.751520683223 
1391, 861.275896804506 
1392, 889.932122196748 
1393, 895.535734209968 
1394, 909.015260431331 
1395, 914.779557305054 
1396, 926.651688101639 
1397, 936.720828303595 
1398, 954.098434482427 
1399, 974.567543669531 
1400, 999.433855238125 
1401, 1033.38879357811 
1402, 1065.1490806923 
1403, 1096.23191806578 
1404, 1132.02472263826 
1405, 1168.26905239234 
1406, 1206.95457629428 
1407, 1254.36010522726 
1408, 1306.98346567963 
1409, 1372.52936540089 
1410, 1447.9799738431 
1411, 1519.60922870508 
1412, 1601.27927738034 
1413, 1672.88357636718 
1414, 1743.84019021489 
1415, 1801.36354624602 
1416, 1852.667451194 
1417, 1896.22947750608 
1418, 1928.01302175827 
1419, 1958.08350009434 
1420, 1984.58065221546 
1421, 2005.91559940335 
1422, 2026.41230431704 
1423, 2030.90509742923 
1424, 2028.46849515104 
1425, 2014.04845110072 
1426, 1984.92366291201 
1427, 1947.1847078368 
1428, 1903.91596765364 
1429, 1843.40537378895 
1430, 1768.63966864485 
1431, 1691.12248616489 
1432, 1607.45981007419 
1433, 1530.38797873645 
1434, 1460.14525775484 
1435, 1391.74113207064 
1436, 1330.12121431139 
1437, 1275.13346680412 
1438, 1227.00673680452 
1439, 1187.40845086803 
1440, 1149.88636571951 
1441, 1120.83188793625 
1442, 1089.14122563919 
1443, 1059.57140887855 
1444, 1030.14583510634 
1445, 1002.44613755618 
1446, 971.500139249833 
1447, 938.327660260527 
1448, 908.979982444301 
1449, 877.976660099349 
1450, 850.623333041651 
1451, 827.373364537589 
1452, 806.459401430272 
1453, 791.956368952434 
1454, 771.088033564673 
1455, 752.248824534366 
1456, 726.571990497647 
1457, 695.898783982075 
1458, 661.570027056209 
1459, 633.187312297425 
1460, 598.946113850073 
1461, 561.951625932547 
1462, 527.606753897826 
1463, 485.16759888868 
1464, 450.26288179208 
1465, 418.100802005982 
1466, 386.771702522053 
1467, 362.287045888933 
1468, 345.643106753274 
1469, 324.077781566412 
1470, 304.549398171502 
1471, 285.852530195941 
1472, 263.051708182284 
1473, 249.904899588351 
1474, 245.01341092095 
1475, 235.842001858378 
1476, 226.818375313105 
1477, 222.164176011959 
1478, 219.915996192935 
1479, 216.419665443717 
1480, 217.569421238339 
1481, 216.181565060232 
1482, 211.610760927627 
1483, 207.054630749729 
1484, 200.703859057086 
1485, 199.299097742767 
1486, 200.405022743166 
1487, 197.746407489152 
1488, 202.745715004308 
1489, 209.628672028551 
1490, 214.62276800156 
1491, 220.600227687273 
1492, 223.763925945603 
1493, 229.28978185574 
1494, 232.744840376842 
1495, 234.099479779703 
1496, 239.447668098127 
1497, 241.83772091353 
1498, 243.91672860809 
1499, 246.012894886217 
1500, 245.911568749897 
1501, 241.720975306509 
1502, 243.614647386518 
1503, 247.873440205589 
1504, 249.031031613014 
1505, 253.086868196309 
1506, 255.265488297838 
1507, 250.78086332869 
1508, 254.386736537454 
1509, 265.198981416782 
1510, 268.665559186692 
1511, 270.41452390821 
1512, 274.091645939102 
1513, 274.439332901265 
1514, 278.307538016064 
1515, 287.528790542961 
1516, 294.006027932874 
1517, 300.554443152312 
1518, 304.773133868777 
1519, 308.292662132447 
1520, 309.828366968829 
1521, 307.176886318522 
1522, 305.461138637113 
1523, 311.375450562469 
1524, 312.947624478608 
1525, 315.941311348369 
1526, 320.349174412416 
1527, 320.383321136798 
1528, 324.173142572302 
1529, 329.358353806488 
1530, 335.650454908056 
1531, 341.831542271234 
1532, 346.824353138681 
1533, 350.217155994722 
1534, 350.813780667437 
1535, 351.064828593197 
1536, 346.054857812313 
1537, 348.549868545235 
1538, 355.259047751889 
1539, 358.946213437066 
1540, 364.892192787658 
1541, 368.746985518131 
1542, 367.478907586146 
1543, 372.279241546043 
1544, 381.811641087932 
1545, 387.906270200967 
1546, 396.059393205616 
1547, 402.402962238179 
1548, 403.967829043186 
1549, 409.565415240603 
1550, 417.12470845227 
1551, 423.067536469932 
1552, 429.311075982247 
1553, 438.026993557415 
1554, 448.238731361332 
1555, 457.335927024525 
1556, 468.086444289592 
1557, 477.306373297734 
1558, 485.928230627505 
1559, 491.624180299565 
1560, 495.824845983432 
1561, 499.775483131776 
1562, 499.39238682784 
1563, 501.879038869859 
1564, 509.355533154156 
1565, 511.667583861547 
1566, 510.843382237514 
1567, 510.544789057294 
1568, 505.856039216796 
1569, 503.820026897216 
1570, 506.231932593534 
1571, 508.495953977883 
1572, 510.25862837009 
1573, 511.430561317841 
1574, 513.914223071015 
1575, 522.381751165377 
1576, 534.219664823577 
1577, 545.421979431696 
1578, 556.919193860989 
1579, 571.560177700661 
1580, 586.521566890697 
1581, 603.260056757897 
1582, 620.242643702355 
1583, 639.627154914883 
1584, 654.199525669323 
1585, 667.991350690207 
1586, 680.672268822773 
1587, 689.635324947331 
1588, 700.306533857764 
1589, 711.760458425757 
1590, 722.402310754432 
1591, 732.402542789662 
1592, 742.243446323368 
1593, 754.537450540573 
1594, 760.619596605914 
1595, 762.382011594408 
1596, 765.589905962767 
1597, 765.44968604719 
1598, 766.217054259395 
1599, 767.798735679429 
1600, 769.915754491583 
1601, 770.879803597363 
1602, 773.148939702794 
1603, 778.673663203362 
1604, 780.590809637147 
1605, 778.685438216404 
1606, 781.095847854768 
1607, 783.553131648307 
1608, 788.062388436456 
1609, 796.740622011723 
1610, 804.249456314646 
1611, 812.29062465887 
1612, 819.50181594012 
1613, 826.003148203346 
1614, 833.317065263593 
1615, 838.897573351672 
1616, 847.575062714453 
1617, 860.605886201865 
1618, 870.7088923954 
1619, 884.520474909094 
1620, 891.044339720832 
1621, 889.342594978207 
1622, 892.212696557392 
1623, 893.826829003297 
1624, 894.913803005759 
1625, 895.74676629261 
1626, 900.483009382171 
1627, 910.025598075851 
1628, 912.144411368436 
1629, 913.000584967102 
1630, 914.945858915498 
1631, 910.084389805642 
1632, 907.551143339981 
1633, 911.860995072348 
1634, 911.096542856626 
1635, 904.872703723152 
1636, 900.584852554917 
1637, 894.244748794046 
1638, 890.680551332588 
1639, 889.034563494101 
1640, 887.885215558958 
1641, 887.392797906311 
1642, 889.203754814056 
1643, 893.133234475286 
1644, 897.012277650068 
1645, 901.428238264758 
1646, 908.212555524834 
1647, 918.513310774893 
1648, 925.901864101698 
1649, 933.864856828124 
1650, 941.510207063846 
1651, 947.14869604066 
1652, 951.217169105819 
1653, 956.084250652899 
1654, 961.668869641949 
1655, 967.818467505236 
1656, 972.568363157916 
1657, 980.958802055491 
1658, 993.363210538668 
1659, 999.786904180033 
1660, 1005.66498295003 
1661, 1009.62723584447 
1662, 1011.05235117652 
1663, 1009.51386391505 
1664, 1006.10227955787 
1665, 1003.30341140405 
1666, 995.026013424536 
1667, 995.645028933976 
1668, 1000.83683004053 
1669, 1005.67632858376 
1670, 1015.50154465251 
1671, 1018.00828350283 
1672, 1016.30816177817 
1673, 1021.39014534081 
1674, 1026.27390045059 
1675, 1031.7479136487 
1676, 1042.89579130018 
1677, 1049.26609281314 
1678, 1051.42813322094 
1679, 1055.97004370888 
1680, 1061.22574731574 
1681, 1067.78294323951 
1682, 1075.22079641812 
1683, 1079.96115830458 
1684, 1085.22554080513 
1685, 1090.14437620298 
1686, 1091.7576138006 
1687, 1096.49274914839 
1688, 1104.67005092942 
1689, 1108.98144905729 
1690, 1112.59891104704 
1691, 1113.95581161814 
1692, 1112.5256310245 
1693, 1112.37373517967 
1694, 1110.29405379356 
1695, 1112.21530879348 
1696, 1116.36280215088 
1697, 1120.36435060874 
1698, 1127.23831323257 
1699, 1128.83177689812 
1700, 1128.67444596681 
1701, 1127.56805378321 
1702, 1121.31591735786 
1703, 1123.15700017142 
1704, 1128.50958250422 
1705, 1131.65381761459 
1706, 1139.51819670025 
1707, 1141.00466294134 
1708, 1137.33883748643 
1709, 1137.89847365335 
1710, 1136.68720239553 
1711, 1140.93221707025 
1712, 1150.0523772737 
1713, 1152.67082675163 
1714, 1155.35257495255 
1715, 1154.1627163801 
1716, 1156.85213683112 
1717, 1163.15217063216 
1718, 1167.58131375955 
1719, 1166.07041057946 
1720, 1161.50546125595 
1721, 1157.55798607773 
1722, 1151.66604971577 
1723, 1147.69946274681 
1724, 1144.14895947787 
1725, 1140.6050117926 
1726, 1140.61817003634 
1727, 1139.73040826855 
1728, 1141.562045546 
1729, 1145.71503892754 
1730, 1140.80708539008 
1731, 1132.78596702236 
1732, 1130.0285448236 
1733, 1125.8268375281 
1734, 1125.34060345119 
1735, 1127.60831725329 
1736, 1127.85384527856 
1737, 1129.31511185177 
1738, 1129.79362384982 
1739, 1135.23094240009 
1740, 1138.73841322948 
1741, 1136.08460467284 
1742, 1133.90895035408 
1743, 1125.45057083343 
1744, 1116.97290090259 
1745, 1109.75957553549 
1746, 1103.549566642 
1747, 1106.73215840829 
1748, 1109.87164662664 
1749, 1113.97812921302 
1750, 1119.49942762879 
1751, 1120.70223251091 
1752, 1121.62579663452 
1753, 1121.83268975251 
1754, 1117.5554807927 
1755, 1117.06066310516 
1756, 1120.77251202721 
1757, 1117.6809149385 
1758, 1119.20103718695 
1759, 1118.09333260333 
1760, 1103.51472799595 
1761, 1095.30937540399 
1762, 1089.88999329793 
1763, 1075.82340902432 
1764, 1067.5589305588 
1765, 1061.75527224201 
1766, 1054.74698852184 
1767, 1049.92981234444 
1768, 1044.76239201715 
1769, 1038.9375315702 
1770, 1032.329985257 
1771, 1027.63049385908 
1772, 1020.93638032369 
1773, 1013.76228057704 
1774, 1002.78788480564 
1775, 986.734463198758 
1776, 972.792681984359 
1777, 956.366688703385 
1778, 943.557100117471 
1779, 933.391924003471 
1780, 925.288732798528 
1781, 919.22419747238 
1782, 912.446628181412 
1783, 908.407466589615 
1784, 901.551245413756 
1785, 894.348657815426 
1786, 884.145316422274 
1787, 871.87632618275 
1788, 857.069954750671 
1789, 840.033417892465 
1790, 823.884307552323 
1791, 805.887992312095 
1792, 787.820731225213 
1793, 770.720403390714 
1794, 748.011707904911 
1795, 722.49687372106 
1796, 698.922506830805 
1797, 667.297705115809 
1798, 636.64056057289 
1799, 604.858832774905 
1800, 563.044313833536 
1801, 3240.50111074562 
1802, 3119.37125843674 
1803, 2999.86113124828 
1804, 2894.67316764429 
1805, 2802.3231431987 
1806, 2727.51128004205 
1807, 2663.76345179534 
1808, 2594.81926944191 
1809, 2562.99505355439 
1810, 2483.56073022807 
1811, 2373.76452758009 
1812, 2268.68950720358 
1813, 2145.46214190705 
1814, 2030.59975831767 
1815, 1927.58605294452 
1816, 1811.90386225472 
1817, 1712.15162470642 
1818, 1628.78792458638 
1819, 1542.37436843718 
1820, 1455.75169635201 
1821, 1385.24725435184 
1822, 1332.29590391783 
1823, 1262.37864157379 
1824, 1200.93739197801 
1825, 1135.84186007866 
1826, 1054.37645417018 
1827, 979.802869045283 
1828, 889.588958094037 
1829, 778.661614406415 
1830, 688.970543041306 
1831, 605.324991422794 
1832, 502.282132793555 
1833, 406.293490183178 
1834, 343.417798224414 
1835, 275.247200058469 
1836, 231.070082064992 
1837, 228.173230983998 
1838, 220.364171930945 
1839, 212.687860436736 
1840, 203.517478563576 
1841, 209.286309046033 
1842, 225.302134075938 
1843, 237.458770523581 
1844, 259.410525582347 
1845, 292.330972110416 
1846, 296.715312092646 
1847, 303.255075830795 
1848, 314.099987141266 
1849, 308.864121432637 
1850, 298.516603745015 
1851, 280.745464048318 
1852, 260.998321986627 
1853, 239.463981560557 
1854, 225.624482105862 
1855, 231.650597271084 
1856, 257.304986884855 
1857, 270.523884575866 
1858, 278.287334699305 
1859, 294.183320302471 
1860, 308.912116148495 
1861, 321.756455423833 
1862, 351.194734662721 
1863, 377.299971673686 
1864, 380.419930613749 
1865, 366.045318511279 
1866, 350.226451757715 
1867, 324.529195840574 
1868, 282.963898608321 
1869, 239.169334593663 
1870, 201.751662178311 
1871, 151.80869751459 
1872, 116.767587916429 
1873, 100.379162024033 
1874, 101.606682443144 
1875, 123.937223312071 
1876, 142.206767046702 
1877, 173.864143813294 
1878, 205.491962954392 
1879, 223.69410540962 
1880, 253.188926824637 
1881, 290.391217284189 
1882, 322.510800162095 
1883, 351.080850900073 
1884, 373.151010473434 
1885, 361.646884735202 
1886, 342.651831301649 
1887, 320.580124103089 
1888, 299.818951116656 
1889, 288.188047816023 
1890, 272.200193979872 
1891, 256.022093009129 
1892, 242.968503345346 
1893, 214.689812398943 
1894, 193.468702300478 
1895, 182.171971686855 
1896, 171.192640340354 
1897, 170.961454329454 
1898, 150.447989846493 
1899, 130.62175811457 
1900, 117.086248991827 
1901, 93.3302022634414 
1902, 81.6044456866319 
1903, 79.9255132616845 
1904, 89.0971312364772 
1905, 93.0065606381495 
1906, 97.5108412995118 
1907, 108.102920995212 
1908, 112.993607126819 
1909, 100.57509525416 
1910, 75.2035713271816 
1911, 64.8042073128712 
1912, 48.3329820880005 
1913, 39.312646293188 
1914, 37.0724574430441 
1915, 57.0809509930251 
1916, 49.4324927100304 
1917, 58.8799958535181 
1918, 60.5408540709231 
1919, 61.8834910133919 
1920, 81.7859700152367 
1921, 79.1035571114249 
1922, 82.6149216725 
1923, 90.3224855060168 
1924, 92.2357351717416 
1925, 89.692076227498 
1926, 86.5668264119778 
1927, 80.6166991494194 
1928, 76.4411009458192 
1929, 77.0211865323956 
1930, 85.9702617337161 
1931, 84.7809933014447 
1932, 83.1827621481321 
1933, 83.2478475872186 
1934, 74.0001700249173 
1935, 75.6804301357551 
1936, 91.8557741017696 
1937, 91.3797413343505 
1938, 96.8729592560601 
1939, 99.3529818690521 
1940, 101.578434420808 
1941, 126.363936314932 
1942, 135.325045621684 
1943, 126.88783608325 
1944, 120.242567623617 
1945, 104.928973379609 
1946, 83.1096923499933 
1947, 47.1732524806335 
1948, 31.1560893242811 
1949, 16.1198234460335 
1950, 0.186903598452289 
1951, 6.61132136001137 
1952, 26.1847351595543 
1953, 32.6278592331262 
1954, 40.8562398875133 
1955, 46.8234615478613 
1956, 53.2605376950682 
1957, 50.4369509577561 
1958, 40.6966357533294 
1959, 36.0014280368733 
1960, 22.0515605419747 
1961, 20.5318760036978 
1962, 31.9644308100321 
1963, 28.3087919022634 
1964, 27.7469873681726 
1965, 20.5379674536388 
1966, 31.0701342682135 
1967, 56.8272389732019 
1968, 69.6528622178744 
1969, 96.5505816150318 
1970, 103.715255701473 
1971, 85.4520008512452 
1972, 77.4973220219004 
1973, 63.3680511281755 
1974, 60.2443305910178 
1975, 59.4263089943503 
1976, 56.4241803378313 
1977, 64.9701961543219 
1978, 79.3185183710738 
1979, 101.082796356767 
1980, 142.622913689276 
1981, 166.343689126928 
1982, 193.827665382897 
1983, 208.247553068036 
1984, 214.668696671271 
1985, 209.204349852341 
1986, 189.135725419031 
1987, 170.448641078594 
1988, 138.886841550269 
1989, 113.449288378268 
1990, 100.975480782245 
1991, 97.0830500754864 
1992, 92.900949274266 
1993, 105.143857240178 
1994, 104.053931343014 
1995, 100.914963022577 
1996, 97.6221871167058 
1997, 93.7244363046368 
1998, 73.3916374717632 
1999, 77.2226151359929 
2000, 75.7071260446621 
2001, 85.700552972651 
2002, 99.7198959047353 
2003, 87.931501831156 
2004, 52.510763438576 
2005, 38.2433306699448 
2006, 6.60274636981862 
2007,-0.702687687759412 
2008, 17.9694512350529 
2009, 26.0537945603976 
2010, 35.9681098006179 
2011, 54.9742862897182 
2012, 47.5556071086762 
2013, 57.7248958723068 
2014, 61.076826055264 
2015, 56.6549513144498 
2016, 51.4621277544888 
2017, 48.0569848287901 
2018, 44.8534758013047 
2019, 29.3524675873497 
2020, 32.3427486018588 
2021, 51.8347042860843 
2022, 62.8565707998247 
2023, 77.595087966801 
2024, 92.4896513068317 
2025, 102.459674013203 
2026, 114.747693795214 
2027, 122.691142067596 
2028, 134.865924271927 
2029, 135.955153688293 
2030, 129.819671235568 
2031, 118.823018677306 
2032, 94.2667883458756 
2033, 81.1760518386875 
2034, 60.4463424200976 
2035, 56.0431016569667 
2036, 70.2576762449176 
2037, 77.5555415793698 
2038, 96.8090078044889 
2039, 104.469080313877 
2040, 103.822550209001 
2041, 92.3402004735328 
2042, 90.6128237578005 
2043, 79.0985761009844 
2044, 82.847475083314 
2045, 106.219495562512 
2046, 110.829757735755 
2047, 111.25037778172 
2048, 113.326335969567 
2049, 115.144267105687 
2050, 104.203097777441 
2051, 82.7641138129327 
2052, 66.2473818164148 
2053, 57.9117702565483 
2054, 39.3727526383293 
2055, 42.0345655410298 
2056, 75.2115732674537 
2057, 83.0132439259544 
2058, 85.7958135077891 
2059, 90.2146579471906 
2060, 85.0647155163011 
2061, 86.0669409684355 
2062, 90.2765843587105 
2063, 95.1781434687733 
2064, 103.169323765763 
2065, 110.422290600023 
2066, 120.653017857034 
2067, 133.614632313925 
2068, 126.066964939548 
2069, 100.686184819754 
2070, 95.430843500469 
2071, 78.2085925943006 
2072, 82.4202545480377 
2073, 117.932086483056 
2074, 130.885856420831 
2075, 134.452475083676 
2076, 146.590797203707 
2077, 161.069531250706 
2078, 169.7067021281 
2079, 193.552684639954 
2080, 196.473838045349 
2081, 177.686272458716 
2082, 150.635429444692 
2083, 155.048729722869 
2084, 165.584566528961 
2085, 177.910862696003 
2086, 224.952451651084 
2087, 233.312747651218 
2088, 212.237367905728 
2089, 209.379317141201 
2090, 190.62826550505 
2091, 199.504012485562 
2092, 240.042440783406 
2093, 258.826913121365 
2094, 282.065030757689 
2095, 300.452863445612 
2096, 305.971654607828 
2097, 307.631860415859 
2098, 317.716479215117 
2099, 338.385836529482 
2100, 344.328253434824 
2101, 346.188665642382 
2102, 346.368968924755 
2103, 338.174317876272 
2104, 332.983190604244 
2105, 320.576038154573 
2106, 322.717494479981 
2107, 329.466408357351 
2108, 340.486372685413 
2109, 365.796446743472 
2110, 384.931185121508 
2111, 398.150112721353 
2112, 421.500054304163 
2113, 432.662343893635 
2114, 469.582755557218 
2115, 492.326748643755 
2116, 520.442701932292 
2117, 531.800480642039 
2118, 529.667848244146 
2119, 537.389622659637 
2120, 536.777079603178 
2121, 545.489691450085 
2122, 567.269217115504 
2123, 581.404150971297 
2124, 587.958447338967 
2125, 603.447387204572 
2126, 623.175989897725 
2127, 642.901923836531 
2128, 669.232496935512 
2129, 694.510943088043 
2130, 715.759020219331 
2131, 732.378374815851 
2132, 756.25929632843 
2133, 781.249668312081 
2134, 806.701448335923 
2135, 833.729257799379 
2136, 864.88433164137 
2137, 900.107310773837 
2138, 931.21960015646 
2139, 967.863592132311 
2140, 996.790928360327 
2141, 1024.48851780141 
2142, 1041.04522822097 
2143, 1052.81410448431 
2144, 1058.16851974887 
2145, 1043.08389384331 
2146, 1035.42351982658 
2147, 1044.04150922005 
2148, 1053.91791337962 
2149, 1070.50520309377 
2150, 1105.84850048388 
2151, 1124.64448005024 
2152, 1136.06283159757 
2153, 1154.02382442557 
2154, 1169.16336414139 
2155, 1191.05713633016 
2156, 1221.40691130925 
2157, 1245.33257723451 
2158, 1266.05551803841 
2159, 1293.24762221297 
2160, 1331.29298732607 
2161, 1351.49852835063 
2162, 1363.41444937953 
2163, 1380.04536078419 
2164, 1386.22643528968 
2165, 1391.8495635737 
2166, 1402.52377260777 
2167, 1416.93783164891 
2168, 1444.52239138243 
2169, 1471.97306624739 
2170, 1512.96046731504 
2171, 1587.11628242664 
2172, 1626.11516436445 
2173, 1656.88948076109 
2174, 1680.40989238375 
2175, 1679.17881437766 
2176, 1694.87833846088 
2177, 1710.57250748358 
2178, 1733.31426004516 
2179, 1769.54364388782 
2180, 1796.20589859207 
2181, 1825.23173638666 
2182, 1848.60479584933 
2183, 1863.77114655263 
2184, 1882.50369293301 
2185, 1882.15865779635 
2186, 1888.82610201784 
2187, 1898.15580709173 
2188, 1902.73390010198 
2189, 1913.50596823045 
2190, 1933.33071393286 
2191, 1948.61545731695 
2192, 1957.48966969248 
2193, 1978.05250760151 
2194, 2016.52882698673 
2195, 2032.14673510095 
2196, 2042.16147048344 
2197, 2049.25307306929 
2198, 2037.54735449806 
2199, 2035.88797846063 
2200, 2035.81377438896 
2201, 2043.21904622051 
2202, 2046.51460815878 
2203, 2064.28986804906 
2204, 2098.3328570142 
2205, 2134.8472130221 
2206, 2174.94331443898 
2207, 2202.32029660521 
2208, 2236.84847777566 
2209, 2268.39362436216 
2210, 2302.01848824654 
2211, 2350.38496738006 
2212, 2370.36154638858 
2213, 2371.50520662562 
2214, 2381.56047182826 
2215, 2372.45912649271 
2216, 2384.71631442263 
2217, 2411.35253806086 
2218, 2437.62828336062 
2219, 2479.89326610858 
2220, 2503.34974989189 
2221, 2526.83458682968 
2222, 2537.289674832 
2223, 2533.98476961661 
2224, 2524.26874156737 
2225, 2490.76450100929 
2226, 2477.11317005762 
2227, 2453.03572759468 
2228, 2452.70935882316 
2229, 2484.53166368477 
2230, 2516.80193897845 
2231, 2528.29341256884 
2232, 2541.12412480832 
2233, 2539.98157783241 
2234, 2516.50627759801 
2235, 2503.50862396238 
2236, 2489.50232858779 
2237, 2481.21150291237 
2238, 2470.09247226787 
2239, 2463.76378458643 
2240, 2470.90403613363 
2241, 2466.69549179315 
2242, 2456.40785458442 
2243, 2447.36628452268 
2244, 2435.78437957747 
2245, 2422.31916333467 
2246, 2409.97339898924 
2247, 2392.24220540188 
2248, 2369.50306365667 
2249, 2346.74813876966 
2250, 2318.68957507341 
2251, 2295.83993100552 
2252, 2278.13117881178 
2253, 2256.30376857419 
2254, 2227.34537210079 
2255, 2198.00669235865 
2256, 2160.36371775706 
2257, 2118.98928526707 
2258, 2094.2464892487 
2259, 2082.44085284403 
2260, 2059.93898719529 
2261, 2039.91621714694 
2262, 2022.44441959679 
2263, 2000.88394422915 
2264, 1979.91957333287 
2265, 1966.01764014536 
2266, 1948.4646570811 
2267, 1926.77808571297 
2268, 1905.07953323637 
2269, 1887.06343980797 
2270, 1865.77442978461 
2271, 1840.23107488607 
2272, 1811.44587531076 
2273, 1780.42465579879 
2274, 1747.61182399648 
2275, 1708.40401896196 
2276, 1672.38329614252 
2277, 1636.31607545884 
2278, 1606.07186284281 
2279, 1582.40695629337 
2280, 1554.08105620596 
2281, 1529.49614807418 
2282, 1493.65486500582 
2283, 1473.43405721816 
2284, 1453.66820424994 
2285, 1424.38226827093 
2286, 1399.56687041584 
2287, 1373.23943221927 
2288, 1346.04994505571 
2289, 1315.48712005412 
2290, 1293.82771012604 
2291, 1263.42047963312 
2292, 1220.88870202604 
2293, 1180.87355213736 
2294, 1137.70116926982 
2295, 1107.92780655311 
2296, 1083.42365009342 
2297, 1056.40394379409 
2298, 1037.56846666534 
2299, 1019.00839721922 
2300, 991.260537233756 
2301, 968.31795353429 
2302, 958.389107921633 
2303, 941.75956647414 
2304, 922.466852781652 
2305, 904.090159893143 
2306, 885.479948657929 
2307, 865.372603239098 
2308, 835.2896361933 
2309, 819.282277964955 
2310, 824.482117043818 
2311, 806.372818636348 
2312, 774.302281123544 
2313, 755.97443274439 
2314, 732.556345449546 
2315, 705.995746975717 
2316, 697.562263169903 
2317, 680.209044635711 
2318, 646.902772443843 
2319, 620.875297269776 
2320, 594.869894371271 
2321, 589.884577764408 
2322, 594.86021894007 
2323, 585.88577054387 
2324, 589.403043876792 
2325, 589.775440285743 
2326, 576.095807122686 
2327, 566.552404733551 
2328, 552.295226837544 
2329, 531.982222992921 
2330, 514.820325186483 
2331, 494.613959729018 
2332, 482.003797317704 
2333, 470.680941047065 
2334, 466.115006950557 
2335, 476.312180992549 
2336, 466.18073955506 
2337, 458.141714460518 
2338, 432.613301158522 
2339, 381.796497981162 
2340, 349.317658390215 
2341, 306.268737121154 
2342, 283.57807224564 
2343, 271.613211319742 
2344, 272.13912819946 
2345, 295.878750910491 
2346, 307.172147614296 
2347, 334.476513327922 
2348, 334.677278344353 
2349, 313.123778222497 
2350, 301.076469565127 
2351, 274.652569317033 
2352, 258.252652931515 
2353, 250.60594066408 
2354, 237.853100230789 
2355, 224.83980719586 
2356, 218.965947832053 
2357, 211.565073313304 
2358, 214.928701986229 
2359, 229.218658893967 
2360, 236.372997135595 
2361, 252.936816019727 
2362, 258.858975084121 
2363, 259.460504809524 
2364, 251.400011693376 
2365, 240.416259991606 
2366, 232.14356567135 
2367, 217.108273858568 
2368, 220.70412333864 
2369, 214.387005689995 
2370, 204.056036911285 
2371, 212.27960579972 
2372, 186.304139670556 
2373, 166.447505045882 
2374, 167.166595413779 
2375, 156.351949041277 
2376, 162.036976419431 
2377, 164.17033073082 
2378, 152.370158726483 
2379, 137.19985389807 
2380, 134.561142675576 
2381, 155.451892594111 
2382, 169.992163878954 
2383, 183.294255944221 
2384, 182.254216974207 
2385, 178.134416173179 
2386, 175.409776706121 
2387, 154.59622484378 
2388, 144.119148746153 
2389, 126.797438197888 
2390, 125.731602476499 
2391, 154.804553113387 
2392, 175.473380140287 
2393, 194.83935333431 
2394, 189.527025463626 
2395, 163.410847901794 
2396, 165.251175379701 
2397, 174.426686495118 
2398, 167.091760412404 
2399, 170.580566016984 
2400, 168.381818526768 
2401, 161.277939246994 
2402, 177.848141387958 
2403, 174.706282347249 
2404, 158.767156523391 
2405, 144.061786135427 
2406, 105.455228294294 
2407, 94.183508320858 
2408, 98.4785264988012 
2409, 101.32344749371 
2410, 120.220646581141 
2411, 122.20650997739 
2412, 114.91784986669 
2413, 109.033375176098 
2414, 99.1393655735703 
2415, 86.7947216618606 
2416, 72.1217202866446 
2417, 68.3663096090296 
2418, 59.7241575127681 
2419, 63.5141941123297 
2420, 87.0489297638501 
2421, 93.4270653083829 
2422, 98.3017098327606 
2423, 94.9111556065128 
2424, 77.4023086546126 
2425, 67.9709187615246 
2426, 60.0280996907579 
2427, 62.2516957385394 
2428, 66.8133636151162 
2429, 75.9949710685374 
2430, 98.316046043297 
2431, 99.8858740521502 
2432, 102.807548781246 
2433, 91.8868387955526 
2434, 55.7478935031516 
2435, 44.2520260622677 
2436, 33.1807719515859 
2437, 28.2678631830452 
2438, 39.2672449809483 
2439, 40.4134272280523 
2440, 38.3267095202031 
2441, 42.0202296518657 
2442, 51.7933591956504 
2443, 43.3988124595921 
2444, 24.1998213229362 
2445, 6.89771342140632E-02 
2446,-4.85264047327095 
2447,-4.03906181843928 
2448, 11.5907662364224 
2449, 19.4034016201178 
2450, 19.5170303190638 
2451, 26.5232090151807 
2452, 25.9421880304987 
2453, 21.2960969312922 
2454, 17.8150875569689 
2455, 31.6694970008442 
2456, 29.7989673107193 
2457, 26.2385096065006 
2458, 41.0963319122435 
2459, 45.1211531692845 
2460, 55.6821810411592 
2461, 54.7416876703991 
2462, 54.9366574941152 
2463, 54.1901558733361 
2464, 36.4723860048944 
2465, 37.9680508529025 
2466, 54.3343913772967 
2467, 60.5946162776892 
2468, 45.6581618255645 
2469, 35.7771816435654 
2470, 14.6730846486361 
2471,-5.94621908451361 
2472, 14.7382226880808 
2473, 29.1783113089997 
2474, 39.1615951192363 
2475, 55.4070723335447 
2476, 55.481768251936 
2477, 62.5653646092365 
2478, 86.2885469434611 
2479, 90.2981187078182 
2480, 79.4673996576844 
2481, 69.5053319366377 
2482, 45.6923389969475 
2483, 32.9953316194454 
2484, 29.3773277210767 
2485, 26.0330182616718 
2486, 24.3442040209497 
2487, 13.8819967251332 
2488, 12.8990228808056 
2489, 5.52111237090801 
2490,-14.5729825508642 
2491,-19.4799033419442 
2492,-21.3756659245251 
2493,-10.8599537374332 
2494, 1.3210229921997 
2495,-12.6159553373183 
2496,-11.9168211699905 
2497,-20.7379971672829 
2498,-10.5686172107344 
2499, 34.6875035410226 
2500, 43.8347434443955 
