Wavelength,0212202100002.asd
350, 3633.05417406254 
351, 3814.5069364086 
352, 3981.00798029268 
353, 4125.48884063157 
354, 4273.22728917217 
355, 4427.91735386307 
356, 4586.72343907686 
357, 4746.67019226621 
358, 4912.17991285882 
359, 5092.11227944497 
360, 5298.39599652239 
361, 5547.00175216906 
362, 5820.19008621288 
363, 6106.10167397364 
364, 6401.39473983053 
365, 6702.34530391542 
366, 6986.74786381984 
367, 7229.87560063196 
368, 7409.57005894441 
369, 7512.88736602146 
370, 7549.75112302345 
371, 7543.98713103958 
372, 7526.25485447449 
373, 7524.84920065684 
374, 7542.76182752512 
375, 7565.02827561802 
376, 7591.83695980602 
377, 7601.62374892837 
378, 7575.26879261295 
379, 7500.85408655881 
380, 7409.71586175643 
381, 7308.90559611936 
382, 7197.38836801905 
383, 7067.39469461421 
384, 6941.66441498433 
385, 6868.17944154582 
386, 6899.81011115938 
387, 7050.86590974263 
388, 7234.86388693626 
389, 7384.5523545132 
390, 7469.07638476748 
391, 7566.94206734711 
392, 7649.11825360742 
393, 7703.09627711394 
394, 7789.59105540117 
395, 7994.14193564877 
396, 8354.71009053008 
397, 8880.70614311838 
398, 9579.49108509817 
399, 10366.416521745 
400, 11174.2959091353 
401, 11957.0092929755 
402, 12676.1286578764 
403, 13269.8939432819 
404, 13717.3313386121 
405, 14070.481704679 
406, 14350.6847850871 
407, 14608.8033923824 
408, 14903.5699233287 
409, 15286.7872164041 
410, 15736.6458928653 
411, 16229.0759597196 
412, 16740.0527526565 
413, 17250.3695817732 
414, 17750.8299097045 
415, 18226.6326211165 
416, 18647.3690589161 
417, 19061.2971710802 
418, 19484.5553634588 
419, 19911.0744297608 
420, 20290.4653828827 
421, 20680.5758000283 
422, 21102.8173257668 
423, 21542.4155473373 
424, 21943.9641083532 
425, 22258.0428243432 
426, 22435.3963452505 
427, 22416.0062193581 
428, 22352.876494529 
429, 22423.5837932459 
430, 22742.5024380238 
431, 23163.9117157875 
432, 23749.3354073831 
433, 24605.3138774742 
434, 25817.6366090402 
435, 27019.4677695817 
436, 27938.8800423672 
437, 28550.8619559157 
438, 29201.4708009417 
439, 29856.4296692313 
440, 30480.5066671044 
441, 31070.2421205922 
442, 31803.2572090631 
443, 32549.0593347565 
444, 33223.7184053348 
445, 33792.6238907318 
446, 34253.0072847854 
447, 34680.017993122 
448, 35142.2047613588 
449, 35687.1331576954 
450, 36112.0930786706 
451, 36321.1653635098 
452, 36302.5925249346 
453, 36203.5318759378 
454, 36007.7170555676 
455, 35772.3745245166 
456, 35619.0032415878 
457, 35580.7412273209 
458, 35587.8309148201 
459, 35565.7344232767 
460, 35474.6355126807 
461, 35340.2484823307 
462, 35191.3719330755 
463, 35038.3997391462 
464, 34791.8938953632 
465, 34425.9006613289 
466, 33990.7829940841 
467, 33606.405136835 
468, 33273.3357128592 
469, 33029.5360337593 
470, 32895.7121069263 
471, 32850.7700606313 
472, 32822.1593703893 
473, 32818.820636868 
474, 32870.5797955319 
475, 32855.9461031462 
476, 32825.0923486713 
477, 32818.5482114304 
478, 32844.5575639558 
479, 32966.3540491575 
480, 33122.6550764015 
481, 33216.5929808174 
482, 33173.3712495786 
483, 32890.0050773157 
484, 32327.2621140676 
485, 31533.2353111681 
486, 30820.5293354975 
487, 30349.3752907697 
488, 30250.2667569307 
489, 30663.7798577242 
490, 31223.6498238785 
491, 31652.8392591067 
492, 31803.8230909452 
493, 31867.6935328155 
494, 31974.9554481593 
495, 32171.4669236426 
496, 32413.1391138196 
497, 32471.9028449124 
498, 32365.1928891572 
499, 32154.7798407499 
500, 31875.1281716985 
501, 31686.2557813417 
502, 31634.5201025683 
503, 31725.9687238394 
504, 32061.0159326484 
505, 32488.8075002094 
506, 32893.9468922109 
507, 33221.5982257095 
508, 33466.2139501309 
509, 33662.2325218722 
510, 33856.1558458158 
511, 34110.9059901284 
512, 34270.8843534785 
513, 34284.0124794378 
514, 34156.4359068753 
515, 33845.6522852401 
516, 33443.1921727739 
517, 33080.4027056154 
518, 32910.2308291815 
519, 33269.0139132395 
520, 34142.4315766537 
521, 35294.1044367452 
522, 36210.9763589881 
523, 36892.2948852696 
524, 37373.8465449276 
525, 37711.0500349097 
526, 37835.7638700361 
527, 37897.4112304241 
528, 38142.8728045446 
529, 38985.3504440872 
530, 40012.1140933573 
531, 40815.5096486527 
532, 41103.822600891 
533, 41208.5629745683 
534, 41423.5745119162 
535, 41882.1015012932 
536, 42530.0381478794 
537, 42962.1873561453 
538, 43138.4458263198 
539, 43147.9785722282 
540, 43131.2453232988 
541, 43184.5372904002 
542, 43439.9266467516 
543, 43994.2782605176 
544, 44586.8701049967 
545, 45083.0814218041 
546, 45417.6868077057 
547, 45598.6480125335 
548, 45729.7443525977 
549, 45900.4030350425 
550, 46153.9816801266 
551, 46396.3011893962 
552, 46578.9529214823 
553, 46716.4551802277 
554, 46868.8588375709 
555, 46981.0687734776 
556, 46923.3851282931 
557, 46632.3337454047 
558, 46180.3587425402 
559, 45819.5891927279 
560, 45687.1223049428 
561, 45815.6060933114 
562, 46047.2800296543 
563, 46160.1683441071 
564, 46063.7678678897 
565, 45829.1346609029 
566, 45498.3804053281 
567, 45180.0955371695 
568, 44935.9730409058 
569, 44654.1134607733 
570, 44271.9455378241 
571, 43918.6784532585 
572, 43821.8886605952 
573, 43912.362449875 
574, 43912.0763629689 
575, 43667.5294683458 
576, 43266.0095627821 
577, 42930.5572338678 
578, 42769.8133020296 
579, 42824.8938190995 
580, 43070.6848229463 
581, 43499.463377057 
582, 44008.5025312516 
583, 44411.8257473862 
584, 44651.4273738242 
585, 44616.1089986785 
586, 44303.360925955 
587, 43967.8849115576 
588, 43555.0779773584 
589, 42960.6090702626 
590, 42185.3587197491 
591, 42069.8558606842 
592, 42388.0923941589 
593, 42738.7556996935 
594, 42643.6534642807 
595, 42386.0296520416 
596, 42073.4222737631 
597, 41749.4248831159 
598, 41376.1572930183 
599, 40917.847901061 
600, 40426.2814220155 
601, 40010.5710771471 
602, 39680.8505168124 
603, 39522.7276170389 
604, 39537.5577832034 
605, 39582.6552613935 
606, 39469.7968152476 
607, 39220.9025782871 
608, 38938.5531895711 
609, 38653.0308381544 
610, 38386.3551667916 
611, 38155.7847464237 
612, 37970.0196591923 
613, 37753.50563467 
614, 37494.2864234026 
615, 37219.4435301539 
616, 37006.6686367072 
617, 36870.1240434589 
618, 36886.2331479325 
619, 37103.8175432887 
620, 37266.1607572769 
621, 37258.785670234 
622, 37054.128461312 
623, 36713.9549033179 
624, 36354.7087412695 
625, 36027.2838125822 
626, 35749.5551936406 
627, 35520.211240214 
628, 35260.3739603486 
629, 34998.8168106219 
630, 34839.576587514 
631, 34878.4039415595 
632, 35019.4993631746 
633, 35180.1126287417 
634, 35348.0472049922 
635, 35469.3166524921 
636, 35548.8778814948 
637, 35606.679019503 
638, 35636.6444257456 
639, 35577.7066943661 
640, 35396.8426413872 
641, 35103.7265591948 
642, 34907.0358320517 
643, 34809.7778666891 
644, 34746.601414757 
645, 34599.0074359718 
646, 34376.0038068635 
647, 34109.5583095132 
648, 33847.0900017558 
649, 33619.4662538224 
650, 33433.369823735 
651, 33341.0838059957 
652, 33424.3359252506 
653, 33336.4884948345 
654, 32931.5310466321 
655, 32201.4257767255 
656, 31270.7125135077 
657, 30663.7189349998 
658, 30796.8761191294 
659, 31789.6222148873 
660, 32528.1999934097 
661, 32888.4475219057 
662, 32964.9120049006 
663, 32995.7054894849 
664, 32943.914942784 
665, 32887.7121734694 
666, 32885.4048613585 
667, 32883.6875315322 
668, 32864.8928651827 
669, 32836.1647182298 
670, 32811.4888700898 
671, 32730.2435226269 
672, 32640.6127889124 
673, 32595.7554137798 
674, 32638.5238486467 
675, 32677.4037590535 
676, 32699.0259354282 
677, 32713.3757364571 
678, 32731.7412643703 
679, 32736.8267840185 
680, 32727.9578459184 
681, 32712.9236031382 
682, 32689.1679206794 
683, 32612.7627145887 
684, 32338.7348013118 
685, 31594.2495236787 
686, 30234.1495337879 
687, 28331.594821843 
688, 26383.1882365137 
689, 25911.5111426951 
690, 26691.2998190176 
691, 28106.4254584122 
692, 29343.2423452059 
693, 30405.6214386484 
694, 31152.4064369506 
695, 31580.6821418552 
696, 31882.2361739655 
697, 32136.1523904979 
698, 32289.9020672017 
699, 32287.6436129354 
700, 32211.7739455954 
701, 32138.6740550949 
702, 32141.4491054751 
703, 32278.557474181 
704, 32551.2044940051 
705, 32853.6771146877 
706, 33093.6369593357 
707, 33218.724710354 
708, 33329.9335644671 
709, 33434.9663451462 
710, 33523.4813957249 
711, 33619.434782183 
712, 33677.3562600874 
713, 33691.2534086101 
714, 33665.4974204088 
715, 33526.0341367999 
716, 33126.8814870451 
717, 32401.7776623133 
718, 31397.8887232126 
719, 30589.3206820865 
720, 30354.0110679216 
721, 30817.0463271944 
722, 31638.2951014538 
723, 32123.9021219254 
724, 32126.1826544033 
725, 31880.7978219106 
726, 31884.1678170366 
727, 32000.7616557719 
728, 32106.5704537416 
729, 32165.8565993452 
730, 32373.5304571342 
731, 32751.1309869588 
732, 33250.4218066561 
733, 33777.866180085 
734, 34216.2621058161 
735, 34472.3093660184 
736, 34512.3116359111 
737, 34473.7904243419 
738, 34412.8267582091 
739, 34341.2694227219 
740, 34242.658211898 
741, 34207.3803103604 
742, 34251.2991317447 
743, 34360.8142512013 
744, 34501.7343275296 
745, 34584.2347916594 
746, 34611.1772921581 
747, 34606.9464654537 
748, 34550.6691233252 
749, 34424.9829095432 
750, 34260.7336218469 
751, 34120.4006841017 
752, 34053.9594864886 
753, 34037.6902305909 
754, 34030.9712057245 
755, 33983.2702142627 
756, 33817.161292817 
757, 33106.7530087982 
758, 31127.701706823 
759, 26563.7653228439 
760, 20040.0496339716 
761, 13969.7606434031 
762, 11039.2465303479 
763, 11392.5466558108 
764, 13368.9597938594 
765, 16246.1491722239 
766, 20095.6358404933 
767, 24148.3629763212 
768, 27550.8478430757 
769, 29828.573486356 
770, 31054.9434889372 
771, 31634.9405972153 
772, 31845.8526939779 
773, 31884.6678742956 
774, 31849.1692669374 
775, 31759.7714013259 
776, 31650.1956490799 
777, 31542.8713003128 
778, 31399.1408181708 
779, 31232.0332863217 
780, 31069.3018068093 
781, 30940.8348112453 
782, 30793.8665974136 
783, 30619.1281312998 
784, 30425.4527450636 
785, 30237.4870741452 
786, 30055.9165762512 
787, 29843.6356215093 
788, 29572.3541893167 
789, 29264.1478445655 
790, 28936.886492368 
791, 28595.5523223868 
792, 28244.8218573409 
793, 27910.3954917084 
794, 27646.0643720809 
795, 27479.6280515726 
796, 27404.9121175894 
797, 27346.2022984056 
798, 27231.6395048307 
799, 27033.293186073 
800, 26778.7428557187 
801, 26503.8161918151 
802, 26251.1393956763 
803, 26036.7233616094 
804, 25819.20874297 
805, 25629.3999128013 
806, 25453.3288356619 
807, 25259.0888735072 
808, 25012.1548715558 
809, 24720.6477692884 
810, 24404.8951795249 
811, 24078.3656963602 
812, 23685.2514904448 
813, 23165.3125193286 
814, 22512.4503241763 
815, 21782.2941536033 
816, 21103.0634784249 
817, 20569.4324918306 
818, 20238.5162460553 
819, 20123.3610997063 
820, 20072.0270981303 
821, 19985.4341335092 
822, 19828.1559661471 
823, 19657.7860248989 
824, 19553.2163922676 
825, 19570.9640612453 
826, 19679.0711735907 
827, 19609.348392232 
828, 19387.1247488273 
829, 19107.765989057 
830, 18888.2540538035 
831, 18734.1295810244 
832, 18609.9398848992 
833, 18503.6852598486 
834, 18425.9185045796 
835, 18381.5366007441 
836, 18352.2744885438 
837, 18305.9478170213 
838, 18202.506727389 
839, 18057.8478603408 
840, 17886.7864347356 
841, 17701.752464195 
842, 17509.4661962079 
843, 17311.0004359495 
844, 17114.8320441701 
845, 16925.4144515561 
846, 16738.7253859237 
847, 16505.8736915158 
848, 16227.1861482816 
849, 15922.1027741718 
850, 15607.6591610391 
851, 15247.1946576526 
852, 14882.3961008378 
853, 14582.2906728289 
854, 14351.7944495476 
855, 14170.1050101203 
856, 14091.0678136758 
857, 14182.0757154728 
858, 14310.1304467564 
859, 14326.0283616015 
860, 14207.840787605 
861, 14044.3615871876 
862, 13849.4117225459 
863, 13600.6568777574 
864, 13304.0467237547 
865, 13002.9522146941 
866, 12717.9338120806 
867, 12478.7148454626 
868, 12324.4131894215 
869, 12300.5146796267 
870, 12321.9624523454 
871, 12296.4935164155 
872, 12183.8337549217 
873, 12034.0519277732 
874, 11876.1851684551 
875, 11717.9118630398 
876, 11559.9788853886 
877, 11405.5431212821 
878, 11256.2695520369 
879, 11109.8439821477 
880, 10962.6724971142 
881, 10811.1789978084 
882, 10662.4019333527 
883, 10522.3472065836 
884, 10392.4080026267 
885, 10263.2435374359 
886, 10122.5560773389 
887, 9973.54891176808 
888, 9826.09875121464 
889, 9686.34270601312 
890, 9545.97493358141 
891, 9390.45656102936 
892, 9204.5029971378 
893, 8981.72715891659 
894, 8727.96315728457 
895, 8448.34781718604 
896, 8150.90480143321 
897, 7855.28644897863 
898, 7576.19389303801 
899, 7341.55329944804 
900, 7178.88811071235 
901, 7079.22213793845 
902, 7026.39820360444 
903, 6998.41378491511 
904, 6971.18867574564 
905, 6928.74446529637 
906, 6851.66547583249 
907, 6728.56669509319 
908, 6562.25268073631 
909, 6388.25511256512 
910, 6240.42675451233 
911, 6131.55681062027 
912, 6054.30547103359 
913, 5989.11197709557 
914, 5925.55055980266 
915, 5860.8856504919 
916, 5799.58466590142 
917, 5754.28952312249 
918, 5715.14957819572 
919, 5677.27160044882 
920, 5640.29734172853 
921, 5600.2250226254 
922, 5544.94272213603 
923, 5467.31464666851 
924, 5364.60926966219 
925, 5232.24076421736 
926, 5074.5606345027 
927, 4886.97493298492 
928, 4660.42137184284 
929, 4397.69230088357 
930, 4101.7732057947 
931, 3787.62586031421 
932, 3480.36303873182 
933, 3210.83696043434 
934, 2997.0069271505 
935, 2849.75794962876 
936, 2770.5205578635 
937, 2746.33891160095 
938, 2758.88492559969 
939, 2786.08648625675 
940, 2809.65074613966 
941, 2830.8713703694 
942, 2833.35571813618 
943, 2805.2633130496 
944, 2746.26103230303 
945, 2679.11373134641 
946, 2621.39142581169 
947, 2583.72562024169 
948, 2567.35625867829 
949, 2561.31282125326 
950, 2553.17000164482 
951, 2541.52071122531 
952, 2527.69679174094 
953, 2508.11001263972 
954, 2491.38462877341 
955, 2476.6345244572 
956, 2462.51128562365 
957, 2452.24574937174 
958, 2445.10807727105 
959, 2439.81583134692 
960, 2435.84848980055 
961, 2433.99592642721 
962, 2431.61472470615 
963, 2431.45299432678 
964, 2433.94837585108 
965, 2435.41188387634 
966, 2431.43520638271 
967, 2421.97945442469 
968, 2409.06703936263 
969, 2394.83054340053 
970, 2374.79573629827 
971, 2350.15786693697 
972, 2317.49634391296 
973, 2273.17024946042 
974, 2227.85749228197 
975, 2180.31544846862 
976, 2133.33556689723 
977, 2091.06257170065 
978, 2054.56500531791 
979, 2023.29970593699 
980, 1996.81565403174 
981, 1973.12615267588 
982, 1947.21550108453 
983, 1919.54549754433 
984, 1890.2584442199 
985, 1859.27194456525 
986, 1826.11589711729 
987, 1790.90059853517 
988, 1755.09806355073 
989, 1719.0564887859 
990, 1681.76075799432 
991, 1643.26337559929 
992, 1605.85628411432 
993, 1570.33192905958 
994, 1535.43313960956 
995, 1496.90078693814 
996, 1460.17342457461 
997, 1424.70710831201 
998, 1387.7784466767 
999, 1349.68987278685 
1000, 1312.90135303349 
1001, 8092.60674485988 
1002, 8074.29440480786 
1003, 8063.35525916354 
1004, 8048.23515027718 
1005, 8029.20479582965 
1006, 8014.81679680251 
1007, 8011.7156241318 
1008, 8023.89631735021 
1009, 8039.98567571589 
1010, 8069.82253693587 
1011, 8096.6025944274 
1012, 8126.14917463779 
1013, 8159.4149448241 
1014, 8196.38136057859 
1015, 8233.45937275498 
1016, 8271.639343692 
1017, 8304.356966987 
1018, 8332.09331721143 
1019, 8364.57111919044 
1020, 8405.09249433551 
1021, 8446.21759381697 
1022, 8489.44377287272 
1023, 8536.26505116452 
1024, 8586.45993088165 
1025, 8636.38593033417 
1026, 8688.50013248657 
1027, 8737.28871278942 
1028, 8784.17486812787 
1029, 8826.44034729694 
1030, 8869.72003387257 
1031, 8917.87339372703 
1032, 8958.70575043504 
1033, 8998.26037899379 
1034, 9035.94557073866 
1035, 9073.02436722064 
1036, 9106.7133675619 
1037, 9144.19831996759 
1038, 9181.00893140711 
1039, 9215.02239633988 
1040, 9239.82608688618 
1041, 9262.17788142315 
1042, 9287.52281829656 
1043, 9305.67099355696 
1044, 9324.84174104983 
1045, 9345.19644084505 
1046, 9363.64852907161 
1047, 9391.11427304285 
1048, 9423.83803089857 
1049, 9461.32901306903 
1050, 9499.70834350848 
1051, 9533.77933225984 
1052, 9561.99893480336 
1053, 9593.4087286171 
1054, 9624.78192316645 
1055, 9657.42690011514 
1056, 9690.9157298882 
1057, 9725.9922819256 
1058, 9770.3734101234 
1059, 9828.97755454382 
1060, 9892.87487464551 
1061, 9968.02435564574 
1062, 10045.7369571394 
1063, 10130.7226089599 
1064, 10214.6696374248 
1065, 10304.0569630385 
1066, 10403.2092670174 
1067, 10503.7910515114 
1068, 10619.2978699706 
1069, 10747.8421173249 
1070, 10880.766128336 
1071, 11027.971515996 
1072, 11169.6636470994 
1073, 11311.3115748572 
1074, 11461.6483434698 
1075, 11598.8524760805 
1076, 11729.5906365905 
1077, 11860.1153285388 
1078, 11974.7818502535 
1079, 12077.2513651627 
1080, 12170.2664888527 
1081, 12251.1730581853 
1082, 12330.5856757096 
1083, 12401.3913826404 
1084, 12465.6542837032 
1085, 12531.4209703641 
1086, 12593.6187583682 
1087, 12657.099225106 
1088, 12705.6880561844 
1089, 12756.1773841567 
1090, 12783.0877560286 
1091, 12791.9143908915 
1092, 12790.3557942998 
1093, 12769.9757694596 
1094, 12744.1865469974 
1095, 12715.4220135201 
1096, 12683.378310625 
1097, 12655.2848082916 
1098, 12626.1341876025 
1099, 12597.3823991485 
1100, 12568.4979838184 
1101, 12536.8803293397 
1102, 12512.6073529704 
1103, 12471.7740877359 
1104, 12431.1893953568 
1105, 12371.6685819259 
1106, 12294.127669231 
1107, 12183.9261022571 
1108, 12035.1216165699 
1109, 11848.8427008882 
1110, 11588.4079656072 
1111, 11272.6327465884 
1112, 10896.9166013326 
1113, 10430.0628631206 
1114, 9971.11683884123 
1115, 9434.99578387658 
1116, 8955.60034365865 
1117, 8438.62489043162 
1118, 8004.18358836716 
1119, 7609.36280313997 
1120, 7249.37155724091 
1121, 6952.6565886053 
1122, 6711.9337094117 
1123, 6533.39504190099 
1124, 6418.48052143275 
1125, 6368.06156081054 
1126, 6412.45746162464 
1127, 6450.01013932384 
1128, 6547.38102440738 
1129, 6635.78944622418 
1130, 6745.70642389639 
1131, 6858.39083986888 
1132, 6970.81563495117 
1133, 7113.51823317048 
1134, 7269.40407212214 
1135, 7436.11923119757 
1136, 7675.97328818605 
1137, 7919.45735144952 
1138, 8155.85803470806 
1139, 8377.22769241068 
1140, 8519.3970483263 
1141, 8615.20627645218 
1142, 8656.43573740806 
1143, 8609.06556469449 
1144, 8586.81682321376 
1145, 8462.98787814202 
1146, 8458.74022085064 
1147, 8468.57908272999 
1148, 8556.03764489624 
1149, 8722.70269772913 
1150, 8933.44075988658 
1151, 9207.59003414773 
1152, 9511.50691302831 
1153, 9824.6638791112 
1154, 10191.1799232463 
1155, 10527.0777725031 
1156, 10876.6722658128 
1157, 11198.2559699383 
1158, 11518.522245308 
1159, 11813.4741949912 
1160, 12090.8446263813 
1161, 12345.688318315 
1162, 12589.9966527892 
1163, 12802.2061533621 
1164, 12986.6847136563 
1165, 13149.0629977652 
1166, 13286.3710931689 
1167, 13394.218440809 
1168, 13474.1799728987 
1169, 13527.0839643403 
1170, 13554.0153487891 
1171, 13543.2439528652 
1172, 13528.6185909486 
1173, 13489.3314911704 
1174, 13444.49056021 
1175, 13387.2043062474 
1176, 13320.0044974754 
1177, 13232.7458929276 
1178, 13149.5751090604 
1179, 13054.3427681291 
1180, 12965.6880838113 
1181, 12872.6410330535 
1182, 12786.9501852117 
1183, 12718.614520377 
1184, 12655.3629055089 
1185, 12610.0785560781 
1186, 12580.6871486338 
1187, 12565.2112933425 
1188, 12568.6375761195 
1189, 12570.6152241049 
1190, 12603.5647710736 
1191, 12605.34118025 
1192, 12608.3398237346 
1193, 12584.9286388873 
1194, 12540.6693488737 
1195, 12483.4364604933 
1196, 12404.1603180912 
1197, 12312.9892391928 
1198, 12220.7773073236 
1199, 12110.1000815219 
1200, 12018.476734876 
1201, 11922.9095155511 
1202, 11845.8044256339 
1203, 11773.7839295956 
1204, 11722.9904294151 
1205, 11685.9911036049 
1206, 11663.3842744276 
1207, 11667.3593079441 
1208, 11667.4452407491 
1209, 11680.3033772015 
1210, 11690.9356271405 
1211, 11708.1920593853 
1212, 11719.1660375007 
1213, 11728.1970273283 
1214, 11739.9629677565 
1215, 11739.8671999077 
1216, 11732.8088468593 
1217, 11722.0063488655 
1218, 11703.0567264783 
1219, 11685.0919930964 
1220, 11664.886152581 
1221, 11640.6250100488 
1222, 11608.9894498561 
1223, 11583.8909396532 
1224, 11554.755451702 
1225, 11532.2667522971 
1226, 11518.7081271396 
1227, 11502.7226239981 
1228, 11488.2404928969 
1229, 11473.7909941466 
1230, 11459.5834102591 
1231, 11447.8246962892 
1232, 11429.0191797593 
1233, 11410.5991254505 
1234, 11384.140348027 
1235, 11352.6793809455 
1236, 11314.6055716351 
1237, 11272.1590379846 
1238, 11222.2700547641 
1239, 11158.5455723539 
1240, 11101.8654827402 
1241, 11040.0533199657 
1242, 10983.1483954389 
1243, 10934.6067899037 
1244, 10880.2736407756 
1245, 10827.6442309753 
1246, 10767.6014483075 
1247, 10707.9062566035 
1248, 10645.2095766753 
1249, 10580.0897018558 
1250, 10518.8460522543 
1251, 10440.8181880183 
1252, 10360.9466316263 
1253, 10260.4889640316 
1254, 10145.5242613449 
1255, 10018.6244747447 
1256, 9878.8422262924 
1257, 9724.53294861358 
1258, 9553.85269913793 
1259, 9375.09758098234 
1260, 9168.70514446748 
1261, 8975.86034347509 
1262, 8771.49086789982 
1263, 8580.9773283199 
1264, 8414.59972559249 
1265, 8245.79858272039 
1266, 8143.65172846653 
1267, 8061.93928398155 
1268, 8051.4519818546 
1269, 8099.40023719409 
1270, 8186.50293735124 
1271, 8348.07354210937 
1272, 8500.50887660159 
1273, 8707.3833819141 
1274, 8883.29745615332 
1275, 9075.84814591079 
1276, 9233.07049412657 
1277, 9374.94759533859 
1278, 9498.02474946519 
1279, 9595.34158581989 
1280, 9677.09318588338 
1281, 9750.78867608988 
1282, 9822.07562697631 
1283, 9897.36397421405 
1284, 9969.7149914876 
1285, 10043.7365779316 
1286, 10124.0850362581 
1287, 10192.7866674809 
1288, 10260.1393359112 
1289, 10315.1984817887 
1290, 10366.2906540072 
1291, 10402.0321409534 
1292, 10424.3652983777 
1293, 10440.1267699916 
1294, 10439.0263219987 
1295, 10439.9830660305 
1296, 10438.5280422271 
1297, 10429.6382867871 
1298, 10415.6739072095 
1299, 10398.4412488305 
1300, 10372.3065158213 
1301, 10342.6879718872 
1302, 10313.2883107322 
1303, 10282.8376282269 
1304, 10247.2825336615 
1305, 10208.605465514 
1306, 10168.6490078783 
1307, 10124.1138454175 
1308, 10079.7842655589 
1309, 10035.7002049243 
1310, 9987.89102475431 
1311, 9935.33075756547 
1312, 9885.43477147943 
1313, 9831.19874971576 
1314, 9783.9031084159 
1315, 9737.1387152193 
1316, 9696.83531307828 
1317, 9663.11916712399 
1318, 9633.9867882211 
1319, 9600.92687664256 
1320, 9575.30465591178 
1321, 9546.49683367848 
1322, 9500.83102412479 
1323, 9439.94025177101 
1324, 9375.47205854158 
1325, 9278.34929067501 
1326, 9153.32791051042 
1327, 9022.00017340879 
1328, 8856.63209635145 
1329, 8711.18053127632 
1330, 8545.14961035007 
1331, 8418.78282801073 
1332, 8301.19675902427 
1333, 8217.30624930049 
1334, 8178.3959026691 
1335, 8134.59405589238 
1336, 8116.19611326431 
1337, 8099.78655993188 
1338, 8068.68537487745 
1339, 8002.48127334145 
1340, 7892.84232603075 
1341, 7730.42729141357 
1342, 7494.34532282582 
1343, 7194.52251136119 
1344, 6839.66314827966 
1345, 6407.8562435327 
1346, 5948.11383453248 
1347, 5414.94127685795 
1348, 4897.3991943253 
1349, 4326.75220792245 
1350, 3801.6398604389 
1351, 3262.07757770985 
1352, 2779.87919298081 
1353, 2308.19204416612 
1354, 1901.87914016796 
1355, 1542.65086334392 
1356, 1236.17147139478 
1357, 983.281270487106 
1358, 782.181602064699 
1359, 619.173835281408 
1360, 490.578485303947 
1361, 391.527671449319 
1362, 316.492113902131 
1363, 263.060346781717 
1364, 226.173125417324 
1365, 201.187931331907 
1366, 192.536890251217 
1367, 192.880192269302 
1368, 207.43980844804 
1369, 232.175237692985 
1370, 274.176001862172 
1371, 312.472232631251 
1372, 364.300050256544 
1373, 407.440522168171 
1374, 456.081648417237 
1375, 487.599931019102 
1376, 515.190019113098 
1377, 528.852481154376 
1378, 527.609003171728 
1379, 515.837227874582 
1380, 497.339725115007 
1381, 476.731068380055 
1382, 454.017339651412 
1383, 444.875586851047 
1384, 458.505292591304 
1385, 489.336285042863 
1386, 537.742445903528 
1387, 600.511219185574 
1388, 653.079947783985 
1389, 714.553050603169 
1390, 758.190710587051 
1391, 794.966287220404 
1392, 821.098378950412 
1393, 832.963536546342 
1394, 846.241249584159 
1395, 848.39478375858 
1396, 858.563152424593 
1397, 867.560877011943 
1398, 882.569594129351 
1399, 900.293383237766 
1400, 923.653010689751 
1401, 953.876414030681 
1402, 983.552888376213 
1403, 1015.48810519215 
1404, 1051.48801948207 
1405, 1086.8819729143 
1406, 1128.26793672088 
1407, 1176.62120896415 
1408, 1231.02946911474 
1409, 1293.80025691641 
1410, 1363.76555562119 
1411, 1431.23813495833 
1412, 1506.04405752566 
1413, 1572.16602431073 
1414, 1637.8489236424 
1415, 1692.68684163056 
1416, 1743.74612104694 
1417, 1785.6519991341 
1418, 1816.70193208816 
1419, 1845.44243481552 
1420, 1869.02065888118 
1421, 1886.7755337512 
1422, 1901.99029460109 
1423, 1907.2135048255 
1424, 1910.49134917592 
1425, 1895.9843390512 
1426, 1867.67568999255 
1427, 1830.57731078086 
1428, 1780.9169576622 
1429, 1719.37920274861 
1430, 1649.95413388303 
1431, 1572.55064949322 
1432, 1491.52494535206 
1433, 1412.54650756441 
1434, 1338.64517888455 
1435, 1275.90502480526 
1436, 1222.26525312977 
1437, 1173.97501967737 
1438, 1130.45377314528 
1439, 1096.8860908598 
1440, 1062.07853928829 
1441, 1031.46762590662 
1442, 999.014815356011 
1443, 966.726853003954 
1444, 937.219673226131 
1445, 908.808891605035 
1446, 880.392257845369 
1447, 857.097263747477 
1448, 829.399061053687 
1449, 795.918462867586 
1450, 767.534421430421 
1451, 737.579962404115 
1452, 714.043956685515 
1453, 699.501441633492 
1454, 680.931438238116 
1455, 665.85403523963 
1456, 646.190344673752 
1457, 624.112422869952 
1458, 596.334486163779 
1459, 566.229681148311 
1460, 535.506453315056 
1461, 504.479382155163 
1462, 474.997965749378 
1463, 448.93458621866 
1464, 419.317795601297 
1465, 386.989863840845 
1466, 350.243949714453 
1467, 319.449063230208 
1468, 285.481835180346 
1469, 261.722353947982 
1470, 244.183240325487 
1471, 229.891670734955 
1472, 222.447866417662 
1473, 213.58581099799 
1474, 208.045052407484 
1475, 202.447699996835 
1476, 198.188486156336 
1477, 192.631555722834 
1478, 186.433387628077 
1479, 183.278978519196 
1480, 181.709736663107 
1481, 178.39834779148 
1482, 175.15810674759 
1483, 174.684714622745 
1484, 174.641590897397 
1485, 174.151037200551 
1486, 177.002082447756 
1487, 179.045373283234 
1488, 176.67059081271 
1489, 167.912519704922 
1490, 165.146530474056 
1491, 167.895249214499 
1492, 172.574017826246 
1493, 183.162966216413 
1494, 190.321310215126 
1495, 192.759002875609 
1496, 192.737655958716 
1497, 194.035709727466 
1498, 196.063667110888 
1499, 197.823198396221 
1500, 200.300323469587 
1501, 205.183867624448 
1502, 206.776404610879 
1503, 206.591558673984 
1504, 207.356432652595 
1505, 205.849868789652 
1506, 206.873295621232 
1507, 209.415103375616 
1508, 213.290102706519 
1509, 218.301982900606 
1510, 225.107685184284 
1511, 239.337515145398 
1512, 242.742027970903 
1513, 242.161355022215 
1514, 239.349786218508 
1515, 221.270421127193 
1516, 216.744289649934 
1517, 219.875683907426 
1518, 223.415286359983 
1519, 235.266099110425 
1520, 244.093595146643 
1521, 255.005817720542 
1522, 257.953738296852 
1523, 263.64049176315 
1524, 267.845604556278 
1525, 267.672851141574 
1526, 267.196858975548 
1527, 261.229306312157 
1528, 259.441438652557 
1529, 264.64721528114 
1530, 266.27941252686 
1531, 275.549492851087 
1532, 284.156962124529 
1533, 285.752620833176 
1534, 292.565360518409 
1535, 294.436742670003 
1536, 292.356736616919 
1537, 293.494417182256 
1538, 292.577861551145 
1539, 296.184673202319 
1540, 303.121715179002 
1541, 309.530192996935 
1542, 319.293606010565 
1543, 325.452071692982 
1544, 331.585130450417 
1545, 336.139352253093 
1546, 337.269472684162 
1547, 340.110444785502 
1548, 343.000870384591 
1549, 345.158486232055 
1550, 344.699549084224 
1551, 350.025662544025 
1552, 359.699658220835 
1553, 365.779122943598 
1554, 373.548649130202 
1555, 381.802058669341 
1556, 385.884154474107 
1557, 393.090891750864 
1558, 409.72877078981 
1559, 415.293822395757 
1560, 413.114541202549 
1561, 415.281519252266 
1562, 411.575584344925 
1563, 412.022734272621 
1564, 419.743852494222 
1565, 422.889201409844 
1566, 423.220567136856 
1567, 425.293140554899 
1568, 427.362336284361 
1569, 428.29294561777 
1570, 433.312008314472 
1571, 435.15582321226 
1572, 435.133069449368 
1573, 442.078238092449 
1574, 451.149577774425 
1575, 459.038358079999 
1576, 469.259021497502 
1577, 480.839843105256 
1578, 495.285822056569 
1579, 511.098435459666 
1580, 522.947325859126 
1581, 535.551760200083 
1582, 548.059559295891 
1583, 555.033426698675 
1584, 569.766305680492 
1585, 591.734328065263 
1586, 605.426794649074 
1587, 618.860142728467 
1588, 628.3861413938 
1589, 630.80703296206 
1590, 641.021737677477 
1591, 654.218749017068 
1592, 664.551687276801 
1593, 678.346678366972 
1594, 685.982199377822 
1595, 689.206359353171 
1596, 690.999723709612 
1597, 691.481876056782 
1598, 688.714007468296 
1599, 678.586109104953 
1600, 676.047249256525 
1601, 674.365690096962 
1602, 674.044434008394 
1603, 677.936861712213 
1604, 682.375414967351 
1605, 686.774209097398 
1606, 692.219456848642 
1607, 701.690033365476 
1608, 708.137135922345 
1609, 713.110943725908 
1610, 717.628245262898 
1611, 717.848076430569 
1612, 725.244302817407 
1613, 736.528093848418 
1614, 747.204092551166 
1615, 765.147234943988 
1616, 775.854900747405 
1617, 781.733887627857 
1618, 788.248592445775 
1619, 792.309900190863 
1620, 796.418912449293 
1621, 800.076749408793 
1622, 803.35123502298 
1623, 805.259211113516 
1624, 808.607154969562 
1625, 811.886623859855 
1626, 815.991092195535 
1627, 822.573609545581 
1628, 826.245710350753 
1629, 831.392085649502 
1630, 832.719154535991 
1631, 829.714628794408 
1632, 826.714900820631 
1633, 820.693612803344 
1634, 815.505073878555 
1635, 809.713252196746 
1636, 804.65431696528 
1637, 796.894967903142 
1638, 794.471872910376 
1639, 796.057963459565 
1640, 797.918425387223 
1641, 805.054503544678 
1642, 810.142178443424 
1643, 815.760904382299 
1644, 818.278623817965 
1645, 815.271983049165 
1646, 817.247272159176 
1647, 819.569981214093 
1648, 823.000477710995 
1649, 833.843552256925 
1650, 840.232425460672 
1651, 843.745381031634 
1652, 845.169319607999 
1653, 850.691546920037 
1654, 855.451656695114 
1655, 863.241366525908 
1656, 875.43514549151 
1657, 883.571960156451 
1658, 890.906980940118 
1659, 898.023755791662 
1660, 905.448961191672 
1661, 908.366850493788 
1662, 908.64677864277 
1663, 911.335628285922 
1664, 911.310338069498 
1665, 914.20419003699 
1666, 920.608667752703 
1667, 923.694571522834 
1668, 924.587460018536 
1669, 928.445100792312 
1670, 933.174553947726 
1671, 937.847586984439 
1672, 944.742716451841 
1673, 947.607252849218 
1674, 947.508672348966 
1675, 951.55815374127 
1676, 955.814271992378 
1677, 959.719136294328 
1678, 966.107576261641 
1679, 970.725257662094 
1680, 972.343656426914 
1681, 977.72283066066 
1682, 985.896161553891 
1683, 992.236823285596 
1684, 999.861238543607 
1685, 1003.22110136069 
1686, 1004.93420563438 
1687, 1005.34677360269 
1688, 1001.72876303368 
1689, 1002.29251433871 
1690, 1003.81599191992 
1691, 1004.49286702845 
1692, 1005.30326139485 
1693, 1009.30390853884 
1694, 1014.55870494968 
1695, 1018.86979500551 
1696, 1026.81690270216 
1697, 1029.09091959318 
1698, 1027.87119745923 
1699, 1026.5606303342 
1700, 1023.10522576926 
1701, 1021.3362173072 
1702, 1016.09483333353 
1703, 1020.1976310852 
1704, 1030.65734582779 
1705, 1034.99295110668 
1706, 1043.33012426171 
1707, 1046.07357908267 
1708, 1040.20773697841 
1709, 1043.63355756046 
1710, 1051.23891914218 
1711, 1057.80846994347 
1712, 1068.17186187467 
1713, 1073.04106773733 
1714, 1074.89601332687 
1715, 1077.85994794709 
1716, 1080.21749381155 
1717, 1086.38032059926 
1718, 1088.66140203512 
1719, 1086.29691087787 
1720, 1086.65650996194 
1721, 1083.51958138254 
1722, 1079.3680507364 
1723, 1078.30493021937 
1724, 1073.6803342086 
1725, 1064.92502961595 
1726, 1063.23083577551 
1727, 1063.29147767724 
1728, 1060.81178395394 
1729, 1061.1407133159 
1730, 1059.21833654573 
1731, 1054.9537564673 
1732, 1050.97874600224 
1733, 1048.02004301204 
1734, 1044.85987331215 
1735, 1046.02701971989 
1736, 1050.57679735514 
1737, 1054.37172396276 
1738, 1057.13045674296 
1739, 1054.53458446134 
1740, 1050.65199811528 
1741, 1049.99786461503 
1742, 1051.94633897391 
1743, 1050.57636936692 
1744, 1048.14394856395 
1745, 1047.74542715884 
1746, 1045.3737585163 
1747, 1048.8609841028 
1748, 1050.80947111606 
1749, 1045.65090665803 
1750, 1046.12353383717 
1751, 1046.6901340462 
1752, 1043.65828221632 
1753, 1043.20719821305 
1754, 1040.01809492269 
1755, 1032.49952559632 
1756, 1028.04648855754 
1757, 1023.84406821268 
1758, 1019.1688881619 
1759, 1020.75947744201 
1760, 1018.27670794558 
1761, 1011.01168549349 
1762, 1007.00687027644 
1763, 998.465103147516 
1764, 991.354746001313 
1765, 987.230142937005 
1766, 983.792729984148 
1767, 979.701443871589 
1768, 975.827471720893 
1769, 976.969188719918 
1770, 970.427156831045 
1771, 960.031159216064 
1772, 948.935531782673 
1773, 929.891890160647 
1774, 920.030441058912 
1775, 914.858568806645 
1776, 903.845842946882 
1777, 895.91940436507 
1778, 885.573265767966 
1779, 869.124874185088 
1780, 857.704044382544 
1781, 848.473594229905 
1782, 840.769838568889 
1783, 833.054137911998 
1784, 826.467302838303 
1785, 825.683161745867 
1786, 816.929936330677 
1787, 806.527161085567 
1788, 794.727070290372 
1789, 777.453857891612 
1790, 761.336284983188 
1791, 744.4924863067 
1792, 729.022705209354 
1793, 715.94063283086 
1794, 697.769146154513 
1795, 678.199174540055 
1796, 652.620172707811 
1797, 620.175467782831 
1798, 585.960202586337 
1799, 558.081846048671 
1800, 522.71569996271 
1801, 3034.90378923307 
1802, 2913.76771961561 
1803, 2806.37185810003 
1804, 2714.59350562224 
1805, 2624.81092707235 
1806, 2581.21523790101 
1807, 2521.62485689365 
1808, 2455.29476093527 
1809, 2419.8282848062 
1810, 2346.51191953295 
1811, 2235.39925789909 
1812, 2137.58785679235 
1813, 2032.78158202568 
1814, 1928.19972202728 
1815, 1829.23603412418 
1816, 1718.397712076 
1817, 1629.90169760935 
1818, 1548.67673330317 
1819, 1473.50300582109 
1820, 1417.2385344732 
1821, 1358.08849620787 
1822, 1305.17666090227 
1823, 1244.30516258012 
1824, 1194.31151618729 
1825, 1115.12538357524 
1826, 1042.74485673994 
1827, 979.056851696591 
1828, 891.830657088496 
1829, 788.974892838469 
1830, 692.41321812485 
1831, 585.735869555902 
1832, 470.652336216204 
1833, 368.752969874182 
1834, 285.514360277436 
1835, 222.026261189011 
1836, 173.750312778865 
1837, 169.646167900538 
1838, 180.564418894954 
1839, 180.229528554938 
1840, 197.507919968951 
1841, 199.69207486563 
1842, 187.114116276199 
1843, 179.905743821023 
1844, 170.464993755019 
1845, 163.26824255699 
1846, 176.0095949007 
1847, 181.469486192461 
1848, 201.988079321634 
1849, 222.742935848181 
1850, 221.603709242154 
1851, 200.154188396268 
1852, 178.239150445439 
1853, 166.178528400142 
1854, 164.059764254821 
1855, 164.61901100504 
1856, 174.237478592502 
1857, 201.716048131416 
1858, 218.574068542078 
1859, 237.963084787425 
1860, 269.499321648045 
1861, 313.307977160151 
1862, 319.531568045427 
1863, 323.365513564848 
1864, 327.016530597141 
1865, 312.9770761196 
1866, 290.513860681203 
1867, 251.7394729452 
1868, 214.736188142696 
1869, 179.814012442062 
1870, 148.228845990525 
1871, 117.231528590002 
1872, 96.3957004955214 
1873, 83.0820105804371 
1874, 71.2612373788717 
1875, 74.8666248144578 
1876, 105.262900448 
1877, 134.100422698504 
1878, 174.866267015289 
1879, 230.032492138969 
1880, 264.430022563899 
1881, 286.435231123467 
1882, 314.6540387861 
1883, 340.844671646674 
1884, 335.9555379619 
1885, 340.166676625412 
1886, 347.61778934311 
1887, 343.080333989237 
1888, 338.173342033037 
1889, 324.894929636891 
1890, 295.968495616561 
1891, 271.670113226368 
1892, 234.759002368964 
1893, 216.651892688538 
1894, 197.343117179168 
1895, 179.339620492047 
1896, 162.79890130999 
1897, 139.661964830871 
1898, 135.196035579294 
1899, 122.203792988882 
1900, 105.448000455727 
1901, 86.5784925570009 
1902, 72.263705640214 
1903, 46.593421357445 
1904, 38.6541686287933 
1905, 44.7475683260685 
1906, 60.7585218558333 
1907, 84.9464919538357 
1908, 102.852362851286 
1909, 104.826882752273 
1910, 91.1059877799797 
1911, 83.9263633515014 
1912, 58.9400482293756 
1913, 50.1799368233609 
1914, 46.3927979171944 
1915, 63.0780771646075 
1916, 72.6325514925573 
1917, 82.5898941896825 
1918, 98.6291461997135 
1919, 98.3566419126097 
1920, 101.928191103821 
1921, 102.777607463333 
1922, 97.961097901123 
1923, 85.2902491884716 
1924, 83.281083257909 
1925, 76.4343304646519 
1926, 79.3182699494277 
1927, 104.078961683228 
1928, 113.497849119385 
1929, 97.8642093188738 
1930, 86.9663381285542 
1931, 68.4557497745718 
1932, 60.2398010511506 
1933, 55.9737247711245 
1934, 66.2086790698732 
1935, 66.4670714783167 
1936, 64.0537580434809 
1937, 60.7843422746607 
1938, 66.0578288945949 
1939, 78.6666358827351 
1940, 65.3146851506692 
1941, 62.1678671932285 
1942, 53.976817471011 
1943, 48.4761519004782 
1944, 48.4145285543761 
1945, 64.4877475848941 
1946, 64.1776947286327 
1947, 58.449657468443 
1948, 49.0549319300319 
1949, 27.9968392851836 
1950, 18.7835700415651 
1951, 11.3625666526597 
1952, 8.62361371143362 
1953, 28.5193164354122 
1954, 38.9441073225838 
1955, 43.0429892703601 
1956, 50.2648886328441 
1957, 51.1377176616999 
1958, 35.8226499917101 
1959, 29.5843508523596 
1960, 29.0249418566962 
1961, 16.5207167513951 
1962, 10.0075219406506 
1963, 15.7394716584846 
1964, 23.2288245709455 
1965, 31.7991781859112 
1966, 39.1784349209436 
1967, 52.1657348639738 
1968, 53.9575528849208 
1969, 52.3666104509171 
1970, 47.8477583344842 
1971, 28.3324029775168 
1972, 20.6111485922253 
1973, 13.1484775513816 
1974, 11.596585818666 
1975, 20.8961845802233 
1976, 38.979651536368 
1977, 65.1161789237293 
1978, 76.6284555955456 
1979, 80.7377628915924 
1980, 71.4617537209956 
1981, 71.6902087561041 
1982, 62.5493951029703 
1983, 65.0159341051427 
1984, 84.96976879419 
1985, 90.8336507215579 
1986, 97.0582501799523 
1987, 89.7622854112495 
1988, 89.4829522301212 
1989, 85.7177173529434 
1990, 87.3144217323381 
1991, 102.446095521953 
1992, 104.680694167403 
1993, 100.029982947759 
1994, 100.293476505069 
1995, 104.114834476632 
1996, 91.4309933279984 
1997, 70.9483245882628 
1998, 48.3392559119637 
1999, 25.1694774149363 
2000, 16.2765559165348 
2001, 30.9208180619648 
2002, 44.3246560354051 
2003, 42.8424506261971 
2004, 32.5614748358789 
2005, 25.9463096304268 
2006, 0.203803417099945 
2007,-3.2083046897205 
2008, 11.0866023341115 
2009, 15.7250989891178 
2010, 23.8333392616767 
2011, 40.7656831044047 
2012, 42.8236072774317 
2013, 16.6614800525495 
2014, 5.27926089921304 
2015,-15.1479119682129 
2016,-18.3589217225657 
2017,-9.83295531193495 
2018,-3.88697636383063 
2019, 11.1133300951519 
2020, 16.6560723760445 
2021, 15.1638058823215 
2022, 18.3737779718817 
2023, 18.0667051501229 
2024, 21.7050582946274 
2025, 41.7781271201029 
2026, 61.7724225285817 
2027, 77.6393551981404 
2028, 101.744096793715 
2029, 114.439330525624 
2030, 117.498260552318 
2031, 124.335507799251 
2032, 134.64581629791 
2033, 134.690923637727 
2034, 124.21414439853 
2035, 118.065761759909 
2036, 99.7875931187773 
2037, 95.3386281576544 
2038, 97.3942507441877 
2039, 118.214470352826 
2040, 113.683805319864 
2041, 104.673465861072 
2042, 96.3296972244042 
2043, 68.3696190453775 
2044, 62.2697154709725 
2045, 77.038792798734 
2046, 74.978481656109 
2047, 62.5670479580843 
2048, 64.6313527901998 
2049, 77.795530575554 
2050, 76.7923241209926 
2051, 85.6366794278529 
2052, 78.7613529280249 
2053, 53.9585086039757 
2054, 29.0422646655606 
2055, 18.3153649652568 
2056, 8.6495677635417 
2057, 19.81556615477 
2058, 56.6476883722997 
2059, 70.1842873630422 
2060, 94.9711670747299 
2061, 103.150513899772 
2062, 81.1182150397827 
2063, 79.1332299607674 
2064, 88.4623928290183 
2065, 88.5704054942793 
2066, 88.4013457575993 
2067, 92.7571012600879 
2068, 87.2885878641856 
2069, 69.6625175312367 
2070, 66.687512472588 
2071, 65.0086712176775 
2072, 67.7408355928192 
2073, 74.0744676589271 
2074, 84.4149149834486 
2075, 106.262430102855 
2076, 115.410148006508 
2077, 124.102994898376 
2078, 134.079695009597 
2079, 135.511527473284 
2080, 137.677883856265 
2081, 152.633926447025 
2082, 145.599202892596 
2083, 147.1530316472 
2084, 143.048466839873 
2085, 148.552344601425 
2086, 153.354011636207 
2087, 170.838011420101 
2088, 207.87428733547 
2089, 222.472801100847 
2090, 237.638984189043 
2091, 246.340521325748 
2092, 236.569413302268 
2093, 232.241116416522 
2094, 224.880840713498 
2095, 225.537687427967 
2096, 222.443623327005 
2097, 231.919646939367 
2098, 240.775719412389 
2099, 260.978796210443 
2100, 272.132825108244 
2101, 280.376865899295 
2102, 287.305824816247 
2103, 296.495842807972 
2104, 298.018867942797 
2105, 287.263819952585 
2106, 289.723547363683 
2107, 289.990162125596 
2108, 299.038308894722 
2109, 328.664776933723 
2110, 344.572501817087 
2111, 360.931031065367 
2112, 364.372268194199 
2113, 377.12622988145 
2114, 382.806701791448 
2115, 399.303143184732 
2116, 425.094927654075 
2117, 448.469609179008 
2118, 481.469833724499 
2119, 496.209526302039 
2120, 503.987275768767 
2121, 511.620379295826 
2122, 500.427786976021 
2123, 505.671466287881 
2124, 516.554238180159 
2125, 533.87514101345 
2126, 557.106127156879 
2127, 584.647647817489 
2128, 626.957674371976 
2129, 664.622915177213 
2130, 687.565676527635 
2131, 707.716557397695 
2132, 722.724722820156 
2133, 717.128466111719 
2134, 731.06023841094 
2135, 747.187150149804 
2136, 772.9349406929 
2137, 820.790094776997 
2138, 842.642467173223 
2139, 862.587648838597 
2140, 877.151759853699 
2141, 867.077558395184 
2142, 870.343378573107 
2143, 876.060792213178 
2144, 886.958555843018 
2145, 893.189104361313 
2146, 917.90548819122 
2147, 952.124282825271 
2148, 986.660698558151 
2149, 1015.94282890642 
2150, 1047.83461950036 
2151, 1074.78944578487 
2152, 1101.92963388602 
2153, 1115.25246178638 
2154, 1115.55839944728 
2155, 1130.38182833207 
2156, 1141.24899537636 
2157, 1152.8399664242 
2158, 1182.07560095756 
2159, 1194.45333024791 
2160, 1181.21466394572 
2161, 1188.58648213414 
2162, 1196.53943161094 
2163, 1215.87319822346 
2164, 1255.35126738623 
2165, 1290.4924024869 
2166, 1324.24305326679 
2167, 1362.57458701184 
2168, 1394.13713035982 
2169, 1421.33293072828 
2170, 1448.45018612427 
2171, 1472.80699878224 
2172, 1501.15706707256 
2173, 1535.47136897142 
2174, 1556.65133785008 
2175, 1566.85413137302 
2176, 1589.50386149659 
2177, 1608.48556447122 
2178, 1629.96519548777 
2179, 1666.46783176874 
2180, 1693.80764798247 
2181, 1717.91990123671 
2182, 1736.02759774927 
2183, 1752.54571609057 
2184, 1762.24356304237 
2185, 1762.55063024764 
2186, 1764.16882697953 
2187, 1781.53522780546 
2188, 1806.20049444674 
2189, 1834.7773497509 
2190, 1885.71213494139 
2191, 1908.57624928801 
2192, 1924.06979317371 
2193, 1933.51126236733 
2194, 1923.41045801297 
2195, 1924.43690552982 
2196, 1930.29075928824 
2197, 1928.57352092041 
2198, 1920.90479344133 
2199, 1917.89398847183 
2200, 1897.33421668623 
2201, 1905.79858958338 
2202, 1937.51647822202 
2203, 1966.77115450411 
2204, 2012.52863675911 
2205, 2059.25860598745 
2206, 2094.06810309469 
2207, 2120.66372347846 
2208, 2152.73976750375 
2209, 2183.882048421 
2210, 2212.4720528631 
2211, 2240.36019786284 
2212, 2268.36904669317 
2213, 2299.93869344319 
2214, 2320.16060116886 
2215, 2337.52905660957 
2216, 2351.01597452724 
2217, 2350.96581838999 
2218, 2355.08894016246 
2219, 2361.34492262297 
2220, 2364.5831324678 
2221, 2363.65667257859 
2222, 2365.59226510866 
2223, 2367.26869350137 
2224, 2370.39058702696 
2225, 2378.05744263555 
2226, 2381.43056750028 
2227, 2382.47291860452 
2228, 2381.01225644715 
2229, 2390.16530789694 
2230, 2391.39760273149 
2231, 2395.94701177002 
2232, 2410.63438236892 
2233, 2407.91353654921 
2234, 2391.85487943065 
2235, 2384.68508271502 
2236, 2373.58932080003 
2237, 2366.40601607502 
2238, 2371.70189784651 
2239, 2357.81534956266 
2240, 2326.87855876685 
2241, 2310.34782735279 
2242, 2290.17409748789 
2243, 2277.33661025568 
2244, 2285.433370971 
2245, 2274.7105855374 
2246, 2247.61212329408 
2247, 2230.09930743168 
2248, 2210.35154140457 
2249, 2193.06635486754 
2250, 2183.40758379873 
2251, 2171.9064983264 
2252, 2153.18227928666 
2253, 2145.82378887698 
2254, 2145.14950636427 
2255, 2132.46998800492 
2256, 2107.66283071341 
2257, 2068.35373440954 
2258, 2036.37803029478 
2259, 1990.54277725788 
2260, 1956.9155164247 
2261, 1932.27732062354 
2262, 1906.47725653277 
2263, 1881.9496201996 
2264, 1857.87952135758 
2265, 1839.17881158626 
2266, 1815.64590478017 
2267, 1783.87780371833 
2268, 1758.29851880066 
2269, 1738.31442389287 
2270, 1714.50963086533 
2271, 1688.80497967502 
2272, 1668.53090932474 
2273, 1653.8719174482 
2274, 1630.32498508118 
2275, 1607.7238391282 
2276, 1581.82244883008 
2277, 1536.32710561096 
2278, 1507.88787915532 
2279, 1493.54106663309 
2280, 1473.19958156983 
2281, 1448.01048709417 
2282, 1444.69938470061 
2283, 1434.87256916633 
2284, 1417.59579900515 
2285, 1399.73849608099 
2286, 1368.33090581931 
2287, 1330.24243735626 
2288, 1303.75424417209 
2289, 1271.55059415391 
2290, 1245.71231740525 
2291, 1209.00551620675 
2292, 1159.57959940173 
2293, 1119.25606509145 
2294, 1078.22903888332 
2295, 1043.34406013333 
2296, 1012.04373253672 
2297, 987.762159980995 
2298, 967.045351202347 
2299, 951.139720120529 
2300, 954.327785511825 
2301, 934.974163664547 
2302, 904.112035299187 
2303, 880.454401615578 
2304, 839.46033540145 
2305, 816.989721565352 
2306, 811.831128780031 
2307, 801.390162867876 
2308, 800.910152481565 
2309, 792.54916458069 
2310, 782.165265157707 
2311, 768.074346918624 
2312, 748.247655829866 
2313, 725.014721704435 
2314, 697.186812176712 
2315, 668.551575707186 
2316, 638.016615334015 
2317, 611.736356005023 
2318, 579.995788186907 
2319, 563.190031111368 
2320, 558.624083275443 
2321, 555.183494069454 
2322, 555.241687412168 
2323, 542.544989901619 
2324, 516.471897908235 
2325, 492.364864380559 
2326, 488.647827123785 
2327, 495.468655141218 
2328, 499.124809639138 
2329, 524.552074844112 
2330, 510.220365261738 
2331, 475.555734565841 
2332, 451.584421748299 
2333, 407.353169437482 
2334, 388.839784232019 
2335, 388.317584119488 
2336, 368.375706946205 
2337, 348.911939581684 
2338, 324.48224728084 
2339, 278.974706243949 
2340, 269.340220501513 
2341, 276.181991503944 
2342, 282.630711266056 
2343, 314.680486665529 
2344, 325.717777684947 
2345, 331.683014314085 
2346, 330.355477511954 
2347, 318.242231078355 
2348, 307.897009795701 
2349, 293.406657943805 
2350, 271.662459672317 
2351, 236.304360547172 
2352, 221.035174001479 
2353, 203.168229013302 
2354, 202.466100461737 
2355, 235.514951430073 
2356, 245.906407666572 
2357, 257.325346958432 
2358, 256.133514943825 
2359, 230.232716826021 
2360, 222.865476490189 
2361, 220.35102328364 
2362, 216.522085999639 
2363, 221.680026556488 
2364, 222.977226944784 
2365, 223.814515906058 
2366, 211.491379783615 
2367, 191.298190906385 
2368, 180.134444825303 
2369, 171.702422529734 
2370, 175.461468220936 
2371, 193.434905273284 
2372, 194.850963904955 
2373, 178.378997432516 
2374, 162.672098286963 
2375, 148.648331689543 
2376, 149.620459774571 
2377, 161.390377185559 
2378, 169.96946288718 
2379, 168.876633717986 
2380, 166.377998871839 
2381, 178.244646282976 
2382, 169.985047324858 
2383, 163.089011814247 
2384, 173.879305560768 
2385, 163.149727348523 
2386, 158.04444203937 
2387, 157.428040849402 
2388, 145.373341121587 
2389, 136.431299773402 
2390, 134.045292623837 
2391, 131.695889709369 
2392, 122.147463891347 
2393, 103.847456448276 
2394, 102.806841216373 
2395, 122.052860714444 
2396, 126.104360271758 
2397, 132.799847678976 
2398, 133.462493690125 
2399, 112.105317600227 
2400, 105.133336808019 
2401, 109.540866852694 
2402, 109.259997410936 
2403, 104.974314943042 
2404, 91.5967796854436 
2405, 87.8838147689935 
2406, 83.3529710286328 
2407, 85.0169406885723 
2408, 99.7106963043857 
2409, 98.7074955171542 
2410, 90.9815925069566 
2411, 86.2790915304088 
2412, 76.8757866245453 
2413, 71.9485001278073 
2414, 68.1620734615893 
2415, 71.7276625263888 
2416, 79.6210806124632 
2417, 76.0963696302572 
2418, 76.7833399320355 
2419, 70.680301550916 
2420, 48.4096145859349 
2421, 42.6652259964284 
2422, 40.0540951500433 
2423, 46.477143370766 
2424, 68.7123094116263 
2425, 75.3501484273148 
2426, 86.7597577109093 
2427, 83.1850531033183 
2428, 57.5487771308681 
2429, 49.6581658076464 
2430, 38.338236845858 
2431, 49.408210621439 
2432, 82.9251791084799 
2433, 94.0836553664022 
2434, 111.290791620124 
2435, 116.157205378869 
2436, 100.041451975586 
2437, 93.8737445877041 
2438, 98.5096803657178 
2439, 90.6607484387654 
2440, 71.7193839500774 
2441, 60.271542927659 
2442, 42.2422077392874 
2443, 28.0486127787493 
2444, 17.1180355597467 
2445, 6.84084725762673 
2446, 11.1310068636015 
2447, 4.46858660121291 
2448, 18.1010756705118 
2449, 28.3328285115432 
2450, 28.845997555891 
2451, 33.4038400535219 
2452, 26.9122345185215 
2453, 33.027951049444 
2454, 35.120066814543 
2455, 46.3254022737684 
2456, 59.9245090147095 
2457, 62.0318984572519 
2458, 79.8683062778479 
2459, 84.5324242701238 
2460, 73.9201041952736 
2461, 73.6440342506159 
2462, 71.7086916036852 
2463, 78.3411837758284 
2464, 88.0974601449033 
2465, 86.6664370463011 
2466, 84.0716866155975 
2467, 74.190356989501 
2468, 73.2660035784324 
2469, 63.8753058240462 
2470, 43.2728741424649 
2471, 44.4623183771934 
2472, 42.9260579025006 
2473, 44.8972341732495 
2474, 44.3355968717643 
2475, 20.3882074652511 
2476,-3.34233636208437 
2477,-17.2816904890101 
2478,-15.3844357333405 
2479, 1.07938288176776 
2480, 7.71226598724936 
2481, 11.3087264338642 
2482, 28.4882575159912 
2483, 28.9455132218633 
2484, 28.0833719303584 
2485, 38.9991984713533 
2486, 25.5582986368925 
2487, 15.358928579787 
2488, 15.0278588378407 
2489, 17.8196351323219 
2490, 21.4291816023162 
2491, 8.14721306309072 
2492, 5.19243572611645 
2493, 2.6039434435235 
2494,-1.97697829483603 
2495, 6.05768621834718 
2496, 17.8850221756507 
2497, 14.5549132442911 
2498, 18.8359622218404 
2499, 41.5883582374524 
2500, 44.0216943197406 
