Wavelength,0212202100125.asd
350, 2523.20081548318 
351, 2654.5144864585 
352, 2773.34836505583 
353, 2874.73955732097 
354, 2973.82435490418 
355, 3076.80462903001 
356, 3185.32936936928 
357, 3296.18229475689 
358, 3408.80109267449 
359, 3527.10576028467 
360, 3659.14056651018 
361, 3820.25892401304 
362, 4005.95806480087 
363, 4207.3710136463 
364, 4413.46756926939 
365, 4622.43149872635 
366, 4821.79261032791 
367, 4996.73950979068 
368, 5132.6440599351 
369, 5210.90149708818 
370, 5236.39477574021 
371, 5226.90626053996 
372, 5204.85081052796 
373, 5196.34633067611 
374, 5204.59407880988 
375, 5216.27342734805 
376, 5227.80782815144 
377, 5234.2205355759 
378, 5223.85990926396 
379, 5176.88840556154 
380, 5114.38458067926 
381, 5043.39811203238 
382, 4964.68681174703 
383, 4869.84881751446 
384, 4772.11622690613 
385, 4702.51223882013 
386, 4699.73364614795 
387, 4795.23066889783 
388, 4934.11302336236 
389, 5055.59916371527 
390, 5108.06758063961 
391, 5165.18170050119 
392, 5221.65113814421 
393, 5266.69816975792 
394, 5304.00451711036 
395, 5411.4324554713 
396, 5625.74030894202 
397, 5961.70014523842 
398, 6431.90788984261 
399, 6967.26952407269 
400, 7517.91761709021 
401, 8056.19894718784 
402, 8565.25079697766 
403, 8984.95312360363 
404, 9289.64984749705 
405, 9523.97342578095 
406, 9709.27714309116 
407, 9873.78237477934 
408, 10052.1362741424 
409, 10299.0170973254 
410, 10596.8075320058 
411, 10925.9503186643 
412, 11267.2324518678 
413, 11606.8940746664 
414, 11943.4515276579 
415, 12267.1304557356 
416, 12548.927464018 
417, 12816.4966451307 
418, 13092.7420603185 
419, 13382.9952413939 
420, 13629.7444073403 
421, 13881.8228393336 
422, 14159.2719464995 
423, 14453.7713264667 
424, 14727.3705985448 
425, 14943.5623199655 
426, 15070.8340938117 
427, 15081.1633038781 
428, 15021.9942619373 
429, 15029.5222304828 
430, 15214.6060204723 
431, 15484.6962867028 
432, 15839.5858240831 
433, 16362.2832551744 
434, 17160.7638259186 
435, 18010.4648108399 
436, 18661.3899862396 
437, 19061.4977551555 
438, 19484.1069448666 
439, 19917.6642084253 
440, 20325.3910352851 
441, 20693.3387209087 
442, 21173.2629073737 
443, 21678.5420071077 
444, 22141.1848573323 
445, 22519.0970356607 
446, 22823.9023930766 
447, 23096.4796450858 
448, 23383.6214360724 
449, 23741.7829683123 
450, 24046.4652946466 
451, 24211.4270051809 
452, 24202.7744282647 
453, 24138.0724099439 
454, 24000.9466478639 
455, 23828.6271276629 
456, 23706.9591764159 
457, 23676.1253617671 
458, 23680.9430133294 
459, 23663.4779165759 
460, 23601.2171020737 
461, 23507.793779729 
462, 23405.4635614082 
463, 23306.0739234172 
464, 23151.301074323 
465, 22910.7629443218 
466, 22613.555366456 
467, 22345.2368800803 
468, 22116.886037023 
469, 21944.8410855014 
470, 21837.9487833106 
471, 21798.5617352718 
472, 21771.6746112029 
473, 21762.9724731879 
474, 21794.5420148771 
475, 21786.4889180855 
476, 21761.4189771769 
477, 21745.147792904 
478, 21754.9209820816 
479, 21825.5925000109 
480, 21925.9966997702 
481, 21998.8933013273 
482, 21980.7073670221 
483, 21818.6481554627 
484, 21478.249775714 
485, 20966.6959300126 
486, 20464.9046224519 
487, 20107.0326574619 
488, 19999.9492002445 
489, 20231.9379468654 
490, 20603.0465044805 
491, 20910.6805340097 
492, 21023.1217578797 
493, 21062.810592009 
494, 21120.2273375775 
495, 21237.0919191519 
496, 21399.6834509974 
497, 21451.8779286179 
498, 21393.68296108 
499, 21259.3235554477 
500, 21078.9069716119 
501, 20941.0448142244 
502, 20884.2995897323 
503, 20926.6788308281 
504, 21118.3055598384 
505, 21387.020127979 
506, 21661.5508591081 
507, 21883.9013084221 
508, 22050.9430788939 
509, 22181.393648934 
510, 22305.1294805251 
511, 22470.7333189749 
512, 22588.0326947627 
513, 22612.5810606751 
514, 22530.6492352035 
515, 22345.7336685873 
516, 22096.7297182985 
517, 21852.0484085719 
518, 21707.4263457768 
519, 21890.104339848 
520, 22418.1261496661 
521, 23162.3292269991 
522, 23785.5891177503 
523, 24249.5114367928 
524, 24574.4495157063 
525, 24819.8143006011 
526, 24925.104942086 
527, 24965.9961726374 
528, 25095.2299347202 
529, 25597.2613758236 
530, 26252.2605555772 
531, 26806.0105203336 
532, 27050.2415609983 
533, 27131.7011321632 
534, 27254.1280618785 
535, 27526.2392027438 
536, 27937.9854068093 
537, 28236.7475978106 
538, 28377.9438150855 
539, 28399.2017943361 
540, 28389.7998160231 
541, 28411.858412352 
542, 28554.5715356331 
543, 28889.2247938427 
544, 29271.0278899569 
545, 29604.8982677367 
546, 29838.9992520374 
547, 29973.5106462951 
548, 30063.9671235529 
549, 30169.6688653696 
550, 30326.8330408091 
551, 30488.808258157 
552, 30613.7661488762 
553, 30705.5494678487 
554, 30803.0183546264 
555, 30877.2631277431 
556, 30850.8675159695 
557, 30681.7630580581 
558, 30402.0540218596 
559, 30160.666052484 
560, 30050.3737415008 
561, 30106.8893836412 
562, 30242.1185273987 
563, 30322.5104069897 
564, 30280.6551299673 
565, 30132.8725561113 
566, 29921.8182104399 
567, 29707.0951549761 
568, 29525.0300379722 
569, 29339.2100694309 
570, 29097.6533432318 
571, 28868.070130281 
572, 28782.0394859216 
573, 28807.0147194854 
574, 28799.7409716299 
575, 28668.5298381667 
576, 28425.2527446772 
577, 28203.0567014383 
578, 28087.5990828043 
579, 28124.112409114 
580, 28276.7660270286 
581, 28539.8765360415 
582, 28858.5298425382 
583, 29132.7225673985 
584, 29306.5543301171 
585, 29308.4175098989 
586, 29129.6334495057 
587, 28899.6988673179 
588, 28611.2572952575 
589, 28220.2657250194 
590, 27729.8979493752 
591, 27554.8333883145 
592, 27685.7507966793 
593, 27929.1577141011 
594, 27920.4326587071 
595, 27783.3866476317 
596, 27588.301953582 
597, 27383.6973565366 
598, 27162.0438342728 
599, 26889.0894804603 
600, 26588.0023137356 
601, 26322.1160341471 
602, 26116.9967859202 
603, 26007.3809752881 
604, 25991.9296996378 
605, 26018.0158838968 
606, 25962.0391559456 
607, 25817.8693849548 
608, 25632.4229771204 
609, 25450.3125886606 
610, 25276.92330572 
611, 25120.6589588182 
612, 24991.9853446449 
613, 24854.6211247476 
614, 24692.1509401963 
615, 24514.1650632742 
616, 24375.713454137 
617, 24290.4398300319 
618, 24291.611382652 
619, 24396.9228278803 
620, 24507.6695218976 
621, 24520.8501646903 
622, 24401.5246461949 
623, 24198.4669765537 
624, 23967.8429084636 
625, 23748.4340980106 
626, 23559.5818816222 
627, 23388.2953798059 
628, 23217.2152550534 
629, 23054.7337740995 
630, 22934.406623669 
631, 22947.8498954619 
632, 23036.1238841803 
633, 23143.774429102 
634, 23258.4835651537 
635, 23347.2738169611 
636, 23409.5255676587 
637, 23453.1283521666 
638, 23470.176211188 
639, 23438.4282141547 
640, 23339.3081561949 
641, 23167.6195040749 
642, 23033.4900349319 
643, 22953.8799207179 
644, 22903.2625399849 
645, 22811.500070078 
646, 22663.7910262805 
647, 22477.2151507128 
648, 22288.6176799053 
649, 22134.1961803205 
650, 22016.6850064899 
651, 21956.9269233099 
652, 21987.5038788603 
653, 21940.7648595953 
654, 21700.8285375662 
655, 21247.1992101526 
656, 20715.2295392839 
657, 20328.811440563 
658, 20331.2216736841 
659, 20849.6315725779 
660, 21383.8589820388 
661, 21692.0514805063 
662, 21755.3929127587 
663, 21787.8781240732 
664, 21769.549475819 
665, 21735.0300007395 
666, 21716.7451097406 
667, 21724.7868841049 
668, 21719.1507979202 
669, 21697.532932864 
670, 21675.9380964452 
671, 21631.6288746727 
672, 21581.0686873306 
673, 21548.3562735062 
674, 21561.5803133777 
675, 21588.2112369192 
676, 21608.9013239028 
677, 21615.6973150418 
678, 21624.9938631179 
679, 21629.7009643962 
680, 21627.1498697667 
681, 21616.8907634107 
682, 21601.7708932885 
683, 21551.4419690096 
684, 21370.1610589212 
685, 20879.942083901 
686, 20009.4687225046 
687, 18835.8277228944 
688, 17644.6485599565 
689, 17146.4912789937 
690, 17504.6224890552 
691, 18392.9541751013 
692, 19194.9376666072 
693, 19894.1032211722 
694, 20399.3368870399 
695, 20705.0806648465 
696, 20920.0726260655 
697, 21108.3251225521 
698, 21238.4904035299 
699, 21267.3229478199 
700, 21217.1761053912 
701, 21167.2236781776 
702, 21172.4167440704 
703, 21263.7214010059 
704, 21442.5268405703 
705, 21652.554027487 
706, 21835.3995046188 
707, 21941.7320073917 
708, 22030.3174199687 
709, 22110.2724104442 
710, 22179.3949185867 
711, 22245.7594401572 
712, 22292.1445591629 
713, 22308.4170218902 
714, 22280.9456912109 
715, 22159.37622023 
716, 21848.7013312142 
717, 21308.224713062 
718, 20573.333941033 
719, 19959.2371468248 
720, 19732.9066871363 
721, 19997.6911199943 
722, 20548.2662262215 
723, 20932.6613163387 
724, 20990.8799014242 
725, 20802.0449496136 
726, 20755.8163603484 
727, 20817.299683793 
728, 20912.5318612973 
729, 20975.464312382 
730, 21124.1886116519 
731, 21389.1548485706 
732, 21754.2209301568 
733, 22157.4591852646 
734, 22509.2196849174 
735, 22738.6085808461 
736, 22813.3953353738 
737, 22802.692484652 
738, 22777.6691257316 
739, 22755.7927219887 
740, 22712.1162599749 
741, 22706.4874070851 
742, 22746.6530168897 
743, 22824.4359806029 
744, 22923.9383622037 
745, 22991.8018315541 
746, 23023.3461751267 
747, 23028.5289826255 
748, 23004.8704988585 
749, 22934.8866061413 
750, 22835.7239460445 
751, 22747.7383226252 
752, 22704.8968416418 
753, 22695.1409027248 
754, 22694.7466659939 
755, 22672.1218584896 
756, 22565.2591552706 
757, 22099.0344298075 
758, 20831.1688572397 
759, 18008.9989727356 
760, 13852.6770720636 
761, 9770.89093944142 
762, 7469.69588332001 
763, 7444.86475978543 
764, 8641.86992245083 
765, 10522.2886364043 
766, 13019.5030456942 
767, 15750.1093670812 
768, 18128.2973616152 
769, 19789.8577798698 
770, 20723.857153046 
771, 21189.8677377018 
772, 21376.8768044381 
773, 21428.7227251358 
774, 21426.2194610399 
775, 21379.3241445092 
776, 21314.5158278723 
777, 21252.8971219335 
778, 21168.8658196161 
779, 21069.0199276182 
780, 20968.7883603001 
781, 20885.672216062 
782, 20796.1371866035 
783, 20688.0207150876 
784, 20562.985566937 
785, 20440.214595934 
786, 20315.0771698784 
787, 20168.5781356834 
788, 19985.2496028029 
789, 19768.0648998088 
790, 19539.7069269331 
791, 19308.7930193018 
792, 19079.6825525498 
793, 18865.6341960091 
794, 18692.1665165597 
795, 18575.2596473194 
796, 18515.6924336668 
797, 18471.464708794 
798, 18398.6046627452 
799, 18274.5341710864 
800, 18105.2166225211 
801, 17917.6680706549 
802, 17742.6153236514 
803, 17594.6662599881 
804, 17453.789572002 
805, 17332.1038866719 
806, 17220.0838098321 
807, 17096.6169912157 
808, 16930.3382299584 
809, 16726.9924501334 
810, 16498.7237119122 
811, 16252.9228839284 
812, 15955.3905351149 
813, 15565.0434917876 
814, 15077.0799488595 
815, 14529.8077787024 
816, 14024.0571165542 
817, 13632.2252640954 
818, 13398.4305918668 
819, 13334.2232671093 
820, 13327.7500549266 
821, 13290.9386947249 
822, 13187.0347527961 
823, 13065.7958740947 
824, 12985.8068397353 
825, 13000.9745796126 
826, 13099.3170547916 
827, 13080.7592310211 
828, 12940.0583416214 
829, 12745.2397215003 
830, 12593.5838429971 
831, 12498.6423123649 
832, 12429.8305982548 
833, 12375.0924540262 
834, 12340.7434384364 
835, 12327.2904796346 
836, 12323.807377834 
837, 12308.5259668671 
838, 12252.2636666321 
839, 12168.4651773063 
840, 12065.0301071326 
841, 11948.8455262241 
842, 11825.4360467918 
843, 11695.82535713 
844, 11567.6800175532 
845, 11445.4001814139 
846, 11325.3065560987 
847, 11176.7119017332 
848, 10995.4484777472 
849, 10791.6243413797 
850, 10586.5116946259 
851, 10349.1516599774 
852, 10103.4569611947 
853, 9895.78988405127 
854, 9741.73963051382 
855, 9618.84987050681 
856, 9561.65644883696 
857, 9620.36179451166 
858, 9717.31225981909 
859, 9742.42300577917 
860, 9673.93440479676 
861, 9569.98055842343 
862, 9446.79491605401 
863, 9286.25546973068 
864, 9089.17663507747 
865, 8883.76628695094 
866, 8693.41014613286 
867, 8533.07054755109 
868, 8426.26276069529 
869, 8407.76588763199 
870, 8428.5547803368 
871, 8420.54785035383 
872, 8350.86820764369 
873, 8254.05791342793 
874, 8149.27866498846 
875, 8044.53056771533 
876, 7941.66843823664 
877, 7839.10094570981 
878, 7739.64394298646 
879, 7642.24691596013 
880, 7544.622471937 
881, 7444.52416760899 
882, 7344.76696637401 
883, 7250.00167545019 
884, 7162.22174478759 
885, 7074.19688323088 
886, 6979.53159354851 
887, 6879.97669758674 
888, 6780.53347994865 
889, 6682.9550526751 
890, 6586.3796617514 
891, 6478.83229005785 
892, 6345.51747136799 
893, 6183.93878390817 
894, 5995.04055001963 
895, 5784.54513626944 
896, 5562.11551818983 
897, 5339.10935142143 
898, 5129.39984126136 
899, 4955.23110152627 
900, 4837.40985709945 
901, 4769.68027084889 
902, 4742.14384963854 
903, 4734.76343567691 
904, 4723.3845772673 
905, 4697.5021598319 
906, 4647.51175852385 
907, 4562.91581889327 
908, 4440.1206862472 
909, 4308.66146469928 
910, 4199.22757906512 
911, 4120.90318783421 
912, 4064.38436462396 
913, 4019.61873618956 
914, 3976.5903149633 
915, 3932.2758838062 
916, 3891.01249935416 
917, 3866.45514066258 
918, 3849.58319602495 
919, 3832.96460072972 
920, 3813.17734404986 
921, 3793.8903667693 
922, 3764.91081966234 
923, 3716.56721392541 
924, 3642.76586308383 
925, 3547.45201129945 
926, 3432.95431627546 
927, 3295.62917249595 
928, 3129.1866290793 
929, 2935.32059660759 
930, 2715.11425848274 
931, 2480.72494802614 
932, 2252.8692131273 
933, 2054.22593729621 
934, 1896.82439955483 
935, 1789.04045524705 
936, 1733.45124735306 
937, 1722.99071701984 
938, 1737.93237079842 
939, 1761.99495863134 
940, 1784.15255540801 
941, 1802.22234576221 
942, 1808.46572755465 
943, 1793.82046615866 
944, 1755.3000422542 
945, 1706.97203070643 
946, 1667.65875600044 
947, 1643.87260554579 
948, 1634.01145793233 
949, 1633.11830215027 
950, 1631.6037586564 
951, 1628.18741654662 
952, 1623.29611534342 
953, 1613.11556056922 
954, 1604.58949470002 
955, 1598.0052142802 
956, 1592.43868779512 
957, 1588.58039906768 
958, 1587.36537439283 
959, 1588.07176103953 
960, 1589.96838933562 
961, 1592.9675450027 
962, 1595.13669876434 
963, 1601.3804132686 
964, 1611.3927067542 
965, 1617.96826177686 
966, 1622.9732882354 
967, 1624.57261167893 
968, 1621.86345970521 
969, 1615.31739570025 
970, 1605.80819808412 
971, 1592.20605834291 
972, 1572.67470782627 
973, 1546.13196668982 
974, 1515.63662291383 
975, 1483.00521211695 
976, 1451.49528312042 
977, 1424.19699219043 
978, 1401.53765113422 
979, 1383.96155671136 
980, 1368.92257157633 
981, 1353.68459694504 
982, 1337.88903314974 
983, 1322.4613593841 
984, 1305.16391015254 
985, 1285.30579189493 
986, 1265.55924522344 
987, 1241.32845030055 
988, 1217.40064920724 
989, 1194.58581908711 
990, 1168.50050087224 
991, 1143.05157516379 
992, 1118.77224371311 
993, 1094.43033643104 
994, 1068.51829760998 
995, 1042.8825918599 
996, 1017.92720126013 
997, 992.428483302526 
998, 965.887698063518 
999, 942.194305074636 
1000, 916.42401461731 
1001, 5827.08316695107 
1002, 5808.26054644111 
1003, 5786.41885467116 
1004, 5768.26937575029 
1005, 5761.0135922223 
1006, 5758.96966090311 
1007, 5761.76660164484 
1008, 5780.81306501224 
1009, 5796.94297779723 
1010, 5815.17598562282 
1011, 5833.7962768049 
1012, 5855.93768303121 
1013, 5875.57801425472 
1014, 5897.00537170486 
1015, 5918.59719794385 
1016, 5945.23416416782 
1017, 5977.17141639409 
1018, 6008.65706023334 
1019, 6041.83780231991 
1020, 6072.37120831118 
1021, 6098.22324298293 
1022, 6127.55959633983 
1023, 6156.40019755994 
1024, 6188.85566216973 
1025, 6221.7102418355 
1026, 6258.94222438097 
1027, 6295.709082455 
1028, 6329.1370994326 
1029, 6363.46403462193 
1030, 6390.78598373354 
1031, 6414.53715825206 
1032, 6445.52549090665 
1033, 6475.36887773259 
1034, 6504.00335052897 
1035, 6532.09487515671 
1036, 6563.00820607901 
1037, 6583.09113357555 
1038, 6600.14411581599 
1039, 6616.42611167126 
1040, 6631.23562632574 
1041, 6654.92167772488 
1042, 6679.39464248214 
1043, 6701.37615484333 
1044, 6725.83111519339 
1045, 6746.08150739912 
1046, 6760.36433494029 
1047, 6777.7310223655 
1048, 6797.5811197463 
1049, 6817.6814698356 
1050, 6835.63784248581 
1051, 6859.82727913336 
1052, 6888.85406478845 
1053, 6914.54107064974 
1054, 6938.57470689216 
1055, 6965.69263024046 
1056, 6989.10612186398 
1057, 7017.83432715416 
1058, 7057.0120440064 
1059, 7099.12907397699 
1060, 7143.06048964584 
1061, 7190.93327397952 
1062, 7243.41904394628 
1063, 7298.43859587583 
1064, 7355.92216302483 
1065, 7420.8572603277 
1066, 7491.11819924192 
1067, 7560.81463276992 
1068, 7639.84385167622 
1069, 7728.92892477686 
1070, 7823.2833365444 
1071, 7928.60824785655 
1072, 8035.76009005702 
1073, 8139.78359261692 
1074, 8251.18645954081 
1075, 8348.31740887077 
1076, 8440.69637207907 
1077, 8524.53671952985 
1078, 8597.3979371958 
1079, 8663.12969447799 
1080, 8728.00282732825 
1081, 8793.28733281083 
1082, 8849.1771117572 
1083, 8900.93014752606 
1084, 8950.13421886065 
1085, 8994.11092972359 
1086, 9035.85088576139 
1087, 9081.04222943691 
1088, 9112.18108986416 
1089, 9142.0278613294 
1090, 9152.35062060207 
1091, 9145.09448366657 
1092, 9135.75465346514 
1093, 9116.79688514724 
1094, 9085.30364033511 
1095, 9058.68401268368 
1096, 9032.57634840775 
1097, 8994.60902164415 
1098, 8961.98072964076 
1099, 8931.11546702218 
1100, 8899.81821853131 
1101, 8865.6920241702 
1102, 8838.25827468316 
1103, 8799.7601223553 
1104, 8759.56496320522 
1105, 8710.63190610618 
1106, 8650.09899048975 
1107, 8564.97912566025 
1108, 8441.05682927979 
1109, 8287.55380462045 
1110, 8082.06936589349 
1111, 7835.26140595151 
1112, 7546.86905326409 
1113, 7197.73685143426 
1114, 6846.45578127737 
1115, 6435.24974506908 
1116, 6066.96500137197 
1117, 5669.98048494175 
1118, 5334.217331755 
1119, 5027.14235216437 
1120, 4743.13436175903 
1121, 4512.09900397575 
1122, 4324.10397933531 
1123, 4190.97260471866 
1124, 4102.95138749128 
1125, 4060.04245476938 
1126, 4085.14083392732 
1127, 4106.93503513378 
1128, 4170.96265571138 
1129, 4233.76315581541 
1130, 4315.88401152713 
1131, 4400.26991582562 
1132, 4486.89126527256 
1133, 4593.8587954069 
1134, 4713.25076349473 
1135, 4836.48513134072 
1136, 5007.91529188745 
1137, 5189.39757322955 
1138, 5357.21281367319 
1139, 5515.25625552528 
1140, 5617.46735954115 
1141, 5685.55670646139 
1142, 5715.65132277342 
1143, 5687.95257737853 
1144, 5668.59635976199 
1145, 5572.0588521625 
1146, 5561.19095259617 
1147, 5545.39155849009 
1148, 5602.30530254305 
1149, 5723.04687179635 
1150, 5880.00241000381 
1151, 6091.54025176569 
1152, 6331.08470458599 
1153, 6570.91551453834 
1154, 6846.74903746429 
1155, 7106.45499683408 
1156, 7373.89795915912 
1157, 7629.15713559611 
1158, 7895.17053218304 
1159, 8134.23741650331 
1160, 8364.74315748393 
1161, 8571.389496657 
1162, 8764.99496634625 
1163, 8932.01446799295 
1164, 9074.32500958387 
1165, 9198.36050330118 
1166, 9298.21822594541 
1167, 9379.09279266941 
1168, 9442.92264818229 
1169, 9488.49768545824 
1170, 9514.64529146181 
1171, 9518.11838583615 
1172, 9512.51261113328 
1173, 9486.7940781583 
1174, 9454.86859231532 
1175, 9408.92340332038 
1176, 9358.63501229372 
1177, 9294.0511767613 
1178, 9230.85759502746 
1179, 9159.84176609298 
1180, 9091.92853064173 
1181, 9020.29380037017 
1182, 8950.25886819626 
1183, 8891.51083909591 
1184, 8831.35965529021 
1185, 8792.94437243 
1186, 8769.3382156051 
1187, 8752.17430519441 
1188, 8750.5876735284 
1189, 8750.46585068697 
1190, 8769.49725127275 
1191, 8769.11435043831 
1192, 8779.171580435 
1193, 8763.44112702811 
1194, 8731.78953434167 
1195, 8684.76677848002 
1196, 8612.15283618588 
1197, 8538.21226777173 
1198, 8462.78044426628 
1199, 8368.91783133297 
1200, 8297.43282726478 
1201, 8231.23088615012 
1202, 8173.30542745805 
1203, 8119.86478343908 
1204, 8080.52826915482 
1205, 8048.27107511179 
1206, 8030.16521778103 
1207, 8034.63478122067 
1208, 8033.08699308775 
1209, 8042.66585061429 
1210, 8047.56001030263 
1211, 8048.99619426 
1212, 8052.75413779836 
1213, 8057.45027470433 
1214, 8065.95742196349 
1215, 8065.90113525545 
1216, 8063.6426323005 
1217, 8060.15734924712 
1218, 8054.57247802015 
1219, 8041.85806126038 
1220, 8027.34958800668 
1221, 8008.07162697348 
1222, 7974.48081287804 
1223, 7950.99385523534 
1224, 7926.90790563968 
1225, 7909.12196354122 
1226, 7897.35633195185 
1227, 7886.52920865347 
1228, 7885.13326306609 
1229, 7877.06429672575 
1230, 7866.88965528617 
1231, 7857.08901568552 
1232, 7841.0888057071 
1233, 7819.32614019286 
1234, 7797.61338748904 
1235, 7774.08855539744 
1236, 7747.01191891814 
1237, 7716.44962242511 
1238, 7685.59632602395 
1239, 7651.65123110899 
1240, 7617.07878902299 
1241, 7581.50865460518 
1242, 7545.36940219427 
1243, 7509.14504313595 
1244, 7470.02628657557 
1245, 7428.80258824199 
1246, 7386.99492389453 
1247, 7345.48672086745 
1248, 7302.72288835312 
1249, 7257.44911861217 
1250, 7218.32281255452 
1251, 7161.3509169447 
1252, 7096.61847020577 
1253, 7024.45776297069 
1254, 6942.70489718201 
1255, 6852.99992154891 
1256, 6759.34665424799 
1257, 6651.91353812625 
1258, 6527.30448701094 
1259, 6403.38392633804 
1260, 6266.52312439901 
1261, 6133.99555904327 
1262, 5993.51861624947 
1263, 5860.44237751008 
1264, 5749.74591083154 
1265, 5638.2255026385 
1266, 5568.18423446221 
1267, 5517.82358223099 
1268, 5508.28821478093 
1269, 5526.48253949514 
1270, 5581.1432687693 
1271, 5689.04412029592 
1272, 5792.95848405837 
1273, 5937.0428334191 
1274, 6060.61508446248 
1275, 6199.36638431844 
1276, 6311.63312832264 
1277, 6413.92388187359 
1278, 6501.96708051933 
1279, 6570.33509685055 
1280, 6628.84397098284 
1281, 6680.08187223115 
1282, 6734.82908895156 
1283, 6789.49417963361 
1284, 6842.0474924042 
1285, 6896.08390776162 
1286, 6956.60053863001 
1287, 7002.92257065306 
1288, 7045.61091088319 
1289, 7081.00887954881 
1290, 7108.78055592443 
1291, 7129.01496859299 
1292, 7144.53653857045 
1293, 7151.57032252585 
1294, 7142.77200781772 
1295, 7138.44220805031 
1296, 7135.07643559993 
1297, 7123.84655550162 
1298, 7106.88664659367 
1299, 7090.36925207413 
1300, 7073.15729263822 
1301, 7044.71629863236 
1302, 7020.02844342897 
1303, 6998.71190256444 
1304, 6971.9218816499 
1305, 6940.69201030562 
1306, 6908.08295054206 
1307, 6873.94414915072 
1308, 6837.06642326223 
1309, 6794.22873105081 
1310, 6755.06021521852 
1311, 6716.54320902078 
1312, 6676.87359888587 
1313, 6637.17385052822 
1314, 6598.4391317877 
1315, 6554.42488639715 
1316, 6519.0868229028 
1317, 6488.39828050701 
1318, 6460.75407555796 
1319, 6438.45192425837 
1320, 6417.09319007221 
1321, 6392.04736638507 
1322, 6356.3633145581 
1323, 6307.80143146341 
1324, 6254.04563746487 
1325, 6177.8662997608 
1326, 6080.53586775183 
1327, 5980.62031349661 
1328, 5858.03904630502 
1329, 5747.22892199714 
1330, 5621.72534271888 
1331, 5525.31540717415 
1332, 5432.69084013668 
1333, 5365.57397000465 
1334, 5330.81506987695 
1335, 5295.96859530469 
1336, 5282.64051794402 
1337, 5267.62162646972 
1338, 5247.05056733767 
1339, 5197.42129965784 
1340, 5114.76472289092 
1341, 4998.24333667768 
1342, 4831.18067634934 
1343, 4620.88518195553 
1344, 4373.51378271944 
1345, 4072.52244405402 
1346, 3755.00305254496 
1347, 3387.71418171956 
1348, 3033.36788758933 
1349, 2641.62816647663 
1350, 2290.44405645082 
1351, 1933.77417078391 
1352, 1621.10192498651 
1353, 1326.21013674261 
1354, 1072.31815429809 
1355, 856.304563468528 
1356, 667.921917153203 
1357, 510.132785197385 
1358, 391.304919915251 
1359, 294.808158213496 
1360, 221.340807230591 
1361, 176.317642114368 
1362, 145.818747072979 
1363, 123.966143401383 
1364, 112.708148945121 
1365, 101.792267967621 
1366, 95.0123838456609 
1367, 91.7972152308376 
1368, 92.0915788901001 
1369, 99.7496727331478 
1370, 114.54144639323 
1371, 129.121379045827 
1372, 151.250749049623 
1373, 170.690896052701 
1374, 192.702401088779 
1375, 208.619531283277 
1376, 228.335646036192 
1377, 236.221067031591 
1378, 233.229847429985 
1379, 229.515432962119 
1380, 222.387457868402 
1381, 208.919032910098 
1382, 199.213646548913 
1383, 195.790453025525 
1384, 201.570859398888 
1385, 220.087450074638 
1386, 245.530040266273 
1387, 274.638023540903 
1388, 298.015055402262 
1389, 321.892447429812 
1390, 339.994874708609 
1391, 354.056581699682 
1392, 366.782537455364 
1393, 377.014431410136 
1394, 382.910345059123 
1395, 382.308266967442 
1396, 386.513103556504 
1397, 386.063852506018 
1398, 393.394186109826 
1399, 406.339259616366 
1400, 421.321979766245 
1401, 443.424832263046 
1402, 461.033408023319 
1403, 477.277199719914 
1404, 496.236243306522 
1405, 512.867887110008 
1406, 531.372443351983 
1407, 562.682000198079 
1408, 595.096926182242 
1409, 629.301395774068 
1410, 670.319763634798 
1411, 709.720353828423 
1412, 750.551077007617 
1413, 789.400041695551 
1414, 832.981229539986 
1415, 865.83523193807 
1416, 892.60165790423 
1417, 917.866879728602 
1418, 938.604680523887 
1419, 956.510140955375 
1420, 972.991177723957 
1421, 984.362478726512 
1422, 991.720918492754 
1423, 993.530729247927 
1424, 991.620969380513 
1425, 984.776933974235 
1426, 973.425371093026 
1427, 955.644695580206 
1428, 935.635667248294 
1429, 903.98722367133 
1430, 861.436725117036 
1431, 816.900786337877 
1432, 767.727212929046 
1433, 718.598187466452 
1434, 678.496836037685 
1435, 643.934210884286 
1436, 614.625080161107 
1437, 589.794730843546 
1438, 567.003158160431 
1439, 549.910824290688 
1440, 530.081163914643 
1441, 513.53880094542 
1442, 493.118233570733 
1443, 467.877754640334 
1444, 447.853865803977 
1445, 426.45818821373 
1446, 410.487861024817 
1447, 401.896263210767 
1448, 390.452460755916 
1449, 380.843437496909 
1450, 369.191511939243 
1451, 355.029588119184 
1452, 343.171621253014 
1453, 332.094235226834 
1454, 320.850175470103 
1455, 312.268191407873 
1456, 300.72769561757 
1457, 284.933390684587 
1458, 274.067079003369 
1459, 262.401680377638 
1460, 247.986781127372 
1461, 233.66922416307 
1462, 217.609438363078 
1463, 197.668482554714 
1464, 178.149062949688 
1465, 160.668645995054 
1466, 141.840043987097 
1467, 129.200205577636 
1468, 119.662788686987 
1469, 112.787196725061 
1470, 112.855521008653 
1471, 108.017395569611 
1472, 103.205994058363 
1473, 97.9139611900531 
1474, 88.7289069273665 
1475, 84.3658839724886 
1476, 83.4261435106763 
1477, 81.0588645370801 
1478, 81.2406192681242 
1479, 79.2850140083336 
1480, 73.5147311682537 
1481, 72.0511202791931 
1482, 72.4730992234107 
1483, 72.9147132538459 
1484, 76.8418209047949 
1485, 78.3191018554133 
1486, 79.3743814419949 
1487, 77.8761639051292 
1488, 75.1587616197991 
1489, 75.9127310061034 
1490, 74.5071577948338 
1491, 75.5429332160881 
1492, 82.3277188018768 
1493, 84.3310545004867 
1494, 87.5604225568945 
1495, 93.4414345857048 
1496, 99.4261384397847 
1497, 103.567766742219 
1498, 102.42062717843 
1499, 97.1574380180702 
1500, 95.6408017464586 
1501, 90.5842873141592 
1502, 87.9350001072844 
1503, 89.4243773756139 
1504, 90.4922407164131 
1505, 87.5929300011836 
1506, 89.2194152177517 
1507, 97.1747820600294 
1508, 99.7688981302094 
1509, 102.946964924424 
1510, 103.995839555923 
1511, 101.151515657804 
1512, 100.341119061502 
1513, 97.501704805267 
1514, 97.1783862828016 
1515, 98.1657141878751 
1516, 100.992502526769 
1517, 109.741452883333 
1518, 111.566999584249 
1519, 109.558933283546 
1520, 108.981245430882 
1521, 104.048379581351 
1522, 101.393725601485 
1523, 101.940156686496 
1524, 109.875105267403 
1525, 115.848457653254 
1526, 118.404979094661 
1527, 122.268093954079 
1528, 120.901741738822 
1529, 119.871320695971 
1530, 123.377141712518 
1531, 128.458098211277 
1532, 136.536700463582 
1533, 139.263631782905 
1534, 137.481475973307 
1535, 137.869867230369 
1536, 133.051268841333 
1537, 133.615594126759 
1538, 138.39050307309 
1539, 142.792747365957 
1540, 149.784260765107 
1541, 152.459388968049 
1542, 155.356100386792 
1543, 155.264587804965 
1544, 148.348777582907 
1545, 147.68763763606 
1546, 149.933447131656 
1547, 150.515900967644 
1548, 150.485082307079 
1549, 154.045843895547 
1550, 159.226528905171 
1551, 164.037242808326 
1552, 173.958330205914 
1553, 179.493081358634 
1554, 180.254433287735 
1555, 182.876021211552 
1556, 184.933660200341 
1557, 187.806756735836 
1558, 194.324463088603 
1559, 196.989726155396 
1560, 195.339095020501 
1561, 197.425889725188 
1562, 201.678126237031 
1563, 200.672419699111 
1564, 197.249479711149 
1565, 197.118417061896 
1566, 192.166943415105 
1567, 192.423291157881 
1568, 199.474522546068 
1569, 207.338235284411 
1570, 212.85465518847 
1571, 212.969663940402 
1572, 207.639811418422 
1573, 203.004336369461 
1574, 201.349851262502 
1575, 203.256096154245 
1576, 211.221080248371 
1577, 225.230205172181 
1578, 238.980093751752 
1579, 249.202204651645 
1580, 257.954240902808 
1581, 263.779091393916 
1582, 272.407726379943 
1583, 281.271815599131 
1584, 288.313885435121 
1585, 297.192692445897 
1586, 301.773644879176 
1587, 301.848740843685 
1588, 304.5216961635 
1589, 305.449225677745 
1590, 310.302447776144 
1591, 318.186824157868 
1592, 323.186327847156 
1593, 331.072488518279 
1594, 334.124227196006 
1595, 331.792867590484 
1596, 332.160776422419 
1597, 330.63860092109 
1598, 331.666937138501 
1599, 337.036253263988 
1600, 337.59677308282 
1601, 337.125770429884 
1602, 335.522744668749 
1603, 326.853469609156 
1604, 327.139771392815 
1605, 332.497125912526 
1606, 336.580732880837 
1607, 345.92712691283 
1608, 350.592782848633 
1609, 351.265629281263 
1610, 354.126369139764 
1611, 357.096073957817 
1612, 360.77868516749 
1613, 365.916565661714 
1614, 370.252420690532 
1615, 373.440840912188 
1616, 377.825053524656 
1617, 383.165212837237 
1618, 387.255087739623 
1619, 392.319141350208 
1620, 395.903901430522 
1621, 396.884021316262 
1622, 399.736229139172 
1623, 401.564752216932 
1624, 405.92690068434 
1625, 415.253488375042 
1626, 419.777780564395 
1627, 424.649627633298 
1628, 426.512200429142 
1629, 420.514066298743 
1630, 419.719690711527 
1631, 421.043464374842 
1632, 422.026601233956 
1633, 428.808452762347 
1634, 429.259219228206 
1635, 421.884183563007 
1636, 419.657464810567 
1637, 415.896273845974 
1638, 414.910544074712 
1639, 422.622277337209 
1640, 424.382089720094 
1641, 422.05943600254 
1642, 421.044630398966 
1643, 416.089576447138 
1644, 414.378307145821 
1645, 415.081144648168 
1646, 417.011317197222 
1647, 420.077924362541 
1648, 425.012171118474 
1649, 434.805711855809 
1650, 441.158830848312 
1651, 446.758074472301 
1652, 452.289940185257 
1653, 456.557166424512 
1654, 458.325273784249 
1655, 460.292593555752 
1656, 463.364238038078 
1657, 462.236852898366 
1658, 456.899928193291 
1659, 456.971792189441 
1660, 457.300708165446 
1661, 457.853220504043 
1662, 460.331816046348 
1663, 464.505498671818 
1664, 469.157666354298 
1665, 471.808373717988 
1666, 477.326102922073 
1667, 479.105159743151 
1668, 475.049409533864 
1669, 478.431131197243 
1670, 485.28936321665 
1671, 489.588334991847 
1672, 495.929061574728 
1673, 499.59374320233 
1674, 499.970925498233 
1675, 504.478341525358 
1676, 511.314207832066 
1677, 514.633668825598 
1678, 517.817555916551 
1679, 521.522102867223 
1680, 523.705691240513 
1681, 525.147939333275 
1682, 528.275766686865 
1683, 528.527778954426 
1684, 524.212387158819 
1685, 524.383257079459 
1686, 525.734841608844 
1687, 528.376997212296 
1688, 533.463073190232 
1689, 537.278408499169 
1690, 542.180495469091 
1691, 543.991213120618 
1692, 543.499300323704 
1693, 544.736659274084 
1694, 545.132709804209 
1695, 546.896927021586 
1696, 550.773240626406 
1697, 551.947264652583 
1698, 551.344837337167 
1699, 554.081272130657 
1700, 556.966840802846 
1701, 560.31312941075 
1702, 566.959342154163 
1703, 568.708786988716 
1704, 567.920093941876 
1705, 568.357617748081 
1706, 566.285304546867 
1707, 568.150221937751 
1708, 573.051597352874 
1709, 574.377819563182 
1710, 576.470092496837 
1711, 576.963345341352 
1712, 572.723485360495 
1713, 576.135267860881 
1714, 584.512056074771 
1715, 586.811507905245 
1716, 588.396893581262 
1717, 582.693224418279 
1718, 578.171772963263 
1719, 578.221140794244 
1720, 579.878369463578 
1721, 587.154665975535 
1722, 591.119569166238 
1723, 593.370043533363 
1724, 593.87063404822 
1725, 585.907651152953 
1726, 578.040927380768 
1727, 571.274567240377 
1728, 571.587729816767 
1729, 576.64617699911 
1730, 585.066573521487 
1731, 596.105097781576 
1732, 595.553135953842 
1733, 589.879315897944 
1734, 585.524744659157 
1735, 580.563361999865 
1736, 578.305591471085 
1737, 583.604172173583 
1738, 584.605931640422 
1739, 575.005715857305 
1740, 566.785869558362 
1741, 559.477841053949 
1742, 555.515159961811 
1743, 557.244137287599 
1744, 561.758379063932 
1745, 567.363150651951 
1746, 569.666776363549 
1747, 571.629311546896 
1748, 573.573507470407 
1749, 572.85615433401 
1750, 570.756597517187 
1751, 572.146524290752 
1752, 574.277664494425 
1753, 572.290000823572 
1754, 573.12239496145 
1755, 573.439739770045 
1756, 572.041868809196 
1757, 570.21690670112 
1758, 569.268377524221 
1759, 568.238977812988 
1760, 564.171749160501 
1761, 564.082407276007 
1762, 562.272849976299 
1763, 563.14355188543 
1764, 561.991025658158 
1765, 560.982634317536 
1766, 557.88674709959 
1767, 550.488154548639 
1768, 544.759491997424 
1769, 539.310865868236 
1770, 534.929438463629 
1771, 532.694327973054 
1772, 528.076820392031 
1773, 522.810559513143 
1774, 515.41814230195 
1775, 503.988919077652 
1776, 496.543716106465 
1777, 488.062695449556 
1778, 484.184246814493 
1779, 487.407115421229 
1780, 484.09569320037 
1781, 479.695339822001 
1782, 477.112488151907 
1783, 471.662651157987 
1784, 467.341057073149 
1785, 466.558546786665 
1786, 462.484747522618 
1787, 455.307936039497 
1788, 448.639804133378 
1789, 442.386480207731 
1790, 434.34607088162 
1791, 426.945597284903 
1792, 416.25604441205 
1793, 402.042674044087 
1794, 389.361122927973 
1795, 375.510433897628 
1796, 363.618562334264 
1797, 347.831433864621 
1798, 327.27221355529 
1799, 305.51680570011 
1800, 281.504771608338 
1801, 1633.7166480092 
1802, 1560.50435850962 
1803, 1504.01270016801 
1804, 1470.93556744662 
1805, 1437.24016635569 
1806, 1406.98243913041 
1807, 1386.22650833569 
1808, 1344.038292825 
1809, 1295.6814379313 
1810, 1235.81951456395 
1811, 1149.94898926563 
1812, 1079.53123685572 
1813, 1004.03904225759 
1814, 940.645290099039 
1815, 881.368376013558 
1816, 826.624311668751 
1817, 773.020768556803 
1818, 726.957505678355 
1819, 691.434315500101 
1820, 670.120134509751 
1821, 644.661717638048 
1822, 629.515611027812 
1823, 613.93981552569 
1824, 574.402615315563 
1825, 539.504775431059 
1826, 498.805958027665 
1827, 425.448992146031 
1828, 369.703456338303 
1829, 303.409206078925 
1830, 257.075894182071 
1831, 216.708632775046 
1832, 205.365901591729 
1833, 159.583465501843 
1834, 132.845791080693 
1835, 118.312091305909 
1836, 76.5528994564322 
1837, 66.741277673942 
1838, 64.0205879420294 
1839, 55.0555106243611 
1840, 40.116785795055 
1841, 38.1935910238841 
1842, 49.5544248619749 
1843, 36.104671055778 
1844, 37.7731834577555 
1845, 32.5648733241581 
1846, 15.2226598928815 
1847, 31.2103119902787 
1848, 45.8373880129662 
1849, 44.7777179844609 
1850, 45.6310212959693 
1851, 45.3517154659438 
1852, 40.6098795958209 
1853, 39.7423154544291 
1854, 41.2303156792926 
1855, 54.9837250051525 
1856, 76.6760454480899 
1857, 88.1701924427919 
1858, 103.858440017639 
1859, 115.936031008348 
1860, 123.866681043257 
1861, 125.913689701705 
1862, 140.098703557406 
1863, 147.667446397016 
1864, 143.056810059313 
1865, 124.776219608176 
1866, 102.513069682845 
1867, 77.5111036083462 
1868, 49.5077013527355 
1869, 46.5003225747241 
1870, 34.3622660632687 
1871, 17.2979336030342 
1872,-1.7125901218507 
1873, 5.93107746403952 
1874,-6.63926661859652 
1875,-7.14993763521626 
1876, 25.5133385090894 
1877, 41.6621173070218 
1878, 62.0010865919002 
1879, 85.2433025934705 
1880, 94.4621556214595 
1881, 85.5276811491335 
1882, 83.9581521873999 
1883, 85.6047440086852 
1884, 92.5605466951517 
1885, 104.136899927551 
1886, 107.345568837357 
1887, 116.141439000525 
1888, 110.875568182558 
1889, 81.4351092205542 
1890, 66.6539423746848 
1891, 57.9129599674208 
1892, 43.7574452135196 
1893, 36.9609305138468 
1894, 59.703475442745 
1895, 57.9720359176033 
1896, 67.5765319719695 
1897, 84.3234005105581 
1898, 82.9529464268773 
1899, 93.5780593281465 
1900, 90.4845200963122 
1901, 69.9009256454322 
1902, 52.4262322351096 
1903, 25.2870780918548 
1904, 16.477920310316 
1905, 7.4912337177797 
1906,-15.7182825951785 
1907,-10.616591383772 
1908,-23.9910392154458 
1909,-33.0292071551481 
1910,-11.4328243131409 
1911,-1.41858880177189 
1912, 18.0977301223071 
1913, 31.8623662105134 
1914, 46.6378847824499 
1915, 41.1542993883132 
1916, 50.9932545207111 
1917, 36.379812597168 
1918, 22.7165417053497 
1919, 18.187123203009 
1920, 7.69524748103757 
1921, 8.10627512584531 
1922, 11.5643058193735 
1923, 26.6058352793012 
1924, 30.8848472538913 
1925, 34.9553880409784 
1926, 38.1309259862381 
1927, 32.9410312179473 
1928, 27.8422668618717 
1929, 24.002002802617 
1930, 16.7236151949505 
1931, 10.7790301709368 
1932, 10.7480510456824 
1933, 3.0977109286677 
1934,-13.0584477044149 
1935,-18.9007960860204 
1936,-24.617136890842 
1937,-29.0990212442131 
1938,-23.6612072721056 
1939,-5.14988042019242 
1940, 8.10873822055063 
1941, 15.083807046833 
1942, 11.4818681256607 
1943, 5.41409957409619 
1944, 8.69949188803488 
1945, 11.704576125101 
1946, 10.5305399289957 
1947, 26.1362417264526 
1948, 24.0681271019154 
1949,-4.30106877586204 
1950,-9.04151365818125 
1951,-4.06603927344135 
1952,-6.90651735746335 
1953, 8.77374080656139 
1954, 28.7524123721617 
1955, 35.9487684783246 
1956, 26.5561654853951 
1957, 33.3714501063853 
1958, 47.2829965751019 
1959, 54.5998784133622 
1960, 62.7155680128438 
1961, 84.4803926966405 
1962, 79.3397219766892 
1963, 64.6602865874099 
1964, 59.2815840628713 
1965, 49.4013810316977 
1966, 36.5094198130207 
1967, 17.4591563809906 
1968, 3.67451526952057 
1969,-13.4629855102972 
1970,-21.0344991890349 
1971,-19.2927768703972 
1972,-12.3485561850343 
1973, 5.27617673002306 
1974, 6.29771287015947 
1975, 22.1212454632899 
1976, 37.0182064763858 
1977, 47.2252564235474 
1978, 52.8519571217158 
1979, 49.9030450579845 
1980, 30.470906364399 
1981, 25.3835543073719 
1982, 22.29673279547 
1983, 17.4526854048282 
1984, 21.2902930517713 
1985, 17.1313831134013 
1986, 2.39529133341159 
1987,-10.9438642259664 
1988,-11.5494952912392 
1989,-9.90831075225831 
1990,-4.63452932912499 
1991, 14.4091019878533 
1992, 21.0102033394419 
1993, 20.2156049502076 
1994, 27.2417176628502 
1995, 42.9362941451487 
1996, 46.0618436668498 
1997, 50.8183569349684 
1998, 43.0518780860283 
1999, 30.2698288288371 
2000, 4.3547530345355 
2001,-20.1852565326526 
2002,-17.4965240895253 
2003,-16.0589145280525 
2004,-9.59173448090814 
2005, 4.71751829054408 
2006, 36.7210530347596 
2007, 51.6589250419297 
2008, 81.3751466087045 
2009, 83.0903856175756 
2010, 55.3088941054832 
2011, 36.8737248003258 
2012, 26.5614899754983 
2013,-6.9796642427875 
2014,-9.73347750606039 
2015, 18.898086150102 
2016, 17.7249252613497 
2017, 9.89910654700292 
2018, 12.3739197077942 
2019, 6.25588387671142 
2020, 6.01671809044624 
2021, 28.6046905197499 
2022, 26.9170310183415 
2023, 11.9348714198881 
2024,-8.0454960135542 
2025,-24.4273300054993 
2026,-49.2371160873501 
2027,-50.2817127236366 
2028,-34.6844889298402 
2029,-21.5118163650389 
2030, 14.0448402816386 
2031, 22.3126693330445 
2032, 16.2917210486924 
2033, 16.7975666906963 
2034, 0.707570228150057 
2035,-0.97180234659743 
2036, 13.3179458878143 
2037, 21.0506736037481 
2038, 37.8599657184554 
2039, 34.5326587786681 
2040, 36.8677969861948 
2041, 37.0566885184441 
2042, 39.8363072487843 
2043, 38.9125888386682 
2044, 45.2400473641647 
2045, 58.6489397958933 
2046, 66.6622940031515 
2047, 80.2995943800845 
2048, 82.6073455382131 
2049, 79.1121636140189 
2050, 70.0493979491646 
2051, 41.2264557960503 
2052, 30.249587420214 
2053, 26.3738829571435 
2054, 25.7106737371172 
2055, 27.9097913140738 
2056, 49.214795643584 
2057, 48.533038092542 
2058, 31.734040090976 
2059, 27.7992997122353 
2060, 18.4981247821753 
2061, 18.1872794407025 
2062, 34.4844781158331 
2063, 41.1277168539185 
2064, 46.0941438479711 
2065, 49.551544075248 
2066, 50.4447396442663 
2067, 49.8967910625584 
2068, 43.3966368054759 
2069, 32.7263574392257 
2070, 23.6122437855649 
2071,-7.40953940126756E-02 
2072, 1.44860897743319 
2073, 19.9480480039863 
2074, 28.5270596024431 
2075, 50.2842071322121 
2076, 59.5624630049965 
2077, 62.0660929892937 
2078, 60.1445230493306 
2079, 48.5017460753249 
2080, 43.4320832283549 
2081, 42.0040841402725 
2082, 21.8852217763194 
2083, 21.5913691091259 
2084, 35.5654425466863 
2085, 37.49531302593 
2086, 35.7670635059937 
2087, 44.2725585214217 
2088, 52.937887797715 
2089, 62.5285282989807 
2090, 84.7411516543616 
2091, 97.4305460777561 
2092, 110.836145194134 
2093, 111.179802514587 
2094, 95.542189302426 
2095, 90.6961503985988 
2096, 78.2192439885964 
2097, 70.9492290955368 
2098, 70.6658938280978 
2099, 81.4690747930145 
2100, 91.1251065717761 
2101, 102.876194485189 
2102, 115.456258822282 
2103, 141.400814633196 
2104, 151.238282032747 
2105, 153.231678081389 
2106, 153.293033774154 
2107, 142.228001207464 
2108, 136.652348053508 
2109, 129.785180542153 
2110, 125.458906675748 
2111, 125.015525695979 
2112, 118.57185637342 
2113, 117.822252487445 
2114, 139.118561248673 
2115, 158.371369129733 
2116, 192.091718965028 
2117, 214.131890904117 
2118, 240.657941533439 
2119, 251.722826939853 
2120, 254.860242587559 
2121, 254.033577415891 
2122, 226.530919620886 
2123, 232.475548215729 
2124, 259.610902683084 
2125, 272.096052797634 
2126, 310.1377171896 
2127, 319.641446501885 
2128, 299.894232826422 
2129, 275.20795587568 
2130, 274.427682971599 
2131, 267.860020045619 
2132, 287.33615791746 
2133, 339.745025711668 
2134, 369.137108876619 
2135, 407.73880026767 
2136, 426.433017032441 
2137, 435.493280238845 
2138, 434.828369434767 
2139, 403.548782237323 
2140, 403.835391728144 
2141, 412.543621208212 
2142, 419.692992584571 
2143, 455.12589288123 
2144, 469.331575133591 
2145, 466.08978134653 
2146, 460.056763418077 
2147, 472.935546483009 
2148, 472.174865797068 
2149, 481.87932698331 
2150, 508.381506977367 
2151, 512.648552570029 
2152, 502.871950813359 
2153, 505.905821044447 
2154, 496.69269507626 
2155, 508.714740885906 
2156, 546.834340758856 
2157, 563.324313387244 
2158, 579.380825535887 
2159, 593.896259585574 
2160, 601.207487993561 
2161, 603.778114114502 
2162, 599.694459659501 
2163, 603.951620473825 
2164, 597.605921877399 
2165, 606.554751874781 
2166, 616.970694100206 
2167, 644.872480724989 
2168, 652.252252857026 
2169, 645.620194575987 
2170, 657.197427699958 
2171, 669.685050285455 
2172, 683.06772035163 
2173, 714.729004402938 
2174, 731.516885439198 
2175, 738.162526925168 
2176, 746.460129968886 
2177, 746.521568940948 
2178, 753.050378366205 
2179, 761.146119227603 
2180, 771.375950700639 
2181, 786.152662955137 
2182, 804.023087499178 
2183, 831.482857467313 
2184, 841.619600013926 
2185, 865.682884185099 
2186, 890.865768149319 
2187, 903.100902311893 
2188, 904.461724086305 
2189, 917.856447407085 
2190, 928.796570694974 
2191, 941.124117600952 
2192, 962.826400565884 
2193, 977.815599127607 
2194, 986.246530030178 
2195, 995.951237394382 
2196, 1017.25485183046 
2197, 1017.17870029942 
2198, 998.406809314154 
2199, 988.060451867816 
2200, 958.914843624178 
2201, 950.618778910838 
2202, 950.883297352917 
2203, 964.939002751461 
2204, 1001.18497416758 
2205, 1031.5373308997 
2206, 1062.55400215783 
2207, 1103.38117670199 
2208, 1123.86593803032 
2209, 1124.20922799548 
2210, 1145.05686902923 
2211, 1166.43650872005 
2212, 1188.45941696498 
2213, 1230.85359338553 
2214, 1243.71142925501 
2215, 1242.11370550322 
2216, 1237.09690197779 
2217, 1202.47977934829 
2218, 1198.60459064829 
2219, 1207.44674821247 
2220, 1214.58346712948 
2221, 1243.43702225847 
2222, 1255.4524606323 
2223, 1249.77727485808 
2224, 1255.66026114348 
2225, 1269.10020987709 
2226, 1273.51234322846 
2227, 1277.70301574492 
2228, 1284.85896265102 
2229, 1275.87530243636 
2230, 1249.95687715007 
2231, 1238.64928796433 
2232, 1223.666683997 
2233, 1219.21332155529 
2234, 1220.36638206377 
2235, 1231.05643341073 
2236, 1253.55633190522 
2237, 1269.52901585103 
2238, 1295.2009433415 
2239, 1310.76734010544 
2240, 1320.40575030284 
2241, 1323.9701284209 
2242, 1330.80920973107 
2243, 1319.12575340939 
2244, 1287.39143550905 
2245, 1267.53324158982 
2246, 1227.47907046253 
2247, 1212.87596715218 
2248, 1227.28877033275 
2249, 1222.69876187626 
2250, 1225.70438437971 
2251, 1219.36849556833 
2252, 1197.24415092968 
2253, 1170.8857238124 
2254, 1161.63930261027 
2255, 1155.74679464275 
2256, 1159.88119030314 
2257, 1169.78318415687 
2258, 1147.47193980065 
2259, 1100.53554275464 
2260, 1077.95166058307 
2261, 1042.41497175181 
2262, 1020.96748744914 
2263, 1025.54144822001 
2264, 1015.73534539085 
2265, 989.264040637315 
2266, 982.795501005876 
2267, 1001.48399426579 
2268, 988.806129686311 
2269, 966.818623187508 
2270, 947.527398922671 
2271, 902.456504538232 
2272, 879.849757446944 
2273, 878.638293064149 
2274, 864.292682821633 
2275, 849.146754157394 
2276, 835.098047577643 
2277, 812.780215582754 
2278, 801.585692174172 
2279, 805.469167699596 
2280, 795.528323422789 
2281, 777.884020641052 
2282, 771.372134644185 
2283, 752.030245384375 
2284, 716.331354616434 
2285, 716.895546290366 
2286, 709.529803282866 
2287, 695.509628006194 
2288, 700.060784002117 
2289, 682.229027101323 
2290, 647.56902418355 
2291, 618.546325684769 
2292, 580.559250566683 
2293, 557.949936656343 
2294, 538.515418840421 
2295, 522.179725571325 
2296, 519.7097769813 
2297, 507.049223348072 
2298, 486.463667094065 
2299, 475.949219466753 
2300, 466.944946105636 
2301, 460.26147882412 
2302, 464.217937062673 
2303, 460.270552585939 
2304, 450.612441055316 
2305, 445.523328025164 
2306, 442.163237504772 
2307, 434.474895585881 
2308, 437.543275598362 
2309, 422.127717723795 
2310, 383.240630552393 
2311, 360.389633220794 
2312, 329.600481208715 
2313, 310.52437157711 
2314, 305.128510603262 
2315, 307.500693771561 
2316, 302.154590864155 
2317, 284.503395013839 
2318, 262.96068239537 
2319, 246.682933184441 
2320, 239.477323091778 
2321, 233.349796163515 
2322, 240.77619804971 
2323, 249.907253774835 
2324, 241.186299162478 
2325, 247.707255830052 
2326, 261.623631575404 
2327, 257.436332259444 
2328, 250.673981463886 
2329, 241.135182710378 
2330, 236.609287632451 
2331, 223.013336440299 
2332, 215.002675180486 
2333, 219.694803605363 
2334, 219.69953604518 
2335, 210.569008259424 
2336, 209.284144550406 
2337, 218.023832978903 
2338, 216.781997112264 
2339, 217.052732495382 
2340, 205.334489184158 
2341, 173.727629635356 
2342, 167.738834280063 
2343, 165.348848422097 
2344, 164.481006133754 
2345, 192.680065951429 
2346, 192.518735547724 
2347, 172.711404112476 
2348, 157.465992423779 
2349, 131.960885568747 
2350, 110.1974208436 
2351, 83.9134603581746 
2352, 72.2626491256747 
2353, 66.9650817950023 
2354, 64.4716925942288 
2355, 76.1596041401828 
2356, 78.959103026863 
2357, 73.6077627243368 
2358, 76.8604112305623 
2359, 81.0774433777949 
2360, 92.4114619956234 
2361, 123.551686014238 
2362, 137.601022942446 
2363, 146.822709997908 
2364, 151.929543297505 
2365, 152.84765341057 
2366, 142.567141419286 
2367, 147.403604475855 
2368, 152.591176464597 
2369, 122.718969028816 
2370, 103.172649864265 
2371, 99.5157871444903 
2372, 61.3967025173103 
2373, 53.7813649505277 
2374, 68.9019066608187 
2375, 55.4681460899548 
2376, 54.5909066694131 
2377, 63.9581930124191 
2378, 56.2509713820929 
2379, 50.0191072195919 
2380, 51.7863967017982 
2381, 43.2008398499196 
2382, 40.6955791546118 
2383, 39.5610102738641 
2384, 43.9607367475646 
2385, 71.9960916855145 
2386, 66.7551920129506 
2387, 65.8004554150469 
2388, 84.1391460714826 
2389, 60.3908251265374 
2390, 57.9843446976059 
2391, 53.0092737423445 
2392, 35.3549882467773 
2393, 43.370276134981 
2394, 45.2497858648857 
2395, 64.8452827737469 
2396, 81.2900284934 
2397, 77.6914560589401 
2398, 76.7064530840238 
2399, 67.5048106987072 
2400, 48.4958749407276 
2401, 49.0123456423128 
2402, 64.5608950194295 
2403, 64.1828505644215 
2404, 64.1487993962541 
2405, 62.1317548738778 
2406, 50.7324432829894 
2407, 44.6456432082442 
2408, 34.7719719013516 
2409, 47.1344568860916 
2410, 72.9934397211911 
2411, 84.3590793068735 
2412, 113.379907790991 
2413, 107.122321823155 
2414, 72.121488993106 
2415, 53.2914418984984 
2416, 19.2149171139866 
2417, 17.9795244220405 
2418, 40.0752935615622 
2419, 39.0956356054005 
2420, 48.4385553697521 
2421, 47.5103162953676 
2422, 21.9415010639341 
2423, 16.793518646502 
2424, 20.936893618443 
2425, 23.8987489443964 
2426, 32.7690695611513 
2427, 38.3863069656638 
2428, 51.1127691886591 
2429, 48.3443324144924 
2430, 38.3590997475141 
2431, 23.8531410928563 
2432,-8.43452042228608 
2433,-19.6989011524418 
2434,-26.2834308334404 
2435,-29.0847239620105 
2436,-16.5822831349338 
2437,-11.8221255976336 
2438,-14.0416569650379 
2439,-9.01150852205152 
2440, 6.86999458930508 
2441, 3.94650214346797 
2442,-8.49262595891181 
2443,-12.1957469519291 
2444,-25.3348197459195 
2445,-21.51378353537 
2446,-4.14951925930388 
2447, 3.96292859957396 
2448,-8.46113905976665 
2449,-7.22866109815388E-02 
2450, 5.55110546342113 
2451, 7.69731928196156 
2452, 29.7065575624676 
2453, 27.3123015768283 
2454, 17.4532873327635 
2455, 10.1195811268468 
2456, 7.55257042079235 
2457, 0.661850986924312 
2458,-9.67851772582346 
2459, 2.14738855602699 
2460,-4.94491829737038 
2461,-28.2141253779657 
2462,-36.0601202856193 
2463,-36.0778442560698 
2464,-18.3980220304208 
2465, 11.2826195357003 
2466, 36.2674558513767 
2467, 58.0159873745902 
2468, 49.2337906422729 
2469, 38.9258941055297 
2470, 38.3321946738596 
2471, 18.2064284949808 
2472, 15.7903961112011 
2473, 33.8605663554371 
2474, 39.433751976631 
2475, 33.9094252853096 
2476, 29.4108571887361 
2477, 21.4490102023154 
2478, 8.8661815010255 
2479,-0.376811493233586 
2480,-14.9190105148763 
2481,-43.2387668786478 
2482,-48.0012852985418 
2483,-40.8096135495818 
2484,-54.4314265862146 
2485,-58.636430597355 
2486,-58.5205669284085 
2487,-52.1427505674399 
2488,-29.2262645941934 
2489,-14.6160921107502 
2490,-9.38375932816194 
2491,-18.7618071129337 
2492,-23.6169390181855 
2493,-14.542376898032 
2494,-17.3269195823924 
2495,-16.9037221270909 
2496,-3.65719829900237 
2497, 19.9493980405427 
2498, 33.3986632733366 
2499, 69.1544770143828 
2500, 70.8336375647391 
