Wavelength,0212202100109.asd
350, 2553.15872403139 
351, 2684.91516065994 
352, 2808.45925731533 
353, 2911.18888220879 
354, 3011.74241812544 
355, 3116.31478451822 
356, 3225.8964766068 
357, 3337.04698285602 
358, 3450.47647720509 
359, 3570.03425089706 
360, 3703.13604467561 
361, 3865.51131591319 
362, 4053.13298431662 
363, 4257.26625442426 
364, 4466.59375665735 
365, 4678.22480029437 
366, 4879.42846634173 
367, 5055.28011623258 
368, 5190.76276010848 
369, 5270.68602019455 
370, 5299.19807659543 
371, 5291.69718086844 
372, 5267.89901506435 
373, 5256.967837535 
374, 5264.06006475291 
375, 5276.50920538716 
376, 5288.30159400971 
377, 5295.52638328285 
378, 5285.79132031511 
379, 5235.6553517893 
380, 5172.71806099353 
381, 5102.20064466209 
382, 5022.26665351949 
383, 4925.97856316941 
384, 4826.04161763569 
385, 4754.89271029702 
386, 4753.01119184366 
387, 4850.04370550063 
388, 4990.95291459044 
389, 5114.29006988832 
390, 5167.20420851881 
391, 5223.375039452 
392, 5281.20559079774 
393, 5330.22660084006 
394, 5364.78235076301 
395, 5471.81546709869 
396, 5688.77302229237 
397, 6028.1474580685 
398, 6502.07059828267 
399, 7043.71692846598 
400, 7601.47973872313 
401, 8143.13254010606 
402, 8659.19874648194 
403, 9085.77345529621 
404, 9394.1339156652 
405, 9630.65516111429 
406, 9816.64143458506 
407, 9982.78155504767 
408, 10165.6922806327 
409, 10417.0618520401 
410, 10716.0165975013 
411, 11045.3347384526 
412, 11391.5463967117 
413, 11733.9632023771 
414, 12073.4717486591 
415, 12402.2840485696 
416, 12690.6847897246 
417, 12960.6178477054 
418, 13237.0924103394 
419, 13529.4408038952 
420, 13780.8014312731 
421, 14035.3093845993 
422, 14313.5883940531 
423, 14611.3261427139 
424, 14886.4844026046 
425, 15105.137806355 
426, 15235.9117109745 
427, 15245.3622349629 
428, 15185.1889167973 
429, 15192.039451728 
430, 15376.6325205967 
431, 15648.2689973991 
432, 16007.2367525416 
433, 16535.7889545092 
434, 17340.5457317429 
435, 18200.1173286913 
436, 18858.847116893 
437, 19261.6406327961 
438, 19685.0107613162 
439, 20120.8446757172 
440, 20533.529323472 
441, 20907.8744394244 
442, 21388.6674402839 
443, 21897.3692247978 
444, 22366.4649260857 
445, 22748.353239514 
446, 23056.3203533769 
447, 23331.3798406183 
448, 23620.4271963017 
449, 23980.0822726301 
450, 24288.6234683695 
451, 24455.8374342312 
452, 24444.2964508928 
453, 24381.8139422786 
454, 24244.097421531 
455, 24066.5261712478 
456, 23939.3532560636 
457, 23908.9208374183 
458, 23915.58504376 
459, 23897.2341758522 
460, 23832.0213190362 
461, 23735.1000171999 
462, 23630.9607157988 
463, 23532.6135516837 
464, 23376.1082900471 
465, 23134.2048331466 
466, 22835.5829696974 
467, 22561.5770704276 
468, 22328.8294789485 
469, 22155.0097582243 
470, 22048.4391815172 
471, 22008.8044944386 
472, 21981.7698278709 
473, 21972.6158284271 
474, 22002.9105107549 
475, 21994.3205078891 
476, 21969.400837099 
477, 21954.467797566 
478, 21968.0724819214 
479, 22037.8138158455 
480, 22135.5092114496 
481, 22207.8556522344 
482, 22189.538667636 
483, 22026.5859406275 
484, 21682.6421719338 
485, 21163.7632964274 
486, 20659.335942633 
487, 20299.7679023221 
488, 20190.313400662 
489, 20423.4776469953 
490, 20798.0041282322 
491, 21108.159948772 
492, 21220.184165645 
493, 21261.7638470594 
494, 21319.0783556815 
495, 21435.352261173 
496, 21602.4204215182 
497, 21656.0696828102 
498, 21597.3609184457 
499, 21462.0518910308 
500, 21279.3774417646 
501, 21138.8226434231 
502, 21080.403725464 
503, 21123.5309825686 
504, 21318.0621017673 
505, 21591.206087142 
506, 21870.2827743427 
507, 22095.2268132659 
508, 22264.7470433084 
509, 22395.2479816976 
510, 22516.0864334684 
511, 22682.7173442402 
512, 22801.6577205398 
513, 22827.4198448618 
514, 22746.1692335863 
515, 22559.2201813353 
516, 22307.9755695612 
517, 22062.2920773741 
518, 21917.0341362293 
519, 22099.0433229639 
520, 22629.9524656309 
521, 23382.889324877 
522, 24014.2019911559 
523, 24483.774124892 
524, 24811.3613056603 
525, 25057.1233093972 
526, 25166.3069716998 
527, 25211.0165856307 
528, 25341.5054183976 
529, 25844.7289170607 
530, 26506.4664960267 
531, 27067.4484993152 
532, 27312.2510066077 
533, 27395.1996833765 
534, 27519.7695570647 
535, 27794.0329353392 
536, 28207.4418856133 
537, 28509.4380289889 
538, 28651.915390742 
539, 28670.2948297586 
540, 28658.5967628359 
541, 28681.1487604318 
542, 28825.2546735816 
543, 29158.8820743039 
544, 29544.5583345781 
545, 29882.737664511 
546, 30118.8099631757 
547, 30255.017848745 
548, 30342.924090768 
549, 30445.5847502679 
550, 30603.3585661114 
551, 30764.515349427 
552, 30890.9357057313 
553, 30985.5120690335 
554, 31082.4696830648 
555, 31156.6158634898 
556, 31130.4072504887 
557, 30960.7147559012 
558, 30677.6168593484 
559, 30433.9907267165 
560, 30321.7180399115 
561, 30374.921572486 
562, 30513.7000548037 
563, 30595.1089847911 
564, 30549.3961263582 
565, 30400.4184689608 
566, 30188.2364893393 
567, 29972.3980080251 
568, 29789.3588386022 
569, 29601.8601264231 
570, 29358.3885206143 
571, 29127.6645433516 
572, 29042.4056576801 
573, 29069.3151685794 
574, 29062.524166027 
575, 28930.2705816082 
576, 28689.322952528 
577, 28465.5780490286 
578, 28346.4279857389 
579, 28381.1160087231 
580, 28532.9762804743 
581, 28797.413585313 
582, 29117.6498880225 
583, 29389.5824550375 
584, 29564.6740326101 
585, 29566.3108852155 
586, 29383.2908051808 
587, 29154.8192254168 
588, 28866.2116115081 
589, 28473.90923701 
590, 27983.9470538091 
591, 27804.1376624308 
592, 27932.8079356242 
593, 28178.504906494 
594, 28169.9168623557 
595, 28030.8538249887 
596, 27832.3936944423 
597, 27624.0614722821 
598, 27398.4373246543 
599, 27121.5667271824 
600, 26816.0991557156 
601, 26544.7164376008 
602, 26336.965912756 
603, 26225.3367510474 
604, 26207.5911808387 
605, 26234.4504263222 
606, 26178.254565666 
607, 26032.3626095021 
608, 25844.7401884238 
609, 25661.9402415554 
610, 25488.4086388481 
611, 25331.4109332304 
612, 25200.3555261016 
613, 25060.0313206778 
614, 24896.0384835377 
615, 24718.4822807921 
616, 24578.794642257 
617, 24493.1789981756 
618, 24494.3347127442 
619, 24598.5927526222 
620, 24710.59649034 
621, 24724.7917610465 
622, 24605.2386592209 
623, 24402.2898508022 
624, 24170.6889668459 
625, 23949.590736003 
626, 23759.2222575399 
627, 23587.3109225785 
628, 23418.1905806936 
629, 23258.9209575783 
630, 23139.7427868659 
631, 23150.3113296585 
632, 23234.6509065215 
633, 23340.0079086741 
634, 23455.3055524314 
635, 23543.620470747 
636, 23605.1375915002 
637, 23649.2762385095 
638, 23665.8671275583 
639, 23632.4665140868 
640, 23531.5898125162 
641, 23359.8506848038 
642, 23224.147989084 
643, 23143.3350091268 
644, 23092.9219786511 
645, 22999.9755725617 
646, 22853.4739577912 
647, 22667.6497168191 
648, 22475.9287342268 
649, 22322.6709704472 
650, 22205.7241581056 
651, 22144.385363766 
652, 22173.9269248694 
653, 22129.3032705026 
654, 21888.4052107515 
655, 21427.9179977156 
656, 20893.7393291525 
657, 20505.1420318432 
658, 20505.6854645063 
659, 21024.6091107297 
660, 21560.9176938994 
661, 21872.4840442373 
662, 21938.6072932906 
663, 21969.6295133115 
664, 21950.5867552355 
665, 21917.5116877447 
666, 21901.798164472 
667, 21907.9886779131 
668, 21900.6421804641 
669, 21880.5259790197 
670, 21864.4959143583 
671, 21821.3941085089 
672, 21769.1530722925 
673, 21734.9017594986 
674, 21750.2331167706 
675, 21779.5334682603 
676, 21802.0228276488 
677, 21809.505083446 
678, 21820.668575812 
679, 21825.7831029036 
680, 21824.0575658951 
681, 21818.5591652697 
682, 21804.4083265667 
683, 21754.7990214104 
684, 21575.0087395607 
685, 21082.4034322943 
686, 20210.1842738403 
687, 19035.7201210731 
688, 17843.7346182082 
689, 17343.4874535352 
690, 17704.1904052756 
691, 18599.3415300819 
692, 19408.0693134363 
693, 20115.5531638118 
694, 20629.5862004574 
695, 20943.4340211263 
696, 21165.0414662146 
697, 21355.8226514372 
698, 21486.8882223073 
699, 21518.1995198767 
700, 21472.5610371169 
701, 21425.7207270964 
702, 21432.879947637 
703, 21527.6585146709 
704, 21712.5843101233 
705, 21928.5871668038 
706, 22116.2759976003 
707, 22228.6521681769 
708, 22320.6779756616 
709, 22404.2157387003 
710, 22479.9152761316 
711, 22553.2109476535 
712, 22606.3231383952 
713, 22629.443751124 
714, 22609.4526486758 
715, 22492.7593404613 
716, 22190.8781337529 
717, 21662.6900801043 
718, 20933.2391505907 
719, 20324.4822850707 
720, 20102.6170417676 
721, 20371.1086785256 
722, 20932.7474646941 
723, 21325.6059399718 
724, 21391.7223445687 
725, 21215.9914958738 
726, 21176.6700953338 
727, 21246.2025882708 
728, 21352.0014547048 
729, 21421.5948913267 
730, 21578.7673685921 
731, 21852.589997145 
732, 22225.7179185094 
733, 22639.2526542366 
734, 22998.0486244778 
735, 23233.1933457559 
736, 23316.0553347322 
737, 23311.6156560276 
738, 23291.154526847 
739, 23273.8116469986 
740, 23236.9667329463 
741, 23235.5778263109 
742, 23281.0299711866 
743, 23367.228158348 
744, 23475.2567154958 
745, 23553.9505539655 
746, 23595.5875443974 
747, 23607.499047543 
748, 23591.7460009009 
749, 23529.1522454005 
750, 23436.598854918 
751, 23355.2836646729 
752, 23320.87744551 
753, 23321.0218619976 
754, 23331.6490384408 
755, 23320.8925888283 
756, 23219.4424830693 
757, 22747.6798289137 
758, 21454.405003386 
759, 18565.4919587 
760, 14301.6940187932 
761, 10108.0935838253 
762, 7739.52456900019 
763, 7718.21011216863 
764, 8957.78098957019 
765, 10899.9689229913 
766, 13471.393722714 
767, 16286.7015023797 
768, 18738.772463172 
769, 20451.4808647298 
770, 21419.3898145209 
771, 21901.6940693225 
772, 22095.1769041183 
773, 22151.0487709308 
774, 22149.928032026 
775, 22106.294957916 
776, 22043.6041497702 
777, 21978.7199816396 
778, 21895.7432654877 
779, 21794.7753057023 
780, 21690.4812197935 
781, 21605.1527029881 
782, 21515.6239444002 
783, 21406.4742788352 
784, 21278.0676984981 
785, 21152.1526311328 
786, 21025.1656662333 
787, 20876.8035806184 
788, 20690.1962209075 
789, 20468.7100800333 
790, 20235.2151711941 
791, 19997.6469825522 
792, 19759.7734898207 
793, 19535.7116903312 
794, 19357.5659635194 
795, 19240.3668176195 
796, 19178.4117585859 
797, 19131.4396814648 
798, 19057.5959063694 
799, 18932.3569957106 
800, 18754.8097017419 
801, 18560.56330574 
802, 18381.078404772 
803, 18229.2384867823 
804, 18081.8476586522 
805, 17954.7963542454 
806, 17837.4281358272 
807, 17707.4167274756 
808, 17538.8493770268 
809, 17329.5484028784 
810, 17092.5572728742 
811, 16840.704818595 
812, 16538.8553295981 
813, 16141.1089371098 
814, 15641.479617662 
815, 15080.9413588437 
816, 14562.1965158176 
817, 14156.5515239057 
818, 13910.0523440578 
819, 13840.9313139528 
820, 13830.8528055555 
821, 13790.4625243651 
822, 13682.7604690036 
823, 13556.3826221522 
824, 13474.3675236117 
825, 13490.6122452691 
826, 13590.4313629729 
827, 13568.2195581474 
828, 13420.9115827614 
829, 13218.8778316146 
830, 13061.404404596 
831, 12961.6091605335 
832, 12890.7943977968 
833, 12834.3611999041 
834, 12793.873705505 
835, 12778.2311921645 
836, 12772.5592152988 
837, 12753.8788880125 
838, 12696.3530257248 
839, 12608.4318020036 
840, 12498.3332329181 
841, 12374.6902905742 
842, 12245.206474116 
843, 12112.1828698167 
844, 11980.9659398981 
845, 11853.8025637876 
846, 11727.676767874 
847, 11573.5591896175 
848, 11386.7869353765 
849, 11176.2191296183 
850, 10962.1658696834 
851, 10715.3353064587 
852, 10460.7266134943 
853, 10245.6593566438 
854, 10088.0582548035 
855, 9959.40523120121 
856, 9897.04982023806 
857, 9958.08656821485 
858, 10058.0639914594 
859, 10083.9119022503 
860, 10013.7778446105 
861, 9907.45757328022 
862, 9776.41699898077 
863, 9607.71583365581 
864, 9405.32486008354 
865, 9196.32525830344 
866, 8996.63663353437 
867, 8827.809467778 
868, 8718.12548376891 
869, 8700.67207432657 
870, 8721.13308669839 
871, 8711.87169322042 
872, 8640.87408529507 
873, 8541.79402275646 
874, 8432.84549263371 
875, 8322.62158372381 
876, 8214.34022208191 
877, 8108.38086196623 
878, 8005.80480035885 
879, 7904.83919889056 
880, 7803.2423059671 
881, 7700.08107635436 
882, 7596.4031068494 
883, 7498.30466837889 
884, 7408.72223033037 
885, 7315.8328946434 
886, 7217.16075096181 
887, 7114.22499084111 
888, 7010.83217959961 
889, 6911.09368818714 
890, 6811.94532008125 
891, 6701.21087010949 
892, 6564.53529414702 
893, 6397.69290557898 
894, 6204.65136221234 
895, 5990.78765853652 
896, 5763.6076373956 
897, 5533.60817958041 
898, 5317.84233642994 
899, 5138.20894831997 
900, 5014.27311146031 
901, 4946.83457528288 
902, 4917.73290843594 
903, 4906.98066404537 
904, 4895.43320281773 
905, 4869.47052272558 
906, 4816.03705449371 
907, 4727.0877692482 
908, 4603.958074351 
909, 4470.44298731888 
910, 4356.40524366159 
911, 4274.31708173117 
912, 4218.85826268776 
913, 4170.3944821159 
914, 4124.90286193133 
915, 4079.69424831209 
916, 4035.46469490056 
917, 4010.61317149123 
918, 3993.20505716427 
919, 3974.59902274752 
920, 3952.21572236893 
921, 3931.72850997206 
922, 3901.78440129199 
923, 3852.22923851627 
924, 3777.08017597684 
925, 3679.78074139599 
926, 3561.85111751131 
927, 3419.95613339104 
928, 3248.6331587246 
929, 3048.51484715203 
930, 2823.08985048148 
931, 2584.3550110031 
932, 2350.8862455231 
933, 2142.53538929973 
934, 1978.03843998162 
935, 1867.75674100569 
936, 1811.93925474894 
937, 1797.34280936414 
938, 1813.40393904106 
939, 1841.13561872898 
940, 1862.60580060291 
941, 1879.82760242514 
942, 1886.22996791308 
943, 1871.59572102991 
944, 1831.32959308667 
945, 1780.18217952283 
946, 1739.27498469242 
947, 1714.95586029146 
948, 1704.53511923598 
949, 1702.64293360405 
950, 1700.22027555002 
951, 1695.06288060903 
952, 1688.35056842038 
953, 1682.16940421572 
954, 1673.81294888544 
955, 1664.854702606 
956, 1657.74589019591 
957, 1653.9317446198 
958, 1651.90375654932 
959, 1651.10205621256 
960, 1651.72402993307 
961, 1654.62433527157 
962, 1657.89444542539 
963, 1664.2377852209 
964, 1673.02541291127 
965, 1679.20765344436 
966, 1683.61377521843 
967, 1684.57962433063 
968, 1680.89300522531 
969, 1672.66441729612 
970, 1663.9369260195 
971, 1650.31266766406 
972, 1628.73574015248 
973, 1599.4592195078 
974, 1569.24700349966 
975, 1537.46252964459 
976, 1505.23447687236 
977, 1475.23514652516 
978, 1451.7811055561 
979, 1431.40129645435 
980, 1414.08387818259 
981, 1399.27526281087 
982, 1382.49028916729 
983, 1365.07874410605 
984, 1347.21014515422 
985, 1328.32264773084 
986, 1307.16804797809 
987, 1282.70635818645 
988, 1257.64407724785 
989, 1232.37725996348 
990, 1204.72871343727 
991, 1178.49521921976 
992, 1152.14936368225 
993, 1125.53091893525 
994, 1099.74247357187 
995, 1074.97564602011 
996, 1050.5292678508 
997, 1024.14196585515 
998, 995.059511764587 
999, 968.450604750899 
1000, 942.693764585974 
1001, 5980.22732227356 
1002, 5956.41682454746 
1003, 5941.54710287724 
1004, 5927.24760235083 
1005, 5914.82058443048 
1006, 5911.34968485583 
1007, 5908.3087766557 
1008, 5917.14322911796 
1009, 5930.54655774636 
1010, 5955.26593493828 
1011, 5976.77799242557 
1012, 6002.80102076493 
1013, 6025.7861953887 
1014, 6050.59020775432 
1015, 6074.12548166257 
1016, 6094.11259352311 
1017, 6118.16765243261 
1018, 6147.77863885244 
1019, 6174.96552897506 
1020, 6206.12709932479 
1021, 6241.54905349885 
1022, 6273.89523896441 
1023, 6302.75798021466 
1024, 6335.96305193569 
1025, 6374.03090477651 
1026, 6413.40910777925 
1027, 6457.01469313378 
1028, 6496.69560806147 
1029, 6534.37846745914 
1030, 6570.73625431219 
1031, 6594.65259196933 
1032, 6621.0849909594 
1033, 6649.85376451267 
1034, 6669.08906294691 
1035, 6693.50727103799 
1036, 6723.09726108352 
1037, 6751.74066738421 
1038, 6772.19683192218 
1039, 6798.46222464921 
1040, 6819.65337269791 
1041, 6833.8825164916 
1042, 6856.23518724759 
1043, 6875.31557101873 
1044, 6890.12600872295 
1045, 6908.42736492929 
1046, 6926.09627093122 
1047, 6943.85883086692 
1048, 6959.68908479665 
1049, 6978.94932368119 
1050, 7001.12162269575 
1051, 7021.36395347312 
1052, 7047.79377093836 
1053, 7074.03333098679 
1054, 7096.9807559217 
1055, 7126.38814618821 
1056, 7153.1066525925 
1057, 7179.99838300655 
1058, 7216.81979129069 
1059, 7259.32488822768 
1060, 7305.00112056872 
1061, 7356.33953641328 
1062, 7410.77781512422 
1063, 7470.71257725272 
1064, 7527.87805622284 
1065, 7589.72677878863 
1066, 7656.79501112726 
1067, 7730.85396597749 
1068, 7815.84279684617 
1069, 7905.60479570172 
1070, 8002.69642850181 
1071, 8110.08733223674 
1072, 8217.97184744906 
1073, 8327.60359585212 
1074, 8452.56329630261 
1075, 8556.42871112926 
1076, 8652.07217466164 
1077, 8747.4872023331 
1078, 8824.89180549416 
1079, 8895.96195013568 
1080, 8963.15623571586 
1081, 9015.66819524582 
1082, 9069.8502436721 
1083, 9116.63516500644 
1084, 9161.77067939873 
1085, 9211.00197600857 
1086, 9253.90410059742 
1087, 9297.46767726781 
1088, 9329.63471942693 
1089, 9358.83027606707 
1090, 9374.86391775069 
1091, 9381.3192389651 
1092, 9374.64437937919 
1093, 9359.41682762908 
1094, 9334.52561355835 
1095, 9293.61954579333 
1096, 9249.40623720881 
1097, 9209.57521824249 
1098, 9172.09883346865 
1099, 9140.96442228124 
1100, 9123.26351213849 
1101, 9094.90913664856 
1102, 9071.55840613176 
1103, 9032.32865954987 
1104, 8988.23146178024 
1105, 8934.53358030369 
1106, 8870.42769098022 
1107, 8782.7000395616 
1108, 8659.3451996616 
1109, 8502.18377545089 
1110, 8289.00187984993 
1111, 8034.56841954042 
1112, 7740.1276477534 
1113, 7387.59669557552 
1114, 7033.66697738091 
1115, 6622.19058213754 
1116, 6246.85767851487 
1117, 5838.70623985169 
1118, 5493.1217860202 
1119, 5166.74414025229 
1120, 4878.65579243473 
1121, 4646.48009117337 
1122, 4460.37861327093 
1123, 4335.85916327935 
1124, 4248.58548085167 
1125, 4204.04799491228 
1126, 4223.43100142446 
1127, 4244.73123637929 
1128, 4305.35182374541 
1129, 4368.18345115102 
1130, 4456.31077501461 
1131, 4543.19690505379 
1132, 4631.52856075971 
1133, 4740.7953600519 
1134, 4860.25256297443 
1135, 4986.42400431938 
1136, 5168.72665727531 
1137, 5356.57678729899 
1138, 5537.61437785395 
1139, 5711.49737494748 
1140, 5818.91799069216 
1141, 5887.46212033672 
1142, 5914.38428402383 
1143, 5870.93210841922 
1144, 5847.33582810533 
1145, 5746.73531270079 
1146, 5735.78836239977 
1147, 5731.04423125425 
1148, 5791.19326567982 
1149, 5914.25389180667 
1150, 6071.25206663399 
1151, 6275.91151148442 
1152, 6503.68343470289 
1153, 6742.87972756371 
1154, 7019.5171543008 
1155, 7283.77431108068 
1156, 7566.46250447546 
1157, 7829.55665846787 
1158, 8101.75730651917 
1159, 8345.08398529601 
1160, 8579.82375346493 
1161, 8788.03500186139 
1162, 8975.0201723311 
1163, 9144.02131255764 
1164, 9295.68930571983 
1165, 9420.35856071634 
1166, 9525.96413400835 
1167, 9611.15606795384 
1168, 9675.43161009831 
1169, 9714.28800887039 
1170, 9739.81951390676 
1171, 9745.04497391889 
1172, 9737.82257278602 
1173, 9709.60314010285 
1174, 9676.06676523118 
1175, 9625.82899009936 
1176, 9574.31136469474 
1177, 9512.3920456078 
1178, 9448.46202370903 
1179, 9375.07350911689 
1180, 9306.55773817182 
1181, 9232.84535219908 
1182, 9162.48283874541 
1183, 9104.80663974885 
1184, 9050.96641832903 
1185, 9010.57328521193 
1186, 8978.82180714277 
1187, 8961.43608422669 
1188, 8961.14276076246 
1189, 8959.32586553484 
1190, 8978.97688900064 
1191, 8980.39132653306 
1192, 8987.52230440392 
1193, 8972.17467743959 
1194, 8950.50430857205 
1195, 8906.7552633826 
1196, 8834.96094905255 
1197, 8756.29871504724 
1198, 8681.46084332442 
1199, 8588.48481675233 
1200, 8515.78501450896 
1201, 8449.53385623261 
1202, 8390.76496948244 
1203, 8331.87470326337 
1204, 8292.04795623255 
1205, 8265.30297417126 
1206, 8247.02023817157 
1207, 8248.73206221998 
1208, 8246.22510515077 
1209, 8251.96604296848 
1210, 8255.32996289158 
1211, 8257.67540976291 
1212, 8262.85209951833 
1213, 8269.6844957399 
1214, 8280.98434550228 
1215, 8283.44917689752 
1216, 8289.16353268303 
1217, 8281.16447955269 
1218, 8260.78115588512 
1219, 8243.89197174524 
1220, 8218.97300151897 
1221, 8199.52409555414 
1222, 8182.31767844773 
1223, 8163.77825733197 
1224, 8141.94253869308 
1225, 8126.42818722523 
1226, 8113.61650715713 
1227, 8101.7175591896 
1228, 8097.96079981089 
1229, 8089.48454907212 
1230, 8079.29420312998 
1231, 8068.83062997948 
1232, 8052.82100906526 
1233, 8034.88068451357 
1234, 8010.99365067155 
1235, 7980.14761427793 
1236, 7950.41878773731 
1237, 7915.56807954994 
1238, 7883.44115431035 
1239, 7854.79939378217 
1240, 7819.97260647992 
1241, 7781.56419805702 
1242, 7743.54203304353 
1243, 7703.32304479726 
1244, 7660.6872507872 
1245, 7614.69687967633 
1246, 7572.90860987839 
1247, 7527.77359778019 
1248, 7479.05270276602 
1249, 7431.56307605334 
1250, 7389.49031338213 
1251, 7334.89408475731 
1252, 7279.56324376256 
1253, 7209.47032306292 
1254, 7128.53334573628 
1255, 7041.09329384232 
1256, 6947.93674615166 
1257, 6840.35922777165 
1258, 6720.23648699068 
1259, 6594.97111949109 
1260, 6446.27091081902 
1261, 6309.25965894287 
1262, 6170.43675995299 
1263, 6033.37568458049 
1264, 5915.52131238202 
1265, 5795.18909249564 
1266, 5723.22569591474 
1267, 5664.86303155896 
1268, 5658.64456404244 
1269, 5697.53291582497 
1270, 5757.51598870598 
1271, 5866.2093526749 
1272, 5972.46293109123 
1273, 6116.29087009101 
1274, 6236.51920833253 
1275, 6367.48779215536 
1276, 6478.06681457635 
1277, 6577.79783574149 
1278, 6665.40058187371 
1279, 6740.71349346375 
1280, 6803.35235066289 
1281, 6859.42920585882 
1282, 6910.77805197325 
1283, 6968.84517958983 
1284, 7029.12380169808 
1285, 7084.58412493669 
1286, 7144.65983521867 
1287, 7192.26765266222 
1288, 7235.08526403946 
1289, 7268.05075229266 
1290, 7292.53421738942 
1291, 7311.49919987087 
1292, 7319.07371927785 
1293, 7326.10628152443 
1294, 7330.29815574008 
1295, 7328.99294810042 
1296, 7323.12297215513 
1297, 7314.03035731456 
1298, 7301.7304791445 
1299, 7281.05478347776 
1300, 7259.11446601203 
1301, 7236.48033054163 
1302, 7211.28533617267 
1303, 7183.52589789859 
1304, 7153.07919569681 
1305, 7117.15334702355 
1306, 7086.88306770662 
1307, 7059.95124940724 
1308, 7025.78881204964 
1309, 6994.56196043646 
1310, 6955.89439889199 
1311, 6902.69867957339 
1312, 6859.59418384367 
1313, 6816.42926665068 
1314, 6777.58477981932 
1315, 6743.77876723731 
1316, 6711.12231788429 
1317, 6681.81496363864 
1318, 6652.74338929109 
1319, 6627.2356067056 
1320, 6602.83205872324 
1321, 6575.50871932839 
1322, 6542.18049434756 
1323, 6491.49787468529 
1324, 6431.68119274706 
1325, 6356.26941506331 
1326, 6264.97360716337 
1327, 6162.22349832949 
1328, 6036.3742543416 
1329, 5922.11935605316 
1330, 5783.03050523275 
1331, 5681.50786597335 
1332, 5590.28149595166 
1333, 5523.72533834134 
1334, 5491.94764857385 
1335, 5458.90587576225 
1336, 5450.19937045499 
1337, 5437.27983062936 
1338, 5406.71035690262 
1339, 5356.61455027819 
1340, 5275.25272680459 
1341, 5156.51488919731 
1342, 4989.10847586928 
1343, 4786.17012839123 
1344, 4533.1590625106 
1345, 4220.38737707966 
1346, 3890.44545512339 
1347, 3503.55949053669 
1348, 3135.52195485092 
1349, 2729.52162893791 
1350, 2364.41667621858 
1351, 1993.71849260054 
1352, 1671.34917185282 
1353, 1372.988330268 
1354, 1109.34491463416 
1355, 880.862592025679 
1356, 685.53811064637 
1357, 518.638268603598 
1358, 389.52947784546 
1359, 301.976862249927 
1360, 232.619157175808 
1361, 182.300521194897 
1362, 147.632005284832 
1363, 113.994447431348 
1364, 95.6276286436717 
1365, 79.1841248841348 
1366, 69.0392508579694 
1367, 67.9211943070456 
1368, 75.1928883841905 
1369, 83.6922131411012 
1370, 102.04984289303 
1371, 119.324333203626 
1372, 138.592275119031 
1373, 158.888542999038 
1374, 186.724288371129 
1375, 207.253475661956 
1376, 229.067816312168 
1377, 240.820140097892 
1378, 248.92926238108 
1379, 244.818961689526 
1380, 235.015914353678 
1381, 229.566397502285 
1382, 219.813743703112 
1383, 215.542628710441 
1384, 220.272330100484 
1385, 228.743268147894 
1386, 244.760903697969 
1387, 271.877615261785 
1388, 294.956473023526 
1389, 321.742113238042 
1390, 343.352352301159 
1391, 366.324043863017 
1392, 381.884002778861 
1393, 392.507496282621 
1394, 402.357100109786 
1395, 404.562929963952 
1396, 412.760769992327 
1397, 420.286753749343 
1398, 432.155534419054 
1399, 451.197048905074 
1400, 465.355849295454 
1401, 478.702929470551 
1402, 493.157114159279 
1403, 505.272956868812 
1404, 517.079276391737 
1405, 536.785063361068 
1406, 559.739473817312 
1407, 583.132317720836 
1408, 611.741694644829 
1409, 645.41043814269 
1410, 685.786416458514 
1411, 728.460353481886 
1412, 783.049631270323 
1413, 824.434770786149 
1414, 863.882729938654 
1415, 898.247330017694 
1416, 925.916370820316 
1417, 952.418905997636 
1418, 980.004352091005 
1419, 998.041990654398 
1420, 1007.83831629059 
1421, 1018.07158271549 
1422, 1025.00527349287 
1423, 1026.4245254776 
1424, 1027.23453300142 
1425, 1019.89362700478 
1426, 1004.29348094608 
1427, 984.383016129749 
1428, 959.88713138739 
1429, 930.286632385826 
1430, 893.750676135858 
1431, 850.858224980869 
1432, 806.810563965754 
1433, 765.526523747301 
1434, 722.984739497079 
1435, 689.367745160566 
1436, 656.572495081067 
1437, 616.805006274608 
1438, 588.369776206969 
1439, 567.156575122742 
1440, 545.209930623997 
1441, 530.120460704041 
1442, 511.937548173671 
1443, 491.736813387157 
1444, 471.682565236247 
1445, 451.926923270633 
1446, 432.331050834117 
1447, 412.508506732497 
1448, 395.024296659998 
1449, 378.563962043471 
1450, 362.84899306082 
1451, 347.671639662903 
1452, 333.18685021831 
1453, 319.002308000391 
1454, 306.95182262514 
1455, 295.826879082175 
1456, 289.424373225655 
1457, 280.021730744295 
1458, 268.324800092439 
1459, 258.041676617659 
1460, 242.709125313699 
1461, 230.039834169675 
1462, 215.609804535736 
1463, 197.525608860978 
1464, 179.940539517378 
1465, 163.575806806478 
1466, 145.643093955396 
1467, 133.321352131224 
1468, 124.065009212429 
1469, 115.200952404593 
1470, 109.291422955049 
1471, 102.254405631796 
1472, 96.408810436666 
1473, 90.2308673562935 
1474, 82.1491380339228 
1475, 77.705129900579 
1476, 75.0386025999817 
1477, 73.0828082090644 
1478, 75.7812681413201 
1479, 75.4247235114885 
1480, 72.7347784709907 
1481, 70.6010577517696 
1482, 68.4386250342244 
1483, 65.0717281414471 
1484, 60.4057624078451 
1485, 58.7041160106581 
1486, 54.9593659997137 
1487, 55.2341728185885 
1488, 67.5515789050456 
1489, 71.3434357719066 
1490, 74.4682225504449 
1491, 81.4028960912039 
1492, 78.2079433072948 
1493, 78.2540366148652 
1494, 79.7307987839099 
1495, 76.2198220750604 
1496, 77.413354141072 
1497, 80.5855147779724 
1498, 83.6941977814692 
1499, 91.8193336871471 
1500, 91.977267130336 
1501, 85.4588440182141 
1502, 87.7839135549084 
1503, 91.9641051300899 
1504, 92.9263029487434 
1505, 100.541639596278 
1506, 98.8416227628544 
1507, 83.5815800268481 
1508, 81.9793327170497 
1509, 84.5048312185407 
1510, 87.0020188992584 
1511, 97.7987241386992 
1512, 101.898863478602 
1513, 103.99153832647 
1514, 103.783351424544 
1515, 97.7907974408329 
1516, 97.1301465787971 
1517, 95.3192528201753 
1518, 96.3090601977349 
1519, 102.471062816118 
1520, 107.915173562299 
1521, 115.110838977001 
1522, 120.62159749317 
1523, 125.520758994045 
1524, 127.748890587935 
1525, 126.57461301719 
1526, 128.166298960037 
1527, 128.265106411577 
1528, 127.527140052856 
1529, 129.866064640826 
1530, 128.336890473783 
1531, 122.722407265655 
1532, 122.0636750232 
1533, 122.81099934829 
1534, 119.449333445031 
1535, 119.961270202746 
1536, 125.263015418092 
1537, 127.481289736627 
1538, 129.153092432228 
1539, 130.363771215135 
1540, 130.810776256169 
1541, 133.269533846839 
1542, 133.993588095458 
1543, 137.351597159138 
1544, 146.472378984539 
1545, 149.444186510945 
1546, 148.587781873306 
1547, 151.846168167852 
1548, 155.125276829177 
1549, 157.752668412182 
1550, 163.423373182629 
1551, 166.341633071254 
1552, 163.602152652686 
1553, 166.267260880538 
1554, 175.801747044214 
1555, 177.360403066042 
1556, 176.641422846813 
1557, 175.792214020758 
1558, 164.978990560582 
1559, 163.412743526834 
1560, 169.992105096325 
1561, 173.352035514249 
1562, 178.076293905987 
1563, 184.272410614438 
1564, 192.714919334308 
1565, 196.920042219082 
1566, 200.499181457323 
1567, 202.811479328041 
1568, 200.811487912055 
1569, 198.158764831968 
1570, 199.600938549601 
1571, 204.653416445048 
1572, 205.713612843019 
1573, 208.022878295682 
1574, 211.39563227679 
1575, 214.021801521497 
1576, 217.719986158062 
1577, 223.779498616552 
1578, 228.771769138286 
1579, 235.616122334714 
1580, 245.602789674412 
1581, 260.254830216449 
1582, 269.977803044293 
1583, 280.608686527659 
1584, 288.563957999881 
1585, 292.201119503089 
1586, 299.827451332871 
1587, 310.704892277401 
1588, 315.508992814267 
1589, 318.79000291976 
1590, 322.057549153093 
1591, 322.077591906464 
1592, 320.828918877242 
1593, 318.658856048106 
1594, 317.789811342222 
1595, 311.288442840835 
1596, 314.220232166878 
1597, 326.532651571434 
1598, 332.391279757832 
1599, 342.60351900026 
1600, 344.28087728899 
1601, 335.008777178933 
1602, 334.43326278834 
1603, 333.585500861496 
1604, 334.958539645528 
1605, 342.937584159924 
1606, 347.573666279938 
1607, 351.003137268703 
1608, 353.405473041253 
1609, 354.91259738653 
1610, 357.628540383109 
1611, 357.505756415269 
1612, 361.667214052635 
1613, 370.678856336298 
1614, 376.065355256251 
1615, 383.440764522128 
1616, 387.225186581564 
1617, 384.201089774063 
1618, 387.400551232628 
1619, 393.410395988284 
1620, 397.887079658127 
1621, 406.08886619739 
1622, 411.691762987079 
1623, 412.453863037724 
1624, 416.370220792826 
1625, 423.51685678228 
1626, 427.420261692907 
1627, 432.626951224276 
1628, 434.018837108051 
1629, 428.626680311063 
1630, 427.64906557745 
1631, 427.084877946419 
1632, 426.829924068727 
1633, 430.979779108443 
1634, 431.862237574432 
1635, 429.66559038555 
1636, 428.238831456232 
1637, 426.792688824164 
1638, 423.690513583143 
1639, 416.568017826655 
1640, 414.954724520224 
1641, 415.682558301459 
1642, 416.121391505521 
1643, 421.615116972734 
1644, 425.289666381919 
1645, 426.135904276416 
1646, 428.220049621689 
1647, 431.615765614991 
1648, 434.482897105883 
1649, 437.522189096732 
1650, 440.049479466524 
1651, 440.318883827914 
1652, 443.137202221018 
1653, 447.952488565322 
1654, 454.484444400811 
1655, 458.686137254221 
1656, 464.106803493148 
1657, 469.724983205253 
1658, 473.867377124153 
1659, 477.682962831923 
1660, 483.308870657001 
1661, 487.314793736192 
1662, 489.803154371404 
1663, 489.169361566224 
1664, 488.017927295802 
1665, 486.233837552268 
1666, 478.980127901129 
1667, 478.861535923515 
1668, 481.634427289725 
1669, 486.797623199846 
1670, 495.760063400185 
1671, 501.463442709721 
1672, 510.056417947393 
1673, 512.32101405705 
1674, 510.264598436851 
1675, 509.595593955422 
1676, 505.619153097597 
1677, 506.698781433663 
1678, 509.200659243324 
1679, 512.742019545204 
1680, 519.1523086085 
1681, 523.969675978305 
1682, 529.404529113792 
1683, 533.458998388245 
1684, 537.627457048641 
1685, 539.588514593705 
1686, 538.270515111778 
1687, 541.645967435684 
1688, 545.021308658214 
1689, 551.342327024805 
1690, 562.834851138789 
1691, 568.914889699876 
1692, 573.346492580568 
1693, 579.139815671585 
1694, 586.17589544187 
1695, 586.047039517339 
1696, 583.01112685343 
1697, 582.508003955763 
1698, 576.857256038227 
1699, 574.561506082063 
1700, 575.57190620705 
1701, 577.35881002718 
1702, 577.633441105375 
1703, 580.781105273593 
1704, 590.232786072186 
1705, 593.821132717373 
1706, 595.177070066156 
1707, 596.185502489371 
1708, 595.847617891716 
1709, 593.774603758064 
1710, 587.715958729095 
1711, 588.029279905683 
1712, 590.106950690116 
1713, 592.578741608018 
1714, 598.601646393538 
1715, 605.548460059723 
1716, 612.726181361851 
1717, 617.275286485681 
1718, 617.630979011966 
1719, 610.64664846018 
1720, 597.455505124767 
1721, 593.981124343181 
1722, 595.360247817952 
1723, 594.863416419564 
1724, 598.980174828199 
1725, 600.276573742535 
1726, 598.609771334625 
1727, 605.913509526803 
1728, 609.282339211145 
1729, 604.91521291868 
1730, 603.46223325019 
1731, 597.7964612237 
1732, 595.747723286086 
1733, 600.353127640079 
1734, 601.436646474601 
1735, 599.175144899711 
1736, 593.851929426559 
1737, 587.614541474413 
1738, 583.762669755095 
1739, 582.92834850905 
1740, 584.303332765367 
1741, 585.681280530225 
1742, 586.251095166872 
1743, 587.221536945697 
1744, 586.047897736591 
1745, 584.54855566241 
1746, 586.119443689274 
1747, 594.286728201705 
1748, 602.837254579373 
1749, 609.29944855047 
1750, 617.259956151601 
1751, 615.035319638905 
1752, 611.081781309133 
1753, 610.510781301406 
1754, 604.806702917679 
1755, 603.15612492497 
1756, 602.023340784669 
1757, 598.896583995984 
1758, 600.384720450731 
1759, 600.38717882146 
1760, 597.254360241716 
1761, 592.752908542582 
1762, 584.463429887882 
1763, 573.862732138941 
1764, 566.540094764978 
1765, 560.866904218541 
1766, 556.677769914009 
1767, 553.234982289157 
1768, 550.460986693948 
1769, 546.007519742845 
1770, 547.458379896755 
1771, 559.297378703201 
1772, 560.941638256391 
1773, 564.774940102138 
1774, 560.238496936299 
1775, 542.529222500838 
1776, 529.312529230417 
1777, 511.085438713589 
1778, 500.677425118255 
1779, 495.80387541389 
1780, 487.617915069239 
1781, 481.230838418202 
1782, 476.949909489215 
1783, 469.779962579625 
1784, 464.946111573966 
1785, 465.949031769475 
1786, 464.960787951709 
1787, 466.003327943617 
1788, 461.942897870889 
1789, 457.071095400186 
1790, 446.90147904634 
1791, 428.021063543108 
1792, 414.552372861218 
1793, 401.526615455151 
1794, 387.972718418105 
1795, 377.479529173756 
1796, 359.641202070331 
1797, 342.029395879444 
1798, 330.713604568971 
1799, 314.720588661639 
1800, 299.625709779662 
1801, 1736.967524283 
1802, 1652.00127927832 
1803, 1587.14950475269 
1804, 1557.69662819497 
1805, 1526.13758971495 
1806, 1478.59336279918 
1807, 1429.01600017409 
1808, 1372.49438439224 
1809, 1306.67892619194 
1810, 1250.02772818392 
1811, 1193.42238047203 
1812, 1133.54602646176 
1813, 1078.43967717147 
1814, 1017.88352676857 
1815, 950.788755140617 
1816, 881.520211867724 
1817, 812.085925951763 
1818, 767.562200581071 
1819, 727.09202555694 
1820, 695.480754930761 
1821, 660.769039093213 
1822, 637.819142046432 
1823, 611.956804331325 
1824, 573.57266447945 
1825, 548.670123405693 
1826, 507.370858501672 
1827, 457.186796628425 
1828, 413.834118929689 
1829, 361.709097443725 
1830, 314.275436775369 
1831, 268.295222084276 
1832, 238.629248891161 
1833, 196.875763954934 
1834, 170.116938266386 
1835, 157.854819467472 
1836, 123.945140560811 
1837, 101.069325741027 
1838, 85.1984419785372 
1839, 72.4786877672357 
1840, 72.2448230716913 
1841, 72.5820781010394 
1842, 77.7710226398465 
1843, 73.4807164695639 
1844, 80.3920812965152 
1845, 64.9059606148377 
1846, 51.4865697188338 
1847, 53.5688282717048 
1848, 50.7662019352212 
1849, 58.7848395998698 
1850, 67.9392238248233 
1851, 83.1785609322072 
1852, 96.6699135686967 
1853, 102.019577958188 
1854, 105.372874250609 
1855, 118.766375588625 
1856, 108.005100924577 
1857, 94.6497519130775 
1858, 85.7498108865893 
1859, 86.6758085237007 
1860, 80.5057425315775 
1861, 101.306435750263 
1862, 133.110252872389 
1863, 163.045016832852 
1864, 168.564122024789 
1865, 149.231380310696 
1866, 128.677372189982 
1867, 113.390956729898 
1868, 102.851680989602 
1869, 84.5657902167415 
1870, 63.216382049482 
1871, 39.7468972062864 
1872,-2.57283477122047 
1873,-38.5188978997221 
1874,-32.9931980349359 
1875,-10.8663782246156 
1876, 28.9974663526608 
1877, 70.0898985980974 
1878, 99.3596867318095 
1879, 115.874143522752 
1880, 122.952243208627 
1881, 116.414545305584 
1882, 114.461842223955 
1883, 109.373357978042 
1884, 95.5174877540827 
1885, 78.8900349026783 
1886, 68.01673615173 
1887, 52.9955039207691 
1888, 49.0396772845389 
1889, 57.8431475085315 
1890, 52.2393389720424 
1891, 48.4815033745354 
1892, 41.027146564473 
1893, 32.1703486276673 
1894, 36.5976340777395 
1895, 70.6292456707352 
1896, 95.0210195909862 
1897, 111.244031827736 
1898, 99.0340974947548 
1899, 56.0207856665676 
1900, 40.3533057842597 
1901, 23.5911579746346 
1902, 8.55891631733595 
1903, 1.0743711445306 
1904, 15.8597032601244 
1905, 7.65947848336946 
1906, 17.375129646007 
1907, 36.6064649685329 
1908, 47.0223361775563 
1909, 44.744722423877 
1910, 48.1343256291343 
1911, 44.9644138500546 
1912, 26.9734390479143 
1913, 18.559309548369 
1914, 17.8201623199366 
1915, 2.73159012447356 
1916,-5.29868411534856 
1917, 7.07644397522367 
1918,-2.91377816637916 
1919,-5.60721016189701 
1920, 4.10225127215937 
1921,-8.88626997750586E-02 
1922,-2.58736201137235 
1923, 0.270287713650193 
1924, 2.54652106396519 
1925,-5.77781162683255 
1926,-7.61120209759225E-02 
1927, 12.1858002301249 
1928, 23.3103208061867 
1929, 48.4843615480989 
1930, 53.2826769900112 
1931, 54.6308109095356 
1932, 65.936800711469 
1933, 60.5908044409605 
1934, 31.7051470508448 
1935, 21.7150331771026 
1936, 14.1908184661955 
1937, 2.54635045893848 
1938, 11.2983043057691 
1939, 20.6126895617527 
1940, 12.5229316815834 
1941, 4.58364528427999 
1942, 2.04020543645224 
1943,-1.14132063833212 
1944, 0.393120011975438 
1945, 20.6200471119645 
1946, 26.0953232704924 
1947, 24.1886298807609 
1948, 22.0699046809963 
1949, 13.8141808312765 
1950, 14.8165941186416 
1951, 9.26276304940187 
1952,-11.5052150819178 
1953,-9.05055452600276 
1954,-22.2734479780961 
1955,-17.9251506956459 
1956, 11.6551244015316 
1957, 25.1001118440011 
1958, 42.9041200588472 
1959, 47.3141777112234 
1960, 51.152582085337 
1961, 20.2445258535574 
1962,-10.3675524379549 
1963,-27.9387692878212 
1964,-28.9276539874339 
1965,-20.0700387366212 
1966,-20.9859103907088 
1967,-11.1068600094102 
1968,-9.70310503088623 
1969,-25.9602994074843 
1970,-27.7550851627258 
1971,-25.7497771831649 
1972,-15.3983767821976 
1973, 5.07730266233044 
1974, 22.4909323807802 
1975, 43.9606089592474 
1976, 73.1556249726669 
1977, 76.5975614914976 
1978, 68.8945183791556 
1979, 64.1038677092117 
1980, 44.0009266162595 
1981, 36.8401610183171 
1982, 39.4300964803683 
1983, 36.1429904735375 
1984, 31.2831029993197 
1985, 28.8727576094068 
1986, 26.6893537405843 
1987, 23.3009111967772 
1988, 16.3501984402975 
1989, 22.1135560289379 
1990, 22.3410255752268 
1991, 20.692843062248 
1992, 16.3183722116785 
1993, 7.13302800724444 
1994, 5.03872886135511 
1995, 6.79437360162314 
1996, 5.76464649035687 
1997, 1.58671223134375 
1998, 12.404055998042 
1999, 21.7022834265653 
2000, 21.9849073339225 
2001, 37.314419999137 
2002, 40.3699542435339 
2003, 44.288315312205 
2004, 43.3218700579204 
2005, 42.6367776798558 
2006, 44.0616191962403 
2007, 41.115630772711 
2008, 33.7687127062457 
2009, 23.3992690022009 
2010, 3.026974023568 
2011,-9.70866211115976 
2012,-4.86096135627787 
2013,-4.18539742277908 
2014,-1.64160526693854 
2015, 16.0696987768589 
2016, 19.7929032029943 
2017, 7.60212679055895 
2018, 12.3779161824351 
2019, 30.7132645624924 
2020, 35.4109613332911 
2021, 41.6852400870882 
2022, 40.7630679732128 
2023, 29.3833215645883 
2024, 15.6085658146079 
2025, 4.5650237277858 
2026, 5.00901792830049 
2027, 3.58194499467717 
2028, 9.27998155651594 
2029, 7.71879707526177 
2030, 0.53170597995233 
2031, 1.84812243005592 
2032, 5.30851961294871 
2033, 5.9884142480081 
2034, 11.7587848309729 
2035, 13.7607216825701 
2036, 15.61044188611 
2037, 13.0463929075298 
2038, 0.81086689912551 
2039, 0.410733857486037 
2040, 0.202222042371789 
2041,-2.62044436614811 
2042,-7.6629057518997 
2043,-5.43901358015516 
2044,-8.64798116603125 
2045,-20.3165126428268 
2046,-27.616917644399 
2047,-42.592041774493 
2048,-38.7808153638304 
2049,-17.974886595244 
2050,-9.08403539240313 
2051, 14.1311490065296 
2052, 24.9854594352002 
2053, 12.3586599426 
2054,-3.88848193091472 
2055,-5.98370057555519 
2056,-2.83396462041087 
2057,-2.66481607032246 
2058, 3.52760910067424 
2059, 6.57594570339088 
2060, 6.6386377456765 
2061, 4.86776317704225 
2062, 6.755469965348 
2063, 5.26052352803269 
2064,-8.72605452232444 
2065,-12.5702546222442 
2066,-13.664290654919 
2067,-11.3295251645036 
2068,-1.03321044295329 
2069, 24.3029146378655 
2070, 29.9184169819375 
2071, 33.8390004971755 
2072, 33.6269244728295 
2073, 17.0165203296235 
2074, 11.8982615452203 
2075, 10.1221021421383 
2076, 14.06231148152 
2077, 26.9585388176729 
2078, 31.9013841519705 
2079, 39.6825109342404 
2080, 42.0454827120427 
2081, 31.1561520489748 
2082, 29.5406493427697 
2083, 28.7020733257454 
2084, 31.5805514485931 
2085, 29.9430259022678 
2086, 24.5449527922654 
2087, 28.5493072408432 
2088, 37.6573898452255 
2089, 41.4431108084094 
2090, 48.4413616116501 
2091, 56.7806069926562 
2092, 54.2090238701804 
2093, 64.2733960751327 
2094, 93.4595566597369 
2095, 109.903536229464 
2096, 127.82838117736 
2097, 139.745424200323 
2098, 144.69726664022 
2099, 139.844725620594 
2100, 137.7272861632 
2101, 126.36840883857 
2102, 128.392228125543 
2103, 138.976364725449 
2104, 140.208410994978 
2105, 145.299756561869 
2106, 146.967659485878 
2107, 134.884244696331 
2108, 134.826217234545 
2109, 143.940351630917 
2110, 149.43272327722 
2111, 158.597641979033 
2112, 164.567456729223 
2113, 173.472645607073 
2114, 180.355439514694 
2115, 175.886660440759 
2116, 158.974395320762 
2117, 159.900309532109 
2118, 156.238658930534 
2119, 161.674178572865 
2120, 190.104524636097 
2121, 202.254645369735 
2122, 198.79155457336 
2123, 211.434428059888 
2124, 230.065438402948 
2125, 247.974844024782 
2126, 279.447350024111 
2127, 301.132381116838 
2128, 324.782821457359 
2129, 332.300184929326 
2130, 339.404420074825 
2131, 341.736730156447 
2132, 342.661732756586 
2133, 328.752808916507 
2134, 340.593522042081 
2135, 364.777779752431 
2136, 379.042052753649 
2137, 415.371491784504 
2138, 421.724428832915 
2139, 384.233156418156 
2140, 392.650943046215 
2141, 414.891378266833 
2142, 433.647934320708 
2143, 499.181389393731 
2144, 523.847734488022 
2145, 519.775805222875 
2146, 509.266113865746 
2147, 501.269508614657 
2148, 481.504776845846 
2149, 472.024180347349 
2150, 464.884455470966 
2151, 470.190295854377 
2152, 480.445226503779 
2153, 490.922381872953 
2154, 514.728939973154 
2155, 532.948537205986 
2156, 543.893299780161 
2157, 562.569845882185 
2158, 590.480970135482 
2159, 613.174826258679 
2160, 641.31046681605 
2161, 658.222068116394 
2162, 656.440143422713 
2163, 673.623924424231 
2164, 692.309658725087 
2165, 722.294599702733 
2166, 736.516057392564 
2167, 759.815141182776 
2168, 770.182888414383 
2169, 758.695608156847 
2170, 761.953239025723 
2171, 764.690732639243 
2172, 784.11608265099 
2173, 820.868634872768 
2174, 836.629288765243 
2175, 860.566957362406 
2176, 874.95850983597 
2177, 859.791257169474 
2178, 864.1470606229 
2179, 885.696302901963 
2180, 896.204701966344 
2181, 899.423724101022 
2182, 910.916532966361 
2183, 931.790293791119 
2184, 939.378232241099 
2185, 936.17228130723 
2186, 947.724501262632 
2187, 951.056466709293 
2188, 938.14266052301 
2189, 942.891768307711 
2190, 954.394845558047 
2191, 976.039826403879 
2192, 1019.3746290712 
2193, 1032.77593893125 
2194, 1040.32909517844 
2195, 1049.21855102769 
2196, 1034.19239626007 
2197, 1034.32633186301 
2198, 1058.3416732416 
2199, 1063.48534951793 
2200, 1046.52693242141 
2201, 1049.97669184488 
2202, 1052.00715254191 
2203, 1062.97153046045 
2204, 1101.57709936779 
2205, 1125.41608529432 
2206, 1124.58521310771 
2207, 1143.58319659938 
2208, 1163.08047839006 
2209, 1177.72927384505 
2210, 1195.95254633211 
2211, 1232.39310139427 
2212, 1249.39288943598 
2213, 1249.09043459045 
2214, 1260.50568180312 
2215, 1274.3852745529 
2216, 1285.57142553567 
2217, 1301.0517321635 
2218, 1308.41637067215 
2219, 1313.3946663669 
2220, 1311.21047602287 
2221, 1294.70725452917 
2222, 1289.81183607142 
2223, 1282.86148766887 
2224, 1282.44186997941 
2225, 1291.61955744797 
2226, 1300.67740445816 
2227, 1312.44258910511 
2228, 1321.07324952451 
2229, 1345.11283530864 
2230, 1374.76098338359 
2231, 1391.62900340159 
2232, 1418.55573543489 
2233, 1414.63948989623 
2234, 1383.10501905789 
2235, 1369.06728251131 
2236, 1341.3552586208 
2237, 1334.2542038368 
2238, 1349.66849046191 
2239, 1344.29455463318 
2240, 1331.94585770245 
2241, 1325.00190705248 
2242, 1305.40777913469 
2243, 1303.45823806082 
2244, 1328.13310927401 
2245, 1330.3548101892 
2246, 1327.27138506224 
2247, 1321.91180166615 
2248, 1305.66903523163 
2249, 1286.40612921186 
2250, 1255.85255083393 
2251, 1241.08964191272 
2252, 1233.12661290982 
2253, 1221.60286241273 
2254, 1215.05846980534 
2255, 1207.61514794844 
2256, 1174.24265961148 
2257, 1139.76300098737 
2258, 1119.82265362836 
2259, 1107.07983959854 
2260, 1092.24131364704 
2261, 1084.00923928594 
2262, 1076.80783094651 
2263, 1071.2045871499 
2264, 1061.28279944876 
2265, 1049.72367565745 
2266, 1044.96706936823 
2267, 1046.0086296697 
2268, 1034.92879500856 
2269, 1028.03764250807 
2270, 1012.22240029337 
2271, 966.0180423734 
2272, 948.817530251485 
2273, 955.052595077373 
2274, 946.848339996513 
2275, 953.87290176243 
2276, 941.765845133988 
2277, 895.521495939729 
2278, 871.022893654461 
2279, 860.707951274329 
2280, 835.605698989205 
2281, 802.46155980494 
2282, 789.964791599796 
2283, 760.263008916061 
2284, 732.075052466694 
2285, 716.027073095004 
2286, 705.695727565019 
2287, 699.961629059947 
2288, 680.966658232669 
2289, 668.43524798234 
2290, 665.846132548872 
2291, 642.991288752569 
2292, 608.732963576654 
2293, 582.081807152539 
2294, 544.964931166669 
2295, 520.569403704171 
2296, 507.984998731879 
2297, 487.007183619682 
2298, 461.853416498229 
2299, 443.923983384843 
2300, 421.054534262601 
2301, 411.365759945024 
2302, 408.711713746462 
2303, 417.025983127137 
2304, 443.295287029047 
2305, 459.506891342515 
2306, 498.36597041315 
2307, 502.052599209203 
2308, 474.574185284962 
2309, 462.069239515265 
2310, 435.916847182306 
2311, 411.909266394312 
2312, 398.017492724573 
2313, 379.481303698628 
2314, 349.886708761089 
2315, 327.145716013231 
2316, 315.232000781668 
2317, 307.320865966015 
2318, 301.635187324343 
2319, 295.29794337499 
2320, 274.382573818446 
2321, 248.64414777908 
2322, 243.36199440763 
2323, 241.307256101639 
2324, 243.914165205767 
2325, 259.9621455629 
2326, 256.517912432998 
2327, 235.747423165202 
2328, 232.003182452073 
2329, 232.888786707504 
2330, 232.084052128276 
2331, 234.125675507948 
2332, 242.493989094571 
2333, 258.502019649624 
2334, 254.387146268431 
2335, 249.760936928439 
2336, 244.8160898204 
2337, 219.72960963047 
2338, 208.827543954873 
2339, 217.72714096639 
2340, 199.643072018561 
2341, 157.070368883877 
2342, 144.965917038447 
2343, 139.778667223987 
2344, 132.558017949268 
2345, 142.310243339364 
2346, 143.48962891428 
2347, 131.336497992751 
2348, 126.712115388933 
2349, 135.630302547283 
2350, 132.888283667237 
2351, 118.038242965988 
2352, 111.077010852148 
2353, 107.975828386949 
2354, 101.362306415334 
2355, 95.1807109320713 
2356, 92.8181062436838 
2357, 91.9484756471193 
2358, 85.2191730670291 
2359, 66.3381536421825 
2360, 66.6593389073892 
2361, 78.1067254601922 
2362, 80.212746012035 
2363, 84.874877077485 
2364, 109.016010994519 
2365, 108.267420299952 
2366, 104.606993716275 
2367, 119.136385552415 
2368, 126.819180128211 
2369, 124.836278697759 
2370, 121.668447346326 
2371, 103.976604306382 
2372, 84.5539250612385 
2373, 66.3997284397974 
2374, 49.5953206143406 
2375, 42.1645947401365 
2376, 37.7908972550766 
2377, 40.9958625617726 
2378, 39.2650521498649 
2379, 33.670230792299 
2380, 34.2667899194529 
2381, 29.7548473509684 
2382, 15.6807243235815 
2383, 13.9012429048234 
2384, 22.370594466909 
2385, 45.4355390260628 
2386, 79.0170816929328 
2387, 86.2934623239442 
2388, 75.7565891345073 
2389, 50.6122047877018 
2390, 35.3162469850267 
2391, 45.6113654743623 
2392, 64.2415393796068 
2393, 82.1347579568762 
2394, 82.7020014864259 
2395, 66.3703755455673 
2396, 49.6894031030736 
2397, 38.2950503529602 
2398, 38.0242917853755 
2399, 60.6142417735246 
2400, 68.1469273603821 
2401, 80.3007460520032 
2402, 97.7938353983913 
2403, 92.0287391188631 
2404, 102.981492619367 
2405, 93.9750629463329 
2406, 65.7612586025349 
2407, 50.2717720950243 
2408, 27.4540879834612 
2409, 22.1757009533167 
2410, 31.3698331787091 
2411, 34.2196118012819 
2412, 41.2439105303209 
2413, 40.8931555903358 
2414, 47.8310647245855 
2415, 38.837349751266 
2416, 9.95274579149023 
2417, 8.49505181407163 
2418, 5.68185185781511 
2419, 1.85832147059077 
2420, 19.8997586993823 
2421, 18.8432133245463 
2422, 7.08527539947206E-02 
2423,-8.11735466321448 
2424,-12.4615161797094 
2425,-8.9217019328919 
2426,-3.36990428334307 
2427, 4.90522379510296 
2428, 18.5593161580795 
2429, 38.1658787583786 
2430, 68.7757415096236 
2431, 68.6631194378589 
2432, 64.1287937242512 
2433, 49.9614498038493 
2434, 1.36898634978527 
2435,-7.8397053259098 
2436, 3.35092060693897 
2437, 13.912217854703 
2438, 39.2558274279473 
2439, 48.0785199289711 
2440, 50.7669312156544 
2441, 50.8006490644131 
2442, 38.308413784234 
2443, 42.7254270393955 
2444, 62.9996050206113 
2445, 84.3534754165414 
2446, 70.3979875953677 
2447, 50.1810997316543 
2448, 33.5301028418108 
2449, 4.61003660774118 
2450, 1.5762385937351 
2451,-0.672704786645657 
2452,-12.080889647403 
2453,-19.0817166631295 
2454,-24.718498775248 
2455,-26.6089394675017 
2456,-22.8507656445917 
2457,-18.3056837902713 
2458,-9.0329427443096 
2459, 11.0840849388197 
2460, 16.351970747564 
2461, 18.1607089746362 
2462, 13.4338612697685 
2463, 8.56334121742725 
2464, 18.1652487574939 
2465, 20.1647718447997 
2466, 18.1929185807409 
2467,-4.89333711114969 
2468,-35.1920062459318 
2469,-44.7221059715492 
2470,-30.9973589356225 
2471, 4.69774572964675 
2472, 25.8566764118458 
2473, 38.9468213119889 
2474, 36.5538611378938 
2475, 15.7606710889483 
2476, 17.5184642818637 
2477, 4.81475165085074 
2478,-5.74271147267671 
2479, 11.6788098129665 
2480, 5.14608475586119 
2481, 2.64907555692623 
2482, 18.7110312903567 
2483, 5.50503579183306 
2484, 1.10808304641614 
2485, 23.4881865406668 
2486, 13.2684828550378 
2487, 10.4296897380407 
2488, 31.4675978119005 
2489, 35.7457789108692 
2490, 42.7253060192968 
2491, 51.7813754681305 
2492, 43.3783038081585 
2493, 15.4385612263045 
2494, 5.72251374362464 
2495, 12.042517872585 
2496, 1.23847421072649 
2497,-8.31105675368234 
2498,-7.29272279415945 
2499,-10.4800462384339 
2500,-4.08081628479284 
