Wavelength,0212202100043.asd
350, 2485.96921900231 
351, 2612.20475152805 
352, 2728.92784813795 
353, 2827.01139443508 
354, 2923.71524927373 
355, 3026.04614912794 
356, 3134.40939791781 
357, 3238.64907570831 
358, 3348.9550600412 
359, 3468.49643200889 
360, 3599.45842115083 
361, 3758.14704054604 
362, 3941.00372095497 
363, 4138.09048570574 
364, 4335.82115517959 
365, 4538.38867737338 
366, 4733.28156620317 
367, 4903.70998459523 
368, 5031.29887672854 
369, 5105.36334757071 
370, 5130.44834363559 
371, 5121.44860328242 
372, 5100.03812718009 
373, 5091.30892265938 
374, 5099.51367386201 
375, 5113.0052297694 
376, 5122.7075981315 
377, 5126.65221744891 
378, 5114.5187874554 
379, 5064.18242305895 
380, 5001.83765172994 
381, 4933.25239863526 
382, 4856.90371017544 
383, 4764.07505969218 
384, 4669.66994019595 
385, 4604.79150192222 
386, 4606.56987885303 
387, 4700.99288225152 
388, 4834.3439486314 
389, 4949.59920349976 
390, 5000.5271906978 
391, 5057.7696340469 
392, 5113.3361340453 
393, 5155.92696915316 
394, 5193.21948635383 
395, 5305.07608313214 
396, 5522.42274993032 
397, 5852.90097577236 
398, 6312.23168440931 
399, 6835.00530810336 
400, 7373.06972028978 
401, 7898.53175090418 
402, 8393.41370038321 
403, 8800.86216483382 
404, 9097.16405004305 
405, 9325.11584485412 
406, 9506.46211511269 
407, 9669.13381102866 
408, 9846.59911773573 
409, 10090.0433351342 
410, 10381.6761032288 
411, 10703.1439864592 
412, 11037.28779777 
413, 11370.3437581972 
414, 11698.7953286202 
415, 12013.2409807376 
416, 12289.772398739 
417, 12551.327413141 
418, 12819.8708636915 
419, 13101.9167630676 
420, 13344.6709428426 
421, 13591.9159869687 
422, 13861.972459516 
423, 14147.6929617633 
424, 14413.2610862279 
425, 14622.3504377331 
426, 14742.6419586456 
427, 14743.7339551971 
428, 14686.9308495669 
429, 14701.247202725 
430, 14886.2589992675 
431, 15150.1148100917 
432, 15499.9973191435 
433, 16016.5756103974 
434, 16798.6024032814 
435, 17619.2244209034 
436, 18244.3880609928 
437, 18630.5652949264 
438, 19042.8490375317 
439, 19464.975326147 
440, 19862.5425422751 
441, 20223.6875896265 
442, 20690.1392608504 
443, 21178.0812582937 
444, 21624.4676622985 
445, 21992.4683983874 
446, 22285.2243563567 
447, 22548.2956963349 
448, 22829.7024650832 
449, 23177.1434417217 
450, 23466.6234601468 
451, 23618.1118941443 
452, 23604.3378905869 
453, 23540.503693857 
454, 23406.3901066709 
455, 23236.0607106453 
456, 23113.3888424205 
457, 23082.4515723282 
458, 23087.4323470924 
459, 23069.0394549738 
460, 23003.1249303174 
461, 22908.9999993713 
462, 22808.1182150937 
463, 22709.1046337359 
464, 22552.2279917814 
465, 22314.3010680216 
466, 22024.4221609775 
467, 21760.604043421 
468, 21538.6265745778 
469, 21371.7014191869 
470, 21266.4557741193 
471, 21229.3432683764 
472, 21201.9569627435 
473, 21190.1251612528 
474, 21217.756768351 
475, 21205.3469088695 
476, 21178.143224134 
477, 21162.5342594154 
478, 21173.6105774936 
479, 21242.6651467805 
480, 21337.8982547827 
481, 21404.3010717297 
482, 21386.5280151104 
483, 21223.9151022914 
484, 20883.7569952033 
485, 20380.7114337623 
486, 19898.6130055403 
487, 19559.7052933849 
488, 19461.8995966165 
489, 19692.1152845777 
490, 20052.3488186819 
491, 20346.380454832 
492, 20449.3687790317 
493, 20486.6397407216 
494, 20542.928772891 
495, 20657.0244598079 
496, 20814.9244482169 
497, 20859.0220003779 
498, 20796.8856187346 
499, 20666.1709851288 
500, 20488.9939221075 
501, 20355.4956328626 
502, 20302.8965748349 
503, 20347.3783394658 
504, 20540.2489332554 
505, 20805.2258169705 
506, 21070.7832647182 
507, 21283.1728788895 
508, 21443.008506049 
509, 21566.3997854906 
510, 21681.0406862448 
511, 21839.332497277 
512, 21947.1663463587 
513, 21963.7815851821 
514, 21882.0263319154 
515, 21699.7963451533 
516, 21455.0101436714 
517, 21216.3899667135 
518, 21081.4710385894 
519, 21266.5778702727 
520, 21785.9869248475 
521, 22511.2777899075 
522, 23111.3827062951 
523, 23556.6697284362 
524, 23868.2041134797 
525, 24100.2074571412 
526, 24198.4143624099 
527, 24238.183300172 
528, 24367.7708136893 
529, 24860.9841806813 
530, 25500.5187652069 
531, 26033.8577958133 
532, 26256.8256359413 
533, 26331.1370349434 
534, 26451.2156045858 
535, 26719.1311488116 
536, 27123.1375370363 
537, 27409.7156905682 
538, 27539.970927705 
539, 27555.8568476881 
540, 27542.2510697854 
541, 27566.1910270577 
542, 27712.2569135519 
543, 28042.4153192778 
544, 28412.0103130906 
545, 28734.3963793047 
546, 28961.0258866851 
547, 29085.7413595785 
548, 29169.2122817286 
549, 29270.4655555167 
550, 29423.4041922777 
551, 29577.5718355198 
552, 29697.3955974294 
553, 29786.4146621591 
554, 29878.0210161125 
555, 29950.2088838412 
556, 29923.3382853959 
557, 29753.9591598022 
558, 29478.1458122035 
559, 29245.8021268974 
560, 29144.0516341246 
561, 29201.7643740905 
562, 29337.1420670446 
563, 29413.8794452129 
564, 29366.5990018294 
565, 29219.8723258815 
566, 29015.7899243477 
567, 28809.0545690947 
568, 28632.0040829816 
569, 28451.1074817385 
570, 28215.5648578005 
571, 27991.7245206474 
572, 27908.393308534 
573, 27934.2104753476 
574, 27924.2568851895 
575, 27789.1670003288 
576, 27550.8450434802 
577, 27330.8662388126 
578, 27215.2384743144 
579, 27252.0403174831 
580, 27400.220647278 
581, 27659.4083121618 
582, 27973.6573864651 
583, 28236.582375085 
584, 28404.7883366521 
585, 28405.9497760405 
586, 28230.1582054514 
587, 28011.2343014366 
588, 27739.5592769558 
589, 27370.3807877722 
590, 26905.7415295078 
591, 26755.3268165618 
592, 26896.0011796781 
593, 27131.8475636356 
594, 27110.9223737941 
595, 26966.9064634287 
596, 26771.0289524988 
597, 26568.2180997748 
598, 26343.47680042 
599, 26066.761338489 
600, 25764.63967246 
601, 25502.3616729144 
602, 25298.9251617279 
603, 25190.7363300158 
604, 25176.8599840827 
605, 25200.3956913252 
606, 25142.1358117859 
607, 24998.6931755774 
608, 24818.0341093338 
609, 24641.1530838683 
610, 24472.7461334204 
611, 24320.1859984075 
612, 24192.7084388217 
613, 24056.8535530121 
614, 23897.3195323165 
615, 23723.6098872321 
616, 23589.2669874293 
617, 23503.7699888796 
618, 23503.5518122571 
619, 23611.0453773208 
620, 23716.8338067201 
621, 23724.9816529132 
622, 23604.464416242 
623, 23402.0442932509 
624, 23176.9981772603 
625, 22963.2874497777 
626, 22776.7763878164 
627, 22612.1880306763 
628, 22447.2613255513 
629, 22289.8328823474 
630, 22175.0153358002 
631, 22188.5234385581 
632, 22273.5321719401 
633, 22376.844905652 
634, 22486.7092022131 
635, 22571.8042224855 
636, 22631.4328531497 
637, 22672.862189209 
638, 22688.1336917325 
639, 22655.8484523464 
640, 22557.2402435772 
641, 22386.4488403277 
642, 22259.7728835858 
643, 22187.2020950701 
644, 22138.9210724036 
645, 22050.0821001172 
646, 21911.5832884406 
647, 21738.751748579 
648, 21563.2587057497 
649, 21418.2810060171 
650, 21303.8312073705 
651, 21243.1349485221 
652, 21275.7995383202 
653, 21227.5214936178 
654, 20988.3077481539 
655, 20541.4958874239 
656, 20014.4467948703 
657, 19637.5760424982 
658, 19652.0705066026 
659, 20175.7993656953 
660, 20680.0972751377 
661, 20962.0816696384 
662, 21019.0965506287 
663, 21046.7606243877 
664, 21025.1297651335 
665, 20991.1526468177 
666, 20977.1549893241 
667, 20982.8351998747 
668, 20975.3977299277 
669, 20955.8852048642 
670, 20940.1090442092 
671, 20895.8444457264 
672, 20844.6268809561 
673, 20814.2502388124 
674, 20832.4290780636 
675, 20860.7616433384 
676, 20881.3755429079 
677, 20889.5006999772 
678, 20903.3626507857 
679, 20910.6636647011 
680, 20909.2855155065 
681, 20902.5561223962 
682, 20891.1031316533 
683, 20845.0179449371 
684, 20671.9154416514 
685, 20200.901669615 
686, 19355.6129519082 
687, 18207.6173468318 
688, 17042.7985361394 
689, 16597.0163165334 
690, 16978.9755272004 
691, 17859.2565306939 
692, 18652.5238087475 
693, 19350.9483076337 
694, 19860.040567852 
695, 20169.5805999568 
696, 20385.3069894096 
697, 20564.5885780953 
698, 20683.9672791104 
699, 20711.5303796839 
700, 20678.0256973894 
701, 20643.4473863546 
702, 20656.2557464754 
703, 20750.1987629214 
704, 20929.9776342712 
705, 21138.8372770711 
706, 21318.9761290726 
707, 21423.8313416112 
708, 21513.7784013566 
709, 21597.7012999689 
710, 21672.6827537896 
711, 21746.7450022358 
712, 21802.9400653405 
713, 21830.8665805971 
714, 21818.164220684 
715, 21727.2864358531 
716, 21465.5678560618 
717, 20992.1506587482 
718, 20340.617241267 
719, 19798.677322079 
720, 19610.8883474775 
721, 19872.537637106 
722, 20398.2221942302 
723, 20761.2857587139 
724, 20822.1933350392 
725, 20667.8933497366 
726, 20649.5234512049 
727, 20723.1712459311 
728, 20817.7448571473 
729, 20879.709802549 
730, 21024.6990747118 
731, 21279.7787223749 
732, 21626.3049495046 
733, 22002.0130216233 
734, 22324.1628839709 
735, 22530.7500760745 
736, 22596.3647997837 
737, 22585.0959628374 
738, 22558.9265062022 
739, 22534.2100766895 
740, 22491.427168676 
741, 22482.9215980922 
742, 22519.8478141897 
743, 22596.2677519058 
744, 22693.3117783441 
745, 22761.5532656908 
746, 22794.4919240798 
747, 22799.3460596231 
748, 22774.0776403159 
749, 22704.4197127177 
750, 22605.9812199772 
751, 22515.7739505896 
752, 22474.8535924191 
753, 22467.4723689279 
754, 22467.8209012199 
755, 22445.5423735386 
756, 22335.260909223 
757, 21867.1248543445 
758, 20600.2318452092 
759, 17766.0489523888 
760, 13616.2236529492 
761, 9582.21521876686 
762, 7368.3165379265 
763, 7384.29624673511 
764, 8585.0847040876 
765, 10451.1281975985 
766, 12935.4485918783 
767, 15635.4900824824 
768, 17975.018310501 
769, 19600.8713715887 
770, 20509.0726050763 
771, 20957.8024104219 
772, 21134.3039935973 
773, 21179.7394177569 
774, 21170.4619663358 
775, 21122.4326708465 
776, 21058.7320779987 
777, 20994.3938868823 
778, 20908.156824732 
779, 20805.5949823673 
780, 20703.0644098402 
781, 20620.2995079482 
782, 20528.9036641067 
783, 20418.8168898737 
784, 20293.342870781 
785, 20170.9126368571 
786, 20049.2269046316 
787, 19908.0615238521 
788, 19730.7278159082 
789, 19522.1959517388 
790, 19301.0017600364 
791, 19074.0041974326 
792, 18845.3278003617 
793, 18628.8956135395 
794, 18453.1708264379 
795, 18337.3547018946 
796, 18284.0762209593 
797, 18241.3149698433 
798, 18167.7806154063 
799, 18043.9013928878 
800, 17876.6553308991 
801, 17693.8281934162 
802, 17522.6385419767 
803, 17375.2988393225 
804, 17234.0292976387 
805, 17109.9566571138 
806, 16995.8964236118 
807, 16873.3530232442 
808, 16710.2738941066 
809, 16511.2044326976 
810, 16291.3956726549 
811, 16062.8021871412 
812, 15788.7477570406 
813, 15427.2449154283 
814, 14973.3845930859 
815, 14464.904790937 
816, 13990.5085462271 
817, 13616.2268313882 
818, 13384.3661189033 
819, 13309.5116513223 
820, 13287.0118279235 
821, 13240.8558570383 
822, 13139.725245929 
823, 13022.8236826189 
824, 12946.3589013996 
825, 12957.5628958061 
826, 13041.5690503584 
827, 13010.1280616119 
828, 12867.8893339013 
829, 12679.2280442556 
830, 12530.7456953545 
831, 12432.33149549 
832, 12359.0699446217 
833, 12297.7385681198 
834, 12249.2755097066 
835, 12226.1647141667 
836, 12213.7983146066 
837, 12190.2109808152 
838, 12131.6769532162 
839, 12044.4210038733 
840, 11936.9151389329 
841, 11817.4720282379 
842, 11691.8753287716 
843, 11561.8547117119 
844, 11433.5331199028 
845, 11310.6788447938 
846, 11193.0656692437 
847, 11042.7187308837 
848, 10859.7163579965 
849, 10659.1195684252 
850, 10455.4409005208 
851, 10218.4012979578 
852, 9973.89631383039 
853, 9769.52566427402 
854, 9615.59115453992 
855, 9492.42891631583 
856, 9436.20543494321 
857, 9496.52716042875 
858, 9587.98193178132 
859, 9607.7355133356 
860, 9537.22243318395 
861, 9432.68216088676 
862, 9307.32595344225 
863, 9144.70224982188 
864, 8947.9700705177 
865, 8746.97703945082 
866, 8558.28985928084 
867, 8395.46172140162 
868, 8285.67094568912 
869, 8272.07234880277 
870, 8290.3412867577 
871, 8279.12520834055 
872, 8210.18867276218 
873, 8110.36052360431 
874, 8006.73377556223 
875, 7901.9592875654 
876, 7795.04317598207 
877, 7694.73204256623 
878, 7597.69271283761 
879, 7499.57577930734 
880, 7398.32727123199 
881, 7299.16276598151 
882, 7200.58692974479 
883, 7106.4898109585 
884, 7019.32842855018 
885, 6932.26668157438 
886, 6838.9974863467 
887, 6740.2801522794 
888, 6640.61614797701 
889, 6544.6074588697 
890, 6450.92881187164 
891, 6347.8855640681 
892, 6220.90410485138 
893, 6065.66808958653 
894, 5886.93535216901 
895, 5691.02135408985 
896, 5485.02250044297 
897, 5273.22832224125 
898, 5074.85960330973 
899, 4911.03889292413 
900, 4797.98122215827 
901, 4730.5832266962 
902, 4698.42294208282 
903, 4685.26491821745 
904, 4671.82472687429 
905, 4642.04746539991 
906, 4590.2626355892 
907, 4508.72297103682 
908, 4394.16635960364 
909, 4272.12833151739 
910, 4167.20342252169 
911, 4089.8172087254 
912, 4036.21027299691 
913, 3991.61286378739 
914, 3949.57156915412 
915, 3907.39250550052 
916, 3866.87204674533 
917, 3840.42440324265 
918, 3817.18049348478 
919, 3794.1295266327 
920, 3773.95486037207 
921, 3748.55526442671 
922, 3715.27545483349 
923, 3667.02850507575 
924, 3595.78025903517 
925, 3506.38263765934 
926, 3399.69014686792 
927, 3270.79421287883 
928, 3113.16433612756 
929, 2931.78913313156 
930, 2725.8655529899 
931, 2505.64219458783 
932, 2290.35282155087 
933, 2102.19382217595 
934, 1951.40692304974 
935, 1847.78659996178 
936, 1795.43493267491 
937, 1779.88424944292 
938, 1790.87144435921 
939, 1812.56207253404 
940, 1830.55334043481 
941, 1846.2306571729 
942, 1850.50614305695 
943, 1834.36051488227 
944, 1795.35131826042 
945, 1747.47816494964 
946, 1708.30329885424 
947, 1684.13400785567 
948, 1673.45857264065 
949, 1670.97272573141 
950, 1665.39948850154 
951, 1657.75494605838 
952, 1651.28330988915 
953, 1642.92835304878 
954, 1632.451630989 
955, 1622.64979905441 
956, 1615.89046024299 
957, 1611.76794979525 
958, 1608.54685986429 
959, 1606.23634104289 
960, 1605.15493033854 
961, 1605.25472904361 
962, 1603.30438053661 
963, 1606.227396167 
964, 1612.93783887297 
965, 1612.50075374538 
966, 1614.22146981462 
967, 1613.53668077101 
968, 1607.79447035981 
969, 1597.99709424397 
970, 1584.68421341624 
971, 1569.16467889354 
972, 1548.60842531991 
973, 1519.64828567534 
974, 1489.21583578845 
975, 1458.44148908336 
976, 1427.8182023876 
977, 1398.59102089186 
978, 1375.59412079762 
979, 1355.2064047333 
980, 1337.08065476019 
981, 1321.09088568802 
982, 1304.9422710792 
983, 1288.2503923153 
984, 1269.6273768923 
985, 1248.62317268299 
986, 1226.49792837893 
987, 1203.91773833414 
988, 1180.27825835452 
989, 1154.74465272341 
990, 1127.3628424885 
991, 1104.27179285665 
992, 1080.66746654895 
993, 1055.53322330118 
994, 1030.96106998453 
995, 1005.51481004944 
996, 979.792892349718 
997, 954.061458634791 
998, 928.675372160597 
999, 904.832158587565 
1000, 881.110616047966 
1001, 5571.10296654448 
1002, 5547.33097487822 
1003, 5521.94751304186 
1004, 5509.87505316147 
1005, 5500.75090740967 
1006, 5498.76502312825 
1007, 5508.60163379157 
1008, 5517.56379734994 
1009, 5528.92951661166 
1010, 5548.95886624846 
1011, 5565.52461455629 
1012, 5579.80482654726 
1013, 5596.97610945561 
1014, 5614.71378933181 
1015, 5635.15359811616 
1016, 5661.13034425203 
1017, 5688.42930411677 
1018, 5716.10293528251 
1019, 5751.03251859844 
1020, 5782.53974802535 
1021, 5809.00082901169 
1022, 5836.06688103161 
1023, 5863.07181860891 
1024, 5889.17306277828 
1025, 5920.87235296949 
1026, 5954.29549510316 
1027, 5992.4884697862 
1028, 6030.66138097459 
1029, 6056.53181275948 
1030, 6081.5012660027 
1031, 6112.02633259359 
1032, 6140.40365826756 
1033, 6167.78116677702 
1034, 6194.07252173241 
1035, 6219.03226219484 
1036, 6239.75845671476 
1037, 6261.95489101157 
1038, 6281.86093502408 
1039, 6304.63183683719 
1040, 6330.83321994284 
1041, 6347.83763454586 
1042, 6368.07428986825 
1043, 6387.5503688665 
1044, 6400.27409312345 
1045, 6413.2392658825 
1046, 6426.54503677693 
1047, 6443.19280800506 
1048, 6461.57032145166 
1049, 6480.13959482236 
1050, 6504.0179132994 
1051, 6528.84091896699 
1052, 6553.1599339236 
1053, 6581.21989157415 
1054, 6604.45917653415 
1055, 6633.54582710425 
1056, 6667.15498947801 
1057, 6698.87630999295 
1058, 6732.55648298743 
1059, 6769.43919062223 
1060, 6812.66657932749 
1061, 6859.38833795732 
1062, 6909.02111529158 
1063, 6963.49396484791 
1064, 7023.80218013167 
1065, 7088.81575536052 
1066, 7159.19013459964 
1067, 7237.42902730175 
1068, 7317.80899948326 
1069, 7401.50955878498 
1070, 7488.48677314159 
1071, 7586.61314947734 
1072, 7690.08525818601 
1073, 7792.93800635153 
1074, 7907.2621683677 
1075, 8005.21906757234 
1076, 8097.51372796446 
1077, 8187.40810127014 
1078, 8264.10412898126 
1079, 8335.08861349902 
1080, 8402.63051527346 
1081, 8459.67667608918 
1082, 8514.31496952407 
1083, 8563.23206086962 
1084, 8610.58557034612 
1085, 8659.34569017215 
1086, 8701.46341014842 
1087, 8743.22390223785 
1088, 8774.29116145978 
1089, 8798.99870025434 
1090, 8815.53135585753 
1091, 8825.02062300117 
1092, 8824.77330688484 
1093, 8815.09773850624 
1094, 8803.10512767516 
1095, 8782.4123595708 
1096, 8754.288701121 
1097, 8724.28911699138 
1098, 8690.65288184196 
1099, 8664.71524743514 
1100, 8642.13179089457 
1101, 8619.34690850657 
1102, 8611.88293110034 
1103, 8581.16952739635 
1104, 8545.90359895577 
1105, 8495.29896954719 
1106, 8432.01068018476 
1107, 8349.24423380578 
1108, 8238.48924589558 
1109, 8098.68232780607 
1110, 7909.45515307724 
1111, 7681.264694349 
1112, 7413.59671184095 
1113, 7087.62170519806 
1114, 6765.51365739951 
1115, 6390.77694935865 
1116, 6052.95041851286 
1117, 5690.56438627584 
1118, 5382.41924960465 
1119, 5099.56359421268 
1120, 4834.79520218365 
1121, 4617.05954956911 
1122, 4445.09923722441 
1123, 4319.72074409852 
1124, 4235.70536914959 
1125, 4196.95714584504 
1126, 4225.09105247718 
1127, 4247.04401683909 
1128, 4308.89683229206 
1129, 4368.88188174673 
1130, 4444.53173406434 
1131, 4521.50269765411 
1132, 4601.24892312712 
1133, 4699.46195750841 
1134, 4802.42476987718 
1135, 4919.80414981131 
1136, 5086.85212739402 
1137, 5261.17952615558 
1138, 5428.50246565566 
1139, 5583.92264201582 
1140, 5683.71039439549 
1141, 5749.21035390889 
1142, 5776.09998828473 
1143, 5743.14040654229 
1144, 5723.70571875836 
1145, 5629.8979586412 
1146, 5620.60987696595 
1147, 5615.79626302695 
1148, 5670.95924486308 
1149, 5787.86908484329 
1150, 5928.52448989146 
1151, 6116.54674548235 
1152, 6331.26755336763 
1153, 6550.82859371622 
1154, 6807.80966639643 
1155, 7045.06900085695 
1156, 7292.0231785024 
1157, 7522.38155182123 
1158, 7754.82575040101 
1159, 7967.21730676568 
1160, 8172.79948236938 
1161, 8355.64155473531 
1162, 8525.90758407231 
1163, 8674.12534682048 
1164, 8801.15427807245 
1165, 8909.55194118679 
1166, 9002.66096888543 
1167, 9071.08627525933 
1168, 9121.70445254742 
1169, 9150.70439705255 
1170, 9167.1731206705 
1171, 9163.21835248915 
1172, 9148.64532830998 
1173, 9115.12875501938 
1174, 9079.50574319031 
1175, 9029.57919838764 
1176, 8976.35041132555 
1177, 8914.61995935339 
1178, 8853.52669914551 
1179, 8782.35400602212 
1180, 8716.60951026306 
1181, 8652.06619832144 
1182, 8586.88522545225 
1183, 8531.50848176758 
1184, 8475.42214993995 
1185, 8436.20710578339 
1186, 8407.3026243819 
1187, 8387.20417842439 
1188, 8382.25742780473 
1189, 8375.94892333897 
1190, 8386.58856247121 
1191, 8380.50071313813 
1192, 8378.54211924242 
1193, 8359.21610321224 
1194, 8329.69790380265 
1195, 8287.5649895305 
1196, 8230.40978860322 
1197, 8166.72596572332 
1198, 8093.13579145252 
1199, 7998.57040631747 
1200, 7924.57370388713 
1201, 7842.70613103409 
1202, 7782.85642229224 
1203, 7734.98213831502 
1204, 7698.30005161914 
1205, 7675.66281988946 
1206, 7657.58433235794 
1207, 7655.32975795814 
1208, 7650.34025300825 
1209, 7650.38588061239 
1210, 7651.09718093552 
1211, 7656.54874741246 
1212, 7659.02842427585 
1213, 7661.08209781397 
1214, 7666.30577241177 
1215, 7662.30386155888 
1216, 7654.32623269986 
1217, 7643.24276474941 
1218, 7625.66598552535 
1219, 7609.39770628455 
1220, 7590.26599327022 
1221, 7572.13313408103 
1222, 7554.43342277823 
1223, 7534.22756227908 
1224, 7506.89149734101 
1225, 7489.67376303298 
1226, 7475.69603317892 
1227, 7462.89556996966 
1228, 7462.37001413067 
1229, 7454.58819053415 
1230, 7443.92315634622 
1231, 7431.5165009297 
1232, 7412.5787903913 
1233, 7388.288105652 
1234, 7363.4351875113 
1235, 7333.00943631111 
1236, 7303.49765707218 
1237, 7274.06714204069 
1238, 7242.09889386449 
1239, 7207.70455185732 
1240, 7172.50893866337 
1241, 7132.38066584296 
1242, 7097.32581985718 
1243, 7066.17180722844 
1244, 7031.01180135163 
1245, 6997.54212478121 
1246, 6963.69372766949 
1247, 6922.88392193018 
1248, 6875.79488910923 
1249, 6830.0626512799 
1250, 6783.94634561658 
1251, 6731.26996526721 
1252, 6681.24665877695 
1253, 6614.71938421823 
1254, 6540.29543518796 
1255, 6454.91652119651 
1256, 6357.3318833085 
1257, 6252.44452290546 
1258, 6134.14096701292 
1259, 6015.26343956751 
1260, 5883.14780539353 
1261, 5756.9832475749 
1262, 5623.54555566613 
1263, 5500.65999124028 
1264, 5393.24702595671 
1265, 5282.51428627092 
1266, 5218.29707672272 
1267, 5170.40862429526 
1268, 5167.54326398126 
1269, 5204.56198761054 
1270, 5261.79531032062 
1271, 5364.63648531811 
1272, 5463.05010277739 
1273, 5592.10159381872 
1274, 5706.07495702717 
1275, 5835.87076319225 
1276, 5940.20670101018 
1277, 6032.8801217369 
1278, 6117.00807768614 
1279, 6185.72422772089 
1280, 6243.96008029986 
1281, 6304.86896269608 
1282, 6363.17370142086 
1283, 6418.88431508353 
1284, 6471.43430799233 
1285, 6522.31722885138 
1286, 6571.74567864024 
1287, 6616.68905908077 
1288, 6661.7772166947 
1289, 6697.80767030084 
1290, 6730.37713391556 
1291, 6752.43848494106 
1292, 6763.90484329252 
1293, 6772.80116977766 
1294, 6773.30682191328 
1295, 6771.72068851321 
1296, 6765.68512806999 
1297, 6758.1797901783 
1298, 6747.76669427284 
1299, 6733.36278347513 
1300, 6718.74125964687 
1301, 6698.46796185862 
1302, 6678.12233470367 
1303, 6655.61517996397 
1304, 6629.73077332178 
1305, 6601.49973122056 
1306, 6572.74316978614 
1307, 6539.38936280333 
1308, 6508.17214423401 
1309, 6478.14655489655 
1310, 6446.26948908116 
1311, 6412.20069592372 
1312, 6379.07033786564 
1313, 6342.88005373356 
1314, 6312.01528404447 
1315, 6284.68918549042 
1316, 6258.97410818465 
1317, 6236.36539721758 
1318, 6214.66228678165 
1319, 6198.76108455571 
1320, 6177.79088187142 
1321, 6157.02987059665 
1322, 6132.4382503032 
1323, 6094.00849937994 
1324, 6052.13780764543 
1325, 5985.65184669539 
1326, 5900.75785300974 
1327, 5808.75916330527 
1328, 5684.44877501332 
1329, 5584.55555842952 
1330, 5478.6867800485 
1331, 5393.97952212005 
1332, 5316.92490072579 
1333, 5262.3022746687 
1334, 5233.5709875564 
1335, 5204.88273636943 
1336, 5200.49607017122 
1337, 5190.13781402056 
1338, 5167.56046407426 
1339, 5118.87565398626 
1340, 5037.86764938202 
1341, 4928.29919836917 
1342, 4772.88603038694 
1343, 4580.1588221036 
1344, 4347.57829522272 
1345, 4065.01538299167 
1346, 3766.32926329131 
1347, 3418.13236468824 
1348, 3082.77499870413 
1349, 2716.35152767877 
1350, 2378.73584731662 
1351, 2030.05483507959 
1352, 1722.86524911375 
1353, 1426.41710550731 
1354, 1171.67870258344 
1355, 952.479363852072 
1356, 761.556045441148 
1357, 604.203745768309 
1358, 475.435977578167 
1359, 367.273570086149 
1360, 287.115587862717 
1361, 233.671389043695 
1362, 193.377820446818 
1363, 161.477129284773 
1364, 137.804467758826 
1365, 119.227449032085 
1366, 100.335989554894 
1367, 97.5957489227524 
1368, 110.147575510933 
1369, 123.457923118202 
1370, 144.526114800161 
1371, 168.252652317352 
1372, 202.951173583301 
1373, 229.843658907588 
1374, 261.133845643329 
1375, 284.208114439606 
1376, 304.62971958422 
1377, 315.130553536378 
1378, 319.428431275221 
1379, 315.955915946289 
1380, 303.259879918425 
1381, 289.919776677175 
1382, 278.980452574042 
1383, 274.833774294152 
1384, 284.664920824015 
1385, 297.249748990508 
1386, 318.127090334549 
1387, 354.794665876136 
1388, 383.251403124787 
1389, 418.584294468636 
1390, 442.820570058938 
1391, 461.073167901047 
1392, 475.245996107004 
1393, 482.539747984984 
1394, 489.493650413577 
1395, 491.338916016651 
1396, 498.088784378008 
1397, 501.626380125135 
1398, 511.955510823972 
1399, 527.011952916973 
1400, 543.427384932402 
1401, 565.612628940775 
1402, 586.061286403641 
1403, 608.318519885467 
1404, 629.354716502483 
1405, 646.788933812602 
1406, 667.861310294243 
1407, 685.650861896747 
1408, 705.648954360508 
1409, 734.131742465669 
1410, 766.558873406666 
1411, 803.999209718433 
1412, 853.4948154354 
1413, 892.497696352492 
1414, 934.537099201125 
1415, 964.23322029804 
1416, 985.806956689513 
1417, 1005.89047208712 
1418, 1018.8399591661 
1419, 1031.55972261029 
1420, 1043.35896546007 
1421, 1049.73209805258 
1422, 1053.48340197256 
1423, 1052.08268144609 
1424, 1049.24558923468 
1425, 1036.2653355739 
1426, 1014.19825808485 
1427, 989.826878669971 
1428, 959.593273246558 
1429, 922.373425238618 
1430, 885.136957002022 
1431, 840.840790177545 
1432, 787.123510501069 
1433, 736.404980786253 
1434, 694.268842650291 
1435, 659.397522967996 
1436, 632.795188348248 
1437, 607.242772164547 
1438, 579.759063388876 
1439, 549.988013044468 
1440, 523.461570922 
1441, 496.898671103792 
1442, 475.918172701979 
1443, 459.266585432197 
1444, 442.154238942704 
1445, 431.000360892325 
1446, 413.244957511358 
1447, 390.186877448649 
1448, 372.860484598746 
1449, 355.19151200778 
1450, 338.788228318626 
1451, 325.236250792446 
1452, 312.806189791038 
1453, 301.676654942062 
1454, 289.556197354069 
1455, 278.465078359214 
1456, 270.259482280884 
1457, 256.852006835803 
1458, 244.387480538268 
1459, 237.981302298977 
1460, 229.181952633021 
1461, 214.12615823422 
1462, 199.90682180635 
1463, 184.76055102239 
1464, 162.14255893408 
1465, 147.36600669272 
1466, 137.521509206081 
1467, 125.684583936076 
1468, 113.486574704951 
1469, 107.145156153745 
1470, 105.790838269587 
1471, 100.725246698841 
1472, 97.203307957604 
1473, 92.6364478491351 
1474, 83.5099843364121 
1475, 78.0890156716627 
1476, 77.7427605588249 
1477, 74.0752960888835 
1478, 70.1953107136494 
1479, 65.2371801527188 
1480, 55.512521982366 
1481, 51.1305461404688 
1482, 45.8053645523928 
1483, 46.1062528111763 
1484, 54.6621431309004 
1485, 60.9230666331674 
1486, 70.7780271720608 
1487, 79.5361339871764 
1488, 80.1965084641838 
1489, 76.7376594082765 
1490, 73.2528008424672 
1491, 65.0390544114297 
1492, 61.657851059309 
1493, 62.4952812020859 
1494, 61.2587279747704 
1495, 62.9494989134558 
1496, 67.7253194115758 
1497, 69.8477285537416 
1498, 69.7290462614567 
1499, 68.3274146500007 
1500, 69.0752128366133 
1501, 66.6705075070693 
1502, 67.2255349728023 
1503, 73.7824146793637 
1504, 72.6921734442542 
1505, 66.4190799077566 
1506, 64.3551825342465 
1507, 58.1591268342472 
1508, 58.6199676112847 
1509, 67.1130405582743 
1510, 71.0292941391025 
1511, 76.2126964234222 
1512, 80.2255566835342 
1513, 80.5980888795327 
1514, 82.8615108781947 
1515, 87.120708999655 
1516, 89.5431158644486 
1517, 94.1588347691865 
1518, 94.4800517167481 
1519, 90.0530436375198 
1520, 87.0279545843046 
1521, 81.0800362972595 
1522, 75.0953790925618 
1523, 76.6200743290544 
1524, 83.8633876438669 
1525, 94.8388988751816 
1526, 104.868059479242 
1527, 107.252378312971 
1528, 106.906310166303 
1529, 103.532787791679 
1530, 99.7067616690103 
1531, 99.6219252723333 
1532, 101.962290956525 
1533, 100.545979701213 
1534, 96.7806432571856 
1535, 93.9055889907603 
1536, 87.561740039492 
1537, 86.093227493272 
1538, 86.5671150544603 
1539, 88.7552971413324 
1540, 93.7717856887463 
1541, 98.3095537349044 
1542, 105.923252873078 
1543, 108.329049789334 
1544, 107.255900333076 
1545, 109.526611075914 
1546, 111.712855570417 
1547, 113.784800895246 
1548, 116.583694509316 
1549, 120.871618053742 
1550, 125.157174590584 
1551, 128.20967232966 
1552, 133.254905415756 
1553, 137.656258735807 
1554, 140.725800311741 
1555, 142.032810540612 
1556, 143.713725728358 
1557, 144.522723025212 
1558, 137.883185817818 
1559, 139.70043820919 
1560, 150.24996122145 
1561, 155.566828415371 
1562, 162.880114466528 
1563, 168.333813316289 
1564, 168.00624892534 
1565, 169.538412321531 
1566, 174.753056012768 
1567, 176.041683801044 
1568, 172.485768410439 
1569, 174.356636434741 
1570, 171.697271947982 
1571, 169.157450528245 
1572, 172.137969841225 
1573, 173.980308568867 
1574, 177.579415679537 
1575, 182.44806091602 
1576, 189.822490954937 
1577, 194.160665998381 
1578, 196.842927063831 
1579, 205.925116634157 
1580, 211.384696853193 
1581, 215.324631343062 
1582, 220.410691912473 
1583, 225.344095634445 
1584, 231.615941132702 
1585, 239.764372584398 
1586, 244.290538692064 
1587, 249.168223761996 
1588, 250.968424275614 
1589, 246.752184846039 
1590, 249.455206794065 
1591, 254.736508267902 
1592, 258.957797023092 
1593, 265.269859376882 
1594, 271.691351720801 
1595, 279.469180222231 
1596, 282.122929361043 
1597, 282.198235547954 
1598, 285.433786848016 
1599, 286.056434382062 
1600, 287.626889886969 
1601, 294.763789921693 
1602, 297.025000517329 
1603, 294.833193759773 
1604, 293.5323188564 
1605, 289.861681709213 
1606, 290.133800915559 
1607, 289.797280672725 
1608, 293.522109078951 
1609, 305.930312844422 
1610, 310.080553686099 
1611, 311.70456055435 
1612, 313.407128216594 
1613, 307.092287265527 
1614, 308.970239991174 
1615, 321.815122270859 
1616, 323.248592059564 
1617, 319.485469551797 
1618, 319.723044615886 
1619, 311.51032422337 
1620, 311.522267572754 
1621, 323.753499887396 
1622, 329.221451331989 
1623, 333.488737487327 
1624, 336.956122458033 
1625, 337.53040576034 
1626, 338.228145421977 
1627, 338.900497792776 
1628, 339.39777720547 
1629, 337.016532553343 
1630, 338.394472952303 
1631, 344.356766811124 
1632, 346.515758710189 
1633, 351.635986410648 
1634, 351.337093374936 
1635, 341.966701282383 
1636, 337.515828566666 
1637, 330.957013706125 
1638, 328.257424902671 
1639, 329.42119916491 
1640, 332.61808662008 
1641, 342.552769486186 
1642, 346.980910675313 
1643, 348.750516909456 
1644, 352.804903749476 
1645, 353.759358671219 
1646, 356.081882977135 
1647, 361.894192459473 
1648, 367.609313591832 
1649, 373.983933485055 
1650, 378.643884119702 
1651, 385.835312707004 
1652, 388.592236942658 
1653, 388.75801503393 
1654, 383.475170382225 
1655, 386.092186824386 
1656, 388.712329323694 
1657, 393.9701948533 
1658, 405.667615586368 
1659, 410.243165112696 
1660, 412.801338264761 
1661, 413.31582592205 
1662, 410.727434198855 
1663, 410.593949031712 
1664, 408.734123694094 
1665, 410.324541064674 
1666, 414.729162648478 
1667, 417.068485222836 
1668, 420.416084840983 
1669, 421.096427083161 
1670, 419.03526838637 
1671, 421.275854880032 
1672, 423.79581739769 
1673, 427.354684654825 
1674, 434.553155362342 
1675, 437.994371374078 
1676, 440.166043952216 
1677, 441.424889511791 
1678, 441.58662019841 
1679, 441.486559214393 
1680, 438.35392805504 
1681, 441.702196531543 
1682, 446.627304256172 
1683, 454.876187033106 
1684, 470.09864402583 
1685, 476.668310086918 
1686, 482.65235306301 
1687, 484.142162791933 
1688, 480.829993479349 
1689, 477.264852380993 
1690, 468.61298472814 
1691, 468.645426003336 
1692, 469.403276854567 
1693, 473.503484777383 
1694, 485.670510473709 
1695, 491.757034757309 
1696, 497.666469142411 
1697, 498.989052288364 
1698, 496.806743760849 
1699, 496.08878932407 
1700, 491.582542121247 
1701, 490.840670532572 
1702, 493.111348047625 
1703, 494.26774807009 
1704, 495.048062682704 
1705, 496.601682947536 
1706, 499.242835733962 
1707, 500.976493938033 
1708, 502.569388619203 
1709, 504.266975476414 
1710, 504.632962800687 
1711, 509.170175485811 
1712, 516.786796655525 
1713, 520.021628515435 
1714, 522.89352962371 
1715, 524.801417662375 
1716, 529.267880985035 
1717, 534.666417791397 
1718, 539.457096965065 
1719, 534.538604322959 
1720, 529.476356386971 
1721, 524.998449287537 
1722, 522.199669452636 
1723, 528.09377659637 
1724, 531.526278469678 
1725, 533.989685619356 
1726, 535.955173464169 
1727, 529.665731116811 
1728, 519.852724209252 
1729, 512.163267023049 
1730, 508.833393047089 
1731, 510.325234465995 
1732, 515.732677611217 
1733, 520.055716857696 
1734, 517.412918564353 
1735, 516.952913903172 
1736, 517.213678131178 
1737, 515.788960801174 
1738, 520.397054117697 
1739, 522.058458875307 
1740, 516.479277136732 
1741, 506.579690458412 
1742, 499.119930581264 
1743, 497.996461642554 
1744, 502.524377514274 
1745, 513.810476849937 
1746, 523.043127521192 
1747, 524.772964356335 
1748, 522.006130969559 
1749, 518.442129491904 
1750, 515.454090437811 
1751, 515.30585757975 
1752, 517.984567157479 
1753, 521.041133419703 
1754, 521.824002303024 
1755, 518.682326296955 
1756, 516.874072331721 
1757, 514.919543386282 
1758, 513.679931397442 
1759, 516.779705533982 
1760, 515.428284366501 
1761, 514.074816461475 
1762, 512.816772801741 
1763, 504.894359290296 
1764, 501.888090538125 
1765, 501.570154109218 
1766, 499.080330889446 
1767, 495.656169036593 
1768, 495.201178369544 
1769, 497.74258298688 
1770, 494.358677801089 
1771, 490.083889330065 
1772, 486.730095840667 
1773, 477.003340677856 
1774, 472.086220512004 
1775, 475.134723179719 
1776, 472.504387810884 
1777, 466.303685728632 
1778, 461.037670127424 
1779, 453.707072402346 
1780, 446.760918051874 
1781, 440.76968869438 
1782, 435.807475822004 
1783, 427.566161451096 
1784, 426.740306680984 
1785, 434.667522319791 
1786, 434.013884739148 
1787, 434.541348964545 
1788, 429.456299233017 
1789, 415.822866479872 
1790, 404.295898797523 
1791, 391.799830831267 
1792, 383.053926034585 
1793, 377.78471500762 
1794, 366.908265538294 
1795, 354.108402071896 
1796, 335.648282550081 
1797, 315.454353258822 
1798, 293.75693391543 
1799, 284.529156806305 
1800, 278.56370292889 
1801, 1514.05201078991 
1802, 1468.42320214349 
1803, 1428.02549948974 
1804, 1406.45926394762 
1805, 1379.69737910243 
1806, 1363.59529026023 
1807, 1343.19575799764 
1808, 1317.70789418559 
1809, 1302.57584835285 
1810, 1256.66609246591 
1811, 1183.89920807319 
1812, 1123.240568826 
1813, 1049.36028159281 
1814, 981.682527602534 
1815, 912.212835359937 
1816, 852.518365402825 
1817, 790.367238397668 
1818, 748.649256303598 
1819, 719.656628495777 
1820, 725.197867810411 
1821, 707.913812447036 
1822, 700.732968880451 
1823, 670.628030747636 
1824, 627.164761484574 
1825, 596.490396450922 
1826, 542.724468176252 
1827, 483.247070661698 
1828, 430.523634312791 
1829, 366.705358929608 
1830, 310.733553843394 
1831, 259.508488827309 
1832, 215.82434878735 
1833, 169.478492393675 
1834, 141.357411966824 
1835, 138.00597090463 
1836, 138.78843698387 
1837, 127.135947103543 
1838, 117.558470321888 
1839, 112.087900913162 
1840, 90.4516865223075 
1841, 92.8994969765699 
1842, 114.475211840715 
1843, 141.049056724728 
1844, 166.115988344492 
1845, 174.607784814154 
1846, 159.290275879109 
1847, 144.181897756832 
1848, 135.183578229567 
1849, 111.97342138776 
1850, 101.457086707621 
1851, 98.7768564286895 
1852, 115.729424953594 
1853, 121.409999455844 
1854, 123.73539256706 
1855, 117.539328722767 
1856, 88.1738930728208 
1857, 68.6985099072474 
1858, 61.4078657095479 
1859, 67.8867227235791 
1860, 97.3739534008826 
1861, 133.624974512273 
1862, 147.825242469117 
1863, 164.346112625234 
1864, 175.505974403149 
1865, 163.97522009597 
1866, 150.425990541429 
1867, 135.543611691523 
1868, 111.028004517561 
1869, 91.1747742546221 
1870, 76.7590465894153 
1871, 69.0935331926951 
1872, 54.0606410168096 
1873, 39.2258777923498 
1874, 42.1829376483468 
1875, 39.044363546973 
1876, 42.5761148392322 
1877, 49.7089586798334 
1878, 43.9596353897273 
1879, 39.6866928273167 
1880, 53.2591868790956 
1881, 78.1003419173257 
1882, 117.481611809048 
1883, 134.539208365279 
1884, 154.487423262516 
1885, 146.405217707023 
1886, 108.545260693919 
1887, 98.4820942903619 
1888, 92.8912373820128 
1889, 90.1260700259736 
1890, 97.7064139544061 
1891, 106.014535611338 
1892, 124.418027143822 
1893, 121.320380800698 
1894, 123.345503687743 
1895, 138.76159189321 
1896, 116.863896962574 
1897, 116.680194093765 
1898, 107.655973385515 
1899, 59.9651617079496 
1900, 32.955935342672 
1901,-6.87671610859999 
1902,-22.6688231834403 
1903,-29.6772254874997 
1904,-2.54437442760478 
1905, 3.49775428007716 
1906, 30.0756985207042 
1907, 48.0399897030846 
1908, 30.663010358177 
1909, 36.3073875823176 
1910, 43.4026034525389 
1911, 50.6760879437229 
1912, 70.4081694746264 
1913, 71.5351230092359 
1914, 63.3171270346826 
1915, 54.4783052796722 
1916, 38.2132906382733 
1917, 28.4252405076694 
1918, 44.0732326470547 
1919, 69.3410986220561 
1920, 81.237791118864 
1921, 72.3920935968567 
1922, 70.8232076743722 
1923, 57.0932748215222 
1924, 48.4936074523931 
1925, 38.7132275182808 
1926, 48.391731622812 
1927, 47.0919320082539 
1928, 34.6380692798234 
1929, 24.8817822501504 
1930, 35.9602744280822 
1931, 46.5553881639062 
1932, 59.2408528743602 
1933, 57.9720896008003 
1934, 48.65921935613 
1935, 31.7469603957435 
1936,-5.22140021450317 
1937,-25.4555061113875 
1938,-39.4797650124323 
1939,-46.1855173122209 
1940,-26.3589940311681 
1941,-8.81270498909155 
1942,-14.212299426573 
1943,-10.9858242485029 
1944,-2.03632262059519 
1945,-0.496627340005816 
1946, 4.61294738662776 
1947, 30.2739905993774 
1948, 41.4247214328216 
1949, 47.2466115903933 
1950, 32.4825386536098 
1951, 30.7056559323144 
1952, 39.3332885857221 
1953, 30.6504407805943 
1954, 40.545809668508 
1955, 35.9842705301991 
1956, 17.0319088082441 
1957, 7.01052683627484 
1958,-4.79307431561669 
1959,-13.7294614129803 
1960,-20.2344150390208 
1961,-21.8194978559521 
1962,-14.6696100828641 
1963,-5.69815948225345 
1964,-3.17489164394739 
1965, 25.3843427020456 
1966, 35.0108811064302 
1967, 37.8857146804282 
1968, 36.0445499464758 
1969, 20.1121647282327 
1970, 15.4346659519327 
1971, 15.082098675412 
1972, 13.6289099264508 
1973, 16.5753467270653 
1974, 21.0812395175687 
1975, 24.503642790503 
1976, 14.272652029238 
1977, 18.1559273488546 
1978, 24.8568839570386 
1979, 34.3808279868183 
1980, 55.5017212546358 
1981, 63.6660931420582 
1982, 67.5975228422728 
1983, 73.8252847312549 
1984, 71.7787514279572 
1985, 72.6719239132575 
1986, 86.3344568474411 
1987, 82.9470167379341 
1988, 65.5873144437902 
1989, 54.5474411527568 
1990, 48.4803500663531 
1991, 43.3293029238821 
1992, 34.4557401767511 
1993, 28.0640693207097 
1994, 25.8434242544538 
1995, 11.9556363271747 
1996, 11.0597746791068 
1997, 34.8586568173069 
1998, 37.7610322569286 
1999, 43.7105781339427 
2000, 49.0915544445577 
2001, 21.7383889189864 
2002, 23.8681650035407 
2003, 13.0879882923793 
2004,-10.0003912196041 
2005,-22.2116595558348 
2006,-25.3782430321748 
2007,-39.6046849598605 
2008,-73.9403804526911 
2009,-77.1816621434566 
2010,-73.7385397261455 
2011,-50.8840678204458 
2012,-26.7256562622777 
2013, 13.4411522662375 
2014, 31.1748702241471 
2015, 34.4612043346937 
2016, 34.7650378045034 
2017, 24.1110063670244 
2018, 22.1970822320868 
2019, 14.7591111752258 
2020, 13.9425509758564 
2021, 29.6827181022874 
2022, 33.1606440950368 
2023, 32.6910385773779 
2024, 27.7346030374728 
2025, 12.1388922256959 
2026,-17.4941534723056 
2027,-27.5075756416018 
2028,-45.4531231593852 
2029,-40.5391049996212 
2030,-4.51657781264803 
2031, 7.54110396911386 
2032, 12.7731514962458 
2033, 30.0519815141511 
2034, 51.9132011977329 
2035, 62.4001996761061 
2036, 81.8340912261157 
2037, 90.9265239783528 
2038, 91.2435525464226 
2039, 75.6428038666454 
2040, 60.1732566960411 
2041, 37.0353319519757 
2042, 28.1383417550104 
2043, 11.2692340630621 
2044, 13.0760277693278 
2045, 44.2873065818997 
2046, 48.3714953000208 
2047, 46.4839553557307 
2048, 42.6026246306206 
2049, 23.4800077855361 
2050, 12.1465757874815 
2051, 0.477588678128779 
2052,-3.44635892543693 
2053,-12.4073857315667 
2054,-9.24548331699597 
2055, 0.946591305178261 
2056, 26.3227825211907 
2057, 38.8878489234114 
2058, 63.0810066740312 
2059, 64.8087359457928 
2060, 48.5137330934432 
2061, 35.0848744548759 
2062,-0.126392949353874 
2063,-11.717077916882 
2064,-13.5758095004853 
2065,-11.234189816705 
2066, 9.88992314986794 
2067, 26.1581359234413 
2068, 30.7230440043597 
2069, 30.2944046212558 
2070, 27.5011430416918 
2071, 12.2063679247213 
2072, 9.28051362170558 
2073, 7.61679270959562 
2074, 11.7272226202001 
2075, 27.3164548946763 
2076, 30.9045257213703 
2077, 33.215664603775 
2078, 35.238185227207 
2079, 31.6006087031359 
2080, 27.5632290541572 
2081, 25.3267992048087 
2082, 16.9543072111607 
2083, 16.7848059279879 
2084, 13.2223342528594 
2085, 20.0597836981576 
2086, 41.9087474221884 
2087, 49.0112532970836 
2088, 49.0372124710004 
2089, 58.3904810180047 
2090, 67.0393352641934 
2091, 76.4392361526641 
2092, 106.659277646993 
2093, 112.162284026352 
2094, 91.2576345484918 
2095, 86.2835197732818 
2096, 81.5717946017943 
2097, 69.9166232423952 
2098, 65.277784580987 
2099, 74.9512850890697 
2100, 71.0488650918914 
2101, 55.3682516437902 
2102, 51.2021985450986 
2103, 47.9587363873971 
2104, 50.3735240979401 
2105, 61.5333416860685 
2106, 67.7119626327784 
2107, 77.6562499420074 
2108, 82.0505117390811 
2109, 80.7023712558063 
2110, 81.7445971776009 
2111, 72.0254719453199 
2112, 81.3849056793557 
2113, 97.5570406935846 
2114, 103.183296537398 
2115, 108.585455201297 
2116, 113.465058054079 
2117, 121.912632777133 
2118, 123.852560726123 
2119, 136.832542957714 
2120, 162.403952988351 
2121, 181.394987481353 
2122, 207.84522886257 
2123, 220.130434654856 
2124, 220.997822739765 
2125, 226.455392005736 
2126, 227.819211796886 
2127, 225.569828402483 
2128, 211.310157228119 
2129, 221.278173659951 
2130, 226.892970115483 
2131, 232.149650655413 
2132, 231.74492629338 
2133, 238.214398852072 
2134, 235.897703161656 
2135, 211.557802732897 
2136, 216.347496337603 
2137, 238.981090933956 
2138, 254.396913136975 
2139, 281.237345366622 
2140, 298.15769287255 
2141, 301.937786801364 
2142, 318.258733567776 
2143, 348.358170743321 
2144, 365.420633385789 
2145, 383.540627882581 
2146, 394.450861080955 
2147, 392.808943896128 
2148, 401.221965982839 
2149, 407.747783726933 
2150, 415.782443115044 
2151, 428.72974077475 
2152, 447.267006905838 
2153, 455.531298082791 
2154, 467.143920433512 
2155, 471.488654122088 
2156, 463.073821068845 
2157, 460.084338359622 
2158, 452.701636386774 
2159, 456.148799713157 
2160, 457.941566039632 
2161, 470.286717239997 
2162, 506.498106880357 
2163, 527.070274689035 
2164, 542.145920792347 
2165, 561.220034658451 
2166, 577.577593113363 
2167, 586.207656961126 
2168, 598.21058416775 
2169, 612.740261959528 
2170, 629.471306101571 
2171, 640.085653856591 
2172, 660.790610349455 
2173, 701.035219848907 
2174, 717.077593942551 
2175, 722.844521343754 
2176, 733.553794496505 
2177, 738.051985103981 
2178, 737.208827433822 
2179, 727.528261700497 
2180, 732.936546678086 
2181, 739.141222364072 
2182, 745.294872995473 
2183, 767.855123663106 
2184, 787.827533894997 
2185, 788.366890460307 
2186, 785.710526790599 
2187, 780.679834168656 
2188, 761.669293100143 
2189, 770.259139014997 
2190, 781.514106030917 
2191, 805.90349835572 
2192, 862.717950471347 
2193, 892.857965695372 
2194, 933.235714195441 
2195, 940.403830301792 
2196, 912.967166336711 
2197, 902.466197934464 
2198, 862.813504001007 
2199, 856.413987069222 
2200, 883.390375146975 
2201, 897.964051116026 
2202, 924.932260908431 
2203, 942.927691429897 
2204, 961.514703965426 
2205, 959.06192173546 
2206, 961.387762484094 
2207, 963.162425466984 
2208, 973.154267507931 
2209, 984.875413315851 
2210, 997.621250768682 
2211, 1016.24141440637 
2212, 1036.17007344729 
2213, 1054.38731217453 
2214, 1076.37170835734 
2215, 1109.95569536628 
2216, 1129.69892880614 
2217, 1148.81494523331 
2218, 1157.24809812101 
2219, 1148.32742713107 
2220, 1153.74953573891 
2221, 1157.93102755878 
2222, 1163.35366034389 
2223, 1180.10058605828 
2224, 1188.26744471857 
2225, 1194.74644315745 
2226, 1192.89245963055 
2227, 1178.57835906134 
2228, 1172.60449123575 
2229, 1169.94096253378 
2230, 1163.89440043307 
2231, 1163.09388759932 
2232, 1169.25578884417 
2233, 1183.0821429886 
2234, 1206.88052218828 
2235, 1209.38502780759 
2236, 1217.58570612614 
2237, 1208.6749302125 
2238, 1168.15152097475 
2239, 1151.68329372091 
2240, 1137.08274280533 
2241, 1133.61303015618 
2242, 1147.14658314525 
2243, 1145.96592060036 
2244, 1143.06187030444 
2245, 1144.58937867685 
2246, 1145.07962840419 
2247, 1139.32386702647 
2248, 1131.74157735666 
2249, 1132.81147267791 
2250, 1130.41632891227 
2251, 1126.00064371617 
2252, 1141.23597489785 
2253, 1138.26489648042 
2254, 1104.69757292496 
2255, 1084.81604837927 
2256, 1050.31209156272 
2257, 1023.85674557246 
2258, 1005.69421699912 
2259, 1000.44865923676 
2260, 982.372493606373 
2261, 962.175236935321 
2262, 949.187444283865 
2263, 931.781950483674 
2264, 922.693875078723 
2265, 925.604481202258 
2266, 923.696914227878 
2267, 922.17905952711 
2268, 917.549365307123 
2269, 917.400576047724 
2270, 907.345209723185 
2271, 887.906058636566 
2272, 872.278987218692 
2273, 858.534378252573 
2274, 836.006026135631 
2275, 813.030044953737 
2276, 783.690963338093 
2277, 725.232512663984 
2278, 696.796348558239 
2279, 681.131804593334 
2280, 668.126200352273 
2281, 675.587440161642 
2282, 685.926058487997 
2283, 684.579299167538 
2284, 671.812574176967 
2285, 639.908641800013 
2286, 628.144063774365 
2287, 620.356295115324 
2288, 612.265152893731 
2289, 596.246054198935 
2290, 586.451579992607 
2291, 560.887102601834 
2292, 511.372329089702 
2293, 486.563551286127 
2294, 467.41374620522 
2295, 454.138519451591 
2296, 456.789718628708 
2297, 446.099495935527 
2298, 426.386359800217 
2299, 424.449571011499 
2300, 435.360900027374 
2301, 426.410824957935 
2302, 424.48833982715 
2303, 409.102086827963 
2304, 358.859995229536 
2305, 339.756540356047 
2306, 342.81283190017 
2307, 327.336970269261 
2308, 301.604540548901 
2309, 294.351293503107 
2310, 289.623061939035 
2311, 286.443746341616 
2312, 307.098294953482 
2313, 314.019793153967 
2314, 320.546938808573 
2315, 301.761262111262 
2316, 274.481840643011 
2317, 267.693479622213 
2318, 245.321852868377 
2319, 231.595781194757 
2320, 232.81682697201 
2321, 229.131314599292 
2322, 242.455732451791 
2323, 246.998987959498 
2324, 231.314245792232 
2325, 214.826842128806 
2326, 192.925559098877 
2327, 165.463456753444 
2328, 150.123159358786 
2329, 149.208524246405 
2330, 144.728178789187 
2331, 137.034811467979 
2332, 138.947143575422 
2333, 148.897321820322 
2334, 157.534958832717 
2335, 172.881846673244 
2336, 184.706010555294 
2337, 199.336783347706 
2338, 205.494680151857 
2339, 210.416089700967 
2340, 201.146144503485 
2341, 183.351885391789 
2342, 161.606320042196 
2343, 121.652164951116 
2344, 102.28824623529 
2345, 82.5623783701374 
2346, 71.6853643810913 
2347, 78.7558699612921 
2348, 77.0401872289572 
2349, 69.61473198149 
2350, 75.4056709692629 
2351, 96.4296355476809 
2352, 100.147029666818 
2353, 100.921994634967 
2354, 104.442356505973 
2355, 97.4367311637026 
2356, 90.689070888745 
2357, 94.207808732152 
2358, 90.3065582849703 
2359, 75.8132455191011 
2360, 63.5490876263104 
2361, 37.3944484797241 
2362, 32.9753962390498 
2363, 40.8052352432231 
2364, 52.219247072234 
2365, 58.0577864744947 
2366, 80.0731057825014 
2367, 87.4370259330266 
2368, 69.6807052959426 
2369, 65.4293493655606 
2370, 55.6067087579201 
2371, 28.0711720751534 
2372, 27.3398340468098 
2373, 27.6453098491613 
2374, 22.1289331176684 
2375, 41.0612266884591 
2376, 58.5777060672518 
2377, 78.1078961223593 
2378, 105.297632155117 
2379, 117.560989279003 
2380, 98.8726726444425 
2381, 74.583126120185 
2382, 58.509516489225 
2383, 43.2645496687668 
2384, 51.0458752162002 
2385, 51.5782635095308 
2386, 44.6397289118805 
2387, 44.7275249628421 
2388, 36.7356984180477 
2389, 37.7924442476824 
2390, 41.1329937442606 
2391, 49.7100841716494 
2392, 58.7429675580554 
2393, 54.5560185774787 
2394, 56.8756391837371 
2395, 45.0751276054931 
2396, 13.4856462668923 
2397, 6.04002224209083 
2398, 9.6187187329713 
2399, 12.4694614068521 
2400, 33.4273389876941 
2401, 42.7439546860765 
2402, 47.1125077656729 
2403, 64.9125353268504 
2404, 74.8289453836386 
2405, 79.7998988120799 
2406, 87.3331133071502 
2407, 75.2775863292715 
2408, 43.7627046639098 
2409, 31.8689058844861 
2410, 21.2971443356065 
2411, 24.5327615290652 
2412, 37.4715070034262 
2413, 37.7004064935698 
2414, 38.2071165548219 
2415, 40.6274835715377 
2416, 45.9381839276525 
2417, 49.774245851603 
2418, 56.161798420132 
2419, 44.3480016676768 
2420, 12.5380843722198 
2421, 4.48650483323298 
2422,-0.141342650812267 
2423, 1.83553633041099 
2424, 19.5309883325913 
2425, 31.9302746218161 
2426, 40.2201352170593 
2427, 55.2016628394175 
2428, 84.1973734220019 
2429, 88.1239268025593 
2430, 85.3647836217861 
2431, 72.1612299633004 
2432, 42.9643410847148 
2433, 19.7297096965509 
2434,-13.9992434871168 
2435,-24.3549776972967 
2436,-34.2175820021007 
2437,-35.5700276620877 
2438,-10.5669250029708 
2439,-8.29544823620845 
2440,-17.9468330769291 
2441,-5.9422449160466 
2442, 12.0332625059708 
2443, 19.063150971439 
2444, 37.7583855999408 
2445, 31.7661409536655 
2446, 20.1497117753299 
2447, 26.8423845967294 
2448, 29.3441082512164 
2449, 24.7926331590024 
2450, 21.3207010830703 
2451, 13.0412978007635 
2452, 20.2748137800687 
2453, 11.5582186732729 
2454, 4.89114487378235 
2455, 21.486528339666 
2456, 15.9195664912074 
2457, 35.2372762551036 
2458, 59.4879469000339 
2459, 53.7217673516767 
2460, 47.6445992523282 
2461, 35.4135373982929 
2462, 23.4428716338192 
2463, 7.9708935627911 
2464, 0.988208130862149 
2465, 3.87892443291501 
2466, 8.15617698044449 
2467, 9.63528827158295 
2468,-7.54034094396477 
2469,-27.9593371691713 
2470,-41.8211953133663 
2471,-26.8172162721303 
2472, 6.91534059007892 
2473, 24.8385736160505 
2474, 43.4919726648388 
2475, 36.0822623693489 
2476, 12.4055201547847 
2477, 15.8123507910268 
2478, 5.40657324746745 
2479, 4.17845616570808 
2480, 28.106285956202 
2481, 28.6562691235712 
2482, 26.8120752852722 
2483, 26.382620943618 
2484, 8.50038825706 
2485,-8.34498174857529 
2486,-10.056369777894 
2487,-13.1710894423094 
2488,-7.21700375256267 
2489, 7.31878501725594 
2490, 1.35302770269595 
2491,-19.9701278705416 
2492,-38.1606014490334 
2493,-38.7494819026532 
2494,-27.4004727856012 
2495,-0.896486915712151 
2496, 23.8171754179173 
2497, 24.4714672087647 
2498, 28.2078320100799 
2499, 29.4616088541849 
2500, 24.7325903251363 
