Wavelength,0212202100111.asd
350, 2551.5018142973 
351, 2684.86727854631 
352, 2807.50195996703 
353, 2907.01839551451 
354, 3007.56976864059 
355, 3113.07050901049 
356, 3221.73488222279 
357, 3332.53452675787 
358, 3447.15350767102 
359, 3568.41774601769 
360, 3702.04600621869 
361, 3864.8100223754 
362, 4052.56120184508 
363, 4256.64677869101 
364, 4466.04852593482 
365, 4677.41764654645 
366, 4878.03234702892 
367, 5053.26996661878 
368, 5188.74669403521 
369, 5269.96418099782 
370, 5299.25166198923 
371, 5290.57960672547 
372, 5267.21854525381 
373, 5255.82761205463 
374, 5262.57910163071 
375, 5277.4052599571 
376, 5288.71741607521 
377, 5295.64994756171 
378, 5286.8313844318 
379, 5235.7900612922 
380, 5172.4796630626 
381, 5102.24383286728 
382, 5022.7248890971 
383, 4926.2428265643 
384, 4825.94083035354 
385, 4754.66114824868 
386, 4752.95567903149 
387, 4848.40228532915 
388, 4989.25350025858 
389, 5114.52852054086 
390, 5168.5655670067 
391, 5225.90993448455 
392, 5283.45930974189 
393, 5330.79643020154 
394, 5366.87955382252 
395, 5474.60186389828 
396, 5690.73007804775 
397, 6028.94506765867 
398, 6505.0409253573 
399, 7049.30444167593 
400, 7608.08028374198 
401, 8148.56244102455 
402, 8665.82815085378 
403, 9093.53296677272 
404, 9401.37347443291 
405, 9637.96361733238 
406, 9825.17543057688 
407, 9992.08234224994 
408, 10173.6904252438 
409, 10423.055434765 
410, 10724.7277795583 
411, 11058.8498972083 
412, 11404.0420387745 
413, 11746.8389154203 
414, 12086.3135141356 
415, 12413.5404431685 
416, 12700.8745183518 
417, 12972.1364894218 
418, 13250.088762843 
419, 13541.8330579399 
420, 13794.1967823037 
421, 14049.1181190251 
422, 14327.2735506023 
423, 14626.0243094351 
424, 14903.4052914832 
425, 15122.7286906675 
426, 15251.9761995964 
427, 15261.1651116275 
428, 15200.9284036207 
429, 15208.1896804296 
430, 15393.5736808837 
431, 15663.3094462333 
432, 16022.3413302877 
433, 16553.3317221942 
434, 17359.9967360586 
435, 18219.3517208043 
436, 18878.4140086542 
437, 19283.4322520102 
438, 19708.94478884 
439, 20146.3544953825 
440, 20558.448690401 
441, 20930.0216938197 
442, 21413.1793877724 
443, 21924.3240437395 
444, 22394.1126112883 
445, 22775.9031545028 
446, 23081.9066091153 
447, 23356.3228483402 
448, 23647.5760101336 
449, 24009.8509008096 
450, 24318.4901542911 
451, 24485.250879298 
452, 24475.0525145624 
453, 24410.520758292 
454, 24271.4679691797 
455, 24094.7317173378 
456, 23969.2248620334 
457, 23939.0752708106 
458, 23945.8055668152 
459, 23928.4778128759 
460, 23865.3912620989 
461, 23767.6576110264 
462, 23661.2080962542 
463, 23562.1777597195 
464, 23405.5945206297 
465, 23163.147103282 
466, 22864.4077341569 
467, 22593.3105165911 
468, 22360.7402788433 
469, 22184.3310260586 
470, 22074.6800116157 
471, 22036.4530665337 
472, 22010.9516784027 
473, 22003.0168539752 
474, 22035.1348933512 
475, 22026.1696078959 
476, 22000.4534768336 
477, 21984.9315992672 
478, 21996.8738778943 
479, 22066.3235499786 
480, 22164.5058394461 
481, 22237.2662242036 
482, 22220.4372050041 
483, 22057.6346164004 
484, 21713.5238727291 
485, 21196.3867601486 
486, 20688.0731047766 
487, 20325.7317838986 
488, 20217.8779996987 
489, 20452.0433559351 
490, 20829.5107630098 
491, 21141.2502624349 
492, 21250.9226560631 
493, 21293.4208401485 
494, 21352.83590111 
495, 21470.7036176493 
496, 21637.7879475627 
497, 21690.0264153587 
498, 21629.931309725 
499, 21494.4703350658 
500, 21313.4055083747 
501, 21173.0904976735 
502, 21114.2456900622 
503, 21157.8721509659 
504, 21350.6479989512 
505, 21624.1322315273 
506, 21905.2609777883 
507, 22128.3294349168 
508, 22299.3934181654 
509, 22432.2977116365 
510, 22553.7323692199 
511, 22722.9666347702 
512, 22840.9127525067 
513, 22863.742750509 
514, 22782.7952966327 
515, 22598.7163815388 
516, 22346.5362412332 
517, 22096.0832728786 
518, 21952.3152286009 
519, 22135.7198054952 
520, 22667.3663831177 
521, 23421.1944244419 
522, 24053.2464891974 
523, 24524.611325618 
524, 24855.3663247842 
525, 25104.8469310147 
526, 25212.8226124463 
527, 25253.4354334867 
528, 25380.9000140804 
529, 25887.9855731113 
530, 26551.1856575007 
531, 27112.3906906736 
532, 27359.9788832959 
533, 27442.4732433196 
534, 27565.2461270358 
535, 27839.1436646412 
536, 28256.5348257611 
537, 28561.0876740795 
538, 28702.7450675975 
539, 28718.1687015357 
540, 28708.9711506162 
541, 28734.1070369814 
542, 28878.5792741438 
543, 29210.2709329524 
544, 29594.5030429806 
545, 29933.218462075 
546, 30171.2960210491 
547, 30307.6945283481 
548, 30396.6061227581 
549, 30500.3969433719 
550, 30658.4148879019 
551, 30821.0736352992 
552, 30947.2313635454 
553, 31039.9828271904 
554, 31136.4374504835 
555, 31210.2534436456 
556, 31184.5331181526 
557, 31015.6702766399 
558, 30729.6903675647 
559, 30485.3754307436 
560, 30374.7231083968 
561, 30429.248492129 
562, 30566.1587693272 
563, 30646.4678285647 
564, 30601.8811556474 
565, 30454.0830276162 
566, 30243.8680012241 
567, 30028.929286103 
568, 29844.5820914256 
569, 29656.343291052 
570, 29412.843362342 
571, 29181.7632879334 
572, 29094.3513179599 
573, 29119.5627809613 
574, 29112.5678128383 
575, 28980.8921230566 
576, 28737.7855489173 
577, 28513.4747711274 
578, 28394.6675969485 
579, 28428.6939002572 
580, 28579.4839059003 
581, 28842.9425704322 
582, 29164.0630471816 
583, 29441.0363094868 
584, 29614.9724239174 
585, 29616.3675715839 
586, 29437.8895214871 
587, 29205.7726897869 
588, 28914.6526648865 
589, 28521.6169555086 
590, 28030.1141950947 
591, 27851.2959478744 
592, 27982.4718783361 
593, 28230.2411509897 
594, 28220.7232273338 
595, 28079.7877157098 
596, 27881.0563123633 
597, 27674.8527646611 
598, 27448.3934398229 
599, 27169.9681221599 
600, 26863.3005122843 
601, 26591.2288246653 
602, 26382.6935464262 
603, 26270.523897623 
604, 26252.6820090586 
605, 26279.6292804029 
606, 26223.283448845 
607, 26077.9531794936 
608, 25891.8153867993 
609, 25705.4832534105 
610, 25530.2418351635 
611, 25373.8649346718 
612, 25240.1652812528 
613, 25100.4499029366 
614, 24937.4639324735 
615, 24759.0207179676 
616, 24620.413047006 
617, 24533.75274873 
618, 24534.1036727268 
619, 24641.6789487398 
620, 24753.8729123966 
621, 24768.1707986737 
622, 24649.110863799 
623, 24443.2633144635 
624, 24211.1148789544 
625, 23991.4770598379 
626, 23802.420317641 
627, 23629.1994182088 
628, 23457.7139529837 
629, 23296.4651301182 
630, 23176.8968545324 
631, 23188.3041736102 
632, 23275.0431558722 
633, 23383.1888299335 
634, 23497.9092154022 
635, 23584.9591287042 
636, 23645.6381336836 
637, 23689.8862859989 
638, 23707.8158019513 
639, 23673.9264816403 
640, 23571.7639835735 
641, 23402.009940867 
642, 23267.6315402152 
643, 23186.9600605743 
644, 23135.904888363 
645, 23042.8104840444 
646, 22893.5841737461 
647, 22706.1678330418 
648, 22517.8860549993 
649, 22363.0483405327 
650, 22244.3440695862 
651, 22183.6808925304 
652, 22215.4715610349 
653, 22167.7338276803 
654, 21925.1327278233 
655, 21468.0868401962 
656, 20930.6414315059 
657, 20540.0272724215 
658, 20540.9992663654 
659, 21061.0761806193 
660, 21600.1569232338 
661, 21912.9823626629 
662, 21978.4817345887 
663, 22010.2233091739 
664, 21989.6299823843 
665, 21955.2077031689 
666, 21940.4834333726 
667, 21946.7506442946 
668, 21940.4728034879 
669, 21921.5507516197 
670, 21904.8732276675 
671, 21861.1642984831 
672, 21808.596156008 
673, 21774.2617919148 
674, 21789.5694090825 
675, 21819.6312958707 
676, 21842.2315811666 
677, 21848.6194167081 
678, 21861.8430058392 
679, 21868.6040296016 
680, 21866.5340471374 
681, 21858.9396711963 
682, 21844.5556140004 
683, 21796.5308575431 
684, 21619.2073896703 
685, 21128.5880168339 
686, 20253.164675026 
687, 19074.4428748976 
688, 17881.3055032718 
689, 17377.0426166773 
690, 17738.6373427606 
691, 18638.8586992147 
692, 19450.8169140806 
693, 20160.5159807702 
694, 20676.2721979973 
695, 20991.4584894244 
696, 21213.3591099783 
697, 21406.6930816523 
698, 21539.7708934438 
699, 21569.9051227081 
700, 21523.7099697149 
701, 21479.1134163053 
702, 21489.1995259397 
703, 21583.649899171 
704, 21771.13176366 
705, 21989.2294445322 
706, 22177.183685038 
707, 22291.0246485832 
708, 22384.3188164501 
709, 22468.661898743 
710, 22545.0561878967 
711, 22620.725575823 
712, 22673.7498133903 
713, 22695.063692458 
714, 22675.2703700044 
715, 22563.5602261538 
716, 22264.4024014994 
717, 21734.4523908226 
718, 21004.058625983 
719, 20394.7676378452 
720, 20173.6053103944 
721, 20443.9987587865 
722, 21005.5854521694 
723, 21401.2615514915 
724, 21469.8853504441 
725, 21291.332558676 
726, 21254.3247962005 
727, 21325.3119570297 
728, 21430.1839025242 
729, 21501.1108417162 
730, 21659.7338761771 
731, 21935.8777762227 
732, 22312.2015134854 
733, 22726.4919232067 
734, 23088.6456271006 
735, 23327.2545688005 
736, 23409.7919179635 
737, 23405.8968529384 
738, 23387.4415582949 
739, 23372.6836237633 
740, 23337.1144419125 
741, 23335.9398594366 
742, 23380.2496922818 
743, 23465.430010891 
744, 23577.3218706816 
745, 23657.939503747 
746, 23699.5847226766 
747, 23711.456375645 
748, 23695.7476513602 
749, 23634.1923969624 
750, 23543.0015945299 
751, 23462.0339604349 
752, 23428.6315189216 
753, 23429.3379248716 
754, 23440.2153107444 
755, 23431.2649187747 
756, 23332.0084961475 
757, 22861.2132407978 
758, 21564.9653775585 
759, 18664.4646463025 
760, 14377.100758791 
761, 10158.7048107662 
762, 7778.0913604436 
763, 7756.1769186227 
764, 9001.55350598354 
765, 10954.745895313 
766, 13543.4424040031 
767, 16371.5255982321 
768, 18835.1123718767 
769, 20558.7039539741 
770, 21530.5821957931 
771, 22015.5258664318 
772, 22211.7906811833 
773, 22270.069364581 
774, 22267.8725996605 
775, 22222.3640850403 
776, 22160.383300738 
777, 22100.0825166761 
778, 22014.4665150861 
779, 21911.9610018652 
780, 21809.5303988422 
781, 21725.5123689697 
782, 21635.162191178 
783, 21525.8462982208 
784, 21398.661651676 
785, 21271.9333926848 
786, 21142.7790821888 
787, 20993.2513582268 
788, 20807.5153333935 
789, 20585.1994663055 
790, 20348.5261766606 
791, 20109.4442525295 
792, 19875.1608274924 
793, 19650.1704879086 
794, 19467.9825602205 
795, 19346.99418811 
796, 19285.3368748893 
797, 19240.8539139839 
798, 19167.973234884 
799, 19041.2122287088 
800, 18862.5492375543 
801, 18666.2987302069 
802, 18485.2125280353 
803, 18332.8700901713 
804, 18184.2189022515 
805, 18057.107252421 
806, 17940.0227356562 
807, 17808.9847957141 
808, 17636.9043165204 
809, 17426.4864600606 
810, 17190.3010084674 
811, 16937.584375016 
812, 16631.7048746138 
813, 16229.9540758579 
814, 15727.2037607136 
815, 15163.0708451012 
816, 14644.7251291603 
817, 14238.8335431357 
818, 13989.3229845285 
819, 13917.9783980848 
820, 13907.8299143481 
821, 13867.7240979459 
822, 13759.5984895397 
823, 13635.186506436 
824, 13550.7339435437 
825, 13563.7255525705 
826, 13664.4347653536 
827, 13643.4130903932 
828, 13497.3374627252 
829, 13295.1691351509 
830, 13135.1444563188 
831, 13034.0159183018 
832, 12962.0432411485 
833, 12904.5887132242 
834, 12864.0192685654 
835, 12847.9934861949 
836, 12843.0596532816 
837, 12825.5746536523 
838, 12766.6165509079 
839, 12677.9102407976 
840, 12568.6440981556 
841, 12446.2964996453 
842, 12314.7876581705 
843, 12181.325865192 
844, 12049.5431602136 
845, 11920.4041789549 
846, 11795.01318245 
847, 11640.9477217308 
848, 11452.0813619919 
849, 11237.9578620975 
850, 11024.4762167282 
851, 10776.9659944775 
852, 10520.240968449 
853, 10303.6580705923 
854, 10144.6221832466 
855, 10015.0468707299 
856, 9952.68388082798 
857, 10014.9156544984 
858, 10117.6482103348 
859, 10144.5057554852 
860, 10072.9610527916 
861, 9964.98075896208 
862, 9835.64802950562 
863, 9668.10754235882 
864, 9464.18756797563 
865, 9252.2572839645 
866, 9052.16100215185 
867, 8882.0445150694 
868, 8769.31249940585 
869, 8751.42342434218 
870, 8773.155069477 
871, 8765.82995528231 
872, 8696.05309281948 
873, 8595.81576509822 
874, 8485.42906704565 
875, 8374.0837453737 
876, 8265.38974018975 
877, 8160.67275277049 
878, 8058.54423733993 
879, 7956.10202984733 
880, 7851.7456570503 
881, 7748.54245462709 
882, 7645.56381634 
883, 7547.12178694234 
884, 7456.05742560193 
885, 7366.09596926808 
886, 7267.41430287293 
887, 7162.14832840296 
888, 7057.64010059535 
889, 6958.59103895825 
890, 6859.0532158049 
891, 6747.12941644593 
892, 6609.81514691853 
893, 6441.24437855793 
894, 6247.48081893515 
895, 6032.81322990067 
896, 5803.04406700131 
897, 5573.28168448545 
898, 5355.84347074986 
899, 5173.92561916028 
900, 5050.71175817777 
901, 4980.99579531964 
902, 4950.79645470755 
903, 4940.6935336238 
904, 4929.52339303192 
905, 4903.79195027081 
906, 4851.18468105841 
907, 4762.24380750217 
908, 4636.42258117099 
909, 4501.86405905037 
910, 4387.39485798331 
911, 4304.06118378095 
912, 4246.11393103617 
913, 4199.30914471236 
914, 4153.96270143997 
915, 4108.15427809768 
916, 4066.81062624266 
917, 4039.03066495338 
918, 4020.44560723734 
919, 4003.83064453686 
920, 3982.52925572404 
921, 3960.46300516923 
922, 3929.64404450061 
923, 3879.8380544978 
924, 3802.92423633 
925, 3705.18293194598 
926, 3588.45307758448 
927, 3447.11215460554 
928, 3273.16126969589 
929, 3072.38521208654 
930, 2844.79838126432 
931, 2602.64674074227 
932, 2367.13067487843 
933, 2158.18800774296 
934, 1992.76613362441 
935, 1881.57632651796 
936, 1826.11574612233 
937, 1812.34058660105 
938, 1826.79809429971 
939, 1852.49433845906 
940, 1874.71260532529 
941, 1892.70252241534 
942, 1898.24928582216 
943, 1883.07803468452 
944, 1844.80114628506 
945, 1795.56597144151 
946, 1753.45584951065 
947, 1727.37075528402 
948, 1717.51149680099 
949, 1715.15376036737 
950, 1713.2862235516 
951, 1708.63468970232 
952, 1700.78665843496 
953, 1691.3277975423 
954, 1683.53797482037 
955, 1676.75553286341 
956, 1670.36154420634 
957, 1666.19969644687 
958, 1664.60294074023 
959, 1664.47674608417 
960, 1665.68233264103 
961, 1669.83275432222 
962, 1673.04717876071 
963, 1677.71012483404 
964, 1684.597079967 
965, 1691.17087147874 
966, 1696.46447500127 
967, 1697.72244660064 
968, 1694.18667155748 
969, 1687.19140137254 
970, 1677.98244149057 
971, 1663.67687426844 
972, 1642.81136700919 
973, 1615.77179504514 
974, 1584.25726278882 
975, 1551.27780366589 
976, 1518.53572691823 
977, 1487.71407089935 
978, 1463.19883717054 
979, 1442.85073670177 
980, 1425.98418160872 
981, 1411.34033164563 
982, 1395.48356698648 
983, 1379.44858547194 
984, 1361.45490804157 
985, 1340.78925372463 
986, 1319.24945612725 
987, 1294.26742915889 
988, 1268.96624223482 
989, 1244.41483448812 
990, 1218.52064973108 
991, 1191.40543441184 
992, 1164.6024540483 
993, 1138.72694928947 
994, 1113.20920350536 
995, 1086.16272615836 
996, 1059.239653504 
997, 1033.22310435763 
998, 1007.55770753036 
999, 979.406100764443 
1000, 952.598145814269 
1001, 6058.62641819653 
1002, 6038.0343846958 
1003, 6018.77075516768 
1004, 6009.88377595361 
1005, 5999.25800647519 
1006, 5998.53062946374 
1007, 6010.26931095215 
1008, 6022.41992995835 
1009, 6037.71360277125 
1010, 6061.75832902116 
1011, 6080.47839884813 
1012, 6097.12441915644 
1013, 6119.3373857204 
1014, 6139.23906206151 
1015, 6158.3714710423 
1016, 6188.34951085532 
1017, 6217.61698851527 
1018, 6245.3581392291 
1019, 6277.90418965312 
1020, 6305.68642647509 
1021, 6331.01697821575 
1022, 6363.24514747484 
1023, 6399.21404974434 
1024, 6435.06464927244 
1025, 6474.60045576073 
1026, 6523.79614480158 
1027, 6565.69622063031 
1028, 6599.42990308986 
1029, 6635.03988714693 
1030, 6663.55006398434 
1031, 6685.82873135858 
1032, 6712.41381624495 
1033, 6739.40730538196 
1034, 6762.65245990464 
1035, 6787.78235135726 
1036, 6813.56994922873 
1037, 6841.06986191488 
1038, 6866.23576208798 
1039, 6891.31137633775 
1040, 6913.74279136127 
1041, 6936.47289991799 
1042, 6959.51959261621 
1043, 6977.17772952156 
1044, 7002.92917859074 
1045, 7026.54649521796 
1046, 7038.79225137122 
1047, 7056.99303995465 
1048, 7077.29479500058 
1049, 7095.9022064072 
1050, 7118.52626921304 
1051, 7149.31162198735 
1052, 7175.2448877648 
1053, 7198.45325231331 
1054, 7216.64594084596 
1055, 7233.84521808087 
1056, 7262.29104682002 
1057, 7294.43222604525 
1058, 7330.7469376699 
1059, 7376.75883603946 
1060, 7423.88821588102 
1061, 7472.90941555845 
1062, 7526.87590502742 
1063, 7585.47575638765 
1064, 7646.77114029988 
1065, 7710.20519522913 
1066, 7783.55316617833 
1067, 7856.72868965482 
1068, 7935.11845653272 
1069, 8027.07761654591 
1070, 8125.13608697252 
1071, 8233.84008027072 
1072, 8343.825775568 
1073, 8449.82827428012 
1074, 8558.26836560461 
1075, 8659.32579281052 
1076, 8755.74485030211 
1077, 8851.71630240071 
1078, 8940.88726188236 
1079, 9021.65505255846 
1080, 9087.05162471093 
1081, 9145.14611064099 
1082, 9201.42863350077 
1083, 9253.21409826291 
1084, 9303.34650190189 
1085, 9350.86872285704 
1086, 9392.51052720271 
1087, 9428.03768093612 
1088, 9456.92072155793 
1089, 9487.47498649168 
1090, 9501.82907964796 
1091, 9505.32748888884 
1092, 9496.75451560058 
1093, 9480.58529617859 
1094, 9457.26624865655 
1095, 9427.76588651584 
1096, 9401.19694824149 
1097, 9371.14818967785 
1098, 9333.19487623768 
1099, 9296.22642652909 
1100, 9253.43031271745 
1101, 9216.06780703216 
1102, 9183.76834457987 
1103, 9144.81225990793 
1104, 9112.10113677959 
1105, 9068.66175603586 
1106, 9011.72721233801 
1107, 8924.40792738763 
1108, 8797.92583885719 
1109, 8638.14474945551 
1110, 8417.02037416023 
1111, 8152.42011694949 
1112, 7849.70596018971 
1113, 7483.74659767335 
1114, 7122.04129277084 
1115, 6706.65760230291 
1116, 6330.01345083673 
1117, 5921.8103945585 
1118, 5577.77087009127 
1119, 5262.16929238075 
1120, 4974.17024015837 
1121, 4736.81231281041 
1122, 4548.93212878091 
1123, 4410.90603629651 
1124, 4313.36469741186 
1125, 4266.48805259264 
1126, 4288.97330550762 
1127, 4309.69205194376 
1128, 4374.98158217206 
1129, 4441.25617166275 
1130, 4529.03503220601 
1131, 4617.7594792522 
1132, 4715.49861241622 
1133, 4825.29275047409 
1134, 4937.17810817584 
1135, 5062.10548010316 
1136, 5240.06472582382 
1137, 5422.18247206683 
1138, 5606.80439218486 
1139, 5783.41028582399 
1140, 5895.04256122157 
1141, 5971.80339181404 
1142, 6003.99500555914 
1143, 5967.55494871247 
1144, 5945.30559754726 
1145, 5841.93534158867 
1146, 5829.17286365024 
1147, 5816.03979545553 
1148, 5874.29150616578 
1149, 5998.1766870571 
1150, 6157.5634565861 
1151, 6369.94459854338 
1152, 6607.77415516811 
1153, 6855.35665939605 
1154, 7144.14855363518 
1155, 7416.07992405722 
1156, 7706.27476951323 
1157, 7971.57364054666 
1158, 8240.53145461184 
1159, 8481.993571326 
1160, 8705.21915467177 
1161, 8914.06704447444 
1162, 9111.35567379651 
1163, 9287.40162308257 
1164, 9447.16382737128 
1165, 9587.4518610516 
1166, 9703.42673372273 
1167, 9792.74267993682 
1168, 9860.27793722461 
1169, 9900.25686663667 
1170, 9926.13322840732 
1171, 9929.13021569728 
1172, 9919.45025911892 
1173, 9886.28672084685 
1174, 9851.7878140119 
1175, 9803.30974215176 
1176, 9748.77210093345 
1177, 9680.6458052032 
1178, 9616.99728166769 
1179, 9545.18187699111 
1180, 9474.77381097186 
1181, 9401.71675224088 
1182, 9334.45282305594 
1183, 9277.6389957548 
1184, 9216.83590227603 
1185, 9181.40214580415 
1186, 9165.98301965418 
1187, 9152.94051153102 
1188, 9154.99264831486 
1189, 9155.89942281766 
1190, 9173.85132793491 
1191, 9172.87396973299 
1192, 9177.74943017318 
1193, 9161.5413573561 
1194, 9128.68060875905 
1195, 9087.03982892624 
1196, 9031.6369091803 
1197, 8967.96988395422 
1198, 8894.71285515535 
1199, 8803.06348991154 
1200, 8727.37120320579 
1201, 8638.48162879506 
1202, 8577.58923781678 
1203, 8531.22098196508 
1204, 8492.76697483096 
1205, 8468.96605892629 
1206, 8450.50408184482 
1207, 8443.59673341546 
1208, 8438.41212292359 
1209, 8445.03415894276 
1210, 8447.90015470037 
1211, 8450.80023608405 
1212, 8456.09190367819 
1213, 8462.74786018197 
1214, 8472.24487333284 
1215, 8475.97442018576 
1216, 8483.51668805007 
1217, 8479.18953050396 
1218, 8467.26469652261 
1219, 8452.63603818468 
1220, 8429.38174023211 
1221, 8409.25918948736 
1222, 8383.15754936766 
1223, 8363.67856243699 
1224, 8346.91860526529 
1225, 8331.23059752031 
1226, 8319.0118628649 
1227, 8307.18139576799 
1228, 8297.17470989408 
1229, 8286.45553773637 
1230, 8276.05502471473 
1231, 8268.15666005065 
1232, 8255.35604426561 
1233, 8242.63945953792 
1234, 8223.76336944673 
1235, 8202.14921169608 
1236, 8175.20110438687 
1237, 8144.24875486033 
1238, 8107.55858377037 
1239, 8058.26078861282 
1240, 8019.09217759825 
1241, 7981.7268238905 
1242, 7941.75112905518 
1243, 7906.79830243943 
1244, 7868.96301347549 
1245, 7829.18662219885 
1246, 7782.40056668406 
1247, 7739.79308123773 
1248, 7701.98585442257 
1249, 7654.01493056737 
1250, 7605.00563119616 
1251, 7545.79227247654 
1252, 7480.04248308088 
1253, 7406.42967524376 
1254, 7327.58886943492 
1255, 7236.84388857852 
1256, 7139.21037188697 
1257, 7029.41864252095 
1258, 6907.03731385833 
1259, 6776.80147259679 
1260, 6625.25802939677 
1261, 6483.55358730091 
1262, 6332.54973255117 
1263, 6185.54393679936 
1264, 6068.26705097832 
1265, 5955.81005243396 
1266, 5886.02849190283 
1267, 5836.54004021137 
1268, 5832.73762609355 
1269, 5868.04778384749 
1270, 5926.54044534341 
1271, 6035.63790776972 
1272, 6138.71110116411 
1273, 6268.784159584 
1274, 6390.02193751833 
1275, 6532.02950122879 
1276, 6647.50027908046 
1277, 6759.89647147386 
1278, 6854.85750683904 
1279, 6932.53227675788 
1280, 6991.51202205294 
1281, 7052.7786368327 
1282, 7108.57300299773 
1283, 7165.42875997865 
1284, 7221.6984535638 
1285, 7274.0296088858 
1286, 7324.68141634073 
1287, 7370.10709643703 
1288, 7413.46627146311 
1289, 7449.44795454047 
1290, 7482.32994912177 
1291, 7505.41375792611 
1292, 7519.48461907662 
1293, 7529.70109992327 
1294, 7532.85496915707 
1295, 7531.46103387651 
1296, 7525.3853697254 
1297, 7513.81987018789 
1298, 7492.74029995349 
1299, 7472.1699655835 
1300, 7449.47210082131 
1301, 7428.33791687569 
1302, 7404.8270238186 
1303, 7382.60457353743 
1304, 7354.85403946294 
1305, 7324.9589211141 
1306, 7290.66819367015 
1307, 7251.0008749462 
1308, 7212.68703844398 
1309, 7170.75640586842 
1310, 7129.06245467067 
1311, 7087.59888281222 
1312, 7046.09176192161 
1313, 7001.83574145115 
1314, 6960.07073877613 
1315, 6915.42442617973 
1316, 6879.08814295128 
1317, 6847.32833323157 
1318, 6817.92114980282 
1319, 6797.32088656535 
1320, 6777.07189728857 
1321, 6749.32624143434 
1322, 6716.96676626209 
1323, 6670.2244742311 
1324, 6619.2844700865 
1325, 6542.5054080708 
1326, 6446.42764105638 
1327, 6342.90936468319 
1328, 6207.65954014812 
1329, 6091.84253213596 
1330, 5966.31951899335 
1331, 5863.10505834173 
1332, 5761.14612555813 
1333, 5689.75953923035 
1334, 5646.0284332654 
1335, 5606.79147357592 
1336, 5595.67111536174 
1337, 5585.59518948683 
1338, 5557.56649116504 
1339, 5513.42592949949 
1340, 5436.28708463772 
1341, 5314.69472360978 
1342, 5140.50605484418 
1343, 4922.03760314926 
1344, 4658.6280703748 
1345, 4332.88012040714 
1346, 3994.46007206253 
1347, 3602.35539547844 
1348, 3227.32941359683 
1349, 2814.64121284596 
1350, 2443.4639972881 
1351, 2070.09016473576 
1352, 1739.05966607482 
1353, 1425.56536672524 
1354, 1154.3207148241 
1355, 917.714045792547 
1356, 715.424812516256 
1357, 548.091840006762 
1358, 418.986985939988 
1359, 321.173384461875 
1360, 243.192213381365 
1361, 190.928150675213 
1362, 158.953462372292 
1363, 131.909246381043 
1364, 117.850346821752 
1365, 106.473668702965 
1366, 100.057488958482 
1367, 100.522537139229 
1368, 111.828558589493 
1369, 120.989064866466 
1370, 133.48950490552 
1371, 151.860972825916 
1372, 176.566843697617 
1373, 196.449865051931 
1374, 222.693435182343 
1375, 242.099446054923 
1376, 260.175788024962 
1377, 268.638328384407 
1378, 273.508441766458 
1379, 270.372330490221 
1380, 255.869524427488 
1381, 237.753580898407 
1382, 223.795079704929 
1383, 218.711877067961 
1384, 223.881285641416 
1385, 240.787633703068 
1386, 261.756439145551 
1387, 286.446266689572 
1388, 313.196726153693 
1389, 346.817706491561 
1390, 369.234403056128 
1391, 392.887863803427 
1392, 408.932244788749 
1393, 415.59343599869 
1394, 423.88135163464 
1395, 425.550747940815 
1396, 434.601201659678 
1397, 441.668682669899 
1398, 454.651804346146 
1399, 477.859234369705 
1400, 496.460655130631 
1401, 516.38479618135 
1402, 535.248467092738 
1403, 550.653350724247 
1404, 569.214075035842 
1405, 589.509880457956 
1406, 609.206023407251 
1407, 635.659579398626 
1408, 665.575424613242 
1409, 699.405665348815 
1410, 740.446180769618 
1411, 784.375820554469 
1412, 836.526440771047 
1413, 881.1086024261 
1414, 932.377984746988 
1415, 968.291117809678 
1416, 993.831516137376 
1417, 1017.97901355283 
1418, 1034.60965936588 
1419, 1049.48514158322 
1420, 1058.83702610872 
1421, 1072.56469414884 
1422, 1090.86162873703 
1423, 1096.61194098352 
1424, 1104.06693878721 
1425, 1098.84772951938 
1426, 1076.87826100133 
1427, 1054.77040765863 
1428, 1029.45403339802 
1429, 996.501716702297 
1430, 957.459622872478 
1431, 915.290146471831 
1432, 869.870951051205 
1433, 820.909920857693 
1434, 772.584168003464 
1435, 732.003427034578 
1436, 695.384755508863 
1437, 658.934618940836 
1438, 630.608152490018 
1439, 611.46368692109 
1440, 588.402007948583 
1441, 568.253149540875 
1442, 549.768198459062 
1443, 531.340026833176 
1444, 512.715769032446 
1445, 496.723189688741 
1446, 482.213891794881 
1447, 468.016298692341 
1448, 453.314843911927 
1449, 441.002423579597 
1450, 426.183023703008 
1451, 405.737907264635 
1452, 391.997816410561 
1453, 384.119864415965 
1454, 373.31533486221 
1455, 365.367300872934 
1456, 354.807243740379 
1457, 339.821923162812 
1458, 321.161451748802 
1459, 303.009286982857 
1460, 285.591016525712 
1461, 268.194534745424 
1462, 248.179951721449 
1463, 231.495549050619 
1464, 215.746293411026 
1465, 199.310246337425 
1466, 183.528408133402 
1467, 171.67906362227 
1468, 159.439953468613 
1469, 150.356173199064 
1470, 146.68514840275 
1471, 139.381554324624 
1472, 132.24305206164 
1473, 124.455881399873 
1474, 114.510988965015 
1475, 108.616001403238 
1476, 104.203756639503 
1477, 99.4053051683855 
1478, 95.795862773827 
1479, 93.8238665004655 
1480, 91.662925234084 
1481, 91.6277616068617 
1482, 96.1653498143519 
1483, 98.1936890028906 
1484, 100.482634747993 
1485, 101.028308355471 
1486, 98.792754582528 
1487, 98.9116578047326 
1488, 99.1748724896573 
1489, 97.4976723164215 
1490, 97.8963626428543 
1491, 98.0433913032935 
1492, 99.6048287466668 
1493, 103.778468374265 
1494, 106.822482338353 
1495, 109.812890521708 
1496, 109.219579971291 
1497, 105.30832504442 
1498, 106.176075676389 
1499, 108.952331730552 
1500, 109.814496393661 
1501, 113.873036491726 
1502, 113.415219370091 
1503, 104.519233240909 
1504, 107.513688816897 
1505, 117.150731916587 
1506, 122.335258298576 
1507, 134.317925512644 
1508, 138.013526536653 
1509, 131.286427084923 
1510, 131.406082175255 
1511, 133.510016253926 
1512, 135.700748923382 
1513, 141.079420581315 
1514, 143.632993540359 
1515, 142.923457632184 
1516, 144.081007576185 
1517, 146.86758266131 
1518, 148.003343807279 
1519, 147.442675920813 
1520, 149.817231003505 
1521, 154.266336292428 
1522, 155.146026811129 
1523, 158.292294070536 
1524, 159.883568937078 
1525, 152.047772775265 
1526, 147.689159215881 
1527, 144.003651322183 
1528, 139.841369258573 
1529, 141.561199753833 
1530, 140.33253559516 
1531, 140.248574612691 
1532, 145.826168076193 
1533, 148.613188887178 
1534, 148.81431205685 
1535, 150.969178076839 
1536, 151.714375033883 
1537, 153.668007683913 
1538, 157.817746646834 
1539, 161.702329711898 
1540, 166.68076974885 
1541, 168.741789514154 
1542, 169.520402235304 
1543, 170.343819256592 
1544, 167.858393831842 
1545, 169.095656931342 
1546, 172.738498382336 
1547, 175.89178961408 
1548, 178.369602838497 
1549, 183.673590044581 
1550, 192.103960300524 
1551, 198.523692824303 
1552, 208.303315098704 
1553, 213.930620429285 
1554, 214.889800380141 
1555, 217.221815607432 
1556, 217.60118346887 
1557, 219.347169426631 
1558, 221.09475311472 
1559, 225.052856594437 
1560, 232.861252151928 
1561, 237.297795771543 
1562, 242.736958220732 
1563, 245.186884516883 
1564, 241.640023780965 
1565, 241.039918970324 
1566, 240.765264000634 
1567, 240.880829904699 
1568, 242.386004219514 
1569, 243.817691739469 
1570, 247.693354553954 
1571, 250.120867430631 
1572, 249.078177412682 
1573, 252.259129535058 
1574, 250.813938176552 
1575, 248.152541858687 
1576, 250.447602577726 
1577, 257.299846744665 
1578, 266.51724673678 
1579, 273.469478329141 
1580, 282.749210759056 
1581, 294.319689083584 
1582, 301.404854509594 
1583, 307.2963804329 
1584, 314.759389845981 
1585, 320.221161242239 
1586, 324.545535032473 
1587, 331.121325222575 
1588, 333.945729980168 
1589, 329.914440696578 
1590, 335.107590892597 
1591, 344.645140456862 
1592, 353.103547044041 
1593, 365.579616056055 
1594, 373.647207580028 
1595, 381.449340698829 
1596, 384.226416929871 
1597, 382.291061935613 
1598, 384.469582787782 
1599, 383.91443370883 
1600, 385.026377003987 
1601, 390.942152692966 
1602, 393.264440836973 
1603, 391.895931747252 
1604, 393.222016363077 
1605, 395.376720099396 
1606, 397.43732612589 
1607, 399.23666804187 
1608, 402.937198823972 
1609, 406.774349001149 
1610, 412.751787848626 
1611, 423.00033105401 
1612, 429.791964333956 
1613, 435.887496266016 
1614, 442.412165127748 
1615, 448.857591432364 
1616, 452.730494015776 
1617, 454.827001135984 
1618, 458.644900275524 
1619, 462.182024865351 
1620, 463.544357618332 
1621, 464.764879458991 
1622, 466.404814608889 
1623, 464.804419101912 
1624, 465.57340913668 
1625, 470.296321758382 
1626, 473.023946923842 
1627, 474.571304645008 
1628, 475.7696227389 
1629, 478.270833417324 
1630, 477.597413281194 
1631, 473.342550218345 
1632, 471.197324180357 
1633, 468.620222424074 
1634, 465.03739322749 
1635, 459.090577975247 
1636, 458.386863748321 
1637, 458.805418621894 
1638, 460.6087215593 
1639, 470.668674938831 
1640, 475.957751605805 
1641, 475.428498039035 
1642, 479.867151359638 
1643, 487.839230253276 
1644, 492.386640627007 
1645, 499.515461135029 
1646, 503.68977095123 
1647, 500.849458652789 
1648, 501.11661815156 
1649, 501.439022908063 
1650, 503.664952989921 
1651, 508.764707684643 
1652, 514.033245875482 
1653, 516.793647842736 
1654, 519.237747854594 
1655, 522.570733897608 
1656, 524.033725279278 
1657, 527.452881426783 
1658, 534.737328463082 
1659, 534.543708277065 
1660, 528.555544331113 
1661, 533.045097759033 
1662, 538.269470320109 
1663, 544.498441325431 
1664, 558.993410085866 
1665, 565.103451241685 
1666, 567.325932031429 
1667, 566.84434580647 
1668, 563.219779356405 
1669, 563.238563757995 
1670, 559.709911737303 
1671, 561.414425950895 
1672, 569.378113574617 
1673, 571.749077526489 
1674, 572.957785337725 
1675, 573.109217567503 
1676, 570.474861834369 
1677, 572.440561288513 
1678, 574.495528523202 
1679, 579.003990081893 
1680, 589.58416686284 
1681, 590.391943224346 
1682, 586.968215816105 
1683, 587.425129251766 
1684, 583.493510413498 
1685, 585.329914081607 
1686, 592.560234480385 
1687, 598.035332206551 
1688, 602.857865361585 
1689, 610.992848215769 
1690, 624.430387559517 
1691, 628.230939218191 
1692, 628.941228387575 
1693, 630.823575887785 
1694, 626.537055842887 
1695, 629.132765399028 
1696, 638.114893342254 
1697, 639.908396183419 
1698, 637.957697503866 
1699, 640.956035001975 
1700, 643.770336331855 
1701, 647.954513977296 
1702, 657.877729615036 
1703, 660.27396600645 
1704, 658.548242420088 
1705, 656.403747721778 
1706, 651.499238160331 
1707, 647.636065750243 
1708, 641.985046938293 
1709, 640.847016010238 
1710, 640.100326510792 
1711, 643.850656431586 
1712, 653.411345315888 
1713, 657.902816803185 
1714, 664.75176460694 
1715, 661.068462800007 
1716, 652.580268604486 
1717, 647.582832861968 
1718, 650.742262455134 
1719, 651.287070861967 
1720, 655.31920490516 
1721, 656.28016699304 
1722, 648.854103121962 
1723, 649.755168515683 
1724, 652.626372948402 
1725, 655.713258752289 
1726, 660.199074640776 
1727, 661.176827210644 
1728, 660.880497940071 
1729, 657.596198263234 
1730, 654.289932482103 
1731, 655.497052432218 
1732, 653.280720772573 
1733, 644.247597530076 
1734, 643.232286095588 
1735, 641.765589259324 
1736, 638.505028311235 
1737, 645.706745412486 
1738, 649.184686690098 
1739, 650.603747816314 
1740, 652.019618392476 
1741, 652.407821745213 
1742, 654.064683574668 
1743, 655.712737272816 
1744, 659.663900253808 
1745, 658.134955565533 
1746, 653.202877680801 
1747, 644.89842105002 
1748, 638.046897571611 
1749, 638.278397371515 
1750, 637.282882209576 
1751, 641.633983537753 
1752, 642.799014609863 
1753, 641.121055722836 
1754, 646.330946271819 
1755, 647.957053425562 
1756, 646.855868129686 
1757, 645.839174654846 
1758, 643.303259092561 
1759, 636.741954865423 
1760, 631.000789361015 
1761, 626.915338570425 
1762, 621.740975821363 
1763, 618.582883094268 
1764, 617.887705055718 
1765, 619.638666523843 
1766, 619.860960257944 
1767, 625.094036103559 
1768, 624.420545822648 
1769, 619.121857167634 
1770, 612.262854845851 
1771, 600.89964487644 
1772, 590.172243356806 
1773, 578.544540664827 
1774, 569.204699458158 
1775, 558.317516846319 
1776, 551.800467245338 
1777, 547.720241684064 
1778, 543.5400777138 
1779, 544.480590038982 
1780, 540.323814724254 
1781, 533.360103604479 
1782, 528.336977528742 
1783, 521.040624199465 
1784, 515.668386293819 
1785, 512.961048539248 
1786, 508.279013697066 
1787, 504.354318803746 
1788, 500.857878840368 
1789, 499.358115914108 
1790, 488.985815223566 
1791, 473.3630125709 
1792, 458.313430395005 
1793, 436.810286718177 
1794, 421.916090788097 
1795, 413.096903738106 
1796, 395.978818599862 
1797, 375.91811706148 
1798, 358.368544235779 
1799, 343.648948673701 
1800, 329.866584498533 
1801, 1854.2760726824 
1802, 1777.34176351693 
1803, 1700.16626741781 
1804, 1631.89091390867 
1805, 1552.8169133069 
1806, 1482.50789132572 
1807, 1424.60100492772 
1808, 1372.9169215793 
1809, 1340.1005705327 
1810, 1305.36960027991 
1811, 1278.16660396728 
1812, 1236.72702146882 
1813, 1203.63361204488 
1814, 1152.75784439739 
1815, 1056.84810831242 
1816, 979.884777110668 
1817, 912.16422226421 
1818, 833.37009594099 
1819, 786.125087200275 
1820, 789.983000658781 
1821, 756.018316478687 
1822, 714.467729456236 
1823, 686.292331425545 
1824, 628.589322444665 
1825, 557.857546431396 
1826, 515.164123157677 
1827, 473.453979722709 
1828, 433.665434569171 
1829, 420.97896753774 
1830, 378.524214455066 
1831, 323.419811206585 
1832, 256.051237573171 
1833, 187.749085115642 
1834, 142.315417289568 
1835, 114.396940516694 
1836, 86.7397524609499 
1837, 75.6251496478715 
1838, 64.5766798078798 
1839, 62.6483805133927 
1840, 80.4206850474139 
1841, 88.9756692493317 
1842, 103.262431797848 
1843, 102.90165156273 
1844, 114.890995428005 
1845, 109.947798018926 
1846, 87.4565118306565 
1847, 100.090667072212 
1848, 89.6458526063772 
1849, 71.734464495593 
1850, 71.8339036033813 
1851, 98.9994833410136 
1852, 90.9133132664925 
1853, 81.7841272848048 
1854, 77.4664474808618 
1855, 55.0191166290607 
1856, 54.9529101420011 
1857, 67.9701501907464 
1858, 82.3101704652706 
1859, 99.1754357344541 
1860, 129.459413885137 
1861, 138.748385915025 
1862, 134.510246437849 
1863, 145.144259587389 
1864, 143.902961559002 
1865, 141.816134394728 
1866, 153.892171828065 
1867, 138.786137850513 
1868, 114.779068401821 
1869, 106.68858056958 
1870, 97.9552842823503 
1871, 85.8442221813162 
1872, 85.6851189023845 
1873, 94.7915203720794 
1874, 85.1803627541501 
1875, 64.2906558988004 
1876, 55.9338818881661 
1877, 52.2643879160459 
1878, 47.0474562868311 
1879, 59.4359733919891 
1880, 72.7073936915715 
1881, 92.2106323615557 
1882, 105.304316776388 
1883, 133.116907059884 
1884, 139.349827311832 
1885, 132.281751290345 
1886, 139.795234382771 
1887, 136.13289243096 
1888, 125.551589273706 
1889, 122.939980334996 
1890, 111.142676009009 
1891, 101.390142557039 
1892, 79.0394381960379 
1893, 85.4326801938188 
1894, 100.85638649469 
1895, 104.421968570486 
1896, 98.6843477913033 
1897, 83.2903194688212 
1898, 54.1287409262481 
1899, 31.4748594710247 
1900, 21.6085045079112 
1901, 29.8587501106463 
1902, 28.4920752385911 
1903, 32.2267156131399 
1904, 23.9914532233775 
1905, 32.4518275497763 
1906, 46.6254862536389 
1907, 40.9786418542852 
1908, 36.3767756882889 
1909, 34.3531129844771 
1910, 22.2462499483425 
1911, 13.9129319193125 
1912, 14.6715134821664 
1913, 22.1489739831444 
1914, 33.5670784574546 
1915, 33.5462728669109 
1916, 35.6189571622909 
1917, 37.5416857792757 
1918, 30.1252845056718 
1919, 11.6236818265396 
1920, 15.9117471792037 
1921, 29.7981638807383 
1922, 38.7278594260878 
1923, 53.8895681149727 
1924, 60.6040626389388 
1925, 60.3339632178169 
1926, 70.2190813831292 
1927, 65.388578362788 
1928, 53.7937242191442 
1929, 49.0081570755663 
1930, 29.5866266309722 
1931, 20.6265926157951 
1932, 17.6591872517318 
1933, 13.8135721023448 
1934, 15.2692880204168 
1935, 16.5015355155446 
1936, 16.0974041402044 
1937, 19.0178645938596 
1938, 28.5826939954396 
1939, 16.95431673086 
1940,-2.40995632548382 
1941, 3.37837083308234 
1942,-5.08522454259424 
1943,-25.041224692807 
1944,-26.6181771154334 
1945,-24.2115552875131 
1946,-23.296490429747 
1947,-6.0403543804422 
1948, 6.11417415049071 
1949, 15.5289139373138 
1950, 31.9211999871972 
1951, 24.9430666731176 
1952, 15.7833571574409 
1953, 0.778206298121043 
1954,-31.9081575666119 
1955,-35.8843118768328 
1956,-17.8548709028617 
1957,-10.9808195936205 
1958, 7.64600175791202 
1959, 16.4931390394428 
1960, 17.3205917814382 
1961, 15.3361068646554 
1962, 34.2394955137908 
1963, 48.1845472738974 
1964, 38.5779069601284 
1965, 37.2519181191724 
1966, 31.1076805307452 
1967,-0.744312702791327 
1968,-3.52418672849627 
1969, 17.2536917076648 
1970, 20.2477813954083 
1971, 30.8645131772728 
1972, 28.5299608935236 
1973, 17.1037635147369 
1974,-5.10304857149444 
1975,-21.9231744164813 
1976,-35.8585138818765 
1977,-41.1229650116939 
1978,-27.6548665516448 
1979,-19.1537756184498 
1980,-4.80569056812747 
1981, 6.46605203646673 
1982, 23.0916641417918 
1983, 30.6819379753531 
1984, 37.0296614643242 
1985, 40.8105779215122 
1986, 44.8701572035737 
1987, 29.7046077202507 
1988, 17.3895832862626 
1989, 5.85936487210785 
1990, 0.117124102121833 
1991,-5.46611199156954 
1992,-3.35380662575165 
1993, 9.83780687147553 
1994, 13.8663183783417 
1995, 11.0453200239922 
1996, 13.7337451760585 
1997, 14.4308847329315 
1998, 28.0964113550558 
1999, 34.6574725611678 
2000, 39.5020663481195 
2001, 21.8712380154223 
2002,-6.44781482565652 
2003,-11.4566548372849 
2004,-14.1191079318051 
2005,-7.38198068839098 
2006, 34.652770593206 
2007, 41.1950522571008 
2008, 22.1854875330522 
2009, 19.8866688134206 
2010, 11.4227380094652 
2011, 6.57894627270949 
2012, 17.6973880062156 
2013, 21.1719896564323 
2014, 21.7821199793856 
2015, 15.432037031124 
2016, 11.2305153371828 
2017, 8.95804661731994 
2018, 5.590954422011 
2019,-6.79081681647808 
2020,-8.44667040822779 
2021,-3.37114417405322 
2022,-2.00403326596024 
2023,-0.658408852283178 
2024, 10.650638383027 
2025, 2.52751765286837 
2026, 13.4378279040264 
2027, 28.3668399186275 
2028, 54.5788948807208 
2029, 63.497140746997 
2030, 81.652186497341 
2031, 77.4087514207236 
2032, 47.4648411744216 
2033, 34.0012096251481 
2034, 11.3302428416098 
2035, 1.16024817201746 
2036,-1.74739235607509 
2037,-1.52028715196643 
2038, 14.4921081049175 
2039, 17.9142730279766 
2040, 22.9454887058921 
2041, 33.9648302347281 
2042, 35.7760281154785 
2043, 29.9046124587156 
2044, 32.4749801214823 
2045, 32.8916927990413 
2046, 35.8796661765813 
2047, 43.8903839210643 
2048, 45.8053414811313 
2049, 48.0750306377671 
2050, 48.3048997669787 
2051, 39.1222153395581 
2052, 39.9363444748927 
2053, 55.8922925010635 
2054, 55.9112873447619 
2055, 55.8304244204321 
2056, 56.837787230597 
2057, 60.387944785555 
2058, 61.5085834562911 
2059, 58.6700875004 
2060, 61.8519831450365 
2061, 55.0545878380147 
2062, 31.8959868484421 
2063, 16.5286902633155 
2064,-7.74697330369212 
2065,-13.5425942023427 
2066,-3.69285504167955 
2067,-0.180265116055679 
2068, 7.10697199285041 
2069, 30.3736093451086 
2070, 38.1002189952621 
2071, 38.4106254501871 
2072, 36.5769038884505 
2073, 32.0154495240376 
2074, 28.0351686592577 
2075, 10.1489893897502 
2076, 7.38537471492151 
2077, 14.991728343787 
2078, 19.3607180156372 
2079, 29.8808001175174 
2080, 40.4061443674076 
2081, 58.773001863617 
2082, 60.1682194549865 
2083, 64.7286813672489 
2084, 68.573674480883 
2085, 74.6019384991837 
2086, 78.7385328585283 
2087, 79.7145883861279 
2088, 80.065242941595 
2089, 81.5615556095177 
2090, 74.4408672853227 
2091, 78.4850197975365 
2092, 101.004440728517 
2093, 106.008397393617 
2094, 104.720344500218 
2095, 103.725581778479 
2096, 90.9819946915904 
2097, 79.7476287065491 
2098, 78.7455596836484 
2099, 81.9497271853068 
2100, 93.023483646375 
2101, 113.131039287176 
2102, 132.413250478426 
2103, 168.658747504841 
2104, 180.599793951022 
2105, 175.29026915909 
2106, 183.076683547986 
2107, 189.369226487302 
2108, 191.080356402744 
2109, 203.08427161377 
2110, 204.83513117112 
2111, 193.965261140529 
2112, 173.587677714832 
2113, 177.519246215913 
2114, 183.009026698257 
2115, 187.215915036203 
2116, 206.791718837998 
2117, 203.841108382357 
2118, 179.586229495228 
2119, 176.80865415935 
2120, 168.533802405264 
2121, 173.431921850172 
2122, 202.922668534521 
2123, 217.977680673503 
2124, 229.599628786357 
2125, 244.715275800988 
2126, 255.712905065177 
2127, 269.350902431717 
2128, 295.758494366942 
2129, 305.968211218524 
2130, 316.577437575399 
2131, 322.002385680188 
2132, 333.174877362271 
2133, 340.95987640883 
2134, 354.290973854782 
2135, 370.022934159022 
2136, 393.433295635965 
2137, 425.731076916673 
2138, 449.58647506457 
2139, 484.47167317446 
2140, 502.941668925238 
2141, 501.070131727855 
2142, 509.782024966833 
2143, 515.592875551428 
2144, 523.795179584478 
2145, 533.314137722553 
2146, 554.127486503546 
2147, 552.523870324982 
2148, 560.020919948363 
2149, 569.333494830478 
2150, 572.345847241634 
2151, 590.27018525029 
2152, 630.684345080983 
2153, 643.289193227865 
2154, 651.816354742363 
2155, 653.758212155227 
2156, 627.330595164808 
2157, 626.841619158738 
2158, 636.696912992044 
2159, 649.345252155287 
2160, 683.637480201736 
2161, 697.421826545586 
2162, 697.117445756577 
2163, 704.987644567194 
2164, 698.194984405836 
2165, 709.939067992494 
2166, 723.567695099229 
2167, 751.915451510455 
2168, 768.864073873368 
2169, 786.504315663526 
2170, 798.141303228484 
2171, 801.683537642932 
2172, 812.970285886219 
2173, 824.094622359076 
2174, 835.037188366341 
2175, 847.410995076945 
2176, 865.200095138365 
2177, 884.467021991092 
2178, 905.461269561137 
2179, 941.573635296131 
2180, 961.38909549216 
2181, 968.314496162827 
2182, 979.118033739456 
2183, 983.544374057961 
2184, 989.655201594908 
2185, 994.123885765738 
2186, 1007.44870669013 
2187, 1021.7349325927 
2188, 1037.91464817867 
2189, 1052.36495418827 
2190, 1075.35175982441 
2191, 1084.98910479642 
2192, 1084.09980606102 
2193, 1089.44994488645 
2194, 1092.09094914598 
2195, 1095.10994564349 
2196, 1100.6390877867 
2197, 1104.42452714203 
2198, 1103.96151719494 
2199, 1108.40559859788 
2200, 1113.08028908132 
2201, 1122.62073606124 
2202, 1139.38807836901 
2203, 1151.44021166355 
2204, 1156.1478304937 
2205, 1175.43790744103 
2206, 1202.14059705462 
2207, 1222.4209265535 
2208, 1238.48370857533 
2209, 1257.22719415265 
2210, 1276.02560743308 
2211, 1281.6333271322 
2212, 1304.50109922718 
2213, 1353.34215725188 
2214, 1369.04814087397 
2215, 1372.85245488072 
2216, 1378.19263826277 
2217, 1360.26713452293 
2218, 1362.95793710638 
2219, 1380.49294761846 
2220, 1388.77127925022 
2221, 1396.77786564127 
2222, 1406.38259585877 
2223, 1409.20916900694 
2224, 1422.41729283406 
2225, 1452.7966733388 
2226, 1470.04082896146 
2227, 1496.94614522769 
2228, 1501.22009854767 
2229, 1476.68141829943 
2230, 1464.30031085565 
2231, 1460.11121769074 
2232, 1451.70337023994 
2233, 1452.01711252439 
2234, 1476.64190402663 
2235, 1468.67028164227 
2236, 1440.79369857881 
2237, 1427.12751650415 
2238, 1400.64679965759 
2239, 1394.01960266883 
2240, 1409.95861687765 
2241, 1408.07740189449 
2242, 1404.00648876206 
2243, 1401.88305915425 
2244, 1400.02891055455 
2245, 1386.32360569083 
2246, 1369.04644432377 
2247, 1353.70365110881 
2248, 1315.26127109564 
2249, 1297.96698029466 
2250, 1302.14104730166 
2251, 1295.95533128309 
2252, 1286.9324234646 
2253, 1293.63463116105 
2254, 1277.61277584558 
2255, 1273.01513587229 
2256, 1270.39305726771 
2257, 1254.87873792097 
2258, 1244.07716734714 
2259, 1234.29568041427 
2260, 1216.87501938943 
2261, 1195.14952017054 
2262, 1176.58306851092 
2263, 1158.68076916737 
2264, 1135.69990729308 
2265, 1100.02281210462 
2266, 1088.82393125965 
2267, 1089.53838964782 
2268, 1078.16399259817 
2269, 1084.55708506621 
2270, 1075.69878138022 
2271, 1037.51676215923 
2272, 1022.70328868278 
2273, 1020.63077536214 
2274, 1014.23864064388 
2275, 1018.90605546666 
2276, 1015.61020328127 
2277, 1011.91623505089 
2278, 997.337387208722 
2279, 975.711837244148 
2280, 947.174280478939 
2281, 896.664354610601 
2282, 865.407536650054 
2283, 832.546268378377 
2284, 804.949431313257 
2285, 804.169851404762 
2286, 786.368057941612 
2287, 780.57690000398 
2288, 786.456963278133 
2289, 779.458917716758 
2290, 777.392876425521 
2291, 756.684909658806 
2292, 715.00418258719 
2293, 691.982788648981 
2294, 663.984531168663 
2295, 642.595590317559 
2296, 635.791010190996 
2297, 623.79401991495 
2298, 605.756402489665 
2299, 593.662968296395 
2300, 593.300300801642 
2301, 578.949110823632 
2302, 554.696766132966 
2303, 538.605653099265 
2304, 510.442167716708 
2305, 503.359933760633 
2306, 519.826291408114 
2307, 523.13410924426 
2308, 537.275503987123 
2309, 536.23288571138 
2310, 517.949746252129 
2311, 503.782520761588 
2312, 488.223585929583 
2313, 469.47685671927 
2314, 442.276590117913 
2315, 429.173676613581 
2316, 403.294259060929 
2317, 374.895390465924 
2318, 369.819486315774 
2319, 334.047731993754 
2320, 306.928307753007 
2321, 296.253444620096 
2322, 282.761972836545 
2323, 284.523319082408 
2324, 289.842247859692 
2325, 297.531402364078 
2326, 286.13380238408 
2327, 284.622273385106 
2328, 283.509006674807 
2329, 278.976278993959 
2330, 278.194016478757 
2331, 285.949938056116 
2332, 285.516431302283 
2333, 281.009923825194 
2334, 278.826055116919 
2335, 280.288918798551 
2336, 269.081018384106 
2337, 250.310379921996 
2338, 238.451753995736 
2339, 216.19529169731 
2340, 206.591861296568 
2341, 211.754724247698 
2342, 206.834483316666 
2343, 200.50986047566 
2344, 195.388485692045 
2345, 187.354643073783 
2346, 183.259789705151 
2347, 188.938619935967 
2348, 176.829515037092 
2349, 147.306526710948 
2350, 134.534205202947 
2351, 111.97441712345 
2352, 111.076117175962 
2353, 147.841680988855 
2354, 158.234529888789 
2355, 160.904113149637 
2356, 163.758644499492 
2357, 158.347085450094 
2358, 146.718097119965 
2359, 135.253394965059 
2360, 123.67894112612 
2361, 88.6561778221244 
2362, 78.7818584996886 
2363, 83.7750931565441 
2364, 92.7434189634013 
2365, 113.557681150021 
2366, 131.876754991493 
2367, 127.868908382917 
2368, 112.395199858996 
2369, 94.0303880871616 
2370, 76.6517793081384 
2371, 80.3263055275421 
2372, 83.2051477016425 
2373, 77.526234142578 
2374, 89.1113452299186 
2375, 86.8156829166493 
2376, 77.5521391537264 
2377, 79.4131485532383 
2378, 80.5255785607234 
2379, 83.8796434452342 
2380, 89.082850839505 
2381, 101.861718339737 
2382, 99.4374864624642 
2383, 97.1725646130073 
2384, 105.814060695904 
2385, 90.2014133132252 
2386, 77.8752460501548 
2387, 66.8429871490618 
2388, 60.3463578215458 
2389, 66.4802736177067 
2390, 61.721519443888 
2391, 57.4056687490343 
2392, 58.1711715855477 
2393, 73.0153649944636 
2394, 96.3927394151256 
2395, 109.431355238626 
2396, 103.40279249252 
2397, 94.0037282125229 
2398, 90.5959953356985 
2399, 87.7577420465506 
2400, 87.6087597526433 
2401, 72.9172945064294 
2402, 59.9101585068175 
2403, 57.2740674742063 
2404, 52.556199161212 
2405, 46.0129022450941 
2406, 36.7032955771362 
2407, 35.9838480121375 
2408, 33.4213178611614 
2409, 43.4550984183757 
2410, 83.3812567940655 
2411, 78.5313484164278 
2412, 51.334093172732 
2413, 34.6208627638945 
2414,-12.4153299274856 
2415,-20.1015983433025 
2416, 8.57645003717524 
2417, 10.9808766917077 
2418, 11.9251514409559 
2419, 19.2073594147799 
2420, 14.9651950943465 
2421, 19.9039444173485 
2422, 44.4471849230561 
2423, 51.6922793108869 
2424, 46.7297521290052 
2425, 50.9661516113429 
2426, 55.9351858005693 
2427, 57.6195940655061 
2428, 60.6728862235015 
2429, 66.8084978065049 
2430, 74.6016344873662 
2431, 74.0773979840446 
2432, 71.1223149808284 
2433, 66.4923068166318 
2434, 56.3490747341918 
2435, 48.8757641099074 
2436, 45.9404465920056 
2437, 35.0966282850173 
2438, 15.3185968974612 
2439, 4.07792796855065 
2440,-9.47022399405432 
2441,-17.8310520945234 
2442,-22.4762888472967 
2443,-21.6466567162182 
2444,-16.8626155351417 
2445, 0.32433238807784 
2446, 24.5619681155256 
2447, 36.104225581886 
2448, 36.5486034601211 
2449, 29.9278714415493 
2450, 10.9710386774337 
2451, 12.9096765703191 
2452, 30.3463727894731 
2453, 25.69275432609 
2454, 32.5419356968126 
2455, 25.4991972869928 
2456,-4.57435994680677 
2457,-2.49345146161643 
2458, 0.90404705659621 
2459, 4.52313657194011 
2460, 17.524720474917 
2461, 23.3844828248037 
2462, 5.80633236388784 
2463, 3.9247289083785 
2464, 21.4400927723578 
2465, 26.0629449308104 
2466, 48.7352930639938 
2467, 47.8320932937983 
2468, 30.7039702243946 
2469, 18.7587832311173 
2470, 4.78124995512131 
2471, 13.6397101975795 
2472, 16.7565733288849 
2473, 14.4681508128455 
2474, 19.1606634118393 
2475, 29.0031308836565 
2476, 38.0988243155951 
2477, 43.7738169507651 
2478, 58.238563069297 
2479, 54.6072818352306 
2480, 29.7398282123878 
2481, 6.42836326133832 
2482,-6.64095843784556 
2483,-8.04007030658262 
2484, 2.42146031896567 
2485, 15.6302178654988 
2486, 10.2097693812731 
2487,-8.15131520878957 
2488,-31.2750212030767 
2489,-34.7517990355953 
2490,-24.1784703319495 
2491,-23.9422458848622 
2492,-11.7807630203253 
2493,-20.1741817672618 
2494,-44.4593912017133 
2495,-50.0617145810292 
2496,-62.4538465893512 
2497,-61.9535496665866 
2498,-54.9238710262317 
2499,-41.4891019456959 
2500,-26.478387265736 
