Wavelength,0212202100133.asd
350, 2723.64061588476 
351, 2865.53402516537 
352, 2997.14103558694 
353, 3110.27644172727 
354, 3218.42151902124 
355, 3330.96410045947 
356, 3451.86298961048 
357, 3573.16859940074 
358, 3698.36206674178 
359, 3830.73034810111 
360, 3976.27793280468 
361, 4154.0991754714 
362, 4359.9883036175 
363, 4583.29336296746 
364, 4809.73217335563 
365, 5039.70580486575 
366, 5259.61171923911 
367, 5452.39697958845 
368, 5600.04700336426 
369, 5688.0432559856 
370, 5720.89969158113 
371, 5715.02315274875 
372, 5693.08452675275 
373, 5684.0265243206 
374, 5694.39150437068 
375, 5713.07034566998 
376, 5728.07203203361 
377, 5737.38639357579 
378, 5729.79670597659 
379, 5680.74389151045 
380, 5614.67576229394 
381, 5538.98432575468 
382, 5454.24708398011 
383, 5352.29512922939 
384, 5247.03722782608 
385, 5172.96565750397 
386, 5173.02555599867 
387, 5279.13509984161 
388, 5433.63411012256 
389, 5570.81038660107 
390, 5632.75176021243 
391, 5695.90607210352 
392, 5758.49771004094 
393, 5811.52846647251 
394, 5855.25748277057 
395, 5976.18856575855 
396, 6214.65778837318 
397, 6586.94286276904 
398, 7108.72085839157 
399, 7702.88946103343 
400, 8313.72245176293 
401, 8910.3845931149 
402, 9475.59772347905 
403, 9941.25631129354 
404, 10278.5067713221 
405, 10539.3040732628 
406, 10745.6398518324 
407, 10930.1384628025 
408, 11132.0432830663 
409, 11406.4223642792 
410, 11738.3329720116 
411, 12106.7393616395 
412, 12487.7352945172 
413, 12865.5323098378 
414, 13239.7472906648 
415, 13600.7058939925 
416, 13916.7438000938 
417, 14217.5675818964 
418, 14525.9717487377 
419, 14847.1862561156 
420, 15126.2712263951 
421, 15409.2884916775 
422, 15718.7449215764 
423, 16051.2027200955 
424, 16358.0836675887 
425, 16601.3012883293 
426, 16746.548841331 
427, 16758.2435289669 
428, 16696.6596649861 
429, 16710.1989708489 
430, 16918.1047452536 
431, 17223.1954865214 
432, 17622.6625089139 
433, 18209.2186589678 
434, 19104.8972191492 
435, 20053.4976183688 
436, 20779.3309366476 
437, 21227.0888337682 
438, 21701.4463054109 
439, 22188.1788669884 
440, 22647.6776970524 
441, 23065.0085690071 
442, 23603.0950495854 
443, 24169.7987199616 
444, 24690.6829118667 
445, 25117.2337632281 
446, 25457.899087144 
447, 25765.3412317231 
448, 26094.5915480289 
449, 26500.4711790362 
450, 26844.3954263845 
451, 27031.0216153708 
452, 27023.9990353553 
453, 26956.1088291254 
454, 26806.6883260427 
455, 26617.5056583671 
456, 26486.6960091451 
457, 26455.2400289334 
458, 26464.0436387861 
459, 26449.6298759236 
460, 26382.8461744374 
461, 26280.5269309756 
462, 26167.3489473149 
463, 26056.4319766522 
464, 25885.5407377989 
465, 25622.7040499013 
466, 25297.060079473 
467, 24996.2146922309 
468, 24744.2180690027 
469, 24555.7388916325 
470, 24437.6514302724 
471, 24399.652968974 
472, 24374.4983082074 
473, 24367.0014492527 
474, 24402.849406771 
475, 24396.2986656147 
476, 24370.9482479891 
477, 24355.2950939684 
478, 24370.450868093 
479, 24452.9728369927 
480, 24567.539277003 
481, 24650.7999484948 
482, 24634.4143375938 
483, 24455.3435770142 
484, 24074.5024683936 
485, 23502.0816271011 
486, 22945.4397441901 
487, 22551.1660228943 
488, 22436.6095173656 
489, 22702.1647657 
490, 23123.2233183091 
491, 23470.9791903754 
492, 23597.4458480241 
493, 23646.3908240396 
494, 23716.2557612684 
495, 23852.0190236439 
496, 24037.7741932726 
497, 24098.7352639401 
498, 24034.4818166154 
499, 23884.1145965197 
500, 23685.0370742463 
501, 23531.5679313151 
502, 23469.5423363662 
503, 23522.9779566789 
504, 23741.1480619002 
505, 24046.1791787758 
506, 24357.9390325867 
507, 24607.3503059146 
508, 24799.7349170804 
509, 24951.751206457 
510, 25092.5230134407 
511, 25280.822346171 
512, 25411.8450681452 
513, 25438.2269597701 
514, 25349.3683779826 
515, 25144.2043410935 
516, 24865.3336914572 
517, 24591.0726604262 
518, 24433.5694158885 
519, 24643.1145534039 
520, 25239.6247587583 
521, 26078.7353120896 
522, 26781.1109575746 
523, 27304.2288055758 
524, 27671.3218248517 
525, 27949.224384744 
526, 28069.4008248545 
527, 28116.8842064089 
528, 28263.7258942216 
529, 28830.6080923598 
530, 29570.7661694579 
531, 30196.4854306324 
532, 30471.5716956809 
533, 30563.4094783819 
534, 30703.5841573257 
535, 31014.263040771 
536, 31481.3066701048 
537, 31820.9420990586 
538, 31980.3271922578 
539, 32001.4876916111 
540, 31992.7655988449 
541, 32022.4040973505 
542, 32187.6203628345 
543, 32565.3429697544 
544, 32997.4948724766 
545, 33374.5909293744 
546, 33637.8639507926 
547, 33791.5771309916 
548, 33894.5055206029 
549, 34014.6959542012 
550, 34194.5071723245 
551, 34377.5233266973 
552, 34520.3703485027 
553, 34626.4085682675 
554, 34734.8727403221 
555, 34818.9463449096 
556, 34791.9042443989 
557, 34604.4383881846 
558, 34287.0034028819 
559, 34015.4760770829 
560, 33892.4734002237 
561, 33953.8666922588 
562, 34109.1881454171 
563, 34200.3173530624 
564, 34150.0839462928 
565, 33984.6283790163 
566, 33749.6454986218 
567, 33508.2098953869 
568, 33299.7115759911 
569, 33091.261941657 
570, 32819.7225424324 
571, 32561.4536361393 
572, 32467.3065265678 
573, 32498.0250612358 
574, 32491.3674400488 
575, 32344.7936402989 
576, 32074.9748500892 
577, 31826.3284865542 
578, 31697.1572656659 
579, 31741.3218066708 
580, 31913.8532412349 
581, 32213.1423878447 
582, 32576.4591341127 
583, 32885.1667309894 
584, 33081.292848967 
585, 33083.078361711 
586, 32879.87265219 
587, 32620.2985882619 
588, 32291.8694733276 
589, 31846.6175553965 
590, 31292.3343692597 
591, 31097.3812396348 
592, 31248.1229228853 
593, 31524.4116123045 
594, 31515.1622694699 
595, 31361.2714703903 
596, 31141.5319447187 
597, 30910.7046425345 
598, 30664.172056098 
599, 30357.1362763882 
600, 30016.2664660469 
601, 29717.7846129869 
602, 29487.9457685507 
603, 29366.1845727527 
604, 29350.7911652417 
605, 29380.5805038349 
606, 29319.9179918498 
607, 29160.5596139782 
608, 28952.9691757198 
609, 28748.7627757494 
610, 28555.6086834766 
611, 28382.1869950115 
612, 28237.4682233355 
613, 28083.8074091933 
614, 27901.7773554602 
615, 27701.6836825016 
616, 27548.2390348808 
617, 27454.4858349083 
618, 27458.4634950355 
619, 27581.5840664868 
620, 27711.2398999239 
621, 27729.1355494403 
622, 27595.5264611944 
623, 27367.3746598818 
624, 27109.00279088 
625, 26863.3446525416 
626, 26651.4793326204 
627, 26459.9361988154 
628, 26269.548200983 
629, 26090.0177911672 
630, 25958.8840898697 
631, 25975.7608556416 
632, 26076.2359532627 
633, 26199.7358370308 
634, 26332.9175043905 
635, 26437.4021063371 
636, 26510.8793693903 
637, 26561.5187909275 
638, 26583.922791671 
639, 26550.0235534176 
640, 26438.8585496995 
641, 26247.0764628178 
642, 26098.5991290549 
643, 26011.0709376949 
644, 25954.9128140447 
645, 25852.2155086606 
646, 25685.3388406657 
647, 25473.59265242 
648, 25259.2822553324 
649, 25084.9015441608 
650, 24956.1215082416 
651, 24894.5884196922 
652, 24930.9708430476 
653, 24880.2224110416 
654, 24609.136930022 
655, 24093.5540156347 
656, 23491.5120468589 
657, 23056.4986101616 
658, 23064.7877287428 
659, 23659.8588359603 
660, 24265.2340968003 
661, 24615.2759629957 
662, 24690.9926396029 
663, 24728.115692797 
664, 24707.6513920938 
665, 24671.6818381373 
666, 24656.4526165786 
667, 24663.1516796971 
668, 24655.9982030449 
669, 24634.9863105393 
670, 24616.0310087822 
671, 24566.6550452285 
672, 24508.8141105244 
673, 24473.3978438897 
674, 24494.5749677408 
675, 24528.9107539257 
676, 24554.7372742625 
677, 24564.9578051711 
678, 24578.9473730036 
679, 24586.871179593 
680, 24586.3238223046 
681, 24578.4466075356 
682, 24563.0933809854 
683, 24508.4074527126 
684, 24305.8155382764 
685, 23748.7799896093 
686, 22758.7515364387 
687, 21426.158256981 
688, 20077.402201228 
689, 19518.1877269803 
690, 19932.4009059902 
691, 20947.1834683767 
692, 21859.728776741 
693, 22652.7190473798 
694, 23226.7632235203 
695, 23576.9687558224 
696, 23823.7345535528 
697, 24045.4235909682 
698, 24200.3317681957 
699, 24233.4369579926 
700, 24176.2334750849 
701, 24121.7259652716 
702, 24132.0100999602 
703, 24240.0490408152 
704, 24450.517618035 
705, 24695.5260726496 
706, 24906.9619427004 
707, 25031.2834756179 
708, 25134.9842597568 
709, 25229.7266724827 
710, 25313.3841873874 
711, 25391.346149336 
712, 25447.6150810621 
713, 25468.1110460747 
714, 25432.3683912847 
715, 25289.0157359829 
716, 24928.8048395423 
717, 24302.4608770644 
718, 23446.1611459329 
719, 22737.1075103161 
720, 22479.1861960031 
721, 22785.8947841189 
722, 23424.0217184007 
723, 23865.3431537263 
724, 23926.7713109897 
725, 23704.9227950198 
726, 23649.1165197869 
727, 23721.1968996172 
728, 23834.1072783758 
729, 23906.1089147353 
730, 24080.2931713021 
731, 24389.26562386 
732, 24812.0747387435 
733, 25280.1087928682 
734, 25687.6417628962 
735, 25952.9212348378 
736, 26039.672694747 
737, 26027.563788383 
738, 26001.8512955037 
739, 25983.2030034485 
740, 25940.4824815238 
741, 25936.1235440461 
742, 25983.3629350955 
743, 26075.9125207644 
744, 26193.2364594762 
745, 26274.660537709 
746, 26313.7534637377 
747, 26321.2806040894 
748, 26296.5330348724 
749, 26220.1835043595 
750, 26110.4653348671 
751, 26011.6803447392 
752, 25967.17444264 
753, 25962.6448270538 
754, 25969.0803768793 
755, 25947.6395861642 
756, 25828.2508656913 
757, 25295.1418440138 
758, 23840.8055762586 
759, 20601.4341831807 
760, 15836.3504762669 
761, 11165.0343640603 
762, 8543.37186353546 
763, 8525.70851390378 
764, 9908.76159163984 
765, 12076.54537441 
766, 14949.8780615548 
767, 18089.6757056919 
768, 20822.0489813064 
769, 22730.3272356523 
770, 23807.8326243343 
771, 24347.5428427585 
772, 24567.5192186694 
773, 24633.9881159754 
774, 24636.1223127663 
775, 24589.6130542249 
776, 24523.416406068 
777, 24458.6738130396 
778, 24369.4844635019 
779, 24258.8568595951 
780, 24146.8879652134 
781, 24061.1172382394 
782, 23965.4550979744 
783, 23847.266195193 
784, 23709.4200730628 
785, 23571.9609466996 
786, 23433.3661354167 
787, 23269.5571818217 
788, 23060.6995864369 
789, 22813.073448806 
790, 22552.8628054436 
791, 22291.1708061589 
792, 22033.3837618455 
793, 21789.3070678214 
794, 21593.0802247646 
795, 21463.5475923179 
796, 21398.5411751744 
797, 21350.5497473811 
798, 21269.8934182095 
799, 21129.5472731214 
800, 20933.0018239326 
801, 20717.171183214 
802, 20516.1082870131 
803, 20345.2258807271 
804, 20183.4476797113 
805, 20045.825736232 
806, 19919.1857369619 
807, 19777.1503289222 
808, 19587.2957843046 
809, 19350.4928828106 
810, 19081.3033298613 
811, 18792.1308561975 
812, 18443.0634166221 
813, 17984.3606422764 
814, 17409.8540894387 
815, 16765.6104545892 
816, 16177.1683084903 
817, 15723.2353443555 
818, 15452.131430281 
819, 15381.1740318912 
820, 15377.7624522462 
821, 15335.8040682546 
822, 15212.0213554935 
823, 15071.2674843759 
824, 14979.9972047949 
825, 15001.0904178348 
826, 15119.5539394366 
827, 15095.4463225489 
828, 14931.5015702028 
829, 14706.885801567 
830, 14530.7770068894 
831, 14420.9297109627 
832, 14347.1107481283 
833, 14290.5518007603 
834, 14248.3254905042 
835, 14236.5250769882 
836, 14236.8476287062 
837, 14221.4325303383 
838, 14160.0389098774 
839, 14063.8862994813 
840, 13945.151602156 
841, 13814.0609802284 
842, 13675.6665033493 
843, 13528.5796503265 
844, 13382.4537191376 
845, 13244.0548253234 
846, 13110.8557161591 
847, 12941.741590326 
848, 12733.9739570906 
849, 12502.3940522996 
850, 12268.9333537711 
851, 11994.9475130008 
852, 11711.723873805 
853, 11477.4703966689 
854, 11304.0450810895 
855, 11165.8488533864 
856, 11104.5011243342 
857, 11179.5580061572 
858, 11297.2781080909 
859, 11330.5389773767 
860, 11255.2144301805 
861, 11139.6909812653 
862, 11001.0107320376 
863, 10819.2662145968 
864, 10596.1551708108 
865, 10364.0456061112 
866, 10145.7565718285 
867, 9961.90367150302 
868, 9843.14402290814 
869, 9831.02036683348 
870, 9861.88771815149 
871, 9858.53005560942 
872, 9784.44587079868 
873, 9677.63197970781 
874, 9560.54995032533 
875, 9443.6827827505 
876, 9329.55967989976 
877, 9214.15025042005 
878, 9104.34906012642 
879, 8996.12978269477 
880, 8884.88248359742 
881, 8774.03843990117 
882, 8662.71304788273 
883, 8556.1840747375 
884, 8457.74602667943 
885, 8358.81204554228 
886, 8251.70369660649 
887, 8138.63170185414 
888, 8025.86978111054 
889, 7916.51340470344 
890, 7805.92844065663 
891, 7680.88323466358 
892, 7526.02026012471 
893, 7335.15139344039 
894, 7111.26683042435 
895, 6862.38593930929 
896, 6599.84901271093 
897, 6332.97094693909 
898, 6082.84642644037 
899, 5876.88692664969 
900, 5738.59066478663 
901, 5662.23832504706 
902, 5632.22632053667 
903, 5624.56336291299 
904, 5612.82377363179 
905, 5584.81471349738 
906, 5526.58840848843 
907, 5425.01178503386 
908, 5277.17693535358 
909, 5122.0222579915 
910, 4990.8933184534 
911, 4895.87821128051 
912, 4830.83748919795 
913, 4778.22838481445 
914, 4726.75198366939 
915, 4675.11361466036 
916, 4630.14133375816 
917, 4600.86897360906 
918, 4579.48628726155 
919, 4560.98607338057 
920, 4542.95170259927 
921, 4519.25404990124 
922, 4484.02842212103 
923, 4427.2819887052 
924, 4339.26858868568 
925, 4226.02884833706 
926, 4088.78896922553 
927, 3923.03643115054 
928, 3722.00494415007 
929, 3486.53788758211 
930, 3222.82878136667 
931, 2944.15218663938 
932, 2670.64994487019 
933, 2429.98694126907 
934, 2240.65814841961 
935, 2114.03268178796 
936, 2051.4143674587 
937, 2037.76823290736 
938, 2056.02230275693 
939, 2086.61445493728 
940, 2113.56190935488 
941, 2136.8709063292 
942, 2146.0884386971 
943, 2129.94891239842 
944, 2084.89858292049 
945, 2027.86076843088 
946, 1980.82548157859 
947, 1953.5105924891 
948, 1944.66867787451 
949, 1942.36067378815 
950, 1940.98962465887 
951, 1938.10762699777 
952, 1932.99546922368 
953, 1924.74922250122 
954, 1917.86128947024 
955, 1911.50114648639 
956, 1905.55995100349 
957, 1904.16742465612 
958, 1904.38678438962 
959, 1906.82831923973 
960, 1911.98995097193 
961, 1918.95931962756 
962, 1926.11377220724 
963, 1936.65590307053 
964, 1950.73064712471 
965, 1963.84551129851 
966, 1973.28089161647 
967, 1979.55065463294 
968, 1980.81821714606 
969, 1974.11439911489 
970, 1966.31025033434 
971, 1953.04727904822 
972, 1932.38523772571 
973, 1905.0551793107 
974, 1871.47288912998 
975, 1835.13214630208 
976, 1800.98507541698 
977, 1772.48771042337 
978, 1746.33649921309 
979, 1728.74577854776 
980, 1715.23982870298 
981, 1700.3067750698 
982, 1685.95991362413 
983, 1668.80374858502 
984, 1650.32405447105 
985, 1631.64298476984 
986, 1611.10448859643 
987, 1586.23634393911 
988, 1559.80794112422 
989, 1533.35450650432 
990, 1505.90472104832 
991, 1477.09502655205 
992, 1447.9827834917 
993, 1418.55101592517 
994, 1388.42833017573 
995, 1359.86653501476 
996, 1332.02972902102 
997, 1302.24793853544 
998, 1269.32835039702 
999, 1238.06709971223 
1000, 1209.92387011781 
1001, 7702.05952913317 
1002, 7696.78967247019 
1003, 7698.18738004183 
1004, 7710.9804762079 
1005, 7721.32350127607 
1006, 7731.53466361288 
1007, 7757.51306376904 
1008, 7785.80279485511 
1009, 7820.83996988163 
1010, 7872.75475497969 
1011, 7917.77251523507 
1012, 7963.5595829366 
1013, 8009.15809128176 
1014, 8052.55021839626 
1015, 8091.62573252766 
1016, 8139.9392624469 
1017, 8187.37086864926 
1018, 8238.46797048636 
1019, 8297.99358413139 
1020, 8349.31338870205 
1021, 8403.05539170827 
1022, 8459.20007505999 
1023, 8515.91605876433 
1024, 8571.35151470785 
1025, 8636.39071566709 
1026, 8697.54725579404 
1027, 8753.54905747937 
1028, 8805.99480106069 
1029, 8847.32433561681 
1030, 8886.56190670934 
1031, 8930.79148895437 
1032, 8971.97390913758 
1033, 9009.08864323113 
1034, 9045.56090021427 
1035, 9077.27012067629 
1036, 9101.87257597871 
1037, 9125.2171302028 
1038, 9149.52562634614 
1039, 9171.84037388382 
1040, 9196.01275586889 
1041, 9218.02472144535 
1042, 9237.92734686281 
1043, 9252.545182086 
1044, 9261.65135394114 
1045, 9265.64205992528 
1046, 9270.49675904626 
1047, 9277.44081048168 
1048, 9284.70124802475 
1049, 9294.25343505601 
1050, 9310.70003817234 
1051, 9321.70477985524 
1052, 9332.84008421779 
1053, 9351.02102933164 
1054, 9362.80599053243 
1055, 9372.01837615386 
1056, 9386.10166256516 
1057, 9405.24568277898 
1058, 9426.68121257312 
1059, 9455.30010437095 
1060, 9495.27547484861 
1061, 9548.49360757835 
1062, 9598.36770992092 
1063, 9652.53488262016 
1064, 9716.24682409288 
1065, 9776.41534276336 
1066, 9844.68078473003 
1067, 9924.19045884836 
1068, 10015.8235911045 
1069, 10119.8440154069 
1070, 10228.4736573143 
1071, 10350.1101308305 
1072, 10473.3194762442 
1073, 10591.9905674477 
1074, 10717.3732684874 
1075, 10831.1401066088 
1076, 10939.6414771381 
1077, 11040.380402988 
1078, 11131.4932568122 
1079, 11218.5076230074 
1080, 11297.8247748858 
1081, 11366.6536462275 
1082, 11430.147347567 
1083, 11489.8992956648 
1084, 11545.8565473834 
1085, 11597.4973857212 
1086, 11645.2154157604 
1087, 11694.1614616283 
1088, 11731.1273961402 
1089, 11766.4617961915 
1090, 11784.7196784538 
1091, 11794.3486329389 
1092, 11785.6521422003 
1093, 11762.3800925857 
1094, 11731.1718884437 
1095, 11693.1615868715 
1096, 11661.7759352705 
1097, 11630.6564299529 
1098, 11592.0013657888 
1099, 11554.4762707245 
1100, 11515.9914673844 
1101, 11475.1484297684 
1102, 11436.9608218552 
1103, 11387.8763234088 
1104, 11341.3780542206 
1105, 11278.2999900028 
1106, 11202.1618289973 
1107, 11099.9982582395 
1108, 10953.5822059289 
1109, 10759.4719222177 
1110, 10491.3456152042 
1111, 10167.9111710829 
1112, 9788.45202871453 
1113, 9323.8339007179 
1114, 8865.61192787966 
1115, 8332.24955929707 
1116, 7852.47520186502 
1117, 7336.65498741835 
1118, 6898.33462595219 
1119, 6493.68553454537 
1120, 6125.16859815002 
1121, 5823.88090782483 
1122, 5582.30770232519 
1123, 5412.14422236867 
1124, 5299.53518670926 
1125, 5250.13973701852 
1126, 5292.44771041536 
1127, 5330.58475875959 
1128, 5427.36693072778 
1129, 5519.63746393388 
1130, 5636.00739902921 
1131, 5754.34274185901 
1132, 5874.74356838886 
1133, 6023.57503884386 
1134, 6182.96746624302 
1135, 6358.71055609904 
1136, 6603.19213570487 
1137, 6852.49734694576 
1138, 7094.73433039798 
1139, 7316.6690083936 
1140, 7461.83447974104 
1141, 7559.3924362086 
1142, 7605.22750023773 
1143, 7562.52607438407 
1144, 7548.38002707962 
1145, 7439.91485304101 
1146, 7443.47266661405 
1147, 7453.87957748314 
1148, 7551.42434658747 
1149, 7725.21207014593 
1150, 7949.18424271837 
1151, 8253.17831496041 
1152, 8591.54502133375 
1153, 8947.00135527956 
1154, 9363.29191184694 
1155, 9758.5478885153 
1156, 10173.4710460786 
1157, 10571.9968686021 
1158, 10986.7007028441 
1159, 11367.6563841287 
1160, 11740.5271225274 
1161, 12085.0361658968 
1162, 12413.7939240999 
1163, 12712.2899200316 
1164, 12985.7087503404 
1165, 13232.8795717375 
1166, 13447.4172515501 
1167, 13634.127617552 
1168, 13798.0776947563 
1169, 13933.4847407607 
1170, 14047.4513131247 
1171, 14138.541073947 
1172, 14204.9138394378 
1173, 14238.9274165064 
1174, 14265.3356382275 
1175, 14263.1139682264 
1176, 14262.7156236642 
1177, 14249.1084477073 
1178, 14234.2412814152 
1179, 14208.9581261156 
1180, 14187.4473259532 
1181, 14158.9768647379 
1182, 14132.7815776173 
1183, 14127.1329265285 
1184, 14124.0350472063 
1185, 14146.7878123126 
1186, 14186.781987808 
1187, 14245.717890654 
1188, 14332.0277713495 
1189, 14414.2414216648 
1190, 14530.3291741511 
1191, 14612.862574135 
1192, 14701.9645588801 
1193, 14753.9644916594 
1194, 14786.9814805226 
1195, 14792.2828948347 
1196, 14760.6179915057 
1197, 14715.101290438 
1198, 14662.9889693275 
1199, 14576.8519029938 
1200, 14526.1858172798 
1201, 14468.1633978624 
1202, 14445.7136397165 
1203, 14443.0846369335 
1204, 14457.2285981329 
1205, 14497.2274678803 
1206, 14543.2510316878 
1207, 14608.9006311099 
1208, 14676.3428707654 
1209, 14761.665878383 
1210, 14839.0841076797 
1211, 14920.0293045777 
1212, 14998.0899505013 
1213, 15074.0636804474 
1214, 15148.3462883937 
1215, 15216.2034738589 
1216, 15287.9327521308 
1217, 15338.508668866 
1218, 15377.378136259 
1219, 15408.8063747837 
1220, 15420.0612127268 
1221, 15440.4313135271 
1222, 15457.0400532464 
1223, 15474.5692668686 
1224, 15490.0212426502 
1225, 15510.3766025916 
1226, 15533.506653259 
1227, 15555.0353915426 
1228, 15584.7433290589 
1229, 15606.3386780221 
1230, 15623.5619096327 
1231, 15636.8640832533 
1232, 15644.6866276879 
1233, 15649.1692653592 
1234, 15645.2121837374 
1235, 15638.6637858703 
1236, 15617.8259055067 
1237, 15583.6218431614 
1238, 15548.4903696968 
1239, 15503.7015236885 
1240, 15456.1385470865 
1241, 15402.1913582258 
1242, 15350.1758119355 
1243, 15292.939644573 
1244, 15236.6161413793 
1245, 15185.1738912205 
1246, 15130.3603500212 
1247, 15065.8478096507 
1248, 15001.4954087139 
1249, 14916.1364493742 
1250, 14820.1363110263 
1251, 14711.1863271166 
1252, 14589.1943222669 
1253, 14452.2141007316 
1254, 14310.7799915444 
1255, 14139.4649902817 
1256, 13952.3338818341 
1257, 13736.6221277762 
1258, 13484.655350599 
1259, 13228.7796516227 
1260, 12937.8853170894 
1261, 12659.1233034833 
1262, 12363.7619264733 
1263, 12082.5492724714 
1264, 11841.8362152668 
1265, 11595.2376315324 
1266, 11442.7830049346 
1267, 11327.8738539359 
1268, 11302.3982234524 
1269, 11350.4789584106 
1270, 11454.5256028176 
1271, 11659.1754004132 
1272, 11855.4452254912 
1273, 12127.8971991674 
1274, 12356.5187772087 
1275, 12609.9868842682 
1276, 12815.402730349 
1277, 12994.2579213026 
1278, 13155.3824314375 
1279, 13286.7394012272 
1280, 13399.6974314453 
1281, 13505.4004832073 
1282, 13603.1139463172 
1283, 13701.9786533312 
1284, 13793.5545917922 
1285, 13884.8642510998 
1286, 13979.0107649585 
1287, 14062.1599223347 
1288, 14144.0539384 
1289, 14208.3065664722 
1290, 14266.9784631971 
1291, 14305.1939420863 
1292, 14324.7423567133 
1293, 14334.8456632069 
1294, 14325.7320471057 
1295, 14314.1470419619 
1296, 14292.4662724725 
1297, 14266.0610358357 
1298, 14235.7187840411 
1299, 14195.6449748582 
1300, 14147.6528065223 
1301, 14093.2613685631 
1302, 14035.7538896729 
1303, 13971.0502196071 
1304, 13905.5125108026 
1305, 13836.4432156572 
1306, 13765.6290248565 
1307, 13691.7576392353 
1308, 13615.0188226583 
1309, 13537.6995313988 
1310, 13454.2138436787 
1311, 13360.66352737 
1312, 13274.601519649 
1313, 13182.0498823956 
1314, 13100.9579573357 
1315, 13027.8596139944 
1316, 12958.3869086129 
1317, 12894.7143468869 
1318, 12836.8934927335 
1319, 12781.7105290475 
1320, 12729.2328712628 
1321, 12675.3447496833 
1322, 12607.4946291402 
1323, 12510.5875919669 
1324, 12404.6445421754 
1325, 12254.8956577028 
1326, 12069.0915372261 
1327, 11866.0239898969 
1328, 11606.3218577292 
1329, 11383.2179725015 
1330, 11128.915506473 
1331, 10933.1351707665 
1332, 10755.7450161127 
1333, 10628.389206697 
1334, 10564.1722236712 
1335, 10495.7043230512 
1336, 10470.2312379521 
1337, 10444.6174316714 
1338, 10392.8480345851 
1339, 10297.94184724 
1340, 10151.2344949735 
1341, 9925.44808471062 
1342, 9597.82463817667 
1343, 9186.53803219538 
1344, 8689.90123923688 
1345, 8074.4907439133 
1346, 7437.47581418596 
1347, 6699.71230546722 
1348, 5993.83516854677 
1349, 5222.58563931058 
1350, 4521.96267443395 
1351, 3803.98242879762 
1352, 3180.25942089683 
1353, 2597.38534941789 
1354, 2089.51130044107 
1355, 1650.6243260299 
1356, 1279.57247072788 
1357, 976.314943917596 
1358, 735.361706010967 
1359, 560.204539525929 
1360, 435.377718377861 
1361, 331.86440665959 
1362, 263.758276133726 
1363, 220.106420374067 
1364, 178.206583223891 
1365, 151.875719998794 
1366, 143.642438239183 
1367, 143.783916760278 
1368, 157.013682746275 
1369, 175.185879882058 
1370, 209.150125130003 
1371, 241.618016070019 
1372, 280.888763774021 
1373, 316.187609329187 
1374, 360.453619143205 
1375, 391.005468186341 
1376, 417.77140238865 
1377, 432.958543325193 
1378, 439.744450213881 
1379, 438.186730505781 
1380, 418.683502737026 
1381, 397.245039053588 
1382, 380.415012269151 
1383, 371.374997556729 
1384, 383.8116200735 
1385, 418.29630324088 
1386, 460.404463585315 
1387, 516.212266274635 
1388, 570.106541442942 
1389, 638.571844541515 
1390, 685.62799728885 
1391, 730.259631373129 
1392, 762.559158452131 
1393, 773.972760144035 
1394, 797.248009434054 
1395, 814.871493920667 
1396, 842.195485669341 
1397, 875.676416746783 
1398, 912.116439329873 
1399, 955.095860277268 
1400, 997.824680826754 
1401, 1037.52076078023 
1402, 1087.70535155792 
1403, 1144.10168635433 
1404, 1203.37333144681 
1405, 1265.82278268013 
1406, 1337.77775388746 
1407, 1418.54234241808 
1408, 1509.43843382489 
1409, 1623.35245466633 
1410, 1756.60708946202 
1411, 1891.28769616582 
1412, 2042.92872329825 
1413, 2186.1694524453 
1414, 2337.11654252731 
1415, 2474.52752164102 
1416, 2607.03996409487 
1417, 2735.29088496051 
1418, 2856.29634342003 
1419, 2973.3988397454 
1420, 3088.25345595922 
1421, 3198.36278647492 
1422, 3310.49433888325 
1423, 3403.15270673493 
1424, 3498.08048267922 
1425, 3560.30723639695 
1426, 3602.75486530917 
1427, 3619.22606481728 
1428, 3609.20612924068 
1429, 3577.18205730899 
1430, 3524.38143869633 
1431, 3457.91359361112 
1432, 3385.49670681063 
1433, 3312.73696397124 
1434, 3250.94112380212 
1435, 3197.76246136095 
1436, 3155.57448447743 
1437, 3127.63965406702 
1438, 3108.18633621863 
1439, 3100.14818791334 
1440, 3097.92014205788 
1441, 3109.29024549845 
1442, 3119.19463382569 
1443, 3134.62753051029 
1444, 3149.16703003944 
1445, 3168.13334091227 
1446, 3182.28733287682 
1447, 3193.24750722869 
1448, 3208.37452316494 
1449, 3221.84678107327 
1450, 3239.28714392239 
1451, 3259.3832336634 
1452, 3285.29995837602 
1453, 3321.92740538967 
1454, 3349.14482441515 
1455, 3386.27168778152 
1456, 3406.03130526997 
1457, 3403.23316855334 
1458, 3376.85916887572 
1459, 3325.56150664706 
1460, 3245.44850573321 
1461, 3144.35233736057 
1462, 3020.64029308191 
1463, 2882.29956787606 
1464, 2738.80398581721 
1465, 2599.78275044806 
1466, 2448.99935226008 
1467, 2325.13514287505 
1468, 2203.58810490269 
1469, 2109.64171118507 
1470, 2035.99610035926 
1471, 1979.72416752839 
1472, 1944.9600106279 
1473, 1920.74870978173 
1474, 1921.51809147516 
1475, 1916.14807369571 
1476, 1922.83958995865 
1477, 1922.66485271131 
1478, 1919.07522850634 
1479, 1919.89189397904 
1480, 1920.8983771147 
1481, 1927.02665002138 
1482, 1935.37349556682 
1483, 1948.17945932391 
1484, 1964.07885906485 
1485, 1983.9690070278 
1486, 2006.77050487698 
1487, 2037.82202330792 
1488, 2071.97650150674 
1489, 2109.97945609891 
1490, 2149.38734124719 
1491, 2192.09766678502 
1492, 2236.32073974857 
1493, 2277.17808120923 
1494, 2317.09239678271 
1495, 2351.85230629316 
1496, 2379.88256578477 
1497, 2405.59567803264 
1498, 2424.6309004353 
1499, 2437.25239312509 
1500, 2448.59378992519 
1501, 2450.10418500789 
1502, 2461.87560830121 
1503, 2475.09095901874 
1504, 2491.81897247799 
1505, 2515.31182223718 
1506, 2536.52988274014 
1507, 2557.69975691795 
1508, 2579.69522348024 
1509, 2601.96073735216 
1510, 2626.07802134297 
1511, 2654.70168485878 
1512, 2677.88793380097 
1513, 2701.93350936616 
1514, 2721.86538517071 
1515, 2732.15519967211 
1516, 2748.78464456112 
1517, 2769.57710668443 
1518, 2786.0811586614 
1519, 2803.07307066565 
1520, 2819.49788336246 
1521, 2835.94546673472 
1522, 2844.44770645057 
1523, 2854.67037997335 
1524, 2868.61884072874 
1525, 2880.94153786191 
1526, 2896.33545529392 
1527, 2906.89727783717 
1528, 2916.05417389423 
1529, 2924.05196822507 
1530, 2927.02257015735 
1531, 2939.70637323149 
1532, 2953.13243597987 
1533, 2961.19256857035 
1534, 2970.56545396948 
1535, 2979.74467859544 
1536, 2985.20525701567 
1537, 2996.08975332372 
1538, 3009.52862198546 
1539, 3025.76629329575 
1540, 3045.87631938145 
1541, 3061.85351873781 
1542, 3078.92520554341 
1543, 3096.12016749318 
1544, 3109.24331906046 
1545, 3128.09587203379 
1546, 3152.76967015143 
1547, 3173.36977673696 
1548, 3196.35657779216 
1549, 3213.56292929218 
1550, 3224.01917449936 
1551, 3239.22128014345 
1552, 3253.26789906417 
1553, 3268.28489357731 
1554, 3289.52799025104 
1555, 3305.22166778342 
1556, 3315.36667028311 
1557, 3329.12921914825 
1558, 3342.70701887859 
1559, 3355.51753959499 
1560, 3371.67800294518 
1561, 3383.67617795049 
1562, 3396.40071353144 
1563, 3402.08704209112 
1564, 3402.87857096567 
1565, 3400.77809588041 
1566, 3392.87745912171 
1567, 3381.57092973187 
1568, 3364.64944569227 
1569, 3350.06274247203 
1570, 3329.7735966262 
1571, 3314.60700993183 
1572, 3308.03765680497 
1573, 3303.3654188694 
1574, 3310.47286214194 
1575, 3327.47371999409 
1576, 3346.83878372005 
1577, 3377.81703374054 
1578, 3414.45368633185 
1579, 3454.20752601925 
1580, 3498.87579959833 
1581, 3552.28455471441 
1582, 3601.87031450122 
1583, 3656.69635288206 
1584, 3700.75325554669 
1585, 3742.85660484773 
1586, 3778.46521529462 
1587, 3804.49155587465 
1588, 3833.55687166506 
1589, 3862.13227893518 
1590, 3886.25428510066 
1591, 3908.96340207218 
1592, 3926.97375239989 
1593, 3940.93551415232 
1594, 3950.70882870012 
1595, 3959.33092816561 
1596, 3957.91403240647 
1597, 3950.37594808727 
1598, 3936.45268225836 
1599, 3909.46668399555 
1600, 3889.38812670431 
1601, 3864.90242114039 
1602, 3845.3452702459 
1603, 3827.48079853775 
1604, 3814.94691029517 
1605, 3800.64773689718 
1606, 3800.2004425208 
1607, 3808.0363743003 
1608, 3823.3647727621 
1609, 3854.75366191733 
1610, 3879.16351969336 
1611, 3907.60367310649 
1612, 3933.79866923794 
1613, 3957.12990292866 
1614, 3981.58599945006 
1615, 4008.82690892099 
1616, 4032.34909304429 
1617, 4055.05041641397 
1618, 4074.2337341318 
1619, 4090.73935064734 
1620, 4104.95510784255 
1621, 4115.50033434431 
1622, 4125.8331932589 
1623, 4135.98817564823 
1624, 4141.91306244368 
1625, 4146.7120443359 
1626, 4146.6376924584 
1627, 4140.9411966272 
1628, 4134.41860186697 
1629, 4126.10749379815 
1630, 4114.12385924185 
1631, 4101.12452375918 
1632, 4082.36631589987 
1633, 4056.81714019029 
1634, 4030.58378144384 
1635, 3994.45763240193 
1636, 3967.19563951398 
1637, 3944.76274377363 
1638, 3921.74140890416 
1639, 3900.32512058137 
1640, 3884.34639497168 
1641, 3865.12271736171 
1642, 3856.04082032638 
1643, 3859.58031560373 
1644, 3863.14771507614 
1645, 3876.89999691069 
1646, 3884.69413617883 
1647, 3889.47626931214 
1648, 3895.0980974364 
1649, 3895.63957842891 
1650, 3900.31945145465 
1651, 3905.65590128039 
1652, 3916.96735561381 
1653, 3928.46116013544 
1654, 3943.75593606664 
1655, 3954.68105671433 
1656, 3967.94543736244 
1657, 3972.24836866284 
1658, 3971.64800552912 
1659, 3969.62509984277 
1660, 3964.844052626 
1661, 3952.10478346032 
1662, 3933.92264601013 
1663, 3917.66165658148 
1664, 3893.26753361584 
1665, 3878.50353447852 
1666, 3868.03204450476 
1667, 3860.21038396958 
1668, 3854.11669964865 
1669, 3852.83298657714 
1670, 3856.29660903764 
1671, 3861.77493339665 
1672, 3871.45819169597 
1673, 3879.4214426081 
1674, 3892.959415469 
1675, 3893.72142138565 
1676, 3890.00701058018 
1677, 3883.5394909596 
1678, 3866.51811388367 
1679, 3861.09150916722 
1680, 3859.48853368316 
1681, 3854.45133181039 
1682, 3851.297984736 
1683, 3848.34644057167 
1684, 3841.46443947691 
1685, 3842.78793239968 
1686, 3850.63787702431 
1687, 3854.70918016142 
1688, 3861.08838223081 
1689, 3863.65075225122 
1690, 3866.08541929114 
1691, 3861.95542842711 
1692, 3852.74196921524 
1693, 3847.10941378586 
1694, 3837.06116030979 
1695, 3832.27747545648 
1696, 3834.86691705625 
1697, 3827.25586151799 
1698, 3817.23825416588 
1699, 3802.83091082826 
1700, 3779.30142648177 
1701, 3766.11865220859 
1702, 3753.57951447945 
1703, 3744.28962163551 
1704, 3742.46416292143 
1705, 3733.20800309444 
1706, 3722.94865808209 
1707, 3710.72045189607 
1708, 3692.90149042969 
1709, 3684.33658556303 
1710, 3676.27379857603 
1711, 3673.40060150546 
1712, 3678.64135586123 
1713, 3679.65826753096 
1714, 3682.5223616952 
1715, 3680.1366131241 
1716, 3679.18744023275 
1717, 3669.84097978134 
1718, 3657.93160590223 
1719, 3643.49614192925 
1720, 3620.24099142813 
1721, 3596.22197709672 
1722, 3573.86508657637 
1723, 3556.29142649575 
1724, 3541.19217484994 
1725, 3531.16133390822 
1726, 3523.00390644607 
1727, 3508.14950619569 
1728, 3492.51730651233 
1729, 3476.13964618883 
1730, 3454.46918477258 
1731, 3431.77784739118 
1732, 3413.58410639543 
1733, 3392.60504530024 
1734, 3373.67527013344 
1735, 3359.840891598 
1736, 3341.71402940882 
1737, 3330.39094758387 
1738, 3324.05751447576 
1739, 3318.70772024516 
1740, 3314.5772041298 
1741, 3308.1075655147 
1742, 3301.90217487828 
1743, 3292.87464311605 
1744, 3285.02400449958 
1745, 3275.52711280724 
1746, 3262.82655085156 
1747, 3257.54152750365 
1748, 3257.2733697907 
1749, 3255.09410631488 
1750, 3254.12913024719 
1751, 3248.15775587552 
1752, 3240.4627670723 
1753, 3237.97884455297 
1754, 3228.45704717075 
1755, 3217.66271772466 
1756, 3204.46687822622 
1757, 3186.88073851818 
1758, 3169.52156544832 
1759, 3151.37192186342 
1760, 3130.00733380151 
1761, 3100.70394542901 
1762, 3072.39137336282 
1763, 3034.36473716162 
1764, 3006.23229460189 
1765, 2982.28302724166 
1766, 2961.24919332205 
1767, 2949.78758856298 
1768, 2933.47945294943 
1769, 2922.92772608362 
1770, 2900.3226337876 
1771, 2870.45080132142 
1772, 2838.4129320617 
1773, 2797.14097299349 
1774, 2755.26737478383 
1775, 2711.27600672508 
1776, 2668.66044723377 
1777, 2620.38237136556 
1778, 2578.61725527247 
1779, 2538.64344113776 
1780, 2503.55551832463 
1781, 2475.82650771693 
1782, 2444.27000632017 
1783, 2416.23240181832 
1784, 2385.48031141683 
1785, 2350.71673143828 
1786, 2316.36981211172 
1787, 2286.56927665774 
1788, 2248.36619847741 
1789, 2208.87449228852 
1790, 2158.67902788415 
1791, 2098.35846276291 
1792, 2037.78458676664 
1793, 1970.09580086675 
1794, 1900.91032185066 
1795, 1833.34168737117 
1796, 1755.81241468009 
1797, 1671.77156275199 
1798, 1578.52780283727 
1799, 1479.17713138474 
1800, 1373.76271846622 
1801, 8027.19488037065 
1802, 7606.21801490313 
1803, 7252.95609696228 
1804, 6960.1798282185 
1805, 6704.85699893571 
1806, 6489.9387909233 
1807, 6292.57705295724 
1808, 6075.66654475369 
1809, 5902.41049978355 
1810, 5658.8273836498 
1811, 5364.9430570053 
1812, 5087.07424431644 
1813, 4786.35984998396 
1814, 4480.51017843922 
1815, 4183.53597936669 
1816, 3901.2445563565 
1817, 3626.41712220983 
1818, 3383.25368088378 
1819, 3175.44599014813 
1820, 3007.11634185969 
1821, 2859.39125086131 
1822, 2766.49842665888 
1823, 2645.23150951446 
1824, 2524.40621380077 
1825, 2397.39153553096 
1826, 2215.38112024848 
1827, 2008.59742018977 
1828, 1777.15657295082 
1829, 1481.66946215344 
1830, 1243.13666486812 
1831, 987.919058074986 
1832, 769.031879506933 
1833, 608.385419282698 
1834, 488.136240068094 
1835, 400.265903372497 
1836, 333.121229352449 
1837, 297.669640111066 
1838, 275.01426511072 
1839, 257.305967836782 
1840, 255.867997696905 
1841, 258.467040132991 
1842, 266.664999400869 
1843, 281.983015681538 
1844, 314.991298143205 
1845, 349.747420832303 
1846, 389.87057727276 
1847, 419.273924114927 
1848, 440.499763021199 
1849, 454.10457048007 
1850, 441.929371710701 
1851, 405.901165801447 
1852, 364.152286348796 
1853, 310.275787392987 
1854, 265.898962431251 
1855, 253.991464507603 
1856, 252.946527864265 
1857, 267.44820621888 
1858, 297.120266814703 
1859, 330.79794591713 
1860, 369.056194004179 
1861, 419.821132920279 
1862, 482.527397041266 
1863, 532.595467098575 
1864, 557.734601649547 
1865, 575.189737455753 
1866, 569.117959824971 
1867, 529.472774261512 
1868, 475.69378004829 
1869, 408.678681714522 
1870, 350.181263290276 
1871, 281.678452505934 
1872, 221.768618622282 
1873, 189.06807590632 
1874, 188.505527639896 
1875, 218.730122853327 
1876, 268.937161807752 
1877, 329.467825799928 
1878, 414.567521921946 
1879, 481.772779815583 
1880, 552.290290808571 
1881, 629.906531772061 
1882, 717.890565608743 
1883, 777.018608357455 
1884, 833.612821875617 
1885, 863.870212257386 
1886, 880.486018074466 
1887, 898.883497250172 
1888, 887.572743565122 
1889, 885.362059133619 
1890, 875.581152575135 
1891, 854.849286282147 
1892, 812.492595643129 
1893, 792.114421265431 
1894, 751.028231259408 
1895, 694.903760395786 
1896, 640.143556389732 
1897, 556.623655247982 
1898, 469.766632302419 
1899, 407.602390983525 
1900, 350.005108054545 
1901, 290.289954688213 
1902, 249.71621913793 
1903, 232.210246497917 
1904, 200.78102591097 
1905, 183.405152180154 
1906, 177.48977063416 
1907, 177.196741534203 
1908, 195.27478806523 
1909, 196.624206236024 
1910, 216.249425707588 
1911, 243.671254765833 
1912, 269.713387533409 
1913, 307.162313942605 
1914, 368.594624682705 
1915, 419.895056543181 
1916, 452.544331965878 
1917, 504.438192670395 
1918, 557.530811138462 
1919, 602.084816750685 
1920, 649.989132220721 
1921, 692.954387266182 
1922, 726.984820282093 
1923, 746.237775647009 
1924, 763.503246951556 
1925, 781.015461097844 
1926, 786.852411655369 
1927, 773.851991277324 
1928, 772.136984657694 
1929, 758.265684682414 
1930, 756.255562868056 
1931, 772.549870683833 
1932, 782.650134504048 
1933, 799.342929530255 
1934, 833.684241460098 
1935, 852.1579960032 
1936, 861.360159186646 
1937, 879.048351758282 
1938, 895.295204525321 
1939, 898.254819821198 
1940, 918.31259662999 
1941, 930.018644109374 
1942, 935.549211879037 
1943, 944.398072883971 
1944, 941.998565637359 
1945, 925.716906224663 
1946, 921.323611573454 
1947, 918.42143976416 
1948, 908.409500298898 
1949, 906.052680261125 
1950, 885.23253351483 
1951, 862.37710307917 
1952, 835.561320394764 
1953, 794.772899570642 
1954, 758.587116008177 
1955, 727.511519097293 
1956, 685.606171047098 
1957, 664.110296622082 
1958, 659.789026851341 
1959, 656.102629068328 
1960, 656.964639688453 
1961, 660.198999300888 
1962, 688.315311021954 
1963, 718.25058759226 
1964, 764.331418711994 
1965, 832.465667793099 
1966, 887.477281815068 
1967, 936.088097324266 
1968, 1002.76365198364 
1969, 1077.54402848205 
1970, 1148.00885727116 
1971, 1240.26783986122 
1972, 1311.0839473945 
1973, 1359.35251474816 
1974, 1423.20479603689 
1975, 1486.48720368581 
1976, 1558.16429493031 
1977, 1639.00421925215 
1978, 1706.6004883819 
1979, 1768.29161708164 
1980, 1833.26489752197 
1981, 1868.86583514952 
1982, 1888.11275534778 
1983, 1899.82955022518 
1984, 1873.5824057513 
1985, 1864.50586637894 
1986, 1858.61997499656 
1987, 1854.42590015763 
1988, 1840.48810021994 
1989, 1850.41527851849 
1990, 1847.64106350113 
1991, 1854.23858095615 
1992, 1827.61215839503 
1993, 1810.81435765533 
1994, 1737.68789229958 
1995, 1624.36702378196 
1996, 1491.88378733038 
1997, 1318.75898320614 
1998, 1125.54933349849 
1999, 934.539868234133 
2000, 771.547146503479 
2001, 629.120253550696 
2002, 523.585330262384 
2003, 433.726851783578 
2004, 363.242400015635 
2005, 318.33713544855 
2006, 304.301626158164 
2007, 294.842231752543 
2008, 322.466085673822 
2009, 338.535798393707 
2010, 353.250723142672 
2011, 384.1044823996 
2012, 410.804265489232 
2013, 410.297456737904 
2014, 421.111813313795 
2015, 414.952067774651 
2016, 442.649240040236 
2017, 476.174637576459 
2018, 536.088438463072 
2019, 623.070500236355 
2020, 716.570395785366 
2021, 829.372316990599 
2022, 945.186065742427 
2023, 1073.87058275725 
2024, 1213.60394814916 
2025, 1338.18744893698 
2026, 1452.32520153431 
2027, 1559.09885833323 
2028, 1656.31541946612 
2029, 1740.46765686906 
2030, 1819.8066384022 
2031, 1883.04514883714 
2032, 1922.36170249121 
2033, 1967.1034752361 
2034, 2010.12078262673 
2035, 2041.35988689508 
2036, 2070.59654501942 
2037, 2084.78354948594 
2038, 2086.50453064861 
2039, 2073.21635509535 
2040, 2061.47315871684 
2041, 2043.34299749235 
2042, 2024.0989316411 
2043, 2010.45351548173 
2044, 1971.4689868581 
2045, 1908.30904948289 
2046, 1858.60063401949 
2047, 1807.09774600627 
2048, 1743.48126301298 
2049, 1685.31572904964 
2050, 1615.03831377562 
2051, 1514.79060679008 
2052, 1416.81423177152 
2053, 1353.62112867035 
2054, 1326.3295743953 
2055, 1307.5086074705 
2056, 1327.63379012966 
2057, 1333.3088844005 
2058, 1335.83348751439 
2059, 1357.2914939589 
2060, 1401.44169976766 
2061, 1430.30356962597 
2062, 1471.79990586613 
2063, 1500.28901315335 
2064, 1505.94107084443 
2065, 1526.97826587685 
2066, 1547.21405204728 
2067, 1573.35443309645 
2068, 1616.17939508428 
2069, 1669.09930303416 
2070, 1730.73455991221 
2071, 1807.55676791874 
2072, 1883.86571916547 
2073, 1975.81974556782 
2074, 2054.2035199246 
2075, 2122.26538764684 
2076, 2207.84460065501 
2077, 2297.90366213512 
2078, 2384.64175942263 
2079, 2491.95879356567 
2080, 2583.32301662294 
2081, 2661.56571543639 
2082, 2736.85431764317 
2083, 2810.4360820326 
2084, 2881.49388400111 
2085, 2946.83998823462 
2086, 3009.11675396947 
2087, 3064.61521829049 
2088, 3116.38280116139 
2089, 3158.01006045007 
2090, 3183.8941484848 
2091, 3221.08080651238 
2092, 3244.57966632304 
2093, 3289.57803170896 
2094, 3359.2368207154 
2095, 3415.73799673192 
2096, 3482.3210258131 
2097, 3536.70642128336 
2098, 3587.84047070758 
2099, 3627.54878020366 
2100, 3674.99328722397 
2101, 3722.64663633266 
2102, 3771.19408642986 
2103, 3814.31439145932 
2104, 3869.51227220344 
2105, 3940.60103632376 
2106, 3993.43880272515 
2107, 4040.85566212878 
2108, 4094.48580906084 
2109, 4125.65890452565 
2110, 4182.16291956724 
2111, 4266.42464289988 
2112, 4346.92138778555 
2113, 4405.67160475727 
2114, 4470.08805191285 
2115, 4531.48483680834 
2116, 4576.75456570617 
2117, 4630.93797666436 
2118, 4693.86651104517 
2119, 4754.72985921694 
2120, 4807.76163994402 
2121, 4869.89818924127 
2122, 4945.17392120413 
2123, 5011.33274987072 
2124, 5068.29550346064 
2125, 5135.10652206579 
2126, 5202.12985565208 
2127, 5276.73708087937 
2128, 5359.39429195257 
2129, 5453.60050460397 
2130, 5525.48695379931 
2131, 5591.68135152995 
2132, 5657.69003020088 
2133, 5706.30339315937 
2134, 5773.31835619154 
2135, 5857.93292938087 
2136, 5921.41614965498 
2137, 5982.15249145966 
2138, 6037.19120553727 
2139, 6065.73172286882 
2140, 6122.54274464606 
2141, 6195.65154459666 
2142, 6262.87900704318 
2143, 6345.55405994872 
2144, 6417.10014320725 
2145, 6490.62746072001 
2146, 6542.93082655876 
2147, 6584.91098807285 
2148, 6638.19451584094 
2149, 6678.04667113198 
2150, 6698.28199745703 
2151, 6740.82276554356 
2152, 6786.03734469745 
2153, 6839.28851693737 
2154, 6913.2607246052 
2155, 6968.44245621356 
2156, 7030.64703837339 
2157, 7069.59161279999 
2158, 7085.97890455319 
2159, 7107.43987763498 
2160, 7113.3645883152 
2161, 7127.01205120931 
2162, 7142.98508298382 
2163, 7160.95813444319 
2164, 7167.63459140561 
2165, 7194.38714474654 
2166, 7238.61084649489 
2167, 7298.4275742676 
2168, 7357.0889505071 
2169, 7428.35794916908 
2170, 7508.09644989435 
2171, 7586.86486479641 
2172, 7679.31006204177 
2173, 7809.72645720967 
2174, 7902.66075869152 
2175, 7992.19786394422 
2176, 8061.32149804665 
2177, 8106.59402345943 
2178, 8146.32684539565 
2179, 8166.7262579499 
2180, 8193.23828710237 
2181, 8213.70764977583 
2182, 8233.95443344142 
2183, 8254.62715776217 
2184, 8268.2356510654 
2185, 8292.11600097916 
2186, 8329.00500261517 
2187, 8381.14087623914 
2188, 8463.29617178946 
2189, 8518.12395060768 
2190, 8576.91953460665 
2191, 8621.81986719307 
2192, 8663.02468421677 
2193, 8677.3335675178 
2194, 8689.95538337078 
2195, 8666.05070811035 
2196, 8598.43140810186 
2197, 8537.00526726919 
2198, 8429.80912334887 
2199, 8370.07598084822 
2200, 8300.55592708802 
2201, 8284.52293643322 
2202, 8321.34840104747 
2203, 8363.41581829156 
2204, 8441.60065999515 
2205, 8528.33386492824 
2206, 8612.18668864148 
2207, 8715.73888594595 
2208, 8811.20350719175 
2209, 8922.6018078299 
2210, 9003.79299300183 
2211, 9081.34568004101 
2212, 9133.02908359369 
2213, 9156.72211470033 
2214, 9184.56644161976 
2215, 9197.63970948216 
2216, 9209.26527484443 
2217, 9222.45784484056 
2218, 9221.49165621849 
2219, 9203.89943715061 
2220, 9192.61387258012 
2221, 9175.34077204174 
2222, 9157.03314691615 
2223, 9143.45381762302 
2224, 9121.83646766305 
2225, 9082.09946851314 
2226, 9059.6341778173 
2227, 9043.36443347308 
2228, 9031.49400493272 
2229, 9021.62998938008 
2230, 9002.38172455632 
2231, 8974.80867368217 
2232, 8934.27524069932 
2233, 8891.74844061704 
2234, 8840.35560632631 
2235, 8799.67709881441 
2236, 8755.78643861813 
2237, 8713.65667037141 
2238, 8683.18564012122 
2239, 8639.90839390641 
2240, 8589.34985002836 
2241, 8536.35206747035 
2242, 8471.298948719 
2243, 8422.59222770545 
2244, 8383.34559175346 
2245, 8334.35447000233 
2246, 8295.66934311695 
2247, 8245.0226781677 
2248, 8172.56684403142 
2249, 8111.87532480009 
2250, 8058.25897660991 
2251, 7998.67245987584 
2252, 7939.61469945705 
2253, 7884.38637395023 
2254, 7807.58759373033 
2255, 7722.74989734566 
2256, 7633.79043391838 
2257, 7544.28002453975 
2258, 7463.91645264889 
2259, 7394.55421670929 
2260, 7311.58379317218 
2261, 7226.03805422132 
2262, 7143.08119225096 
2263, 7047.82512713393 
2264, 6970.29929748937 
2265, 6902.27717209035 
2266, 6838.68078858513 
2267, 6789.13814581771 
2268, 6729.89009497343 
2269, 6667.81909054863 
2270, 6612.93588091184 
2271, 6556.31780443083 
2272, 6502.96656619423 
2273, 6457.87333961379 
2274, 6412.77751248222 
2275, 6375.1376104483 
2276, 6325.55695769161 
2277, 6272.969139373 
2278, 6217.47088743192 
2279, 6159.57830544372 
2280, 6084.04073496469 
2281, 5992.3772882893 
2282, 5911.08069753329 
2283, 5818.38902411522 
2284, 5725.42295916106 
2285, 5663.67512210008 
2286, 5612.9866707112 
2287, 5524.30749262274 
2288, 5427.28696996739 
2289, 5318.98096034043 
2290, 5170.38381939313 
2291, 5061.59379006858 
2292, 4962.70216340952 
2293, 4875.05358623034 
2294, 4809.15063471267 
2295, 4731.39773571707 
2296, 4658.1023986116 
2297, 4578.82401473846 
2298, 4484.12382060897 
2299, 4413.37960874638 
2300, 4350.98471175175 
2301, 4296.52091418917 
2302, 4253.36483677585 
2303, 4222.46629137233 
2304, 4197.50188218447 
2305, 4182.36293857431 
2306, 4188.3809588316 
2307, 4190.54023260296 
2308, 4215.58040566542 
2309, 4207.84999056533 
2310, 4219.5812687705 
2311, 4165.86579176914 
2312, 4042.87327014385 
2313, 3932.26637582385 
2314, 3787.2637690151 
2315, 3638.18697790733 
2316, 3504.61955459969 
2317, 3397.20156705726 
2318, 3305.29006917992 
2319, 3212.0780137266 
2320, 3158.8362926534 
2321, 3127.03053670876 
2322, 3104.69736015288 
2323, 3115.11958498956 
2324, 3124.77456970607 
2325, 3132.61420508067 
2326, 3122.95538927582 
2327, 3103.44815923017 
2328, 3091.84670014746 
2329, 3074.37276280979 
2330, 3055.50869364767 
2331, 3052.1529487527 
2332, 3016.28322452682 
2333, 2963.98482819115 
2334, 2902.89150798842 
2335, 2821.46978932608 
2336, 2743.29932255255 
2337, 2652.718347358 
2338, 2572.55753678312 
2339, 2491.10543356198 
2340, 2415.81772913733 
2341, 2338.14109693829 
2342, 2281.5780735896 
2343, 2240.29842197709 
2344, 2196.23602721404 
2345, 2168.07836355297 
2346, 2134.27033126704 
2347, 2098.22999890851 
2348, 2059.59552791929 
2349, 2020.12624922299 
2350, 1984.46679977621 
2351, 1941.05379178647 
2352, 1907.04828145624 
2353, 1876.75570592197 
2354, 1857.70335390418 
2355, 1848.11567564583 
2356, 1844.27160104717 
2357, 1851.91109992728 
2358, 1864.77674685081 
2359, 1901.26876128118 
2360, 1905.46243522457 
2361, 1906.7959363464 
2362, 1887.94221961006 
2363, 1841.94988435404 
2364, 1778.95867168676 
2365, 1739.07631319011 
2366, 1685.26998269106 
2367, 1624.20878242161 
2368, 1564.78817382535 
2369, 1498.58606484262 
2370, 1455.82351792362 
2371, 1423.86044546282 
2372, 1400.00386231093 
2373, 1365.34737465434 
2374, 1338.36634442926 
2375, 1328.88187498313 
2376, 1317.04356549302 
2377, 1331.3824016606 
2378, 1345.73932709202 
2379, 1340.81999374807 
2380, 1350.3108899097 
2381, 1344.68247691938 
2382, 1323.63372465131 
2383, 1313.44431466779 
2384, 1284.62510923293 
2385, 1258.7885304457 
2386, 1246.4686127005 
2387, 1240.63739698414 
2388, 1237.04731183006 
2389, 1204.66596026178 
2390, 1168.11078449801 
2391, 1145.35630907986 
2392, 1140.37985830171 
2393, 1150.91852322566 
2394, 1165.77516383047 
2395, 1184.1309731858 
2396, 1170.51334948852 
2397, 1168.30134598142 
2398, 1187.24340495008 
2399, 1165.49954144162 
2400, 1151.41711085234 
2401, 1152.16332162928 
2402, 1130.31356424544 
2403, 1105.19142157987 
2404, 1086.93437592162 
2405, 1065.19643806459 
2406, 1035.73057617187 
2407, 996.486903974514 
2408, 957.002246383829 
2409, 918.389471344444 
2410, 858.987636245376 
2411, 818.543057466931 
2412, 790.843232673493 
2413, 773.607086487251 
2414, 763.438474027766 
2415, 754.44370198605 
2416, 764.114232227994 
2417, 754.669359083232 
2418, 729.291433765767 
2419, 720.540286460551 
2420, 711.005149962656 
2421, 710.37166633704 
2422, 723.495910663194 
2423, 729.96313144008 
2424, 739.554037388249 
2425, 750.639061441503 
2426, 759.857150426926 
2427, 769.170692710675 
2428, 793.024298601167 
2429, 785.481346407759 
2430, 758.935339370058 
2431, 738.415392262753 
2432, 697.660286989225 
2433, 665.166010851432 
2434, 641.576694291348 
2435, 620.886117058603 
2436, 598.269684504859 
2437, 584.690869638976 
2438, 573.703265882042 
2439, 573.441759373706 
2440, 580.39476971562 
2441, 586.617268510823 
2442, 623.168724465454 
2443, 609.982547721091 
2444, 559.776401078791 
2445, 541.602502994661 
2446, 505.673220371223 
2447, 479.666789939587 
2448, 475.600871358785 
2449, 453.209174684508 
2450, 440.361828935903 
2451, 450.303869094106 
2452, 463.650847328225 
2453, 477.007221694512 
2454, 471.243188963091 
2455, 469.411643231234 
2456, 481.168387208831 
2457, 490.864765353833 
2458, 508.866978515152 
2459, 515.481903333535 
2460, 507.790098559982 
2461, 486.601845000496 
2462, 462.164260817488 
2463, 454.116793991381 
2464, 437.72530753397 
2465, 421.991051584299 
2466, 416.800379540478 
2467, 402.659214244845 
2468, 390.292313011794 
2469, 385.07534884184 
2470, 378.334717873177 
2471, 366.448259162756 
2472, 354.264541029373 
2473, 341.1470669293 
2474, 323.563024484675 
2475, 306.762679879505 
2476, 299.276401030661 
2477, 301.474176367847 
2478, 297.495077750951 
2479, 284.548144928644 
2480, 265.305429040799 
2481, 241.624161978052 
2482, 214.815149007133 
2483, 202.255848707416 
2484, 195.893647906361 
2485, 181.195268366842 
2486, 185.720289814414 
2487, 195.956015875649 
2488, 198.852900494714 
2489, 188.323701293883 
2490, 167.105250502586 
2491, 152.112789711773 
2492, 138.038085025437 
2493, 155.456161954703 
2494, 174.712713092828 
2495, 168.742708138473 
2496, 172.149731985737 
2497, 157.058475832191 
2498, 153.767771149005 
2499, 158.588609715774 
2500, 153.946775331115 
