Wavelength,0212202100021.asd
350, 3521.95592561628 
351, 3702.67883328413 
352, 3867.64346172574 
353, 4011.28254719202 
354, 4156.54696582661 
355, 4308.89409702928 
356, 4466.26989045632 
357, 4619.74304802247 
358, 4782.30238999519 
359, 4959.55606076769 
360, 5156.25746754245 
361, 5394.090414176 
362, 5661.24687636285 
363, 5945.90842463599 
364, 6239.09142246506 
365, 6536.1149430064 
366, 6816.92397709789 
367, 7059.52707328324 
368, 7244.56811192277 
369, 7352.57361698055 
370, 7391.29640222933 
371, 7384.70730300964 
372, 7365.76700473145 
373, 7364.0447884579 
374, 7381.33590875102 
375, 7400.57637945653 
376, 7426.23329477694 
377, 7440.80313691141 
378, 7423.31762974032 
379, 7352.51433226995 
380, 7266.86645930596 
381, 7170.24685721645 
382, 7058.93852229904 
383, 6931.38665651962 
384, 6803.52804300203 
385, 6720.3582474629 
386, 6736.48875580576 
387, 6881.04231213375 
388, 7071.92938531654 
389, 7232.62951700415 
390, 7311.53362783716 
391, 7403.5479897153 
392, 7486.26541656342 
393, 7543.8091014231 
394, 7615.68526390009 
395, 7794.45710577394 
396, 8128.05384177289 
397, 8634.69757764906 
398, 9315.24611019576 
399, 10085.211937216 
400, 10878.3830565437 
401, 11650.3087959985 
402, 12367.9247518239 
403, 12957.6234692837 
404, 13392.8460014955 
405, 13737.1055136089 
406, 14008.3685004546 
407, 14253.4021449141 
408, 14529.3387921965 
409, 14898.4844140934 
410, 15334.7574872035 
411, 15813.4303050014 
412, 16312.3521201498 
413, 16806.0711543625 
414, 17292.2846631337 
415, 17759.5585265178 
416, 18171.9966042208 
417, 18570.087308545 
418, 18977.1952018051 
419, 19394.965498208 
420, 19761.9980010514 
421, 20137.5831087405 
422, 20546.8038250294 
423, 20979.2704754282 
424, 21374.9067928843 
425, 21686.4318767386 
426, 21867.7728301876 
427, 21863.6913445435 
428, 21792.3359876897 
429, 21838.3025502664 
430, 22134.293129517 
431, 22541.3675225665 
432, 23090.1996331011 
433, 23894.9378290006 
434, 25076.9680329646 
435, 26279.3557424314 
436, 27197.4030359237 
437, 27788.6700840841 
438, 28418.6801716342 
439, 29057.4442512596 
440, 29662.8007766377 
441, 30225.4862354521 
442, 30938.5534530554 
443, 31676.2755527549 
444, 32348.291808859 
445, 32906.2676003114 
446, 33355.358513827 
447, 33765.6901914204 
448, 34206.9460311438 
449, 34741.6454038788 
450, 35173.533561151 
451, 35394.8438426982 
452, 35380.0488993311 
453, 35289.4394833677 
454, 35098.2148913028 
455, 34859.9244369088 
456, 34698.5275308276 
457, 34664.5200122676 
458, 34679.4330862165 
459, 34660.3150672361 
460, 34569.8422963932 
461, 34436.2901829373 
462, 34291.9711494226 
463, 34149.8674250349 
464, 33917.5760787757 
465, 33565.4548611375 
466, 33139.5730149632 
467, 32755.8050092586 
468, 32430.8088549705 
469, 32192.2023020146 
470, 32053.2845493881 
471, 32006.996124677 
472, 31979.9323986087 
473, 31978.9472115042 
474, 32031.8956326732 
475, 32024.208088755 
476, 31997.086254117 
477, 31989.0692781757 
478, 32016.5922164662 
479, 32129.4078695586 
480, 32276.3825796239 
481, 32372.0664514781 
482, 32336.3415739082 
483, 32077.9310845763 
484, 31550.9067813877 
485, 30784.1671966336 
486, 30072.5452338409 
487, 29587.8170454671 
488, 29468.7651496804 
489, 29851.1053902004 
490, 30402.7902387925 
491, 30840.3029756738 
492, 30997.9523729527 
493, 31061.8633752835 
494, 31162.0856617015 
495, 31350.8348934286 
496, 31594.9053046592 
497, 31663.1939542369 
498, 31567.9196542379 
499, 31368.1616485664 
500, 31103.733592616 
501, 30914.9161574734 
502, 30853.536972719 
503, 30937.6159254051 
504, 31251.6732949691 
505, 31666.410111941 
506, 32070.7978751532 
507, 32393.8379479406 
508, 32636.7672630222 
509, 32828.6181350336 
510, 33012.7923629302 
511, 33260.8444138552 
512, 33424.8438148086 
513, 33446.9392553902 
514, 33323.1941074169 
515, 33033.9414940718 
516, 32652.2800756254 
517, 32294.3752418246 
518, 32109.6561657718 
519, 32425.9010694209 
520, 33248.5072670897 
521, 34366.0211422937 
522, 35275.4123500918 
523, 35952.071431601 
524, 36429.3400813895 
525, 36776.4127180016 
526, 36916.658787151 
527, 36978.9026061188 
528, 37196.6136539439 
529, 37982.1576888505 
530, 38976.118386241 
531, 39784.2982773194 
532, 40101.598448866 
533, 40209.0941731537 
534, 40403.9723856752 
535, 40832.0629879838 
536, 41457.3630262971 
537, 41889.4176450412 
538, 42077.8492937943 
539, 42097.4920587905 
540, 42083.9704983184 
541, 42130.1965849791 
542, 42365.7190119754 
543, 42889.014196598 
544, 43464.2614824959 
545, 43954.2323454821 
546, 44289.7474386937 
547, 44479.1758123442 
548, 44607.3119571622 
549, 44764.9166289434 
550, 45004.7422236378 
551, 45243.8342239061 
552, 45425.6893495901 
553, 45559.7404841994 
554, 45705.0036781094 
555, 45816.7191409502 
556, 45770.9437657156 
557, 45503.1332154994 
558, 45074.3922564372 
559, 44721.3550270795 
560, 44579.740751551 
561, 44690.2978666247 
562, 44909.2237151647 
563, 45028.8962849303 
564, 44954.8086317895 
565, 44733.18447129 
566, 44421.8611841611 
567, 44115.9455368973 
568, 43870.1855913186 
569, 43607.1473806254 
570, 43252.2737627005 
571, 42918.6805299758 
572, 42818.4314892223 
573, 42896.4173991397 
574, 42905.2478973935 
575, 42697.1801689362 
576, 42321.4160194864 
577, 41992.7805795673 
578, 41829.9323089372 
579, 41885.5641375926 
580, 42115.4358751553 
581, 42514.935684004 
582, 42993.5803772495 
583, 43384.1315874121 
584, 43623.2498735063 
585, 43603.3403231564 
586, 43317.334989424 
587, 42991.0315792873 
588, 42595.9930435874 
589, 42042.1896036365 
590, 41322.0029921756 
591, 41155.1472931248 
592, 41420.8562970643 
593, 41776.7890061711 
594, 41717.3374681079 
595, 41482.0782099595 
596, 41176.2398650598 
597, 40855.5169492418 
598, 40495.7787481517 
599, 40056.034980764 
600, 39581.9219029613 
601, 39176.802543475 
602, 38858.1477576473 
603, 38697.6027794309 
604, 38696.0773779918 
605, 38738.3933110641 
606, 38643.7898368798 
607, 38417.6587282261 
608, 38143.6056701226 
609, 37871.1795129541 
610, 37614.3464315856 
611, 37387.8386419732 
612, 37204.650269136 
613, 37002.0538940023 
614, 36760.0156870228 
615, 36497.6839586733 
616, 36296.3965670287 
617, 36170.0355607661 
618, 36184.2685205755 
619, 36380.8562907178 
620, 36551.7909107332 
621, 36563.2173232694 
622, 36378.08403155 
623, 36068.8283906799 
624, 35728.7981844959 
625, 35412.8565974731 
626, 35147.8258352742 
627, 34930.5617612038 
628, 34700.2398854404 
629, 34469.330854181 
630, 34308.1923505909 
631, 34336.9530763141 
632, 34466.4205582645 
633, 34618.5025832948 
634, 34785.999840111 
635, 34910.9136497817 
636, 34995.4295929929 
637, 35056.8991092685 
638, 35084.6119699014 
639, 35033.4305473682 
640, 34872.6334846341 
641, 34601.1690881308 
642, 34410.0464838681 
643, 34309.8555533424 
644, 34247.5876207746 
645, 34117.8507690667 
646, 33913.7192954662 
647, 33661.8695003241 
648, 33410.2675346277 
649, 33199.224146152 
650, 33024.4703825962 
651, 32930.6676784031 
652, 32998.451981615 
653, 32921.6769365041 
654, 32540.9915549466 
655, 31838.5825255518 
656, 30979.7511038068 
657, 30385.9583931923 
658, 30454.2475167775 
659, 31348.5010761217 
660, 32110.7105443713 
661, 32513.9140175992 
662, 32599.7300284233 
663, 32642.0002692132 
664, 32604.0969368243 
665, 32553.5364912022 
666, 32545.4362691706 
667, 32555.3828298591 
668, 32545.936524739 
669, 32521.1573495338 
670, 32501.5054713247 
671, 32431.3254881195 
672, 32351.4154949582 
673, 32309.8962818025 
674, 32349.6134278421 
675, 32395.597992228 
676, 32426.3253002593 
677, 32443.0872591463 
678, 32470.620908327 
679, 32484.094359813 
680, 32481.5491947092 
681, 32473.5604110945 
682, 32459.6969248733 
683, 32391.9581434872 
684, 32127.7597241821 
685, 31406.1839975641 
686, 30110.0293090567 
687, 28324.7183047733 
688, 26499.3880430416 
689, 25922.3532692561 
690, 26595.0023148251 
691, 27965.441869821 
692, 29173.4947814447 
693, 30228.9120751284 
694, 30990.164830677 
695, 31441.2529080022 
696, 31743.1227086121 
697, 31990.016717263 
698, 32144.5341478868 
699, 32157.9932812589 
700, 32092.5015239115 
701, 32024.5305994805 
702, 32024.7520830295 
703, 32149.1840668097 
704, 32406.0994925869 
705, 32700.154325906 
706, 32941.4688035755 
707, 33068.8193153741 
708, 33175.6314902304 
709, 33274.5363747119 
710, 33359.9875123667 
711, 33446.3383609177 
712, 33501.6355598123 
713, 33516.0129392485 
714, 33482.4859374759 
715, 33339.9482642427 
716, 32955.2941607446 
717, 32265.936669477 
718, 31310.8074797904 
719, 30515.9548747186 
720, 30245.4280146306 
721, 30635.6618748087 
722, 31387.4601413344 
723, 31872.3658128301 
724, 31915.9163188505 
725, 31683.2312723336 
726, 31661.8106494686 
727, 31756.6613908737 
728, 31857.8189798788 
729, 31908.9242782826 
730, 32093.4109677555 
731, 32442.943167668 
732, 32917.914244945 
733, 33416.4157147987 
734, 33834.2774986058 
735, 34086.5393487334 
736, 34138.4014108696 
737, 34092.7618614101 
738, 34027.6704398397 
739, 33959.9486222978 
740, 33861.2958241586 
741, 33822.261533085 
742, 33860.2700085819 
743, 33965.1429702955 
744, 34108.2772016652 
745, 34200.3466313908 
746, 34239.0205181344 
747, 34244.8022347453 
748, 34204.8703443651 
749, 34097.9455404219 
750, 33951.6629652063 
751, 33826.0602890673 
752, 33769.4984850933 
753, 33765.5810218038 
754, 33777.0816191573 
755, 33750.7656881988 
756, 33602.0256747534 
757, 32918.704563543 
758, 31017.0262257302 
759, 26688.0316285286 
760, 20402.7167702927 
761, 14417.9069144653 
762, 11342.55377881 
763, 11581.7549021581 
764, 13504.7085282665 
765, 16347.6467800208 
766, 20106.3319285817 
767, 24118.9927727459 
768, 27533.7556927299 
769, 29856.9927544748 
770, 31136.6613291108 
771, 31760.8692315244 
772, 32006.3431805922 
773, 32074.6703107762 
774, 32065.1035761361 
775, 32000.3362905479 
776, 31914.394295141 
777, 31829.6738911425 
778, 31711.5599560292 
779, 31569.9010791749 
780, 31429.2468236349 
781, 31317.7508511505 
782, 31191.9977561051 
783, 31039.2429426645 
784, 30865.2944644659 
785, 30695.6213254659 
786, 30530.622825204 
787, 30338.1660606341 
788, 30091.0916354523 
789, 29798.9208753353 
790, 29482.7144955949 
791, 29148.71966028 
792, 28802.2983747314 
793, 28469.2855545541 
794, 28205.7186600134 
795, 28042.0052926023 
796, 27974.0911467397 
797, 27923.2683305771 
798, 27817.5067827548 
799, 27625.5418306458 
800, 27367.7447913665 
801, 27094.58187991 
802, 26841.1599532395 
803, 26618.6309563196 
804, 26398.2118118501 
805, 26201.9164952695 
806, 26017.5437926657 
807, 25817.2892075855 
808, 25565.8706631487 
809, 25269.1166604201 
810, 24947.4512807454 
811, 24616.347794869 
812, 24224.3058575144 
813, 23705.0311514379 
814, 23049.1928163971 
815, 22312.5962954792 
816, 21621.1211726839 
817, 21067.2832289503 
818, 20711.0476480854 
819, 20574.8932616882 
820, 20509.7881445463 
821, 20414.7929180318 
822, 20251.008423353 
823, 20073.025391646 
824, 19955.9647653347 
825, 19959.4499720321 
826, 20057.43863841 
827, 19988.1610709312 
828, 19764.8943077456 
829, 19479.1326101888 
830, 19249.5118137347 
831, 19084.4394340143 
832, 18952.6029955302 
833, 18840.8719236433 
834, 18755.1612226347 
835, 18703.9868772123 
836, 18670.2401350393 
837, 18622.3116470502 
838, 18520.1430843174 
839, 18376.2115367068 
840, 18206.3801140698 
841, 18023.3314830291 
842, 17831.2623521381 
843, 17634.1253242371 
844, 17440.9415423802 
845, 17255.6848650554 
846, 17072.7972828477 
847, 16846.9506228343 
848, 16573.7351937963 
849, 16269.7670512296 
850, 15966.4518283755 
851, 15610.4887563121 
852, 15244.2533801043 
853, 14945.3245426228 
854, 14720.9760624233 
855, 14542.6890675241 
856, 14467.3376533772 
857, 14571.4510630985 
858, 14721.4788931883 
859, 14758.7424860409 
860, 14656.6285354046 
861, 14504.8075284638 
862, 14319.18631081 
863, 14080.986079124 
864, 13794.1054724877 
865, 13494.6509895588 
866, 13212.6211937104 
867, 12978.116415507 
868, 12830.9131218952 
869, 12819.5651326397 
870, 12859.825281415 
871, 12853.6659604119 
872, 12756.0294780249 
873, 12616.8010976511 
874, 12466.6841112157 
875, 12315.1786623017 
876, 12164.8734965598 
877, 12020.9783752606 
878, 11879.0003662281 
879, 11738.6097080853 
880, 11598.7665761538 
881, 11452.5638605187 
882, 11308.9988510804 
883, 11174.2840865331 
884, 11049.1558489653 
885, 10922.8969229965 
886, 10784.1689645476 
887, 10638.0964867817 
888, 10494.9298227698 
889, 10353.840694012 
890, 10214.4895138692 
891, 10061.4528697427 
892, 9874.72612376576 
893, 9647.900231035 
894, 9385.45947795676 
895, 9095.44057575228 
896, 8788.80380342306 
897, 8476.62567491408 
898, 8180.94477434149 
899, 7931.88774583278 
900, 7756.30814339194 
901, 7649.66491590042 
902, 7595.13321917245 
903, 7567.2115957092 
904, 7537.9388887499 
905, 7494.66276775663 
906, 7416.67615505105 
907, 7288.6481677439 
908, 7109.95265971322 
909, 6924.04446268866 
910, 6765.46555192036 
911, 6647.85129554174 
912, 6564.61761458714 
913, 6494.44120310398 
914, 6425.11796199048 
915, 6353.78690553224 
916, 6286.21425537146 
917, 6236.81945686957 
918, 6194.22620394521 
919, 6152.39981202415 
920, 6110.64684451259 
921, 6065.77656724166 
922, 6007.26114792383 
923, 5925.38820813451 
924, 5813.52198188139 
925, 5672.8364887977 
926, 5508.28688226358 
927, 5311.64493351107 
928, 5069.26849068976 
929, 4788.62306824585 
930, 4472.1130158096 
931, 4135.18977527049 
932, 3804.35190366419 
933, 3511.30805774702 
934, 3276.79758557069 
935, 3115.38991589808 
936, 3030.82558245226 
937, 3005.75932114834 
938, 3020.52887698557 
939, 3050.9868921707 
940, 3076.93980029503 
941, 3099.67499101107 
942, 3103.45386385436 
943, 3075.07176272886 
944, 3012.41979272162 
945, 2937.69267194103 
946, 2876.64484111265 
947, 2838.6659712923 
948, 2821.45392089712 
949, 2816.3642200135 
950, 2809.06087148734 
951, 2797.8075575001 
952, 2784.55804061448 
953, 2767.23190272257 
954, 2752.09553764343 
955, 2738.13710074529 
956, 2724.83387400283 
957, 2716.61605813172 
958, 2710.00948972833 
959, 2705.53180925595 
960, 2704.22028841026 
961, 2706.23501813771 
962, 2707.27188609512 
963, 2711.99640492898 
964, 2719.72504917906 
965, 2722.5632786791 
966, 2725.47506596135 
967, 2722.94105801744 
968, 2713.51365277526 
969, 2700.32872751577 
970, 2682.21642514955 
971, 2659.1922649513 
972, 2629.05825026722 
973, 2589.31256254216 
974, 2542.22035308408 
975, 2493.92262103247 
976, 2448.05206113871 
977, 2406.92476442647 
978, 2374.47860951948 
979, 2345.81954776466 
980, 2321.95650505384 
981, 2301.72854551963 
982, 2274.38328451265 
983, 2248.14319983527 
984, 2222.01320402529 
985, 2193.56230446191 
986, 2162.12508216104 
987, 2128.05608448512 
988, 2092.56714037237 
989, 2055.98045310327 
990, 2017.55689952853 
991, 1977.18375228198 
992, 1937.8203688305 
993, 1900.24076755721 
994, 1863.03638249804 
995, 1823.99633364004 
996, 1785.89547382572 
997, 1747.4587657486 
998, 1706.61442523864 
999, 1664.86840919249 
1000, 1624.70683645254 
1001, 10215.8097512722 
1002, 10215.6912564924 
1003, 10213.1007064013 
1004, 10224.0571541206 
1005, 10239.8098933037 
1006, 10256.8925125522 
1007, 10295.9377437331 
1008, 10342.6983776227 
1009, 10393.9071346208 
1010, 10461.088119075 
1011, 10522.5513778177 
1012, 10584.1091048354 
1013, 10648.7195238442 
1014, 10717.1145305993 
1015, 10779.9278760549 
1016, 10846.7271095375 
1017, 10916.5210727413 
1018, 10983.1092049821 
1019, 11050.2054113036 
1020, 11123.4148393163 
1021, 11195.9546619832 
1022, 11268.7334938063 
1023, 11340.0777582601 
1024, 11419.5852336829 
1025, 11502.3553971602 
1026, 11581.1697960318 
1027, 11658.8161598817 
1028, 11732.7318017577 
1029, 11799.8681346441 
1030, 11864.0901066952 
1031, 11925.4638623315 
1032, 11975.8472556464 
1033, 12017.7202037652 
1034, 12058.5966483717 
1035, 12098.3947143333 
1036, 12136.1111453495 
1037, 12173.7771959922 
1038, 12205.3474551612 
1039, 12238.0015996145 
1040, 12266.5364303708 
1041, 12284.8455855198 
1042, 12306.1579103566 
1043, 12316.069614001 
1044, 12321.435660994 
1045, 12331.2538384018 
1046, 12336.6916222847 
1047, 12344.7100277143 
1048, 12353.6806749785 
1049, 12361.1191075415 
1050, 12368.8272005212 
1051, 12385.0445130706 
1052, 12405.5327860465 
1053, 12422.2458548255 
1054, 12433.8333558046 
1055, 12448.9464389433 
1056, 12464.8719154076 
1057, 12482.0519834985 
1058, 12513.0875423357 
1059, 12557.2793982937 
1060, 12605.9818501913 
1061, 12662.4804339477 
1062, 12724.3255603316 
1063, 12794.8757654887 
1064, 12863.2120396414 
1065, 12946.1568435272 
1066, 13034.1728911036 
1067, 13131.5645613421 
1068, 13251.7464660348 
1069, 13380.8221795143 
1070, 13521.7749911078 
1071, 13676.3228479205 
1072, 13829.836116977 
1073, 13982.6560414991 
1074, 14142.3607088362 
1075, 14288.176804329 
1076, 14430.6528767187 
1077, 14569.9302330249 
1078, 14689.9883580286 
1079, 14796.2732767182 
1080, 14890.2512091357 
1081, 14977.6133082656 
1082, 15062.9703252534 
1083, 15141.2946543559 
1084, 15218.7926613512 
1085, 15290.1277892298 
1086, 15360.9006828573 
1087, 15434.1755579579 
1088, 15491.4223420499 
1089, 15551.7794578894 
1090, 15588.2432965543 
1091, 15603.8276162273 
1092, 15609.4997401685 
1093, 15604.6256777219 
1094, 15587.6480809739 
1095, 15565.1686879813 
1096, 15534.1845442089 
1097, 15507.0047715889 
1098, 15480.5707405479 
1099, 15457.2654399386 
1100, 15441.7312105052 
1101, 15419.4252892025 
1102, 15401.3897789824 
1103, 15368.4708389798 
1104, 15340.0447302909 
1105, 15285.479047044 
1106, 15213.0571465558 
1107, 15108.4271643748 
1108, 14938.2100888294 
1109, 14718.8131006438 
1110, 14412.7701686047 
1111, 14025.6596814214 
1112, 13576.1946060702 
1113, 13026.1184792249 
1114, 12478.5284462487 
1115, 11835.7732353136 
1116, 11262.5372872066 
1117, 10647.2480733204 
1118, 10122.5270007373 
1119, 9640.61374895077 
1120, 9197.32058400966 
1121, 8831.82997396318 
1122, 8537.26097973626 
1123, 8325.64264731734 
1124, 8190.26817764119 
1125, 8132.34279104052 
1126, 8185.35648099507 
1127, 8237.65483195451 
1128, 8362.8669656952 
1129, 8487.42631354855 
1130, 8651.3740303477 
1131, 8807.43377001332 
1132, 8965.23824925461 
1133, 9157.22697268283 
1134, 9355.8120533698 
1135, 9572.63016569851 
1136, 9885.35700769727 
1137, 10209.4359024561 
1138, 10525.5723785574 
1139, 10820.844513893 
1140, 11021.7588754042 
1141, 11167.7726006527 
1142, 11246.1514650494 
1143, 11216.4514427893 
1144, 11218.205952115 
1145, 11097.1295162604 
1146, 11118.9848682508 
1147, 11147.075061821 
1148, 11289.3984475082 
1149, 11536.0176010737 
1150, 11836.9852353457 
1151, 12233.1857330627 
1152, 12674.1783702994 
1153, 13127.1733819057 
1154, 13645.5955340085 
1155, 14141.4122760961 
1156, 14662.5994376033 
1157, 15154.4815133348 
1158, 15657.7493626328 
1159, 16125.8211673432 
1160, 16577.6050979239 
1161, 17000.9671570976 
1162, 17413.3266705118 
1163, 17785.8203053756 
1164, 18127.6765698908 
1165, 18435.1250733814 
1166, 18711.7692104606 
1167, 18948.7486072936 
1168, 19160.3055830571 
1169, 19338.8049490718 
1170, 19492.0735632109 
1171, 19616.6259524362 
1172, 19713.898935137 
1173, 19774.474997941 
1174, 19825.2983155258 
1175, 19844.0035795558 
1176, 19860.4940988126 
1177, 19856.2766680806 
1178, 19856.7049737285 
1179, 19843.4146951349 
1180, 19838.1726878171 
1181, 19828.7845034513 
1182, 19827.0477855845 
1183, 19846.8783966555 
1184, 19866.9378458036 
1185, 19925.5859552185 
1186, 20012.6507005041 
1187, 20111.4990638846 
1188, 20241.941672312 
1189, 20368.2751680322 
1190, 20528.7446004137 
1191, 20651.7027915424 
1192, 20790.3127641764 
1193, 20876.9042973855 
1194, 20930.793227123 
1195, 20957.2272291397 
1196, 20940.922513056 
1197, 20906.6419285795 
1198, 20865.3369455137 
1199, 20787.318479916 
1200, 20746.1354860822 
1201, 20694.8333769099 
1202, 20681.4651030446 
1203, 20684.1694342563 
1204, 20715.4609066518 
1205, 20775.1195844428 
1206, 20848.5261337574 
1207, 20953.2794057771 
1208, 21060.0039096427 
1209, 21187.7406503867 
1210, 21310.8644544759 
1211, 21450.3206838462 
1212, 21576.1350472452 
1213, 21696.603263445 
1214, 21816.7520557887 
1215, 21920.5327015485 
1216, 22018.5702437186 
1217, 22095.4786975257 
1218, 22158.4696594976 
1219, 22208.059630482 
1220, 22229.9854313884 
1221, 22263.1323669902 
1222, 22283.127644861 
1223, 22315.2931098619 
1224, 22354.2655287821 
1225, 22392.5166414516 
1226, 22437.1200162228 
1227, 22477.8581779071 
1228, 22522.694763683 
1229, 22558.7925046611 
1230, 22590.0329177118 
1231, 22620.5336503955 
1232, 22637.1439392269 
1233, 22645.6496365627 
1234, 22644.2849805963 
1235, 22636.2755310316 
1236, 22612.981420554 
1237, 22575.9857227414 
1238, 22532.9547117578 
1239, 22474.3594785757 
1240, 22414.7527381817 
1241, 22346.4658078512 
1242, 22279.4233762979 
1243, 22211.1892231642 
1244, 22136.845604618 
1245, 22062.6807807842 
1246, 21981.6312466544 
1247, 21891.4655412873 
1248, 21795.86712638 
1249, 21685.7868033023 
1250, 21576.2519529546 
1251, 21430.2029703374 
1252, 21267.7260651293 
1253, 21077.0380107754 
1254, 20864.992287582 
1255, 20617.7299958929 
1256, 20348.1727379246 
1257, 20041.8937895995 
1258, 19687.2105438626 
1259, 19323.6714154769 
1260, 18914.6444703722 
1261, 18519.004491977 
1262, 18096.8786043139 
1263, 17688.2964409807 
1264, 17342.7901131636 
1265, 16988.887368203 
1266, 16773.2763348419 
1267, 16614.9661911405 
1268, 16579.9558974013 
1269, 16653.9849840929 
1270, 16798.9226879457 
1271, 17080.0703116758 
1272, 17351.1302800454 
1273, 17725.4976890622 
1274, 18041.9651833305 
1275, 18396.1422218434 
1276, 18681.1991128886 
1277, 18934.2945855467 
1278, 19153.9173712802 
1279, 19330.2369656712 
1280, 19469.0577279915 
1281, 19599.5375710418 
1282, 19726.0572045953 
1283, 19858.0342013823 
1284, 19985.5389702562 
1285, 20116.0447649466 
1286, 20257.5819820756 
1287, 20376.2307486772 
1288, 20496.5123274547 
1289, 20586.7641632533 
1290, 20657.6960872793 
1291, 20711.3862958789 
1292, 20737.484568009 
1293, 20761.4530723891 
1294, 20776.9646059431 
1295, 20775.5973753165 
1296, 20758.0995941434 
1297, 20736.1473890591 
1298, 20702.0867079781 
1299, 20656.6301102597 
1300, 20603.4813655579 
1301, 20544.1252325343 
1302, 20478.424796017 
1303, 20397.0853323972 
1304, 20320.4932378733 
1305, 20245.65485573 
1306, 20162.9737508006 
1307, 20074.8842727583 
1308, 19983.1212070449 
1309, 19886.1803131366 
1310, 19786.4895695074 
1311, 19677.7495105424 
1312, 19575.3373923751 
1313, 19464.275582891 
1314, 19369.5494887815 
1315, 19282.0632545902 
1316, 19203.8167920415 
1317, 19136.7804806746 
1318, 19079.8206674668 
1319, 19027.6162290071 
1320, 18975.6026165763 
1321, 18920.0845540511 
1322, 18847.2774202509 
1323, 18733.3275973519 
1324, 18605.8621301793 
1325, 18418.2102635249 
1326, 18176.2411054174 
1327, 17919.9600224679 
1328, 17590.969497785 
1329, 17311.0671564961 
1330, 16995.2406300275 
1331, 16757.4940177675 
1332, 16548.4371055573 
1333, 16394.971386121 
1334, 16326.2754028461 
1335, 16245.5885203626 
1336, 16209.4161534523 
1337, 16175.3616776786 
1338, 16109.9101994486 
1339, 15976.8773491185 
1340, 15767.2145728983 
1341, 15446.4634839411 
1342, 14984.8941858185 
1343, 14403.8862818213 
1344, 13705.8391034489 
1345, 12853.8763921339 
1346, 11947.1835980301 
1347, 10896.4306344819 
1348, 9867.50486667726 
1349, 8726.19341657716 
1350, 7677.9047218638 
1351, 6591.58685286511 
1352, 5628.8638730909 
1353, 4702.7602696585 
1354, 3889.87711862997 
1355, 3163.21505305877 
1356, 2541.15480840795 
1357, 2010.28630114012 
1358, 1594.50858581744 
1359, 1262.46491137182 
1360, 1008.4902451323 
1361, 823.386240997719 
1362, 682.274896901284 
1363, 588.846901509611 
1364, 531.214913050137 
1365, 483.218462361523 
1366, 461.112860652338 
1367, 457.494227926827 
1368, 470.048206065411 
1369, 507.983922244963 
1370, 579.047378886079 
1371, 653.886183231446 
1372, 758.947845568623 
1373, 849.695797508396 
1374, 960.609968188769 
1375, 1038.37089778328 
1376, 1115.9333703384 
1377, 1154.51243347072 
1378, 1168.44368507531 
1379, 1146.64350393862 
1380, 1103.78033040857 
1381, 1053.69295865254 
1382, 1008.69783870481 
1383, 996.781546966072 
1384, 1020.37708275896 
1385, 1088.13102933518 
1386, 1192.66399738481 
1387, 1327.86769511545 
1388, 1451.68877864798 
1389, 1608.66138519446 
1390, 1715.48990228081 
1391, 1809.05226030182 
1392, 1878.53048136849 
1393, 1911.45847218958 
1394, 1951.22017565685 
1395, 1965.86237911053 
1396, 2004.34927713548 
1397, 2040.14676982722 
1398, 2096.48005974052 
1399, 2172.70051576545 
1400, 2252.69408843683 
1401, 2340.57223296996 
1402, 2439.7542406545 
1403, 2545.3304376662 
1404, 2664.27765292895 
1405, 2793.24769688461 
1406, 2942.57406415663 
1407, 3113.93102102318 
1408, 3303.70728075938 
1409, 3525.29725677312 
1410, 3772.67887710815 
1411, 4029.68772937465 
1412, 4316.85639258718 
1413, 4593.59553151378 
1414, 4888.62072385242 
1415, 5154.91096263158 
1416, 5410.71577772904 
1417, 5661.66048362604 
1418, 5898.72043313649 
1419, 6133.91222442076 
1420, 6369.28742927776 
1421, 6597.02152898912 
1422, 6828.62814817273 
1423, 7029.81708754644 
1424, 7242.18444679525 
1425, 7391.14944072368 
1426, 7508.01222062076 
1427, 7572.15027727811 
1428, 7585.82604675233 
1429, 7553.23253007826 
1430, 7481.8951278829 
1431, 7391.70102332634 
1432, 7292.95466880885 
1433, 7199.12561818716 
1434, 7133.33679641957 
1435, 7098.53669784836 
1436, 7096.16380453108 
1437, 7138.78942526177 
1438, 7200.43546099777 
1439, 7300.6900170123 
1440, 7400.87653487899 
1441, 7528.9839338904 
1442, 7648.62326253938 
1443, 7778.10945640272 
1444, 7901.36299774093 
1445, 8028.25031249256 
1446, 8146.65535459045 
1447, 8245.51005287932 
1448, 8372.0517452602 
1449, 8493.44121743319 
1450, 8647.82209889172 
1451, 8841.89847356357 
1452, 9029.17263966981 
1453, 9253.8544942415 
1454, 9442.08736169922 
1455, 9637.81296561663 
1456, 9788.16485417789 
1457, 9892.33192184255 
1458, 9927.71085650094 
1459, 9889.52314820638 
1460, 9773.13710735497 
1461, 9591.84289424387 
1462, 9342.94694621691 
1463, 9046.9656104862 
1464, 8721.38545593568 
1465, 8420.76973653121 
1466, 8087.96772840168 
1467, 7822.11676691765 
1468, 7570.25512452574 
1469, 7382.3291792846 
1470, 7234.72890195308 
1471, 7139.05592068897 
1472, 7104.74670003569 
1473, 7091.8894108181 
1474, 7137.67698197663 
1475, 7175.17320506913 
1476, 7244.5075795745 
1477, 7300.36101511855 
1478, 7360.02806330751 
1479, 7416.41109991144 
1480, 7465.66427441085 
1481, 7526.04134031057 
1482, 7584.07262846572 
1483, 7657.76705286278 
1484, 7739.91045555535 
1485, 7835.78757544732 
1486, 7942.30985047329 
1487, 8066.05459361523 
1488, 8195.587801754 
1489, 8341.57173919367 
1490, 8494.91086755547 
1491, 8639.8695678238 
1492, 8785.26451242356 
1493, 8915.91559334898 
1494, 9034.96539946763 
1495, 9144.06537138597 
1496, 9227.42859179624 
1497, 9298.30611549771 
1498, 9350.38481905809 
1499, 9375.03510396141 
1500, 9399.49384246998 
1501, 9404.87947538077 
1502, 9421.96961848686 
1503, 9427.90090505782 
1504, 9457.84732541412 
1505, 9496.80389702561 
1506, 9549.34415455334 
1507, 9621.9873555074 
1508, 9692.34662732527 
1509, 9778.76190025583 
1510, 9850.52113067551 
1511, 9922.67578866637 
1512, 9983.58701251358 
1513, 10035.0261854723 
1514, 10080.6265150666 
1515, 10120.0246326599 
1516, 10151.7828348731 
1517, 10173.8045878924 
1518, 10194.9757946993 
1519, 10204.8594112198 
1520, 10222.3427803675 
1521, 10241.1468546625 
1522, 10261.2225237269 
1523, 10283.7747153853 
1524, 10300.9012356221 
1525, 10316.7445659147 
1526, 10320.7259964566 
1527, 10319.8545652586 
1528, 10320.2283751505 
1529, 10314.95693058 
1530, 10314.1158106153 
1531, 10314.8231441926 
1532, 10313.5118490485 
1533, 10318.5291659788 
1534, 10325.0862630382 
1535, 10328.9989312697 
1536, 10335.2414638311 
1537, 10339.3593285277 
1538, 10336.7274902969 
1539, 10343.9314765798 
1540, 10353.964390205 
1541, 10369.5954457525 
1542, 10391.1909537112 
1543, 10413.8831842268 
1544, 10446.0658258291 
1545, 10467.3767954348 
1546, 10488.2827569458 
1547, 10504.4022516613 
1548, 10510.8724534242 
1549, 10520.8164532085 
1550, 10533.2874881534 
1551, 10538.025257353 
1552, 10537.5052470645 
1553, 10538.2177800209 
1554, 10531.7468317992 
1555, 10533.1080871347 
1556, 10541.8470845872 
1557, 10546.063848655 
1558, 10553.1329025153 
1559, 10553.8751311909 
1560, 10558.6818289917 
1561, 10545.4404828306 
1562, 10523.3443282792 
1563, 10492.0383667627 
1564, 10451.3046260279 
1565, 10393.2803082128 
1566, 10320.9434452266 
1567, 10242.3310912378 
1568, 10144.596347214 
1569, 10040.9998192398 
1570, 9946.60993676012 
1571, 9859.61114531795 
1572, 9780.64920346272 
1573, 9725.51906485321 
1574, 9693.34874012882 
1575, 9681.62192110758 
1576, 9701.02699991078 
1577, 9747.17483585706 
1578, 9805.73748551686 
1579, 9884.34271502276 
1580, 9969.58654744235 
1581, 10073.1558773465 
1582, 10166.4302116805 
1583, 10274.2490761439 
1584, 10355.2939617795 
1585, 10427.0045943995 
1586, 10486.5608138947 
1587, 10530.425487944 
1588, 10571.1636466263 
1589, 10603.6202911886 
1590, 10628.6801477701 
1591, 10649.2465324732 
1592, 10654.5341138063 
1593, 10652.5878099162 
1594, 10632.7189291257 
1595, 10599.1088713137 
1596, 10549.9440280971 
1597, 10481.2674353064 
1598, 10408.4354887017 
1599, 10314.5480966855 
1600, 10233.277427002 
1601, 10140.302778559 
1602, 10071.1357698369 
1603, 10011.0352974401 
1604, 9964.57827873854 
1605, 9929.10097674591 
1606, 9914.18488036598 
1607, 9916.2689864828 
1608, 9927.0663967942 
1609, 9960.18879585021 
1610, 9994.26773097696 
1611, 10036.0699382396 
1612, 10081.0131991092 
1613, 10137.4597423792 
1614, 10188.4899725159 
1615, 10246.9234346238 
1616, 10291.7909575059 
1617, 10333.4211061514 
1618, 10364.9747573564 
1619, 10384.4802886658 
1620, 10399.1842373923 
1621, 10403.5155938636 
1622, 10408.779567807 
1623, 10413.8919611428 
1624, 10408.7314474755 
1625, 10401.5435896405 
1626, 10384.5288139284 
1627, 10355.1004041462 
1628, 10321.4896114663 
1629, 10283.2825022331 
1630, 10237.1747271095 
1631, 10182.5464053446 
1632, 10123.4360431591 
1633, 10059.2033013752 
1634, 9987.05963915951 
1635, 9900.31031135194 
1636, 9821.33176369839 
1637, 9731.42192840093 
1638, 9656.8787733765 
1639, 9594.70137359656 
1640, 9536.69467221398 
1641, 9484.0105963958 
1642, 9441.52223407753 
1643, 9406.83108479646 
1644, 9378.86439900035 
1645, 9362.82594995961 
1646, 9350.38675044956 
1647, 9348.66192359641 
1648, 9342.48971561229 
1649, 9338.01184790649 
1650, 9333.90067508281 
1651, 9325.32202457985 
1652, 9318.97196194701 
1653, 9319.33437997486 
1654, 9325.66099316426 
1655, 9328.17430031116 
1656, 9337.18136228215 
1657, 9329.80569475095 
1658, 9318.02257313883 
1659, 9293.99388265577 
1660, 9260.08361127133 
1661, 9216.96063022253 
1662, 9163.73334273012 
1663, 9105.43446092573 
1664, 9033.20555683986 
1665, 8973.7473480812 
1666, 8906.57754145424 
1667, 8867.19740107 
1668, 8841.67716474709 
1669, 8820.57356312581 
1670, 8815.99945955233 
1671, 8808.16123539351 
1672, 8806.21296308047 
1673, 8795.2022131183 
1674, 8788.24835340826 
1675, 8770.54922165488 
1676, 8742.68012964579 
1677, 8716.46445741934 
1678, 8686.63436569603 
1679, 8659.22686880284 
1680, 8629.33691231867 
1681, 8601.48202746878 
1682, 8574.51443882423 
1683, 8551.51479920141 
1684, 8526.54842162648 
1685, 8512.75725262192 
1686, 8509.67346187569 
1687, 8498.28265885465 
1688, 8492.49388806564 
1689, 8475.46020896061 
1690, 8450.13163507425 
1691, 8427.25066226864 
1692, 8402.21757749237 
1693, 8373.24411508315 
1694, 8341.45989251294 
1695, 8310.58876127117 
1696, 8277.615232172 
1697, 8241.94700116772 
1698, 8206.27232763265 
1699, 8168.82110464923 
1700, 8126.720731138 
1701, 8086.27236626494 
1702, 8045.97336378324 
1703, 8007.62033101497 
1704, 7967.93368906486 
1705, 7930.55934534953 
1706, 7897.00080847746 
1707, 7862.73417808627 
1708, 7827.74001905646 
1709, 7795.18527778976 
1710, 7762.51681650515 
1711, 7735.90417914955 
1712, 7710.3243542587 
1713, 7692.36679335281 
1714, 7685.15445932582 
1715, 7668.98561229859 
1716, 7651.38083133816 
1717, 7624.17907130641 
1718, 7591.10825206394 
1719, 7551.10025127603 
1720, 7504.80032670682 
1721, 7452.3291523718 
1722, 7400.46681098294 
1723, 7350.66918204615 
1724, 7304.03327926018 
1725, 7263.16854325601 
1726, 7215.96171604798 
1727, 7174.66959927331 
1728, 7134.95328089141 
1729, 7091.33963893793 
1730, 7053.85328803636 
1731, 7006.05359072934 
1732, 6956.36251654125 
1733, 6906.51813882906 
1734, 6857.46156081989 
1735, 6817.68182176136 
1736, 6783.41128894854 
1737, 6758.50587125226 
1738, 6736.78344255602 
1739, 6720.99070924941 
1740, 6707.11973465983 
1741, 6694.57684683878 
1742, 6677.65680521593 
1743, 6656.37120292803 
1744, 6637.83889742037 
1745, 6609.01521170469 
1746, 6583.55273652218 
1747, 6564.2180238792 
1748, 6542.42412599095 
1749, 6533.60729423314 
1750, 6525.07678773352 
1751, 6510.7934953081 
1752, 6493.1958975214 
1753, 6465.21156658655 
1754, 6434.89131768551 
1755, 6402.12689419533 
1756, 6366.49030386682 
1757, 6330.58204747523 
1758, 6294.58386403087 
1759, 6255.5523558545 
1760, 6213.41433120881 
1761, 6165.91359147024 
1762, 6112.07425988853 
1763, 6049.90983686216 
1764, 5994.43453543525 
1765, 5936.07461662561 
1766, 5886.14316184718 
1767, 5846.191346006 
1768, 5805.1028241176 
1769, 5775.22616501053 
1770, 5728.68713165542 
1771, 5680.81300798527 
1772, 5617.30648479849 
1773, 5534.43384913255 
1774, 5455.00530439638 
1775, 5360.72332951772 
1776, 5278.96654734589 
1777, 5201.37407847744 
1778, 5127.07043542807 
1779, 5059.85335303547 
1780, 4992.38975596907 
1781, 4925.90604393445 
1782, 4862.56493651259 
1783, 4802.35884802313 
1784, 4742.64038534283 
1785, 4686.49744091722 
1786, 4627.84590901486 
1787, 4576.61831394774 
1788, 4508.19148993371 
1789, 4438.83691294501 
1790, 4343.9348474478 
1791, 4227.03986731449 
1792, 4106.1085511371 
1793, 3970.66405997559 
1794, 3831.40209896071 
1795, 3687.66712276837 
1796, 3528.38603412324 
1797, 3364.35456401674 
1798, 3197.6752525913 
1799, 3022.37729039288 
1800, 2851.67066959332 
1801, 16712.4760832474 
1802, 15996.4650006726 
1803, 15368.1484030081 
1804, 14828.1557626558 
1805, 14378.3501525388 
1806, 14000.4450937833 
1807, 13634.3473996364 
1808, 13229.6894113071 
1809, 12909.3972726238 
1810, 12448.9632589366 
1811, 11886.7402369554 
1812, 11337.085256951 
1813, 10740.2458045741 
1814, 10111.7907888979 
1815, 9501.77369457329 
1816, 8944.31196592814 
1817, 8428.87906468926 
1818, 7976.75697295942 
1819, 7569.26602319427 
1820, 7227.62610987863 
1821, 6911.06977079668 
1822, 6671.30843291561 
1823, 6411.49136334808 
1824, 6125.48743431855 
1825, 5784.71489428579 
1826, 5345.7415205135 
1827, 4862.15275277312 
1828, 4361.79058151428 
1829, 3780.37635564772 
1830, 3281.65923828496 
1831, 2774.16216974034 
1832, 2288.76189499068 
1833, 1914.9619396504 
1834, 1576.68913560836 
1835, 1303.77508421283 
1836, 1107.4390862054 
1837, 942.267210921618 
1838, 843.421424515733 
1839, 777.308179871085 
1840, 764.672969310621 
1841, 774.922925570277 
1842, 835.447551629515 
1843, 904.868097419866 
1844, 987.945225247416 
1845, 1075.98429342973 
1846, 1136.1405066174 
1847, 1190.9268277485 
1848, 1207.86622919981 
1849, 1169.32829143867 
1850, 1136.01588402245 
1851, 1075.48453272698 
1852, 1003.27333544067 
1853, 952.834185033622 
1854, 941.634881465514 
1855, 936.330609315561 
1856, 953.694643711093 
1857, 1009.26195907882 
1858, 1085.72528551091 
1859, 1195.18041568536 
1860, 1352.12313383116 
1861, 1519.5772814263 
1862, 1665.84118329689 
1863, 1794.63567841476 
1864, 1840.67855438429 
1865, 1820.05760703786 
1866, 1734.59926977123 
1867, 1572.75585733718 
1868, 1379.59567112675 
1869, 1166.54713969959 
1870, 989.272985538095 
1871, 795.89503845413 
1872, 667.578320561171 
1873, 605.802425625765 
1874, 600.609994175103 
1875, 685.433915463152 
1876, 848.713426462726 
1877, 1063.49657114844 
1878, 1337.81295425425 
1879, 1628.95066051651 
1880, 1886.24131618764 
1881, 2143.23365998249 
1882, 2380.66028312794 
1883, 2586.56197857485 
1884, 2745.53567680331 
1885, 2857.53126011571 
1886, 2937.22041884863 
1887, 2978.81352508626 
1888, 2988.59576285553 
1889, 2975.82504272702 
1890, 2920.2538929332 
1891, 2847.53735065349 
1892, 2735.09997764709 
1893, 2618.81578478909 
1894, 2485.65066280563 
1895, 2351.10503893671 
1896, 2216.49412707365 
1897, 2038.59647882995 
1898, 1847.30357227698 
1899, 1651.84175470871 
1900, 1478.58646363715 
1901, 1276.6796844493 
1902, 1147.59485807016 
1903, 1052.6047895799 
1904, 998.56119994687 
1905, 981.305623099421 
1906, 1013.9444845346 
1907, 1061.80822770372 
1908, 1134.31467888413 
1909, 1230.7763273072 
1910, 1281.74727339482 
1911, 1360.85271830857 
1912, 1435.11879912213 
1913, 1549.47794448751 
1914, 1664.590557024 
1915, 1849.08847545207 
1916, 2068.09767606805 
1917, 2310.1922094942 
1918, 2574.02506799972 
1919, 2832.70704572256 
1920, 3096.59508870129 
1921, 3334.59193947532 
1922, 3521.15503071919 
1923, 3682.47738165993 
1924, 3801.65744046875 
1925, 3871.91008287669 
1926, 3898.7438405181 
1927, 3909.8241400605 
1928, 3916.40006144997 
1929, 3947.83978821282 
1930, 4012.50278179487 
1931, 4111.85703219409 
1932, 4246.78871211909 
1933, 4372.64090905515 
1934, 4529.62352573938 
1935, 4647.34681913132 
1936, 4765.60264156113 
1937, 4846.47553687075 
1938, 4908.98942693306 
1939, 4958.73069151324 
1940, 5012.44253604456 
1941, 5080.24557359453 
1942, 5140.38424938168 
1943, 5203.68993075884 
1944, 5235.01706598556 
1945, 5258.88208177657 
1946, 5244.34117271277 
1947, 5209.42026741762 
1948, 5127.88342536794 
1949, 5012.87428959357 
1950, 4864.11549917728 
1951, 4653.91803784478 
1952, 4439.34092233802 
1953, 4216.49011578401 
1954, 3994.63218166445 
1955, 3835.56658867539 
1956, 3678.40132532885 
1957, 3627.62019906269 
1958, 3651.99360565596 
1959, 3715.82148839856 
1960, 3849.27053761836 
1961, 4037.46346727696 
1962, 4254.9220800106 
1963, 4472.93892471091 
1964, 4728.48276038787 
1965, 5001.10683935847 
1966, 5290.64005419989 
1967, 5588.05359358213 
1968, 5921.25676147788 
1969, 6290.68887667476 
1970, 6666.78474137671 
1971, 7081.95627296739 
1972, 7476.99794981445 
1973, 7888.18028528903 
1974, 8284.03626908941 
1975, 8654.63220203177 
1976, 8989.00074559912 
1977, 9289.61122391336 
1978, 9553.5618205718 
1979, 9794.35091468208 
1980, 10003.0925370514 
1981, 10192.0519584379 
1982, 10362.5779592239 
1983, 10494.4844691129 
1984, 10599.2149385396 
1985, 10669.9001109935 
1986, 10701.1459493261 
1987, 10715.9640111172 
1988, 10695.8812446821 
1989, 10638.4999076831 
1990, 10516.8655319926 
1991, 10386.5955336878 
1992, 10109.3982857133 
1993, 9773.62190084591 
1994, 9298.13195514688 
1995, 8680.96145802693 
1996, 7995.95036644898 
1997, 7177.63838526557 
1998, 6311.22035352971 
1999, 5378.16193500413 
2000, 4477.29922598165 
2001, 3690.81369156236 
2002, 2985.90140612109 
2003, 2470.79758856534 
2004, 2124.60814386812 
2005, 1872.54484530472 
2006, 1808.8791220282 
2007, 1752.55767512271 
2008, 1833.43460634235 
2009, 1879.89443639235 
2010, 1968.0982953828 
2011, 2062.87256858221 
2012, 2124.20430959979 
2013, 2204.52995063468 
2014, 2334.24056571961 
2015, 2444.24944470714 
2016, 2678.5923189485 
2017, 2977.03515259039 
2018, 3352.07557158174 
2019, 3833.85742000871 
2020, 4326.38425634293 
2021, 4899.79948404514 
2022, 5465.78832708874 
2023, 6069.42928362305 
2024, 6669.13726224313 
2025, 7281.42443495592 
2026, 7873.01638125161 
2027, 8407.58339824725 
2028, 8936.30958541582 
2029, 9368.33358728205 
2030, 9742.89679991001 
2031, 10057.7980098405 
2032, 10297.5682316707 
2033, 10496.2539312263 
2034, 10639.2127577675 
2035, 10736.0697031603 
2036, 10752.7582535221 
2037, 10773.5920174568 
2038, 10757.5950820962 
2039, 10723.235949225 
2040, 10678.3925055845 
2041, 10635.5701519443 
2042, 10539.1716226423 
2043, 10431.3158412075 
2044, 10252.4045877897 
2045, 10042.3204724533 
2046, 9756.57150405714 
2047, 9379.27192570512 
2048, 8998.60238476259 
2049, 8524.47083243149 
2050, 8100.74212923856 
2051, 7642.16755906297 
2052, 7230.7805804907 
2053, 6901.76284702212 
2054, 6640.19303617246 
2055, 6515.05084096392 
2056, 6531.34411689563 
2057, 6571.87527862386 
2058, 6755.99815708879 
2059, 6874.88690955681 
2060, 7054.68733545076 
2061, 7166.84346928343 
2062, 7245.3335368928 
2063, 7319.18581122269 
2064, 7338.22389557917 
2065, 7396.61107547695 
2066, 7437.18851314921 
2067, 7519.22580658918 
2068, 7673.23194810693 
2069, 7864.91358009774 
2070, 8116.00496538332 
2071, 8449.96190640844 
2072, 8785.61001344278 
2073, 9176.60068431722 
2074, 9549.33976017648 
2075, 9968.65120888498 
2076, 10336.1856277593 
2077, 10701.3320191186 
2078, 11024.6225506814 
2079, 11326.3363235347 
2080, 11585.9446098594 
2081, 11803.2866883004 
2082, 11994.776181222 
2083, 12163.913432766 
2084, 12279.7415090935 
2085, 12427.0731951812 
2086, 12564.8171539944 
2087, 12710.0163211912 
2088, 12863.8571318879 
2089, 13011.1638412655 
2090, 13150.19476178 
2091, 13297.0630857988 
2092, 13451.2551367356 
2093, 13598.2032785409 
2094, 13748.1840145729 
2095, 13893.1583743627 
2096, 14043.3933106035 
2097, 14171.2315328229 
2098, 14290.2466729057 
2099, 14404.4726942127 
2100, 14504.452371678 
2101, 14586.2015123646 
2102, 14666.1726155215 
2103, 14732.8312292036 
2104, 14806.7739985647 
2105, 14870.8433031546 
2106, 14943.602463066 
2107, 15026.2050161655 
2108, 15104.7656896674 
2109, 15183.6086352536 
2110, 15260.4118241749 
2111, 15343.9632554441 
2112, 15411.3467590378 
2113, 15476.001679525 
2114, 15552.7360809891 
2115, 15630.2521440295 
2116, 15708.1245340719 
2117, 15794.3075486558 
2118, 15886.0883741083 
2119, 15981.6320083407 
2120, 16084.1025371824 
2121, 16185.4036158402 
2122, 16288.2958136582 
2123, 16397.8479157307 
2124, 16514.3267710711 
2125, 16625.5555265397 
2126, 16742.0604028879 
2127, 16854.394712957 
2128, 16961.4442311773 
2129, 17069.6118399433 
2130, 17169.3648730669 
2131, 17269.2181892208 
2132, 17357.9704572154 
2133, 17431.9158863455 
2134, 17516.8485076454 
2135, 17594.7395071596 
2136, 17686.3984974281 
2137, 17802.5223199667 
2138, 17884.9208260549 
2139, 17968.5624812486 
2140, 18030.6111164603 
2141, 18049.8386017429 
2142, 18092.6525234865 
2143, 18146.1485755093 
2144, 18182.022535756 
2145, 18214.3881468989 
2146, 18245.904805453 
2147, 18260.055196755 
2148, 18271.6851507328 
2149, 18295.3652323111 
2150, 18325.9918635175 
2151, 18359.4238301718 
2152, 18402.0276606051 
2153, 18434.0117119479 
2154, 18464.7079482595 
2155, 18497.1251207599 
2156, 18532.7332716387 
2157, 18554.4467765565 
2158, 18598.3376004459 
2159, 18591.2068424031 
2160, 18538.7897476035 
2161, 18493.4312760247 
2162, 18386.944995971 
2163, 18336.5523093365 
2164, 18297.8896257265 
2165, 18295.1863551066 
2166, 18325.2176312756 
2167, 18391.0792750251 
2168, 18487.0376286979 
2169, 18629.2357306659 
2170, 18755.337860142 
2171, 18922.6195396952 
2172, 19047.3534568119 
2173, 19162.055610674 
2174, 19257.9048487574 
2175, 19339.3353684518 
2176, 19404.7970981053 
2177, 19456.556227773 
2178, 19486.0114971363 
2179, 19488.1509253327 
2180, 19491.3758095034 
2181, 19460.8910729924 
2182, 19453.0261080143 
2183, 19453.2853368253 
2184, 19452.0943595094 
2185, 19475.7299447484 
2186, 19506.3440252043 
2187, 19553.9826089704 
2188, 19626.6480102309 
2189, 19682.2805659017 
2190, 19765.123601086 
2191, 19793.9441026242 
2192, 19828.9520373868 
2193, 19779.6848424913 
2194, 19676.3777953847 
2195, 19537.7408728355 
2196, 19314.0434414208 
2197, 19115.1311367049 
2198, 18849.3814508872 
2199, 18666.884552937 
2200, 18473.4862468169 
2201, 18372.3559246957 
2202, 18341.3703414443 
2203, 18365.0648157369 
2204, 18460.4167459796 
2205, 18609.0928774634 
2206, 18800.521650604 
2207, 19005.4651853704 
2208, 19162.6582902294 
2209, 19332.0479365731 
2210, 19434.6617150914 
2211, 19486.5276252218 
2212, 19531.496527958 
2213, 19545.6165443648 
2214, 19546.2000031434 
2215, 19523.5398570706 
2216, 19492.9503086461 
2217, 19431.44920805 
2218, 19383.7435370603 
2219, 19341.6069261135 
2220, 19282.4469576693 
2221, 19216.8762452747 
2222, 19147.7842912814 
2223, 19062.5496348207 
2224, 18976.9045514077 
2225, 18890.7547636241 
2226, 18802.5919257246 
2227, 18700.6278595427 
2228, 18615.1166390533 
2229, 18524.2613611817 
2230, 18433.6839640199 
2231, 18339.2408742042 
2232, 18237.9278704175 
2233, 18148.1705860935 
2234, 18066.5623864513 
2235, 17970.9864801602 
2236, 17878.8501226363 
2237, 17778.2744358691 
2238, 17663.3479172719 
2239, 17549.5914841482 
2240, 17431.5476015328 
2241, 17321.1105000798 
2242, 17209.4813780923 
2243, 17099.5566600954 
2244, 17003.2368673718 
2245, 16893.0653058011 
2246, 16774.4688900898 
2247, 16651.4063297205 
2248, 16528.6545082158 
2249, 16393.558193297 
2250, 16238.2466895724 
2251, 16097.0136589901 
2252, 15965.0891463091 
2253, 15812.3500608673 
2254, 15667.1545226776 
2255, 15525.2390111018 
2256, 15371.7137961944 
2257, 15216.8726039229 
2258, 15064.304841836 
2259, 14914.5030715491 
2260, 14764.3651963725 
2261, 14604.8729251384 
2262, 14466.3456945046 
2263, 14332.3852929609 
2264, 14217.3357826447 
2265, 14123.2785804036 
2266, 14028.7522885509 
2267, 13949.0153263588 
2268, 13863.0024178494 
2269, 13785.5689259935 
2270, 13693.6721302425 
2271, 13597.8961586468 
2272, 13494.4064240146 
2273, 13383.1498751508 
2274, 13261.6727219608 
2275, 13122.8626231252 
2276, 12998.7054692087 
2277, 12868.0978662698 
2278, 12746.5278889824 
2279, 12631.4231553099 
2280, 12526.7969716507 
2281, 12433.8983572942 
2282, 12338.6145777346 
2283, 12252.8740070458 
2284, 12165.9873589948 
2285, 12052.1667083576 
2286, 11927.7927310561 
2287, 11793.0147758794 
2288, 11638.512409274 
2289, 11494.7986344163 
2290, 11354.5826352375 
2291, 11195.7304724698 
2292, 11033.7136856704 
2293, 10861.2781927935 
2294, 10663.9935707741 
2295, 10486.8342346187 
2296, 10298.9545116431 
2297, 10146.9029554637 
2298, 10004.8002224087 
2299, 9889.46693701202 
2300, 9803.01209923872 
2301, 9730.386941982 
2302, 9666.51149485821 
2303, 9641.41991909153 
2304, 9654.11378817729 
2305, 9668.37552897381 
2306, 9725.77411573676 
2307, 9761.72165471409 
2308, 9829.40920008666 
2309, 9829.39302780458 
2310, 9835.26328320589 
2311, 9748.57636390585 
2312, 9574.02166996369 
2313, 9371.89219115161 
2314, 9104.7071719466 
2315, 8799.90498933792 
2316, 8491.7736152265 
2317, 8215.93476714315 
2318, 7988.75945088841 
2319, 7838.41088323866 
2320, 7772.37964536022 
2321, 7764.04378707065 
2322, 7791.78367572395 
2323, 7850.24731548161 
2324, 7916.74490261331 
2325, 7959.76275582053 
2326, 7985.35303410484 
2327, 7970.83389362583 
2328, 7942.86847280487 
2329, 7887.02479355268 
2330, 7812.39000567368 
2331, 7720.81021631321 
2332, 7608.33163615137 
2333, 7457.3832269989 
2334, 7311.65683731833 
2335, 7155.08199377625 
2336, 7003.97196555328 
2337, 6840.78146841792 
2338, 6690.64751576495 
2339, 6545.40472457878 
2340, 6401.90141624899 
2341, 6249.26621212973 
2342, 6133.41094950209 
2343, 6043.82613889054 
2344, 5942.81632649503 
2345, 5872.77054250352 
2346, 5773.39526685024 
2347, 5640.59050628123 
2348, 5531.70505750703 
2349, 5415.6807871451 
2350, 5323.02557126767 
2351, 5240.72200189036 
2352, 5185.95324225753 
2353, 5143.69515894706 
2354, 5135.36734194914 
2355, 5185.26925430575 
2356, 5200.93686347526 
2357, 5221.01747021201 
2358, 5244.21849606388 
2359, 5258.12939274176 
2360, 5265.98899488446 
2361, 5306.90745504869 
2362, 5297.37489666817 
2363, 5268.11768496406 
2364, 5196.45540043087 
2365, 5081.82193366643 
2366, 4922.11672877072 
2367, 4715.08599770682 
2368, 4516.20855414898 
2369, 4334.19972126488 
2370, 4184.75842559228 
2371, 4069.9742474707 
2372, 3970.29965923968 
2373, 3920.65511481593 
2374, 3910.25389495363 
2375, 3925.50121891977 
2376, 3967.54116438584 
2377, 3996.92795259778 
2378, 4007.48947311347 
2379, 4013.03386689998 
2380, 3998.36996180925 
2381, 3967.81003695393 
2382, 3909.63725735049 
2383, 3845.30571263652 
2384, 3800.72527543892 
2385, 3739.35999344363 
2386, 3692.03856503337 
2387, 3664.68752252114 
2388, 3643.0026511532 
2389, 3640.80618897771 
2390, 3629.13060388837 
2391, 3618.23779308245 
2392, 3591.24591456392 
2393, 3547.26399742486 
2394, 3525.10409927586 
2395, 3496.90681585817 
2396, 3462.15660659105 
2397, 3432.22479249889 
2398, 3411.2545760382 
2399, 3391.81613620783 
2400, 3364.4672758407 
2401, 3340.34818660084 
2402, 3297.04972298267 
2403, 3230.82228161785 
2404, 3154.36901240162 
2405, 3081.75151133423 
2406, 2994.40444152561 
2407, 2927.43659745103 
2408, 2872.86624082349 
2409, 2816.44860984897 
2410, 2772.82798847499 
2411, 2711.77901024154 
2412, 2646.25385014125 
2413, 2568.01794832521 
2414, 2468.20595172607 
2415, 2388.25796744359 
2416, 2293.98217410824 
2417, 2246.01948905315 
2418, 2227.6338581217 
2419, 2219.58239902103 
2420, 2241.7068218234 
2421, 2263.38150245686 
2422, 2289.78877181339 
2423, 2321.21019696761 
2424, 2374.8479940295 
2425, 2389.39253499566 
2426, 2401.89697809487 
2427, 2395.35557491449 
2428, 2362.60555697033 
2429, 2329.76944147764 
2430, 2298.53406080645 
2431, 2229.82772776697 
2432, 2127.19269847867 
2433, 2041.54257190657 
2434, 1918.49405312468 
2435, 1852.49652401094 
2436, 1807.8601953847 
2437, 1806.06106905775 
2438, 1858.55035277615 
2439, 1884.45067731363 
2440, 1947.00454387296 
2441, 1944.81495528618 
2442, 1913.31473378413 
2443, 1862.85126668734 
2444, 1777.57227574618 
2445, 1670.15390204911 
2446, 1567.36422491706 
2447, 1473.13773805159 
2448, 1408.70826525989 
2449, 1374.15709748402 
2450, 1341.97204911888 
2451, 1319.08153645542 
2452, 1312.8519603776 
2453, 1329.34057315654 
2454, 1367.80081576905 
2455, 1416.4616631165 
2456, 1466.66450344976 
2457, 1503.94882784107 
2458, 1519.75749418242 
2459, 1530.11391324174 
2460, 1531.17560791444 
2461, 1509.50169926844 
2462, 1497.02563254328 
2463, 1476.54937572081 
2464, 1441.19977818295 
2465, 1415.0302243728 
2466, 1374.15071503902 
2467, 1346.83874019954 
2468, 1312.84392671918 
2469, 1254.0843161094 
2470, 1202.21881285178 
2471, 1136.27865449484 
2472, 1083.56470218995 
2473, 1049.58459659051 
2474, 1040.24800960972 
2475, 1045.61763410057 
2476, 1023.39020389974 
2477, 1012.92226191632 
2478, 991.425501145392 
2479, 934.51172574925 
2480, 879.408247112144 
2481, 812.337989099894 
2482, 735.356477824461 
2483, 679.284855041255 
2484, 646.290594322193 
2485, 621.159802449772 
2486, 590.383638804573 
2487, 547.302069742282 
2488, 510.807892059912 
2489, 471.781330525494 
2490, 437.840330675299 
2491, 453.979423975636 
2492, 478.103011806132 
2493, 504.726630803705 
2494, 534.360262990691 
2495, 531.045293103278 
2496, 529.588410081752 
2497, 552.142915874813 
2498, 571.438386398294 
2499, 607.29282451557 
2500, 617.869782140912 
