Wavelength,0212202100024.asd
350, 3749.55271993676 
351, 3937.93512370092 
352, 4111.63529648072 
353, 4260.76676075432 
354, 4408.81047971861 
355, 4564.45109200661 
356, 4728.1484862218 
357, 4889.35624034254 
358, 5057.6159166437 
359, 5238.85162360608 
360, 5440.38012564569 
361, 5686.50230628068 
362, 5964.85724351317 
363, 6261.72629622874 
364, 6565.46532404906 
365, 6873.00579803934 
366, 7164.65606097692 
367, 7417.03544252862 
368, 7606.62611549844 
369, 7713.42626507903 
370, 7748.85485564455 
371, 7739.90914708165 
372, 7713.49663956146 
373, 7705.06095796263 
374, 7718.67284463877 
375, 7736.33577331704 
376, 7758.76489591588 
377, 7768.55821505967 
378, 7745.25786793978 
379, 7667.93607436093 
380, 7573.54887973336 
381, 7470.04328427986 
382, 7354.91505765821 
383, 7215.54683018723 
384, 7076.81392093407 
385, 6986.48721659512 
386, 6999.31046569772 
387, 7148.17342602699 
388, 7344.05941561545 
389, 7506.85802414289 
390, 7586.00714498372 
391, 7679.93985561548 
392, 7764.22978758073 
393, 7821.18969515231 
394, 7890.70221977489 
395, 8074.43035875701 
396, 8418.17640464887 
397, 8936.30019661087 
398, 9641.66047282579 
399, 10438.488927042 
400, 11255.7644045517 
401, 12051.1037437652 
402, 12793.5337818789 
403, 13404.6373525099 
404, 13854.0662540317 
405, 14205.0926328361 
406, 14484.4368820421 
407, 14736.4103773599 
408, 15014.8667576986 
409, 15392.5190220665 
410, 15841.3894626331 
411, 16334.0003214265 
412, 16845.4854451862 
413, 17352.9532166633 
414, 17853.427641515 
415, 18334.044845187 
416, 18756.9921906895 
417, 19163.6054605942 
418, 19578.2048173601 
419, 20003.6408221469 
420, 20380.6321998472 
421, 20763.3672511521 
422, 21178.2955785598 
423, 21620.3054151147 
424, 22022.9309290139 
425, 22337.9205034701 
426, 22518.180793064 
427, 22505.8734922375 
428, 22423.8472582163 
429, 22464.1875233553 
430, 22763.6955524158 
431, 23171.5404697424 
432, 23724.8491893986 
433, 24543.2643669775 
434, 25751.2358731319 
435, 26983.6984499422 
436, 27921.85961101 
437, 28519.3298289362 
438, 29155.3771793546 
439, 29802.360701073 
440, 30416.2950399813 
441, 30985.1853742586 
442, 31703.575712941 
443, 32449.4430532241 
444, 33130.2489680801 
445, 33691.5478539809 
446, 34143.7149497954 
447, 34555.3458962427 
448, 34995.8393417773 
449, 35531.5765035595 
450, 35965.3801565513 
451, 36185.4370873022 
452, 36162.0358315565 
453, 36055.7025639375 
454, 35849.2824052032 
455, 35598.290005575 
456, 35423.5098285463 
457, 35377.7600912351 
458, 35383.02591433 
459, 35356.0081037193 
460, 35258.5694061127 
461, 35113.9340956259 
462, 34956.5622641641 
463, 34803.6579939783 
464, 34560.8526194782 
465, 34195.7812294614 
466, 33755.1857453661 
467, 33358.8784452577 
468, 33018.8314165949 
469, 32766.2111980545 
470, 32617.6406624273 
471, 32564.886659297 
472, 32531.506446472 
473, 32524.200692702 
474, 32571.8822386717 
475, 32558.6045972644 
476, 32525.2094080747 
477, 32509.9436859363 
478, 32528.9459344675 
479, 32636.1592315527 
480, 32778.5393691235 
481, 32867.8158815193 
482, 32823.9222556447 
483, 32553.3498959467 
484, 32010.2114475485 
485, 31225.1144513384 
486, 30494.3298583058 
487, 29993.6050327614 
488, 29864.1007224065 
489, 30241.0894660481 
490, 30793.4972164476 
491, 31232.2135537254 
492, 31385.6661090203 
493, 31441.4434657451 
494, 31532.435221457 
495, 31713.8225020517 
496, 31954.7269551823 
497, 32018.7092447845 
498, 31916.6577465368 
499, 31707.7864771788 
500, 31433.0987015117 
501, 31236.3814678972 
502, 31168.4472346383 
503, 31245.2924923577 
504, 31555.2177004437 
505, 31968.1962859217 
506, 32371.2688711145 
507, 32690.7092518119 
508, 32930.507933063 
509, 33119.2045139503 
510, 33299.3149713557 
511, 33542.1180016455 
512, 33702.962324036 
513, 33721.4736259697 
514, 33589.4143037377 
515, 33296.187311822 
516, 32909.4446808583 
517, 32542.3503495045 
518, 32346.955879137 
519, 32658.560234963 
520, 33481.5415464742 
521, 34601.0674015214 
522, 35514.3686629015 
523, 36189.3404652223 
524, 36661.9475771944 
525, 37010.8768357522 
526, 37149.1922649571 
527, 37205.8538076014 
528, 37417.3488627811 
529, 38201.8338664384 
530, 39193.372833734 
531, 39999.2150341553 
532, 40317.2053091948 
533, 40422.1741336645 
534, 40611.1182296222 
535, 41032.5911771125 
536, 41655.7448019224 
537, 42084.9128854934 
538, 42267.6588580651 
539, 42279.3204548133 
540, 42261.3838119817 
541, 42301.1203974023 
542, 42529.8422174227 
543, 43050.7674430723 
544, 43619.8713865485 
545, 44105.7851621268 
546, 44440.8169311454 
547, 44625.6526793223 
548, 44748.0727683519 
549, 44899.4258112112 
550, 45132.9172211312 
551, 45367.9291192619 
552, 45544.9840143555 
553, 45674.0888512199 
554, 45817.5230111625 
555, 45925.9465803426 
556, 45875.9182545731 
557, 45603.6579274852 
558, 45169.534662323 
559, 44810.2310248299 
560, 44662.5391784428 
561, 44768.505685621 
562, 44984.2430947197 
563, 45098.6093668342 
564, 45017.9000416916 
565, 44794.4060819784 
566, 44479.4032780624 
567, 44168.0167481648 
568, 43917.3223410593 
569, 43654.094288638 
570, 43301.3276150942 
571, 42967.5855720886 
572, 42860.379507518 
573, 42932.6762513559 
574, 42939.3426783535 
575, 42731.8505456682 
576, 42355.2367628772 
577, 42020.4114700097 
578, 41849.5329253735 
579, 41899.4433290516 
580, 42119.3944001316 
581, 42508.2757342239 
582, 42977.6980935581 
583, 43360.6989521074 
584, 43592.3623960115 
585, 43564.9165721018 
586, 43271.3233146678 
587, 42936.848103492 
588, 42535.909971098 
589, 41979.3605070254 
590, 41258.3629763318 
591, 41085.089225901 
592, 41344.0432227103 
593, 41694.7000502797 
594, 41627.3210800786 
595, 41385.0272744239 
596, 41073.36683192 
597, 40747.273666174 
598, 40381.0737340429 
599, 39936.2564150494 
600, 39457.318456318 
601, 39044.7373001446 
602, 38722.6321895611 
603, 38557.5788654658 
604, 38547.887403163 
605, 38583.0108061663 
606, 38482.3166740988 
607, 38251.2890786822 
608, 37973.3339186497 
609, 37697.7038421714 
610, 37437.057609847 
611, 37205.514788095 
612, 37016.2091690477 
613, 36806.9589725416 
614, 36557.2750582943 
615, 36287.1018801196 
616, 36082.8014050879 
617, 35950.1331966088 
618, 35954.6798177245 
619, 36142.029792172 
620, 36306.3586459876 
621, 36311.4220930674 
622, 36119.5843955852 
623, 35805.5012357134 
624, 35459.6245206831 
625, 35138.5976997938 
626, 34870.7449199249 
627, 34649.8282094973 
628, 34414.4727950767 
629, 34177.2128031369 
630, 34008.6658168055 
631, 34026.5052242999 
632, 34143.8470916545 
633, 34283.5272603311 
634, 34435.7103046408 
635, 34549.7408889795 
636, 34624.3235285299 
637, 34671.9584657853 
638, 34686.5998582222 
639, 34626.7764445346 
640, 34461.2669307452 
641, 34184.8984155222 
642, 33985.0119385266 
643, 33875.9089310845 
644, 33807.2280009567 
645, 33670.9900091104 
646, 33462.27735905 
647, 33206.6950660348 
648, 32950.3932412291 
649, 32734.7577801028 
650, 32555.3703935568 
651, 32454.1494878449 
652, 32507.2586000022 
653, 32424.7005949029 
654, 32045.1985003507 
655, 31347.3551422764 
656, 30501.3136320409 
657, 29910.3723001955 
658, 29964.0076212397 
659, 30828.8503740189 
660, 31574.8143356598 
661, 31968.3565687808 
662, 32045.4786146311 
663, 32079.5459281014 
664, 32034.5660378188 
665, 31978.8875057696 
666, 31967.0155681002 
667, 31969.5631468698 
668, 31951.7775878622 
669, 31918.9959266627 
670, 31892.4203237892 
671, 31819.2164836272 
672, 31735.3889795102 
673, 31686.3963680539 
674, 31716.4102380704 
675, 31754.024364926 
676, 31777.8262150262 
677, 31787.6008799572 
678, 31804.4488538889 
679, 31811.3506160426 
680, 31803.5352880115 
681, 31783.7371016418 
682, 31760.8566310224 
683, 31686.5213040884 
684, 31420.8275984975 
685, 30711.252545221 
686, 29447.2978037084 
687, 27713.3647060495 
688, 25943.1445157335 
689, 25375.19951201 
690, 26014.2486645878 
691, 27329.6401987356 
692, 28491.8533670817 
693, 29509.0056360137 
694, 30240.0235020838 
695, 30668.3171080945 
696, 30953.5282761799 
697, 31183.0474801703 
698, 31321.9705399693 
699, 31325.8318588371 
700, 31257.1624319738 
701, 31184.7587453372 
702, 31176.7067690877 
703, 31290.0817793084 
704, 31533.3502487444 
705, 31811.9241642792 
706, 32039.1043811876 
707, 32160.1345476178 
708, 32258.9457696872 
709, 32349.1544979018 
710, 32428.6349484067 
711, 32513.6176379354 
712, 32566.4015842179 
713, 32577.7760470048 
714, 32545.7307403652 
715, 32414.2225606209 
716, 32049.2342573886 
717, 31388.6931712623 
718, 30474.6679056076 
719, 29714.7205281277 
720, 29455.1638918833 
721, 29827.378890106 
722, 30555.9255752256 
723, 31030.8184920867 
724, 31081.5280045742 
725, 30865.3202228155 
726, 30848.8978139839 
727, 30944.5515164044 
728, 31047.1132882348 
729, 31099.2983976996 
730, 31282.1516147053 
731, 31621.4594130077 
732, 32076.7467973923 
733, 32557.4576261493 
734, 32959.6305116486 
735, 33202.3384088044 
736, 33253.4929568502 
737, 33208.2830473304 
738, 33142.0809818613 
739, 33070.6784286796 
740, 32966.2292971945 
741, 32921.3504462074 
742, 32952.0980089384 
743, 33046.2213638063 
744, 33172.5508622983 
745, 33250.6535061966 
746, 33277.250759712 
747, 33270.0166600577 
748, 33218.9671828464 
749, 33099.141901303 
750, 32939.3287568909 
751, 32802.7188845633 
752, 32731.9152000161 
753, 32710.4389767338 
754, 32702.5450775688 
755, 32657.6672759762 
756, 32494.9229325172 
757, 31818.2392466316 
758, 29972.3417064684 
759, 25802.3308274639 
760, 19754.9026856959 
761, 13992.2320028474 
762, 11018.6449334842 
763, 11240.2139836304 
764, 13075.1855868159 
765, 15782.053981527 
766, 19356.9467152899 
767, 23167.1166389039 
768, 26403.9006455426 
769, 28598.1577274221 
770, 29792.8968132575 
771, 30359.2288401554 
772, 30564.0400363561 
773, 30601.8465075922 
774, 30566.0776486356 
775, 30478.0176086121 
776, 30371.1574053102 
777, 30267.5262270224 
778, 30129.3378030926 
779, 29968.428805775 
780, 29810.0521593291 
781, 29681.6503170994 
782, 29539.3103299756 
783, 29371.4195112293 
784, 29184.7103560779 
785, 29004.8580466184 
786, 28830.0075843447 
787, 28629.7326422228 
788, 28378.6305090241 
789, 28084.948980959 
790, 27771.1935740349 
791, 27442.8657183204 
792, 27103.7502979538 
793, 26780.3164129628 
794, 26521.111491055 
795, 26352.8659365043 
796, 26273.0852521316 
797, 26217.8906659573 
798, 26112.5219729986 
799, 25924.8488686201 
800, 25679.6857053039 
801, 25416.4230232739 
802, 25172.5511468145 
803, 24961.3574496915 
804, 24748.1534029275 
805, 24561.6741372833 
806, 24389.2145159298 
807, 24201.295974892 
808, 23966.2779159314 
809, 23688.7938153175 
810, 23387.9469658716 
811, 23078.9390563182 
812, 22715.2413078379 
813, 22235.1965561873 
814, 21628.8483575982 
815, 20945.8875488223 
816, 20302.7129907241 
817, 19786.3895697146 
818, 19453.2777375325 
819, 19323.7996792217 
820, 19265.7414609187 
821, 19180.5601490017 
822, 19028.4908249325 
823, 18865.8568149197 
824, 18758.4852108392 
825, 18761.9077466383 
826, 18853.3015073055 
827, 18790.1663612946 
828, 18583.0853121047 
829, 18316.2841042378 
830, 18100.2578062626 
831, 17945.1506686852 
832, 17821.2486944738 
833, 17714.84819448 
834, 17630.1616436423 
835, 17580.3315874985 
836, 17546.2288722722 
837, 17496.7883685262 
838, 17396.1878216855 
839, 17257.2254999029 
840, 17093.0632036814 
841, 16914.9467936188 
842, 16728.8582432264 
843, 16536.2606185528 
844, 16346.7466441579 
845, 16165.1568724984 
846, 15985.2672019289 
847, 15764.0496423979 
848, 15497.8898819088 
849, 15203.078242416 
850, 14908.8880765999 
851, 14565.8338040822 
852, 14213.3294027173 
853, 13923.4630946683 
854, 13703.2013806006 
855, 13523.0203636937 
856, 13437.5338735912 
857, 13521.6066077374 
858, 13646.1372653362 
859, 13664.7562907827 
860, 13555.2020552022 
861, 13402.9539812292 
862, 13215.7762290144 
863, 12979.2432315835 
864, 12699.4558761321 
865, 12410.027803736 
866, 12136.1686264045 
867, 11904.9136188747 
868, 11753.4764989156 
869, 11728.3213208529 
870, 11750.6888755346 
871, 11729.6657363284 
872, 11623.9607202556 
873, 11480.9215873569 
874, 11329.5908508918 
875, 11178.2827215488 
876, 11028.0932183851 
877, 10881.4835780788 
878, 10738.1135761489 
879, 10596.2982022315 
880, 10454.4483925257 
881, 10312.4806751105 
882, 10171.1884174526 
883, 10037.2511420932 
884, 9914.12969262095 
885, 9790.14646055182 
886, 9655.87020179569 
887, 9514.72483378483 
888, 9375.28712023059 
889, 9241.25349277723 
890, 9108.6144033574 
891, 8963.73657671421 
892, 8790.52287036705 
893, 8583.05553981833 
894, 8344.19286161987 
895, 8081.06620522006 
896, 7804.14094375042 
897, 7524.23592778986 
898, 7258.23220628698 
899, 7034.54031714732 
900, 6879.26492357819 
901, 6778.70253961333 
902, 6726.18158904523 
903, 6700.6822338127 
904, 6673.69967244841 
905, 6631.37771265602 
906, 6559.43595040735 
907, 6445.32827595601 
908, 6286.81240132613 
909, 6120.48138294882 
910, 5979.42615475216 
911, 5875.59812041567 
912, 5801.33387563006 
913, 5739.47630760287 
914, 5677.81711713419 
915, 5613.68246212473 
916, 5552.91810383534 
917, 5507.02579538158 
918, 5468.60306185085 
919, 5432.03014565424 
920, 5394.22254551387 
921, 5351.71853934828 
922, 5298.12225753522 
923, 5225.8550098663 
924, 5128.17224873975 
925, 5004.75905216144 
926, 4859.51985416289 
927, 4685.21868657111 
928, 4470.63032256499 
929, 4225.85690422509 
930, 3947.41983776571 
931, 3649.54126916935 
932, 3359.21328368977 
933, 3099.87178589677 
934, 2893.29831677458 
935, 2751.52158735439 
936, 2675.24873534424 
937, 2651.72152643578 
938, 2662.61911778374 
939, 2688.4152692662 
940, 2712.49040734692 
941, 2728.89204847158 
942, 2729.49217874762 
943, 2704.14891007032 
944, 2649.41742498949 
945, 2580.87129539343 
946, 2524.45237903483 
947, 2489.28898258375 
948, 2472.65881253916 
949, 2464.81589847024 
950, 2455.58889415556 
951, 2443.47807415102 
952, 2429.53846169699 
953, 2411.73663822921 
954, 2395.21953495195 
955, 2380.21243971113 
956, 2366.95074545036 
957, 2358.41157974649 
958, 2347.9822269963 
959, 2339.35126822549 
960, 2335.2123046264 
961, 2332.82876050493 
962, 2329.64483836733 
963, 2328.15902331268 
964, 2328.64259503803 
965, 2327.55942263238 
966, 2322.64323632621 
967, 2314.83665904982 
968, 2303.43297481217 
969, 2286.29133759853 
970, 2265.05641468889 
971, 2239.61777828321 
972, 2207.76337603274 
973, 2167.52345047866 
974, 2123.1203707599 
975, 2080.00181509519 
976, 2037.62265348842 
977, 1994.77007714045 
978, 1958.83793311067 
979, 1930.51315213393 
980, 1906.42040685134 
981, 1881.8960758544 
982, 1853.67831226737 
983, 1826.14956563663 
984, 1799.08571256832 
985, 1771.27121745597 
986, 1741.87442441244 
987, 1706.7774978227 
988, 1670.6211948286 
989, 1635.74311870841 
990, 1600.31359563475 
991, 1565.44332292163 
992, 1531.02100799627 
993, 1495.1558194701 
994, 1456.95093121854 
995, 1425.22942491811 
996, 1392.40659202795 
997, 1357.29567741879 
998, 1321.75980031991 
999, 1285.59975761431 
1000, 1251.4510630579 
1001, 7811.19784554666 
1002, 7789.86519295888 
1003, 7764.12483341458 
1004, 7736.03905626701 
1005, 7722.83314731761 
1006, 7716.98873879422 
1007, 7722.19661758624 
1008, 7744.30936214764 
1009, 7766.90699393952 
1010, 7800.40289144469 
1011, 7829.18564265597 
1012, 7858.73040038709 
1013, 7892.75996673112 
1014, 7921.35802801851 
1015, 7952.2308264273 
1016, 7991.75734154706 
1017, 8023.40788968573 
1018, 8064.08528049882 
1019, 8108.32360528271 
1020, 8144.20140742296 
1021, 8188.95164457399 
1022, 8233.63860500103 
1023, 8279.80321653358 
1024, 8322.61738065834 
1025, 8369.1906244461 
1026, 8416.3756860466 
1027, 8462.68529214229 
1028, 8510.93540873893 
1029, 8555.55372835907 
1030, 8594.93849016477 
1031, 8631.04979565651 
1032, 8663.3395984607 
1033, 8700.61593701877 
1034, 8736.81571687212 
1035, 8769.20267964597 
1036, 8798.39553617959 
1037, 8827.45207764507 
1038, 8859.4668388099 
1039, 8889.6215895572 
1040, 8917.54487319867 
1041, 8953.14517682371 
1042, 8977.53082749002 
1043, 8993.19440532671 
1044, 9017.7066124943 
1045, 9038.27497281435 
1046, 9061.5047305527 
1047, 9088.49959931939 
1048, 9123.5983146763 
1049, 9150.89303065223 
1050, 9176.58630194645 
1051, 9210.61596760511 
1052, 9244.84350111939 
1053, 9281.97548839537 
1054, 9322.63196134959 
1055, 9358.88895194569 
1056, 9392.1411339778 
1057, 9424.53805671077 
1058, 9461.76091190064 
1059, 9507.58251674025 
1060, 9564.0547433615 
1061, 9634.33125419559 
1062, 9705.52431807762 
1063, 9786.41663849656 
1064, 9864.7702024178 
1065, 9945.15435310522 
1066, 10032.6383314708 
1067, 10126.1446670676 
1068, 10231.1895528968 
1069, 10353.3699910505 
1070, 10477.6802358596 
1071, 10609.6603771111 
1072, 10752.1534614641 
1073, 10888.6090116368 
1074, 11027.8785798183 
1075, 11157.6126038018 
1076, 11286.7133928477 
1077, 11406.4415367458 
1078, 11512.3962763922 
1079, 11608.7946823956 
1080, 11696.4498225653 
1081, 11772.8217635708 
1082, 11848.0185038109 
1083, 11918.796772624 
1084, 11984.792402343 
1085, 12051.7580354894 
1086, 12112.7027164224 
1087, 12173.6716924477 
1088, 12220.0615458899 
1089, 12264.5905036001 
1090, 12289.3149885131 
1091, 12296.7877191124 
1092, 12297.2636743014 
1093, 12280.9738504747 
1094, 12257.065604357 
1095, 12233.9364923381 
1096, 12205.9267645315 
1097, 12180.8346816698 
1098, 12159.2585259992 
1099, 12137.8561435662 
1100, 12118.9336765205 
1101, 12094.0903406318 
1102, 12075.2491731195 
1103, 12040.667408279 
1104, 12003.6704497407 
1105, 11950.5126911363 
1106, 11886.0005736592 
1107, 11794.8900277383 
1108, 11657.4069409765 
1109, 11473.8081028482 
1110, 11220.1455519483 
1111, 10908.8114329526 
1112, 10550.8179848883 
1113, 10116.3762896069 
1114, 9687.29907669776 
1115, 9190.72021124312 
1116, 8741.46095630186 
1117, 8256.86516694823 
1118, 7844.58772025121 
1119, 7462.42280694956 
1120, 7114.95630029026 
1121, 6830.06429277919 
1122, 6599.41568231488 
1123, 6432.94311902 
1124, 6324.68167615788 
1125, 6272.99277767433 
1126, 6303.61261430252 
1127, 6334.23262774064 
1128, 6420.62846046834 
1129, 6503.6860615639 
1130, 6612.87533185714 
1131, 6724.00068469794 
1132, 6839.24742631424 
1133, 6977.2212084394 
1134, 7123.48620887274 
1135, 7283.99228947549 
1136, 7510.40176894643 
1137, 7743.95077181418 
1138, 7974.26149857369 
1139, 8188.86941506238 
1140, 8328.14237420441 
1141, 8423.3064337061 
1142, 8467.08970646298 
1143, 8426.5512572085 
1144, 8408.52595516675 
1145, 8297.9845802237 
1146, 8293.88115353366 
1147, 8295.15257639297 
1148, 8376.48410848467 
1149, 8537.16356132632 
1150, 8727.93889418656 
1151, 8982.57782209812 
1152, 9277.81455595467 
1153, 9577.25944790899 
1154, 9924.39586601507 
1155, 10249.6322263445 
1156, 10592.1831751738 
1157, 10906.9210133271 
1158, 11225.1961936069 
1159, 11515.4083359201 
1160, 11792.108893266 
1161, 12039.9038819186 
1162, 12269.9705346126 
1163, 12473.2090639419 
1164, 12646.7488953154 
1165, 12798.6495177759 
1166, 12937.2247932471 
1167, 13043.7359421976 
1168, 13123.4323375992 
1169, 13176.1664942991 
1170, 13208.039276071 
1171, 13207.6485225364 
1172, 13197.1967679416 
1173, 13164.1165921097 
1174, 13124.3102013174 
1175, 13061.3351821157 
1176, 12999.7397379087 
1177, 12926.7930402114 
1178, 12854.3734505295 
1179, 12774.653872818 
1180, 12698.9344736241 
1181, 12615.9617224429 
1182, 12543.7098144085 
1183, 12482.4289206413 
1184, 12422.7680356902 
1185, 12382.4380436442 
1186, 12356.3708232161 
1187, 12341.7619874662 
1188, 12343.5978067428 
1189, 12348.5031832244 
1190, 12380.0425440604 
1191, 12386.9764215526 
1192, 12403.6308339612 
1193, 12390.74675713 
1194, 12362.0249428496 
1195, 12313.3365465668 
1196, 12236.5858926244 
1197, 12152.0997823803 
1198, 12063.0523996891 
1199, 11949.5278534052 
1200, 11861.1758064526 
1201, 11769.1610242244 
1202, 11700.7503727414 
1203, 11645.0677903138 
1204, 11601.6162905375 
1205, 11575.6961294079 
1206, 11555.7457739083 
1207, 11545.8627322697 
1208, 11545.2963934017 
1209, 11561.7587605706 
1210, 11574.7105003322 
1211, 11602.9053479291 
1212, 11619.1345007052 
1213, 11630.6211546638 
1214, 11637.9044475509 
1215, 11642.0666358605 
1216, 11642.3208833418 
1217, 11634.7650856646 
1218, 11622.1807074613 
1219, 11606.5555077543 
1220, 11582.5330659002 
1221, 11557.861421954 
1222, 11526.9597372335 
1223, 11502.528240726 
1224, 11472.7227476007 
1225, 11451.795370862 
1226, 11443.966286253 
1227, 11429.7951487807 
1228, 11416.3561217562 
1229, 11402.3226906396 
1230, 11387.1499771472 
1231, 11369.8278089619 
1232, 11351.4552157206 
1233, 11336.2643548839 
1234, 11311.1945764525 
1235, 11282.018600529 
1236, 11246.9151569431 
1237, 11202.599520023 
1238, 11160.416687429 
1239, 11114.5238302341 
1240, 11068.2384523727 
1241, 11021.6629137676 
1242, 10973.4511502237 
1243, 10925.4191577927 
1244, 10872.3629869544 
1245, 10816.8829820294 
1246, 10757.8837932841 
1247, 10698.2434357446 
1248, 10636.4229561189 
1249, 10569.1102951337 
1250, 10503.5341375239 
1251, 10424.6637279409 
1252, 10337.7116777934 
1253, 10242.9719217674 
1254, 10146.8934271581 
1255, 10029.3506013563 
1256, 9903.92250259084 
1257, 9757.13034756417 
1258, 9581.7249262256 
1259, 9407.34974044165 
1260, 9210.47982076944 
1261, 9022.98799256617 
1262, 8826.85438200648 
1263, 8640.53766132358 
1264, 8479.04178186929 
1265, 8312.36156148423 
1266, 8212.77587415157 
1267, 8136.62660301012 
1268, 8124.86528086157 
1269, 8168.17406087516 
1270, 8246.62706899545 
1271, 8392.99804245972 
1272, 8534.5102638527 
1273, 8728.53429474423 
1274, 8892.0714448026 
1275, 9072.90633027849 
1276, 9220.04014053353 
1277, 9347.80101117584 
1278, 9463.74397743777 
1279, 9558.86256408795 
1280, 9641.03921978178 
1281, 9720.45354871441 
1282, 9798.21317315452 
1283, 9875.82907624539 
1284, 9951.49485184676 
1285, 10023.961136064 
1286, 10098.0587741241 
1287, 10161.5752854021 
1288, 10222.5757594112 
1289, 10270.9575521045 
1290, 10312.4412247262 
1291, 10341.7986714811 
1292, 10353.6279471175 
1293, 10367.7227636145 
1294, 10375.8941429458 
1295, 10379.2505578858 
1296, 10382.3247455522 
1297, 10377.3191624193 
1298, 10365.6254607243 
1299, 10343.684076111 
1300, 10320.1398950081 
1301, 10297.4135220908 
1302, 10268.597625892 
1303, 10236.0576026455 
1304, 10200.5485042009 
1305, 10158.727444704 
1306, 10118.9587721897 
1307, 10078.6653197574 
1308, 10035.9302110113 
1309, 9992.30273022907 
1310, 9946.25235618678 
1311, 9896.05433583965 
1312, 9847.07021004981 
1313, 9792.16100458631 
1314, 9746.99017132789 
1315, 9705.2498758275 
1316, 9666.84212472154 
1317, 9635.58481578116 
1318, 9607.23660900761 
1319, 9575.90325604114 
1320, 9544.61574954789 
1321, 9516.93283766426 
1322, 9485.09679917808 
1323, 9431.44500895389 
1324, 9377.17643027792 
1325, 9286.17360006799 
1326, 9165.37088731899 
1327, 9035.70010379214 
1328, 8867.25039219361 
1329, 8724.61698229223 
1330, 8558.87366723379 
1331, 8437.28078283298 
1332, 8334.12574847238 
1333, 8257.71878086876 
1334, 8227.92493459041 
1335, 8189.07230877613 
1336, 8172.67062848817 
1337, 8151.70468087216 
1338, 8117.66334568238 
1339, 8042.29924433276 
1340, 7927.89367970192 
1341, 7765.33171122061 
1342, 7530.25284509844 
1343, 7236.45701512126 
1344, 6883.76882482273 
1345, 6454.312560718 
1346, 5995.03336145391 
1347, 5461.5733997913 
1348, 4942.28955408542 
1349, 4366.81484853444 
1350, 3840.87102551925 
1351, 3299.27601072398 
1352, 2817.70757253903 
1353, 2354.69953064129 
1354, 1948.53647880612 
1355, 1586.47325274474 
1356, 1275.80962113756 
1357, 1012.45549391431 
1358, 802.760065109174 
1359, 633.965776861892 
1360, 502.244663098311 
1361, 401.427877471461 
1362, 324.325266188077 
1363, 275.248845418029 
1364, 244.827194343809 
1365, 222.14142955287 
1366, 219.342514284804 
1367, 219.536287230483 
1368, 226.159285133122 
1369, 246.614883796852 
1370, 281.062894342122 
1371, 319.764711981491 
1372, 377.636661494444 
1373, 423.261650696858 
1374, 478.194878352241 
1375, 515.040915602571 
1376, 546.161244665077 
1377, 561.127995727501 
1378, 563.865402120442 
1379, 550.189895189493 
1380, 527.390116354617 
1381, 503.394320028325 
1382, 483.298190711104 
1383, 478.409196597604 
1384, 492.639770124506 
1385, 526.869034846289 
1386, 577.723901444327 
1387, 638.16711534216 
1388, 690.622258924849 
1389, 752.877894522844 
1390, 797.970801472584 
1391, 837.209907418111 
1392, 863.321308544013 
1393, 873.508259031234 
1394, 885.670950367897 
1395, 884.822646353176 
1396, 894.606328566741 
1397, 905.2845318769 
1398, 922.422715218683 
1399, 946.785356273935 
1400, 968.684320108179 
1401, 990.539711516163 
1402, 1018.4651869805 
1403, 1045.67840488852 
1404, 1079.62619364981 
1405, 1123.07622854835 
1406, 1171.73823260282 
1407, 1226.69788123193 
1408, 1286.05095756642 
1409, 1353.77877517493 
1410, 1427.02187430175 
1411, 1497.40842959549 
1412, 1573.73360634007 
1413, 1641.7530540912 
1414, 1707.53351771531 
1415, 1769.4589924556 
1416, 1831.53879672154 
1417, 1880.16662126913 
1418, 1921.66612100349 
1419, 1955.84340681447 
1420, 1975.47761115198 
1421, 1998.79039787957 
1422, 2027.93867224819 
1423, 2038.31393745421 
1424, 2045.73547367895 
1425, 2036.43315272602 
1426, 2008.45413516351 
1427, 1971.8365161251 
1428, 1926.47127328725 
1429, 1863.40326012477 
1430, 1791.2953784985 
1431, 1715.66022430279 
1432, 1638.3169773462 
1433, 1568.74581419755 
1434, 1505.2869391008 
1435, 1442.26937181419 
1436, 1385.91356541933 
1437, 1336.54878989575 
1438, 1292.55376041417 
1439, 1257.6322938066 
1440, 1222.19622846122 
1441, 1191.84328369496 
1442, 1159.74502771771 
1443, 1127.81008681144 
1444, 1099.3201389406 
1445, 1075.88663457621 
1446, 1046.02912150782 
1447, 1015.18020418759 
1448, 983.705357062571 
1449, 945.487443442749 
1450, 914.985110737657 
1451, 886.553306879152 
1452, 861.638254854528 
1453, 843.361066516323 
1454, 821.936924376091 
1455, 801.962602984889 
1456, 784.740653929572 
1457, 760.643341470331 
1458, 728.111745914404 
1459, 693.19009528364 
1460, 657.030609786301 
1461, 617.686506956039 
1462, 580.136821921588 
1463, 543.391243278249 
1464, 503.951654951073 
1465, 465.206448883768 
1466, 424.217200269199 
1467, 391.35668470251 
1468, 357.699159738083 
1469, 333.243112576574 
1470, 319.462562141213 
1471, 303.642502073059 
1472, 290.566366795803 
1473, 280.453141099694 
1474, 272.747985804578 
1475, 266.708895443648 
1476, 267.72093743025 
1477, 262.897624284722 
1478, 255.207981019537 
1479, 249.014438555332 
1480, 238.543731096617 
1481, 232.750137605672 
1482, 230.624629768058 
1483, 229.568345247619 
1484, 231.761612446747 
1485, 232.800633810925 
1486, 234.500004638214 
1487, 237.516844643664 
1488, 235.522549522982 
1489, 232.632717809672 
1490, 236.762432012647 
1491, 237.905522113085 
1492, 241.83547687612 
1493, 250.896858928596 
1494, 253.0681018561 
1495, 256.980614569129 
1496, 263.002551638783 
1497, 266.460776369937 
1498, 270.237804340681 
1499, 275.65828375375 
1500, 276.327358318309 
1501, 273.275223438713 
1502, 272.350768106381 
1503, 265.629398849638 
1504, 268.333122550331 
1505, 280.169171999115 
1506, 284.733479305497 
1507, 289.090079792803 
1508, 295.746563008371 
1509, 299.883417970069 
1510, 304.661076264449 
1511, 314.785104387216 
1512, 320.295931787318 
1513, 319.84022301553 
1514, 322.901502667617 
1515, 327.723631039414 
1516, 331.852594800696 
1517, 336.730880768524 
1518, 340.271272390647 
1519, 343.615530206806 
1520, 345.71674842685 
1521, 345.141716192995 
1522, 346.681708995063 
1523, 353.258577905543 
1524, 355.650369867175 
1525, 359.262189236962 
1526, 364.570762336859 
1527, 366.468600550324 
1528, 370.001155365582 
1529, 376.241219916583 
1530, 382.438768856234 
1531, 383.611527328937 
1532, 382.931631503296 
1533, 381.75137227848 
1534, 382.609579450072 
1535, 385.76027448018 
1536, 392.818478713531 
1537, 398.34838486337 
1538, 404.74706578413 
1539, 409.066402801903 
1540, 411.131627785802 
1541, 415.77242579962 
1542, 421.327305578667 
1543, 427.487779972341 
1544, 435.752192312331 
1545, 443.089710158297 
1546, 451.403002668123 
1547, 455.792385825856 
1548, 456.361645841514 
1549, 461.671659124885 
1550, 468.717801723161 
1551, 472.154642702589 
1552, 476.854801993099 
1553, 480.759350997087 
1554, 476.776162203929 
1555, 480.224461443324 
1556, 491.31981612132 
1557, 498.866290949436 
1558, 507.205659216523 
1559, 515.992128121927 
1560, 524.979189289252 
1561, 530.998109083204 
1562, 535.425527280527 
1563, 541.014053605858 
1564, 546.293081923576 
1565, 549.930555806108 
1566, 553.160108226736 
1567, 556.957057113279 
1568, 559.952509481318 
1569, 558.797698291372 
1570, 567.37912322733 
1571, 576.467195143155 
1572, 576.422095222099 
1573, 579.211430502214 
1574, 584.980486619794 
1575, 588.525041374122 
1576, 601.219700047335 
1577, 621.251899419347 
1578, 633.180565415806 
1579, 646.943289972159 
1580, 656.841439679742 
1581, 661.719477596668 
1582, 674.562647225917 
1583, 686.829143784484 
1584, 704.142679599252 
1585, 731.351216703351 
1586, 749.319505157378 
1587, 767.34446093919 
1588, 779.753884770535 
1589, 785.652557460802 
1590, 793.815612150248 
1591, 798.485530156197 
1592, 806.250198010012 
1593, 816.109103057797 
1594, 824.17689891412 
1595, 835.447987896302 
1596, 839.113151814704 
1597, 837.967754168414 
1598, 837.738282978305 
1599, 833.438473167149 
1600, 829.583108325669 
1601, 824.24587710376 
1602, 822.153620545337 
1603, 818.264157044865 
1604, 819.11304488927 
1605, 827.04882037613 
1606, 831.401937072804 
1607, 832.746033517873 
1608, 839.781529262957 
1609, 849.051523060846 
1610, 858.763369703972 
1611, 877.475083654717 
1612, 886.751032784018 
1613, 885.837985306876 
1614, 894.325249624286 
1615, 902.384333438735 
1616, 913.506912702903 
1617, 935.986434071466 
1618, 950.137278292449 
1619, 961.957155359196 
1620, 970.134125854921 
1621, 975.139396409255 
1622, 976.82545859524 
1623, 971.193035934675 
1624, 969.553503688295 
1625, 964.28150075146 
1626, 964.392025416081 
1627, 972.677049144358 
1628, 975.565832095624 
1629, 977.229922740297 
1630, 979.872283137371 
1631, 982.774711680646 
1632, 981.582869145698 
1633, 977.81721069551 
1634, 976.644024434378 
1635, 971.269267490828 
1636, 968.719413834594 
1637, 971.290370512263 
1638, 972.823443037801 
1639, 975.702091871647 
1640, 975.955553536753 
1641, 973.743221538527 
1642, 973.650849026372 
1643, 968.308627281867 
1644, 970.115464984417 
1645, 983.455784936396 
1646, 989.58314943311 
1647, 993.464741497613 
1648, 999.847554251692 
1649, 1000.61336297072 
1650, 1005.37109227319 
1651, 1016.43639066131 
1652, 1028.37077846096 
1653, 1035.96131841868 
1654, 1042.08958499026 
1655, 1048.81262414164 
1656, 1055.18298750988 
1657, 1055.84154970345 
1658, 1053.15334955853 
1659, 1056.86929173647 
1660, 1057.93264839774 
1661, 1061.94136580992 
1662, 1074.09259992152 
1663, 1077.35854368435 
1664, 1074.02395349489 
1665, 1076.92386306151 
1666, 1081.96211379029 
1667, 1083.43398381762 
1668, 1085.10710413056 
1669, 1086.33714477004 
1670, 1083.30656958154 
1671, 1087.6208948967 
1672, 1096.05767458697 
1673, 1102.69449704016 
1674, 1111.76153008724 
1675, 1119.02547329607 
1676, 1126.58759687403 
1677, 1129.64047715433 
1678, 1132.14300449414 
1679, 1130.94360990537 
1680, 1122.58538887702 
1681, 1122.92768798223 
1682, 1123.02142621361 
1683, 1129.66670975321 
1684, 1144.98064226822 
1685, 1151.27338060568 
1686, 1157.86597159765 
1687, 1162.59922813447 
1688, 1160.86220756103 
1689, 1167.0702372243 
1690, 1178.22554414826 
1691, 1183.93418716444 
1692, 1191.85796469536 
1693, 1192.72505686692 
1694, 1187.04537793683 
1695, 1185.35124457681 
1696, 1180.34301760609 
1697, 1181.41346427855 
1698, 1187.79505178224 
1699, 1188.73183646377 
1700, 1188.86201289489 
1701, 1190.78082184556 
1702, 1191.2169480492 
1703, 1191.44033587132 
1704, 1194.88188983392 
1705, 1195.29029381396 
1706, 1190.15942664414 
1707, 1193.33187482015 
1708, 1201.07874027415 
1709, 1204.5334778032 
1710, 1209.77971979557 
1711, 1213.34397022293 
1712, 1212.88713393236 
1713, 1217.46857458282 
1714, 1226.36841322543 
1715, 1227.54980861101 
1716, 1231.40511812719 
1717, 1234.0052899948 
1718, 1231.49453131058 
1719, 1230.56807497391 
1720, 1228.33911860596 
1721, 1221.37030938343 
1722, 1221.27532662934 
1723, 1225.0389387629 
1724, 1224.07397610153 
1725, 1222.33490401021 
1726, 1215.44959657693 
1727, 1201.71472685046 
1728, 1191.18729434992 
1729, 1187.89934795124 
1730, 1180.62453239357 
1731, 1171.17074634755 
1732, 1165.80351390932 
1733, 1158.75692009089 
1734, 1154.55836421818 
1735, 1152.71835288534 
1736, 1150.41451501147 
1737, 1149.1329164858 
1738, 1146.06028100861 
1739, 1148.75047613434 
1740, 1155.80238143196 
1741, 1157.59254733047 
1742, 1157.20064871513 
1743, 1154.81294764456 
1744, 1150.64649254778 
1745, 1148.81056459398 
1746, 1150.81465650354 
1747, 1154.09245416953 
1748, 1156.05527156917 
1749, 1160.53894022254 
1750, 1163.82415463621 
1751, 1161.85428276408 
1752, 1161.16992934178 
1753, 1161.28300145576 
1754, 1155.29103415254 
1755, 1152.57103390987 
1756, 1154.95077611477 
1757, 1152.31892940885 
1758, 1149.13716624064 
1759, 1145.77860304508 
1760, 1138.50389685749 
1761, 1129.33197140287 
1762, 1122.98553930308 
1763, 1118.66873788537 
1764, 1111.41180060181 
1765, 1098.92953992203 
1766, 1092.05605921197 
1767, 1088.63500131374 
1768, 1083.8262437224 
1769, 1084.30450118365 
1770, 1078.7873676418 
1771, 1068.26386894933 
1772, 1056.80814892555 
1773, 1042.97973246735 
1774, 1030.47821627629 
1775, 1016.07929368407 
1776, 1003.97497901122 
1777, 991.960063151294 
1778, 981.529741506861 
1779, 972.20810111937 
1780, 963.005741263059 
1781, 956.383900564235 
1782, 947.892578177831 
1783, 940.977889533242 
1784, 932.952511319096 
1785, 923.017505377273 
1786, 910.220370806299 
1787, 895.243662126317 
1788, 878.356020151792 
1789, 859.26694297234 
1790, 843.222982562089 
1791, 827.863115219572 
1792, 811.164034314753 
1793, 796.541594309791 
1794, 773.67418820026 
1795, 747.276620110191 
1796, 713.28180458912 
1797, 682.139544064495 
1798, 653.39818701686 
1799, 616.80895792333 
1800, 582.492924493544 
1801, 3336.76813954251 
1802, 3210.19082046791 
1803, 3100.63498281312 
1804, 3013.86007009503 
1805, 2970.29440590371 
1806, 2923.40569807646 
1807, 2853.76877601445 
1808, 2768.73046572766 
1809, 2670.46703263946 
1810, 2573.54995930324 
1811, 2461.53518850136 
1812, 2350.44334549314 
1813, 2240.69864756982 
1814, 2121.05212109111 
1815, 2018.3484573092 
1816, 1907.10853418403 
1817, 1805.21889650163 
1818, 1744.69078337334 
1819, 1667.63705512386 
1820, 1575.38080779757 
1821, 1508.39675426289 
1822, 1472.1260324307 
1823, 1401.50828043408 
1824, 1332.1539260122 
1825, 1268.83544980501 
1826, 1164.6283358969 
1827, 1047.63856595154 
1828, 942.468931838007 
1829, 834.821774330404 
1830, 726.715766734342 
1831, 618.038458787036 
1832, 509.735049720118 
1833, 417.847250766455 
1834, 330.377100440103 
1835, 279.149051056265 
1836, 257.983098532433 
1837, 228.982677223901 
1838, 208.91535903246 
1839, 192.302073467296 
1840, 168.50128431647 
1841, 169.013820194755 
1842, 190.036387550129 
1843, 210.580478676467 
1844, 234.055205248628 
1845, 253.661076749309 
1846, 270.766098657148 
1847, 263.558089922678 
1848, 251.831908504585 
1849, 256.138063211202 
1850, 245.006236379472 
1851, 218.759540275235 
1852, 198.991768255885 
1853, 190.916618658673 
1854, 157.303692834807 
1855, 145.679789877757 
1856, 150.823120784493 
1857, 142.006175818411 
1858, 173.631576392892 
1859, 205.5200206782 
1860, 248.293469731947 
1861, 281.671435806473 
1862, 334.091157210711 
1863, 374.299459116458 
1864, 387.912004795598 
1865, 385.102603737839 
1866, 368.048241115258 
1867, 318.170867792088 
1868, 255.793900361134 
1869, 203.437493632906 
1870, 162.559095259108 
1871, 121.560425409657 
1872, 97.7529577501511 
1873, 106.503949245679 
1874, 130.834035900692 
1875, 147.82387133291 
1876, 171.504040528369 
1877, 182.259419671542 
1878, 199.724526969585 
1879, 239.680502397271 
1880, 269.884280557188 
1881, 304.401900904715 
1882, 342.745394274539 
1883, 364.055352835961 
1884, 375.574028799194 
1885, 399.183167448891 
1886, 412.516989147308 
1887, 403.259894330248 
1888, 382.094970094667 
1889, 346.572607169828 
1890, 311.523255852494 
1891, 283.716479887117 
1892, 267.191827325373 
1893, 239.413939329591 
1894, 207.090653832438 
1895, 176.903495832771 
1896, 146.707247448237 
1897, 141.323616001578 
1898, 162.785828608414 
1899, 175.332570326716 
1900, 174.390504132447 
1901, 176.737492064111 
1902, 158.592611860613 
1903, 114.254017955326 
1904, 79.2755819070257 
1905, 52.2980863771646 
1906, 26.9625045678453 
1907, 25.9864980570112 
1908, 33.1625451443725 
1909, 62.9305376516346 
1910, 109.271097025477 
1911, 118.637148882901 
1912, 111.124808601852 
1913, 114.191780322879 
1914, 104.705495510248 
1915, 70.1290575290566 
1916, 76.4532479009029 
1917, 103.391986579273 
1918, 110.146556387845 
1919, 121.309174683835 
1920, 125.732015743565 
1921, 124.04213055943 
1922, 132.679993793604 
1923, 144.954419040428 
1924, 153.541444720637 
1925, 172.593083555362 
1926, 181.287554134219 
1927, 179.740752342887 
1928, 169.359018713007 
1929, 143.334752983375 
1930, 124.828488467027 
1931, 84.7225713651718 
1932, 50.7916510911057 
1933, 41.1627703199852 
1934, 50.6797602389956 
1935, 53.3437227308444 
1936, 76.935772138677 
1937, 90.1923726618525 
1938, 81.5473560266737 
1939, 68.4979166782409 
1940, 44.9471552663409 
1941, 44.5127972241047 
1942, 40.2765303966412 
1943, 34.1686493998108 
1944, 43.9116970300936 
1945, 72.643750429567 
1946, 79.452357877048 
1947, 93.8607948298811 
1948, 98.6664501434193 
1949, 88.9802548366296 
1950, 70.0770875719092 
1951, 71.6347637832895 
1952, 76.7947507839438 
1953, 74.2825689441515 
1954, 82.1215035854562 
1955, 73.8990585617667 
1956, 44.6445353589015 
1957, 33.4019556186651 
1958, 20.7386133014511 
1959, 14.6689752812977 
1960, 16.6882384324115 
1961, 26.9349041413682 
1962, 37.6074980123984 
1963, 46.1898934408847 
1964, 28.4800796474401 
1965, 17.4039552704484 
1966, 24.0061918711503 
1967, 25.4250581198018 
1968, 35.145673995403 
1969, 83.1222582928085 
1970, 94.8481801560328 
1971, 87.1608236753421 
1972, 86.6131648779827 
1973, 68.4743211213456 
1974, 69.8418928868478 
1975, 80.3174189859153 
1976, 74.3504200410296 
1977, 94.7739749534344 
1978, 96.8509940914396 
1979, 102.15174964756 
1980, 110.74893133389 
1981, 111.852221299152 
1982, 107.96235409105 
1983, 108.75923997072 
1984, 97.9600523227749 
1985, 99.1664750872914 
1986, 124.008179622747 
1987, 110.888948744819 
1988, 107.979700247402 
1989, 126.223287238091 
1990, 130.164073923615 
1991, 129.706911340849 
1992, 130.525339892508 
1993, 126.419917279244 
1994, 127.032636127076 
1995, 135.50630365181 
1996, 130.594931978832 
1997, 124.969075555548 
1998, 107.980788884549 
1999, 92.733222886635 
2000, 81.9089980618723 
2001, 76.4610487217892 
2002, 85.7301192654438 
2003, 81.3521303844747 
2004, 72.8434021092777 
2005, 59.5326816034125 
2006, 29.2072732498768 
2007, 21.1117932375809 
2008, 19.2474566320962 
2009, 20.0348051633761 
2010, 36.3757126423672 
2011, 53.8391733353901 
2012, 52.1537373267813 
2013, 49.4159991058078 
2014, 45.743020626935 
2015, 31.9169411320106 
2016, 31.6007675465228 
2017, 29.2354871069704 
2018, 44.1661751027472 
2019, 83.6121169263641 
2020, 99.6307872644222 
2021, 121.08961649515 
2022, 130.831484687062 
2023, 120.496522589292 
2024, 111.72815076889 
2025, 111.670041855562 
2026, 115.511675290532 
2027, 112.640245358249 
2028, 110.175003743395 
2029, 99.8474376511504 
2030, 67.4101197163041 
2031, 71.1430646034423 
2032, 95.3568032492578 
2033, 110.279800146102 
2034, 150.442703112627 
2035, 167.806412978412 
2036, 167.132608379659 
2037, 163.02863248366 
2038, 142.919994646529 
2039, 140.759019851399 
2040, 132.30868271 
2041, 113.643317153872 
2042, 106.295924352792 
2043, 98.4564033299231 
2044, 107.160024592985 
2045, 132.999672656554 
2046, 151.77304785609 
2047, 200.870319769944 
2048, 209.863571574861 
2049, 188.901276338646 
2050, 172.01163579198 
2051, 140.95191982773 
2052, 97.6342588100575 
2053, 65.7497982575431 
2054, 54.5923874486108 
2055, 49.0606365107108 
2056, 52.5832451050193 
2057, 61.2847087752824 
2058, 91.0639533999773 
2059, 100.822706621673 
2060, 108.949580103336 
2061, 110.118457054638 
2062, 91.3813589968959 
2063, 91.353049872845 
2064, 104.401256707551 
2065, 107.065828973444 
2066, 118.964645490249 
2067, 115.172568629222 
2068, 114.094938792294 
2069, 94.4372152032266 
2070, 101.390260399508 
2071, 126.025938189207 
2072, 136.832194206274 
2073, 150.402399673651 
2074, 166.687541918413 
2075, 185.843344312363 
2076, 192.233902911787 
2077, 193.084203497134 
2078, 198.860140358267 
2079, 191.031000817742 
2080, 192.52785037687 
2081, 211.26377928301 
2082, 223.116383898403 
2083, 230.369938261257 
2084, 230.774821671483 
2085, 236.934619810569 
2086, 242.566821006734 
2087, 250.172331207677 
2088, 262.771628135285 
2089, 267.786872917649 
2090, 269.946994377585 
2091, 272.036339726474 
2092, 264.184407878994 
2093, 269.669456850221 
2094, 278.394641697454 
2095, 291.856554238596 
2096, 315.745908418553 
2097, 342.711452358652 
2098, 363.204740989913 
2099, 380.913912109667 
2100, 403.204949226721 
2101, 435.295682324035 
2102, 443.974638767643 
2103, 443.904827226593 
2104, 444.796337197011 
2105, 421.40516408699 
2106, 416.077627112752 
2107, 417.383375202719 
2108, 428.593827498729 
2109, 452.48521249272 
2110, 471.289702159912 
2111, 489.457999943831 
2112, 526.921309136346 
2113, 547.141120054679 
2114, 554.748976627434 
2115, 559.632431252394 
2116, 552.065346708178 
2117, 559.395870504974 
2118, 565.433802503287 
2119, 576.707072081324 
2120, 596.513675908201 
2121, 617.912826091111 
2122, 646.158636173435 
2123, 664.891676516602 
2124, 680.525987038146 
2125, 702.791831772799 
2126, 718.849765251407 
2127, 738.095120370125 
2128, 759.314239360956 
2129, 798.746158469531 
2130, 824.19075022877 
2131, 844.293376391025 
2132, 866.066064158619 
2133, 889.407807443467 
2134, 906.986039397343 
2135, 920.420485639584 
2136, 936.54119083811 
2137, 945.753677085779 
2138, 964.761696460619 
2139, 987.430196849434 
2140, 1013.7753655104 
2141, 1048.25088701627 
2142, 1081.80645515329 
2143, 1130.16929211115 
2144, 1156.44978288753 
2145, 1168.34553008821 
2146, 1181.03513456379 
2147, 1190.25669364183 
2148, 1203.89323059708 
2149, 1227.53578870545 
2150, 1275.84401334799 
2151, 1294.89813051409 
2152, 1304.41400221616 
2153, 1315.6920539813 
2154, 1308.10597444384 
2155, 1321.08495112843 
2156, 1345.69179783197 
2157, 1366.49149613855 
2158, 1399.9946361788 
2159, 1420.69869150661 
2160, 1432.52225012126 
2161, 1447.08430548652 
2162, 1450.30945370581 
2163, 1465.82379500074 
2164, 1485.46611610209 
2165, 1512.49050319687 
2166, 1543.50728091501 
2167, 1590.81030313158 
2168, 1612.53593052649 
2169, 1622.9454854133 
2170, 1645.27223969155 
2171, 1653.5127723198 
2172, 1681.50003467195 
2173, 1738.45390272551 
2174, 1768.01843475716 
2175, 1787.98673649486 
2176, 1811.14876346664 
2177, 1814.44679000946 
2178, 1839.63044041107 
2179, 1889.95542653981 
2180, 1921.61513411965 
2181, 1955.89138057567 
2182, 1982.48441668472 
2183, 2001.94274490283 
2184, 2004.61962460161 
2185, 2001.68803820037 
2186, 2015.47483236324 
2187, 2046.73145421346 
2188, 2086.6462451985 
2189, 2130.39149000955 
2190, 2213.50664803708 
2191, 2244.85551673893 
2192, 2261.80231727201 
2193, 2258.7208579198 
2194, 2206.76153175117 
2195, 2195.92159941711 
2196, 2183.16161931214 
2197, 2183.91346092689 
2198, 2219.82846546504 
2199, 2232.99315953612 
2200, 2234.87451084915 
2201, 2242.27753595891 
2202, 2235.8210374902 
2203, 2248.6579854906 
2204, 2268.7208710624 
2205, 2303.59061460781 
2206, 2349.8441639196 
2207, 2399.62064942132 
2208, 2433.33225145715 
2209, 2463.58749236305 
2210, 2488.80895426252 
2211, 2501.22063257059 
2212, 2519.84273036406 
2213, 2539.63077480306 
2214, 2555.51867665538 
2215, 2573.13462557612 
2216, 2581.32761336967 
2217, 2572.98801695354 
2218, 2587.22081814603 
2219, 2606.52406496922 
2220, 2625.38020562853 
2221, 2666.32072157556 
2222, 2690.00211776415 
2223, 2709.19590712017 
2224, 2714.70052987615 
2225, 2710.00049370321 
2226, 2699.40621080687 
2227, 2672.049540726 
2228, 2640.75206576221 
2229, 2622.85175706503 
2230, 2610.696611924 
2231, 2610.69433219661 
2232, 2629.74244889398 
2233, 2634.20041101196 
2234, 2642.41056783999 
2235, 2644.80268261243 
2236, 2644.5679329916 
2237, 2637.60108725542 
2238, 2626.27177364841 
2239, 2612.47977093997 
2240, 2585.71474865774 
2241, 2568.7914564621 
2242, 2555.55798925783 
2243, 2543.37430322637 
2244, 2536.31338412199 
2245, 2526.96433644775 
2246, 2520.61120766937 
2247, 2508.1297612355 
2248, 2487.48565123469 
2249, 2473.6962628545 
2250, 2464.28122389808 
2251, 2448.57914860354 
2252, 2431.48604459002 
2253, 2420.17194570157 
2254, 2397.89379470897 
2255, 2362.90600522964 
2256, 2339.64263021281 
2257, 2320.80347681917 
2258, 2295.72300955551 
2259, 2275.54594905157 
2260, 2242.94135010393 
2261, 2191.0749776802 
2262, 2161.97085534193 
2263, 2136.45643014721 
2264, 2114.5404086353 
2265, 2113.04190620795 
2266, 2094.79210122548 
2267, 2069.81124061958 
2268, 2043.37218977808 
2269, 2012.16445330578 
2270, 1980.15855474798 
2271, 1936.85273469193 
2272, 1906.19551805141 
2273, 1886.28148720792 
2274, 1856.96997870792 
2275, 1835.51976251592 
2276, 1806.97055837077 
2277, 1759.23014341532 
2278, 1724.15347513246 
2279, 1695.19144513113 
2280, 1661.28503941055 
2281, 1620.08864103506 
2282, 1601.96681983497 
2283, 1571.65825803887 
2284, 1551.1106171412 
2285, 1539.08642028018 
2286, 1518.0806016242 
2287, 1488.04885935803 
2288, 1465.90575206321 
2289, 1429.28652935982 
2290, 1378.0026444969 
2291, 1339.53568944381 
2292, 1292.27139382317 
2293, 1264.82336995249 
2294, 1256.93348357299 
2295, 1239.16281851715 
2296, 1233.89391561708 
2297, 1208.79037985143 
2298, 1164.8381468671 
2299, 1133.81831894805 
2300, 1094.95435894109 
2301, 1067.09719046804 
2302, 1061.70643886338 
2303, 1035.22524846835 
2304, 992.238129615149 
2305, 967.951394052123 
2306, 933.52382867835 
2307, 921.075529056875 
2308, 948.810208345219 
2309, 946.714421721518 
2310, 942.934055127469 
2311, 927.350469823081 
2312, 888.758229833969 
2313, 854.328077222013 
2314, 817.946191731556 
2315, 780.108828432359 
2316, 740.09553525069 
2317, 690.226313882457 
2318, 656.476908355871 
2319, 640.112229101541 
2320, 637.673940749648 
2321, 643.143740313073 
2322, 647.595323074716 
2323, 658.986854158579 
2324, 649.361378449742 
2325, 652.185476285265 
2326, 658.073457549813 
2327, 633.301148160139 
2328, 612.377717450246 
2329, 583.444125113378 
2330, 566.089381314059 
2331, 544.475768423754 
2332, 530.397156960745 
2333, 536.162345593708 
2334, 516.62956675401 
2335, 475.747473782481 
2336, 458.918471509506 
2337, 447.926579989317 
2338, 432.508160567952 
2339, 432.894768823606 
2340, 412.149360037688 
2341, 360.100005163289 
2342, 343.410889234699 
2343, 340.250762229031 
2344, 337.373435652138 
2345, 358.107207716252 
2346, 363.122053181221 
2347, 362.878514398928 
2348, 355.244685781758 
2349, 331.842446381604 
2350, 324.75909680727 
2351, 318.307349973933 
2352, 312.306174839393 
2353, 324.633898198076 
2354, 325.158020897085 
2355, 311.472810637377 
2356, 306.227759473381 
2357, 305.481706943005 
2358, 303.512975559447 
2359, 303.437270520083 
2360, 298.665981441392 
2361, 292.100391299574 
2362, 282.380541951816 
2363, 257.711299715489 
2364, 260.354064056782 
2365, 260.544757535584 
2366, 250.058011541633 
2367, 245.899378620126 
2368, 222.594590952304 
2369, 195.041677421257 
2370, 174.261558386556 
2371, 157.439503471266 
2372, 158.191410430075 
2373, 169.613262851425 
2374, 176.845441970407 
2375, 192.902170993551 
2376, 211.123261694482 
2377, 213.447030768262 
2378, 232.961765947685 
2379, 245.153103602197 
2380, 221.379497668702 
2381, 199.512524585181 
2382, 172.84429318501 
2383, 142.592496653404 
2384, 143.788933102375 
2385, 161.34713735113 
2386, 170.484158324526 
2387, 174.409243068634 
2388, 182.593829945783 
2389, 180.74284137031 
2390, 154.765939616372 
2391, 146.019738501122 
2392, 133.76846684845 
2393, 114.355832495379 
2394, 122.802186743729 
2395, 119.515941716002 
2396, 106.515945127208 
2397, 100.210527406511 
2398, 107.700554556427 
2399, 115.647950030283 
2400, 115.294163438539 
2401, 117.780077341613 
2402, 111.099681203782 
2403, 106.77307145669 
2404, 110.244567868386 
2405, 116.780025096164 
2406, 134.225762574106 
2407, 129.169748593169 
2408, 114.662232957313 
2409, 111.836554246214 
2410, 103.202985091533 
2411, 98.3661778898088 
2412, 108.637093721502 
2413, 102.958023262918 
2414, 72.4625071584004 
2415, 65.1935373643946 
2416, 68.1639534406257 
2417, 75.3735205930439 
2418, 105.575498371849 
2419, 111.345248391524 
2420, 102.512846274094 
2421, 96.6779575543507 
2422, 78.5219343844644 
2423, 68.4820947260927 
2424, 66.7629944814114 
2425, 65.0963573803184 
2426, 57.73725867157 
2427, 65.251704418231 
2428, 85.3715731145999 
2429, 98.107098752996 
2430, 119.172253156473 
2431, 122.089669798622 
2432, 111.823058273731 
2433, 106.264214151158 
2434, 95.0135513527893 
2435, 93.9479580700007 
2436, 101.740377009164 
2437, 100.676682351109 
2438, 97.8035886459255 
2439, 89.2345757515586 
2440, 70.5625290217683 
2441, 62.6164589233265 
2442, 57.1132168823634 
2443, 55.5697542056738 
2444, 60.654022514403 
2445, 69.3716669745568 
2446, 68.7373407424473 
2447, 76.6537859902044 
2448, 81.6097717834745 
2449, 67.6961856527009 
2450, 54.5763046885443 
2451, 44.3443242036351 
2452, 24.8490123988677 
2453, 15.2936794573541 
2454, 17.19537518432 
2455, 3.054208603353 
2456,-9.80691995752221 
2457, 0.130929747338402 
2458, 18.6458939692265 
2459, 37.1724678062972 
2460, 52.936339594395 
2461, 48.4089851531353 
2462, 33.8591517782477 
2463, 21.869832984085 
2464, 23.7295997374872 
2465, 32.0162487077277 
2466, 30.5550403422465 
2467, 16.4950115082315 
2468,-4.26518522080251 
2469,-15.1857649694933 
2470,-23.6138000961169 
2471,-1.71113965753561 
2472, 23.6075544449003 
2473, 37.1731410591551 
2474, 56.7330467530706 
2475, 43.0033069908287 
2476, 33.0302094720753 
2477, 16.0516899920541 
2478,-16.810562101265 
2479,-12.267863397364 
2480, 3.26486380298692 
2481, 16.0029803626524 
2482, 28.453764799191 
2483, 29.9465832726772 
2484, 22.3738684197301 
2485, 11.3462776480752 
2486, 25.3436100360748 
2487, 55.8053937265032 
2488, 56.4153094938454 
2489, 46.8906501891937 
2490, 40.6423310116105 
2491, 13.8623034875536 
2492,-1.33884671349786 
2493, 10.1725046919591 
2494, 17.1276644991727 
2495, 18.0330019231062 
2496, 19.4182053430299 
2497, 19.131346220584 
2498, 24.5582102655865 
2499, 38.6587294960284 
2500, 38.6983423257332 
