Wavelength,0212202100065.asd
350, 4021.95133917707 
351, 4232.93343176996 
352, 4428.86491949839 
353, 4593.13355801174 
354, 4752.18009367055 
355, 4921.5311000787 
356, 5105.16751407215 
357, 5283.40485275791 
358, 5467.05116710613 
359, 5662.48747221931 
360, 5878.00762071297 
361, 6141.81985932533 
362, 6445.39169938227 
363, 6774.21528361371 
364, 7111.52403690509 
365, 7453.47348097679 
366, 7778.86548529966 
367, 8063.64277672328 
368, 8285.50713344852 
369, 8419.00845788789 
370, 8468.13880497584 
371, 8456.84712518051 
372, 8425.22850050718 
373, 8414.74399370068 
374, 8432.325211435 
375, 8459.26059271427 
376, 8487.13532503832 
377, 8505.65618693033 
378, 8494.3487224462 
379, 8420.34653612197 
380, 8322.847313812 
381, 8214.12332412362 
382, 8093.5353166721 
383, 7941.3277947819 
384, 7784.08437205926 
385, 7674.19118438108 
386, 7674.56337077179 
387, 7834.08345366424 
388, 8066.78387237992 
389, 8273.74829045631 
390, 8367.06044580234 
391, 8464.57975698481 
392, 8561.49508221523 
393, 8642.18861995359 
394, 8707.30995967114 
395, 8887.59395126199 
396, 9245.30398304196 
397, 9805.85076915843 
398, 10588.8466186573 
399, 11480.8902609676 
400, 12397.2354065977 
401, 13288.2683782428 
402, 14139.4941058961 
403, 14842.1129619772 
404, 15348.747176773 
405, 15743.7612875791 
406, 16059.2451440021 
407, 16341.3965857324 
408, 16647.205319644 
409, 17064.7112618146 
410, 17566.3361589912 
411, 18121.9978497093 
412, 18701.5809227502 
413, 19272.4489301267 
414, 19839.3643323657 
415, 20390.3725495556 
416, 20872.4818698996 
417, 21326.9507397369 
418, 21793.3635664617 
419, 22284.8044051696 
420, 22711.7574725285 
421, 23141.6988960454 
422, 23610.9181427936 
423, 24118.9008720478 
424, 24587.1359803208 
425, 24956.7209474773 
426, 25177.9437052748 
427, 25204.3267516 
428, 25114.0736556617 
429, 25134.4586530304 
430, 25451.2774647529 
431, 25912.003379997 
432, 26519.5243836597 
433, 27411.9461988195 
434, 28766.2034407788 
435, 30206.4118979215 
436, 31309.8905062058 
437, 31989.4637711779 
438, 32710.2750997327 
439, 33450.7648332767 
440, 34149.7341841139 
441, 34784.0549304233 
442, 35604.5609403822 
443, 36471.6642282517 
444, 37269.4432678621 
445, 37919.7103184589 
446, 38441.8874191478 
447, 38912.4275691128 
448, 39412.5105861116 
449, 40027.5729484826 
450, 40551.982930205 
451, 40839.8509618955 
452, 40833.3471442645 
453, 40736.0142306286 
454, 40514.1763215074 
455, 40230.3133713145 
456, 40034.357866163 
457, 39997.2180950286 
458, 40020.8115506122 
459, 40003.4175882732 
460, 39908.5720033484 
461, 39758.1497165812 
462, 39592.7766352989 
463, 39435.665580203 
464, 39182.7126322504 
465, 38787.580886721 
466, 38298.2798474739 
467, 37851.9018280355 
468, 37476.1811364536 
469, 37196.0893922271 
470, 37025.1553847338 
471, 36975.8947754327 
472, 36945.6238786474 
473, 36944.8707615124 
474, 37016.418223102 
475, 37025.2142417097 
476, 37001.7603176568 
477, 36988.1751148902 
478, 37020.4880744687 
479, 37147.541231244 
480, 37317.3771974684 
481, 37437.3874352605 
482, 37406.027100371 
483, 37126.1038899444 
484, 36541.7049657661 
485, 35673.3114279152 
486, 34827.2180955034 
487, 34227.1900040639 
488, 34052.6333761999 
489, 34455.1493255474 
490, 35098.7050234455 
491, 35632.1293355347 
492, 35826.0203670403 
493, 35902.4131879117 
494, 36008.7896818056 
495, 36215.5390080007 
496, 36503.3446527093 
497, 36601.3390764203 
498, 36508.8720443583 
499, 36285.6416587879 
500, 35986.8839594915 
501, 35763.5416537077 
502, 35680.4673005991 
503, 35767.4209903793 
504, 36111.9549406181 
505, 36588.2039519199 
506, 37070.0293283818 
507, 37452.9174014182 
508, 37743.0944169588 
509, 37969.0744656754 
510, 38178.9287497065 
511, 38464.0044070705 
512, 38665.0190423893 
513, 38707.4328992191 
514, 38571.976078525 
515, 38261.4377926439 
516, 37839.8624245391 
517, 37425.7378806486 
518, 37190.1136847392 
519, 37508.5753295973 
520, 38418.1350188012 
521, 39705.6030066265 
522, 40785.4615356034 
523, 41591.9436577681 
524, 42159.0510875225 
525, 42587.7237408799 
526, 42783.7396626913 
527, 42867.4105288553 
528, 43096.1566770948 
529, 43969.8951231586 
530, 45107.2974955962 
531, 46070.629113902 
532, 46500.9986191755 
533, 46644.9984403517 
534, 46858.1080451574 
535, 47331.3370699803 
536, 48049.0850800149 
537, 48565.2241426253 
538, 48806.8326250229 
539, 48845.4571466564 
540, 48839.4374863707 
541, 48890.174583529 
542, 49146.731796266 
543, 49729.1662501613 
544, 50395.5270626 
545, 50977.3817366774 
546, 51384.4748668247 
547, 51624.2099966693 
548, 51782.6838790977 
549, 51964.5766441138 
550, 52237.3222752678 
551, 52519.1630230068 
552, 52738.9055602398 
553, 52902.1102842787 
554, 53073.457983216 
555, 53208.3700540721 
556, 53171.1554807673 
557, 52887.253418933 
558, 52413.0970696993 
559, 52008.6039641655 
560, 51831.2424468037 
561, 51939.2052198859 
562, 52189.0538052101 
563, 52340.632866862 
564, 52277.7480145554 
565, 52041.6896371113 
566, 51698.2837922446 
567, 51349.6277994288 
568, 51059.3588046984 
569, 50766.0283624933 
570, 50378.1576136641 
571, 50010.0734308181 
572, 49886.3041044593 
573, 49952.8065287699 
574, 49960.986024388 
575, 49752.1288628966 
576, 49348.8489359272 
577, 48973.5325962536 
578, 48775.3221550946 
579, 48834.892582632 
580, 49083.9910891081 
581, 49515.5944284777 
582, 50041.1393252707 
583, 50496.4298029217 
584, 50780.4591981007 
585, 50774.0279661886 
586, 50467.7478136389 
587, 50089.592170294 
588, 49628.1756612744 
589, 49005.1711685012 
590, 48217.0194177607 
591, 47946.1258377661 
592, 48180.3452899954 
593, 48595.8623630024 
594, 48576.1039128781 
595, 48332.4856194733 
596, 47982.921851322 
597, 47608.1158517634 
598, 47194.0327347473 
599, 46695.6202060931 
600, 46155.9139952887 
601, 45679.5253521415 
602, 45311.6521797654 
603, 45115.5989797771 
604, 45087.4304059805 
605, 45124.6979285078 
606, 45027.2858459765 
607, 44781.2480562611 
608, 44459.9048757298 
609, 44140.8512907255 
610, 43840.3932475873 
611, 43571.6973870943 
612, 43343.9721238442 
613, 43102.9587541586 
614, 42823.2930859853 
615, 42519.7654304955 
616, 42275.9931829716 
617, 42128.2842493594 
618, 42133.8466477253 
619, 42317.9350509059 
620, 42514.3743662199 
621, 42541.7944976514 
622, 42339.9089737808 
623, 41998.1212637061 
624, 41604.7180125873 
625, 41233.5222872711 
626, 40926.0734220004 
627, 40659.0770354908 
628, 40401.5105513531 
629, 40154.1207578117 
630, 39954.2762870714 
631, 39954.8290737092 
632, 40076.0631747659 
633, 40237.4786566893 
634, 40415.6177722206 
635, 40553.1767064796 
636, 40646.7844868051 
637, 40707.8295315912 
638, 40723.2730791417 
639, 40657.2816646729 
640, 40478.8626941028 
641, 40178.637107414 
642, 39945.0888302746 
643, 39807.5585709076 
644, 39723.1119626034 
645, 39572.2120656391 
646, 39341.1489560733 
647, 39052.4582585451 
648, 38755.5764397841 
649, 38508.7259962434 
650, 38308.1902602848 
651, 38192.4709614724 
652, 38231.5317419251 
653, 38145.9474091119 
654, 37725.2952388596 
655, 36927.732626098 
656, 36002.5904263432 
657, 35330.7674196187 
658, 35328.487162703 
659, 36213.215162947 
660, 37125.6290334096 
661, 37654.0782079417 
662, 37765.5226801695 
663, 37821.2199581233 
664, 37789.4782277398 
665, 37733.4618509799 
666, 37708.8172076054 
667, 37720.6304255735 
668, 37709.1691409551 
669, 37675.2950701435 
670, 37647.0534846071 
671, 37573.2462051262 
672, 37484.6505730144 
673, 37427.8948408086 
674, 37457.729868025 
675, 37509.6421246387 
676, 37547.5802459262 
677, 37559.1819863781 
678, 37582.135480042 
679, 37593.8563560535 
680, 37590.756442335 
681, 37578.8674868842 
682, 37554.3510061593 
683, 37468.2992760439 
684, 37161.4102955633 
685, 36333.1637326267 
686, 34881.2883551971 
687, 32940.4296811611 
688, 30982.8600689798 
689, 30169.0131559951 
690, 30778.4055239697 
691, 32273.3461475022 
692, 33630.9653606527 
693, 34828.7867616163 
694, 35709.7099448101 
695, 36246.9897682109 
696, 36589.0059402655 
697, 36859.2328536912 
698, 37030.6040122656 
699, 37054.0356421354 
700, 36974.3205399489 
701, 36891.1907500788 
702, 36883.1977532198 
703, 37004.5399519401 
704, 37271.3892007869 
705, 37591.1243230688 
706, 37867.2210488923 
707, 38020.2823172982 
708, 38139.6799778642 
709, 38243.2933703165 
710, 38332.7909178264 
711, 38424.8395958031 
712, 38484.5173674346 
713, 38497.9309229707 
714, 38453.2619598232 
715, 38286.2827884662 
716, 37852.2583233826 
717, 37082.8007628771 
718, 36019.6821998083 
719, 35114.6493256857 
720, 34761.5997328092 
721, 35124.7731724744 
722, 35931.819871776 
723, 36511.0736666527 
724, 36625.8617218806 
725, 36387.8237932921 
726, 36336.2307714691 
727, 36423.8103748907 
728, 36548.2839682602 
729, 36618.2248539865 
730, 36824.2612986362 
731, 37207.9683851725 
732, 37735.4871788501 
733, 38300.7172437949 
734, 38781.4832876262 
735, 39082.1652102879 
736, 39161.0258280539 
737, 39111.9583684065 
738, 39034.6528280666 
739, 38953.9759918385 
740, 38837.159974477 
741, 38785.8773784595 
742, 38819.0489603839 
743, 38924.4068946231 
744, 39068.0024068904 
745, 39170.6785910372 
746, 39215.6765051719 
747, 39209.596371672 
748, 39155.2968660984 
749, 39029.1820489096 
750, 38857.2233948598 
751, 38699.9359190005 
752, 38617.6035931538 
753, 38592.8660746692 
754, 38587.5986254043 
755, 38548.6684086374 
756, 38359.3813381415 
757, 37564.7259441376 
758, 35437.1718649988 
759, 30734.632497553 
760, 23830.2191779094 
761, 17073.6995818853 
762, 13307.4780978436 
763, 13362.3943107636 
764, 15435.4269519138 
765, 18598.1018271523 
766, 22726.4771827638 
767, 27194.623526138 
768, 31051.8322314879 
769, 33719.3104158746 
770, 35206.6367621102 
771, 35928.3818380455 
772, 36198.3298822939 
773, 36255.7981514864 
774, 36226.2594350415 
775, 36132.4176372036 
776, 36012.7799829048 
777, 35894.0472472415 
778, 35740.0221248774 
779, 35557.5587697687 
780, 35374.2655565399 
781, 35225.6994041341 
782, 35063.8782279616 
783, 34872.7025978588 
784, 34656.7189632641 
785, 34443.0315681297 
786, 34237.5852050538 
787, 34005.469782651 
788, 33714.4952043282 
789, 33369.1093008504 
790, 33000.3907959539 
791, 32615.2545513852 
792, 32216.3232391315 
793, 31831.8434489775 
794, 31517.2869561806 
795, 31309.0735621043 
796, 31212.6893777915 
797, 31144.8758711652 
798, 31021.8035998573 
799, 30805.1350862068 
800, 30515.9570958388 
801, 30205.8273045575 
802, 29915.1277289609 
803, 29658.4995002098 
804, 29404.6009372159 
805, 29177.7158830867 
806, 28968.4246625259 
807, 28748.0464163674 
808, 28467.6273310543 
809, 28136.4233088997 
810, 27777.7458980081 
811, 27408.6089519406 
812, 26974.0397432895 
813, 26405.6271213562 
814, 25687.9794875972 
815, 24869.6135430001 
816, 24093.644148485 
817, 23465.6524411785 
818, 23054.6799146824 
819, 22887.2303074442 
820, 22816.7506784332 
821, 22719.1025142724 
822, 22538.5613039237 
823, 22341.1591829356 
824, 22205.3590609615 
825, 22203.0492928346 
826, 22313.2677412633 
827, 22248.5819328339 
828, 22009.0916481534 
829, 21690.4246241587 
830, 21426.3263557018 
831, 21239.5079836907 
832, 21092.1427283454 
833, 20965.8501461298 
834, 20864.7343226591 
835, 20803.9865871994 
836, 20764.4053370909 
837, 20709.5621556281 
838, 20593.3712736607 
839, 20430.1925930132 
840, 20236.9593166138 
841, 20027.8173566727 
842, 19808.9933392165 
843, 19581.7682215495 
844, 19356.5051809407 
845, 19140.3054543946 
846, 18933.2471157517 
847, 18676.8678092685 
848, 18365.4202623051 
849, 18019.0838542045 
850, 17673.7427022396 
851, 17272.4606147646 
852, 16855.997159521 
853, 16504.5767475736 
854, 16241.5139685291 
855, 16026.5460825597 
856, 15921.8545069572 
857, 16017.686311983 
858, 16171.9734811319 
859, 16205.3957503072 
860, 16084.1964365198 
861, 15904.8050789671 
862, 15691.9511174547 
863, 15417.9348156891 
864, 15085.6534777737 
865, 14741.374228399 
866, 14417.2603614651 
867, 14141.3309784059 
868, 13956.5462702362 
869, 13922.6426246884 
870, 13954.9053532248 
871, 13938.8274880291 
872, 13818.8538883752 
873, 13651.4855469297 
874, 13473.7205067978 
875, 13296.1175220786 
876, 13119.4962873008 
877, 12944.853834477 
878, 12775.1039266225 
879, 12609.4429117643 
880, 12444.7504427486 
881, 12274.9262872004 
882, 12108.1714479557 
883, 11949.8376149765 
884, 11800.7089616637 
885, 11652.7269862235 
886, 11495.4681792552 
887, 11329.9272582526 
888, 11163.3027201183 
889, 11003.8091602256 
890, 10847.7969609517 
891, 10677.3534259677 
892, 10471.4098296895 
893, 10226.5400223619 
894, 9942.92267546829 
895, 9628.42200347814 
896, 9296.17789715223 
897, 8957.44771082013 
898, 8637.53488125744 
899, 8366.09583271551 
900, 8169.05528260139 
901, 8051.25214555756 
902, 7991.70089709274 
903, 7962.32883713879 
904, 7933.20470089592 
905, 7883.7974085226 
906, 7799.27068521366 
907, 7664.05094683213 
908, 7473.3466015024 
909, 7273.42302822591 
910, 7102.91174538733 
911, 6976.97488301365 
912, 6888.10714850594 
913, 6813.1956197999 
914, 6738.00839834301 
915, 6660.12920789962 
916, 6587.41958778606 
917, 6534.52033746366 
918, 6489.67934794856 
919, 6445.17550323117 
920, 6398.81951958209 
921, 6352.23906103832 
922, 6291.44851486931 
923, 6206.20508059071 
924, 6091.43811631503 
925, 5946.59337355852 
926, 5774.88542366296 
927, 5569.35172639797 
928, 5317.99483031499 
929, 5020.31315470418 
930, 4685.40658065849 
931, 4329.57553052119 
932, 3976.80631142585 
933, 3662.0326407734 
934, 3410.1928089506 
935, 3237.89145813284 
936, 3148.559044687 
937, 3121.96373397682 
938, 3136.52249326371 
939, 3167.94216415649 
940, 3195.83309211263 
941, 3216.84324863704 
942, 3219.89577345609 
943, 3190.74612080358 
944, 3124.45642468912 
945, 3044.37694439613 
946, 2975.63547949081 
947, 2931.69862973092 
948, 2913.03799832505 
949, 2904.76891155286 
950, 2893.64978428108 
951, 2879.39478344741 
952, 2864.35061378486 
953, 2843.82490885054 
954, 2824.71490672759 
955, 2806.60683577547 
956, 2789.32614707151 
957, 2777.07525820262 
958, 2766.96419708455 
959, 2759.08311428478 
960, 2753.90653779193 
961, 2751.38250322269 
962, 2750.29100308366 
963, 2749.92934811732 
964, 2750.13054732045 
965, 2750.80409204073 
966, 2748.07236418624 
967, 2738.80592788994 
968, 2722.55031245714 
969, 2701.52393997801 
970, 2679.74127128329 
971, 2651.48049269567 
972, 2613.59490173189 
973, 2566.44190108781 
974, 2512.56988142604 
975, 2459.11127861566 
976, 2407.65563401091 
977, 2358.36900705206 
978, 2317.65065833853 
979, 2283.04395991561 
980, 2252.82323089536 
981, 2224.57504583112 
982, 2194.26776857729 
983, 2162.12274929212 
984, 2128.08498413979 
985, 2092.73690858956 
986, 2057.22638155974 
987, 2017.41716878713 
988, 1975.03372750229 
989, 1932.84082657589 
990, 1892.62598018178 
991, 1851.0334601747 
992, 1808.55005624469 
993, 1766.91877551921 
994, 1727.32409872066 
995, 1686.01015267801 
996, 1644.85277943272 
997, 1603.49512844776 
998, 1561.19754667926 
999, 1519.44118586654 
1000, 1479.02737371385 
1001, 9389.83793507645 
1002, 9363.15574513473 
1003, 9343.59627952679 
1004, 9326.58979499073 
1005, 9309.14857620909 
1006, 9309.73795010973 
1007, 9312.40313271275 
1008, 9324.19824760256 
1009, 9345.9063281667 
1010, 9379.75213337745 
1011, 9411.56843170894 
1012, 9450.39679798314 
1013, 9495.96126932686 
1014, 9534.19742433811 
1015, 9575.87425313745 
1016, 9615.29488743229 
1017, 9652.91485474735 
1018, 9693.65420620943 
1019, 9741.03523760475 
1020, 9792.99933122297 
1021, 9843.09076085958 
1022, 9894.33429805777 
1023, 9945.02149807487 
1024, 10000.8437989231 
1025, 10063.8120386679 
1026, 10122.86245945 
1027, 10184.7389795338 
1028, 10252.8730481636 
1029, 10307.7878956985 
1030, 10358.6283267919 
1031, 10408.7084190982 
1032, 10447.9877026167 
1033, 10486.8319738064 
1034, 10526.9967271261 
1035, 10564.8807724036 
1036, 10602.1062041011 
1037, 10638.6309576782 
1038, 10669.7600248049 
1039, 10701.4627866924 
1040, 10736.8849499653 
1041, 10766.8551719547 
1042, 10797.0353931148 
1043, 10825.6292641272 
1044, 10851.5477206034 
1045, 10881.7820702033 
1046, 10909.9478233565 
1047, 10938.3591489034 
1048, 10967.63742587 
1049, 10997.0119751851 
1050, 11026.6072914524 
1051, 11063.5646156609 
1052, 11100.1606282511 
1053, 11137.3064272971 
1054, 11172.3269348238 
1055, 11206.9504197935 
1056, 11249.1323966878 
1057, 11296.9514574326 
1058, 11354.2295430276 
1059, 11419.3274000063 
1060, 11493.1134712242 
1061, 11580.8292875663 
1062, 11665.5162489291 
1063, 11754.1879420017 
1064, 11846.5468328577 
1065, 11942.9041724977 
1066, 12048.759748942 
1067, 12168.6460948256 
1068, 12303.2182267626 
1069, 12448.1217450407 
1070, 12599.1183781717 
1071, 12763.4830412312 
1072, 12927.1235133409 
1073, 13088.4886777459 
1074, 13257.0777050408 
1075, 13413.2255595229 
1076, 13565.9474350381 
1077, 13711.0219837321 
1078, 13839.2458664151 
1079, 13956.0826764558 
1080, 14047.7556087858 
1081, 14133.8017654789 
1082, 14221.026282428 
1083, 14298.1301969802 
1084, 14380.2357144222 
1085, 14459.9659872285 
1086, 14530.4990844271 
1087, 14598.775525831 
1088, 14651.5300983373 
1089, 14699.8550978881 
1090, 14729.0689314024 
1091, 14741.1880365245 
1092, 14742.0744618589 
1093, 14732.1990983577 
1094, 14708.9374946791 
1095, 14682.4536537297 
1096, 14655.5080031659 
1097, 14621.1377981433 
1098, 14584.7113721381 
1099, 14550.7767506593 
1100, 14513.1270139563 
1101, 14479.7535967481 
1102, 14459.411271703 
1103, 14418.3487465674 
1104, 14381.5856197479 
1105, 14320.985111855 
1106, 14236.3293847994 
1107, 14122.8714913273 
1108, 13952.6046169349 
1109, 13731.6878788453 
1110, 13435.6723315461 
1111, 13067.9195763618 
1112, 12639.9095872795 
1113, 12119.9572592519 
1114, 11602.0037275807 
1115, 10997.2120362381 
1116, 10450.5262579906 
1117, 9857.9780005928 
1118, 9356.69047922149 
1119, 8892.81505984579 
1120, 8470.31871776431 
1121, 8121.55152348479 
1122, 7838.65744727157 
1123, 7637.76357268524 
1124, 7502.3623382223 
1125, 7438.54702411449 
1126, 7482.53333781523 
1127, 7520.6050324865 
1128, 7620.19348046325 
1129, 7720.50000088316 
1130, 7855.55782210064 
1131, 7985.67327027347 
1132, 8117.55179366832 
1133, 8280.81082116889 
1134, 8452.05117818894 
1135, 8641.38358456086 
1136, 8912.72382561555 
1137, 9189.14070044139 
1138, 9467.22544430087 
1139, 9735.73979628276 
1140, 9910.40607132088 
1141, 10042.3402202632 
1142, 10099.0363180884 
1143, 10049.5158470413 
1144, 10023.6602500982 
1145, 9874.46476351872 
1146, 9863.40496120046 
1147, 9857.72456893482 
1148, 9951.95780515077 
1149, 10143.4771045709 
1150, 10384.7651893575 
1151, 10697.3501959507 
1152, 11045.5091639542 
1153, 11410.2441858818 
1154, 11835.3511672319 
1155, 12230.9450367113 
1156, 12652.4011744405 
1157, 13036.118099351 
1158, 13418.0651716993 
1159, 13768.591806886 
1160, 14102.5897884413 
1161, 14404.0683440585 
1162, 14683.8824606948 
1163, 14932.9746297794 
1164, 15151.8738395897 
1165, 15341.9456847738 
1166, 15504.6417420051 
1167, 15631.7053082279 
1168, 15731.2977673061 
1169, 15797.2313872471 
1170, 15840.2783137789 
1171, 15851.9447653407 
1172, 15845.9351359596 
1173, 15808.4831962334 
1174, 15763.1992680053 
1175, 15696.0403397612 
1176, 15621.6257255231 
1177, 15523.3289883327 
1178, 15432.5804802247 
1179, 15329.964895039 
1180, 15234.3984910929 
1181, 15138.5563512092 
1182, 15048.0898860203 
1183, 14973.6032732899 
1184, 14899.4137075837 
1185, 14852.6026655672 
1186, 14826.9342835134 
1187, 14810.4252694872 
1188, 14814.3671256185 
1189, 14819.0506511778 
1190, 14847.8930836321 
1191, 14855.7062503536 
1192, 14879.5915052539 
1193, 14866.9973763996 
1194, 14838.3856751829 
1195, 14786.0229379095 
1196, 14703.1995082887 
1197, 14604.6250377463 
1198, 14500.5397361687 
1199, 14366.0595111741 
1200, 14264.4676489194 
1201, 14158.5818898661 
1202, 14077.1020981479 
1203, 14010.7177322019 
1204, 13960.8581316931 
1205, 13926.6072779663 
1206, 13904.0028347363 
1207, 13903.5026183581 
1208, 13905.2004099105 
1209, 13919.8488709642 
1210, 13935.1710869528 
1211, 13964.1068092418 
1212, 13985.1360543109 
1213, 14004.4108400164 
1214, 14026.6715845106 
1215, 14036.4325826673 
1216, 14042.1818576019 
1217, 14036.300416125 
1218, 14020.6092720887 
1219, 14000.3304555232 
1220, 13966.3818117975 
1221, 13937.861430048 
1222, 13900.3371980937 
1223, 13874.4951274142 
1224, 13855.3307031167 
1225, 13834.9464885292 
1226, 13821.2706235594 
1227, 13805.4380556147 
1228, 13789.9122681296 
1229, 13771.3793380479 
1230, 13751.6012381937 
1231, 13731.9405725429 
1232, 13710.5447914337 
1233, 13689.6570186646 
1234, 13659.067002999 
1235, 13628.8976374122 
1236, 13586.6121968863 
1237, 13528.8681264382 
1238, 13476.0736497376 
1239, 13418.629276465 
1240, 13361.1165240131 
1241, 13305.4882747328 
1242, 13244.6267504371 
1243, 13175.5696389248 
1244, 13111.8621230878 
1245, 13047.7962303932 
1246, 12985.215688274 
1247, 12920.8622839098 
1248, 12863.8626430603 
1249, 12789.9563569493 
1250, 12713.955868288 
1251, 12619.614319405 
1252, 12515.0450714439 
1253, 12396.4367854391 
1254, 12265.407536737 
1255, 12118.7435366061 
1256, 11961.9129759572 
1257, 11784.9033626327 
1258, 11585.6781015498 
1259, 11379.295160682 
1260, 11145.3832310032 
1261, 10920.6880375526 
1262, 10679.2971913603 
1263, 10450.5985479835 
1264, 10258.1646393621 
1265, 10062.6904030843 
1266, 9944.94166291972 
1267, 9862.38482465826 
1268, 9846.60157108104 
1269, 9887.2787690113 
1270, 9978.58882981062 
1271, 10150.7472762251 
1272, 10317.9369662594 
1273, 10551.5824392709 
1274, 10748.3612916055 
1275, 10965.4240073545 
1276, 11142.2866348855 
1277, 11298.0568577904 
1278, 11439.946135325 
1279, 11561.3673625371 
1280, 11656.9217768675 
1281, 11752.7414588592 
1282, 11840.5139871405 
1283, 11929.6697126634 
1284, 12012.1972123426 
1285, 12095.2203697082 
1286, 12182.7587129917 
1287, 12256.4008146051 
1288, 12325.4860999729 
1289, 12381.7466337012 
1290, 12429.5492600964 
1291, 12465.9178639275 
1292, 12490.5457128918 
1293, 12506.9725820505 
1294, 12509.8645071654 
1295, 12510.215584639 
1296, 12502.0326198678 
1297, 12490.0141369091 
1298, 12471.0066228683 
1299, 12453.9635348883 
1300, 12426.4940069691 
1301, 12392.896521557 
1302, 12355.4170238088 
1303, 12310.3578094106 
1304, 12265.050822903 
1305, 12215.2584008448 
1306, 12165.9470439645 
1307, 12115.2504313292 
1308, 12062.738193998 
1309, 12010.922265999 
1310, 11954.4837063633 
1311, 11891.3928448167 
1312, 11831.6903054974 
1313, 11764.308834837 
1314, 11707.7940144325 
1315, 11656.2332227833 
1316, 11610.5106970787 
1317, 11570.7201043918 
1318, 11540.3554333151 
1319, 11509.6560915838 
1320, 11480.085829788 
1321, 11446.2007518446 
1322, 11398.1765888972 
1323, 11327.114549794 
1324, 11246.6539041294 
1325, 11131.3763821434 
1326, 10983.12484112 
1327, 10828.3990377534 
1328, 10634.683509359 
1329, 10462.1275731017 
1330, 10266.4341135359 
1331, 10115.7637915179 
1332, 9973.2600730392 
1333, 9870.90202920379 
1334, 9820.87433608998 
1335, 9766.46188066728 
1336, 9744.64946900479 
1337, 9718.9926032491 
1338, 9674.6824658675 
1339, 9592.05580798839 
1340, 9461.74618273561 
1341, 9267.48842480857 
1342, 8988.91339017358 
1343, 8643.03162835298 
1344, 8220.2416619951 
1345, 7697.89701824468 
1346, 7152.96948753774 
1347, 6525.33754449704 
1348, 5908.5507821549 
1349, 5235.13580444586 
1350, 4604.8194189389 
1351, 3937.71989662648 
1352, 3353.65740356679 
1353, 2789.96219290608 
1354, 2296.74348029393 
1355, 1860.60291233656 
1356, 1486.91210052272 
1357, 1169.72369600809 
1358, 919.122906849759 
1359, 717.091680219771 
1360, 564.036104457508 
1361, 446.858041341018 
1362, 357.104356780218 
1363, 301.774021778351 
1364, 271.475356036613 
1365, 247.825975679316 
1366, 247.727393203581 
1367, 246.444473173571 
1368, 249.851275924353 
1369, 269.996192827744 
1370, 304.17928939461 
1371, 343.86692669972 
1372, 404.620093475411 
1373, 454.966819695587 
1374, 517.989023843081 
1375, 556.781512685461 
1376, 588.128320543971 
1377, 605.090929264795 
1378, 605.722692243758 
1379, 591.484898544778 
1380, 573.741697458648 
1381, 555.155840073508 
1382, 533.474653539273 
1383, 526.38790576381 
1384, 540.78736338336 
1385, 574.470192803606 
1386, 624.601024121417 
1387, 691.089835656771 
1388, 751.874254898541 
1389, 824.959369215797 
1390, 880.262939473147 
1391, 937.163749141737 
1392, 971.439067991175 
1393, 984.794315966055 
1394, 1001.93612136381 
1395, 1001.37950198021 
1396, 1014.60552596312 
1397, 1030.05025571545 
1398, 1052.22845076352 
1399, 1081.36792980379 
1400, 1110.89703485861 
1401, 1146.51128693109 
1402, 1181.64621032438 
1403, 1215.59746416056 
1404, 1252.85641463218 
1405, 1292.3855247056 
1406, 1337.87084628275 
1407, 1396.24981505407 
1408, 1460.20135913502 
1409, 1537.13576183531 
1410, 1626.56323028536 
1411, 1713.36753054703 
1412, 1809.76922292966 
1413, 1896.54726240782 
1414, 1987.52130243091 
1415, 2060.04663596512 
1416, 2121.20404846859 
1417, 2179.37236894076 
1418, 2229.33347217639 
1419, 2271.05999385947 
1420, 2305.31257871188 
1421, 2338.84391541997 
1422, 2370.0070608682 
1423, 2387.35775969189 
1424, 2410.55177782303 
1425, 2405.26783555376 
1426, 2373.97885350079 
1427, 2334.92817363469 
1428, 2282.83562436752 
1429, 2212.16821631378 
1430, 2131.74115404277 
1431, 2046.20464377392 
1432, 1949.33223056982 
1433, 1856.13616315979 
1434, 1772.75709002029 
1435, 1698.48204427225 
1436, 1633.26123761381 
1437, 1574.59441125384 
1438, 1522.89325238055 
1439, 1478.33182380354 
1440, 1439.43320846532 
1441, 1412.93815683773 
1442, 1380.73615072842 
1443, 1352.26396039358 
1444, 1319.21910460392 
1445, 1280.65732867961 
1446, 1246.67108171328 
1447, 1214.29655632662 
1448, 1183.86125383289 
1449, 1155.75630711371 
1450, 1128.0780657033 
1451, 1099.37018268125 
1452, 1074.53291779904 
1453, 1056.11686683699 
1454, 1033.08505791944 
1455, 1011.11529629703 
1456, 986.512281207353 
1457, 962.560744011632 
1458, 931.53919947064 
1459, 892.94498264456 
1460, 850.230689904516 
1461, 803.066022403978 
1462, 754.354797515023 
1463, 701.993486005094 
1464, 652.340814634463 
1465, 605.187167594698 
1466, 551.013616195404 
1467, 510.014058130656 
1468, 478.53799907637 
1469, 448.34241643104 
1470, 421.528990141402 
1471, 401.242132464511 
1472, 389.134337428519 
1473, 376.450900810685 
1474, 367.959729147466 
1475, 358.938007970235 
1476, 351.059243863426 
1477, 342.583531677985 
1478, 332.912544195998 
1479, 328.956027239265 
1480, 328.669553512625 
1481, 326.591302835024 
1482, 326.845740150565 
1483, 329.042373332259 
1484, 329.671733903855 
1485, 332.127429302984 
1486, 339.799714484474 
1487, 346.801369771096 
1488, 344.281535230691 
1489, 343.595166101867 
1490, 341.944426889205 
1491, 339.330246467991 
1492, 345.713618937033 
1493, 352.193447931886 
1494, 354.372518353616 
1495, 359.289880274012 
1496, 364.232555232603 
1497, 365.64461014689 
1498, 371.953949548068 
1499, 384.336039491516 
1500, 390.69115340723 
1501, 396.931691087528 
1502, 399.850776674099 
1503, 395.884243757202 
1504, 399.268072426665 
1505, 405.467306734584 
1506, 409.320276251942 
1507, 417.350064418811 
1508, 422.043637189934 
1509, 418.544787385283 
1510, 424.168955203056 
1511, 436.318239815024 
1512, 443.13967768894 
1513, 454.568078031838 
1514, 460.154388767549 
1515, 456.591370881965 
1516, 459.936189217077 
1517, 464.519481411906 
1518, 468.724539809813 
1519, 478.831427729676 
1520, 482.609489160712 
1521, 481.034515267346 
1522, 480.956548993461 
1523, 481.843708887585 
1524, 485.556149068919 
1525, 492.179414889872 
1526, 502.096267498086 
1527, 510.843160976016 
1528, 517.407699615556 
1529, 522.252665553693 
1530, 520.586132262661 
1531, 520.410752770323 
1532, 521.205011881624 
1533, 522.68483316897 
1534, 528.965556786565 
1535, 534.663793730486 
1536, 539.990246596253 
1537, 547.814981669655 
1538, 559.379726754007 
1539, 568.507784481471 
1540, 579.104699308935 
1541, 585.025397200317 
1542, 588.334051490062 
1543, 590.867533874225 
1544, 587.019254459485 
1545, 591.521256516042 
1546, 599.192341726543 
1547, 608.224297468104 
1548, 624.166014905382 
1549, 634.637905894013 
1550, 643.969733098891 
1551, 650.843639854586 
1552, 651.947470727333 
1553, 659.374610630675 
1554, 669.446051117267 
1555, 677.987808119485 
1556, 690.902063459537 
1557, 699.452630051568 
1558, 702.395014173946 
1559, 709.374815152224 
1560, 717.08431346616 
1561, 725.197203774901 
1562, 737.959530948701 
1563, 745.427042161896 
1564, 748.866939057652 
1565, 753.350842841912 
1566, 755.152137421498 
1567, 757.25392418178 
1568, 757.001882559947 
1569, 764.801626860123 
1570, 767.133907518502 
1571, 769.231790648112 
1572, 772.62867508901 
1573, 776.970442791018 
1574, 785.253986131474 
1575, 793.427717137826 
1576, 806.133778797677 
1577, 820.684719455119 
1578, 839.5598434996 
1579, 861.883160107089 
1580, 882.480318582977 
1581, 907.351166151853 
1582, 925.565148989523 
1583, 941.140208724618 
1584, 954.477746299466 
1585, 963.308460928865 
1586, 974.577709032012 
1587, 985.619438983421 
1588, 994.599052730012 
1589, 1001.93656278162 
1590, 1012.5600314901 
1591, 1021.60964592654 
1592, 1033.6664093779 
1593, 1052.36786225459 
1594, 1064.12759242746 
1595, 1075.00154544421 
1596, 1081.33961944263 
1597, 1082.54064876943 
1598, 1084.46148045975 
1599, 1081.60760927672 
1600, 1083.47757182772 
1601, 1088.29709350456 
1602, 1091.29904559247 
1603, 1096.04070119433 
1604, 1098.09534611526 
1605, 1094.97085291299 
1606, 1098.34260080067 
1607, 1103.39460890572 
1608, 1110.19227080707 
1609, 1121.81930162561 
1610, 1131.80210068331 
1611, 1140.73903920785 
1612, 1152.3855198924 
1613, 1168.26927756596 
1614, 1179.98202874647 
1615, 1192.01209660321 
1616, 1201.32388165549 
1617, 1206.99286891998 
1618, 1211.90284612415 
1619, 1213.51902589127 
1620, 1218.57651993631 
1621, 1223.83443984973 
1622, 1229.95118858353 
1623, 1240.11406261949 
1624, 1246.8906020466 
1625, 1253.23853315568 
1626, 1256.67741623785 
1627, 1254.88427060658 
1628, 1257.38324359848 
1629, 1260.93012444728 
1630, 1263.30858999256 
1631, 1271.15256878953 
1632, 1272.25944557043 
1633, 1266.74676913481 
1634, 1262.65541578904 
1635, 1253.95273690204 
1636, 1248.90037216882 
1637, 1246.59911857873 
1638, 1243.91638966513 
1639, 1242.61306279262 
1640, 1241.26349398594 
1641, 1236.89391834623 
1642, 1237.5107119449 
1643, 1241.94443451836 
1644, 1246.31794503049 
1645, 1253.9355040264 
1646, 1262.02618421785 
1647, 1272.82648510207 
1648, 1279.79463218917 
1649, 1282.5858700051 
1650, 1289.75959994316 
1651, 1298.36859977165 
1652, 1305.15562857302 
1653, 1309.86525017817 
1654, 1315.6249945299 
1655, 1325.83430909648 
1656, 1333.42192765664 
1657, 1343.96833165487 
1658, 1364.94796230178 
1659, 1370.00053138697 
1660, 1367.68517858657 
1661, 1363.3112238043 
1662, 1350.08500404889 
1663, 1349.06665801904 
1664, 1348.41545285323 
1665, 1352.13967299548 
1666, 1365.46306231631 
1667, 1369.52956218472 
1668, 1370.50416235889 
1669, 1372.57992262438 
1670, 1371.0070923316 
1671, 1377.34198408237 
1672, 1388.94983280142 
1673, 1393.67244481548 
1674, 1400.73043917201 
1675, 1402.61282800338 
1676, 1396.49122699278 
1677, 1397.23376714224 
1678, 1399.89924067039 
1679, 1403.15703928592 
1680, 1408.16093095619 
1681, 1412.01525571715 
1682, 1415.96174398836 
1683, 1420.4204802672 
1684, 1424.1395390628 
1685, 1430.16938291015 
1686, 1438.30344065402 
1687, 1444.85347900763 
1688, 1453.22595482418 
1689, 1456.8851217221 
1690, 1456.54444849406 
1691, 1461.59854594878 
1692, 1465.82505950379 
1693, 1472.31316363662 
1694, 1485.05413226871 
1695, 1489.4610973432 
1696, 1490.49558120798 
1697, 1491.16203886853 
1698, 1487.13012795532 
1699, 1489.05022857546 
1700, 1494.03905818492 
1701, 1494.63393905032 
1702, 1495.06644960607 
1703, 1495.57364187441 
1704, 1493.33600036323 
1705, 1492.75770813762 
1706, 1495.84787738264 
1707, 1494.78946357401 
1708, 1489.47439745144 
1709, 1489.47914381591 
1710, 1489.53081203685 
1711, 1492.21212686748 
1712, 1499.0378670585 
1713, 1502.42597610081 
1714, 1505.64233093359 
1715, 1511.48836580971 
1716, 1514.8156149665 
1717, 1515.56830356256 
1718, 1515.60677158244 
1719, 1513.75202981974 
1720, 1510.73211254848 
1721, 1505.70139066725 
1722, 1499.2657156947 
1723, 1492.94731070993 
1724, 1482.34046817821 
1725, 1476.92589690617 
1726, 1475.90489412351 
1727, 1471.676229361 
1728, 1471.38259766192 
1729, 1466.63897703208 
1730, 1458.96751265902 
1731, 1456.88712182704 
1732, 1451.66567941713 
1733, 1444.86463940869 
1734, 1445.86256765738 
1735, 1441.23990073277 
1736, 1431.34530086331 
1737, 1432.63561187433 
1738, 1431.98411352342 
1739, 1432.68575486898 
1740, 1438.33037042534 
1741, 1439.98484671682 
1742, 1441.87294470205 
1743, 1441.48668343607 
1744, 1439.72358186199 
1745, 1435.47478830762 
1746, 1430.88411710675 
1747, 1427.43561355936 
1748, 1427.82105727786 
1749, 1433.80266139015 
1750, 1433.2514838372 
1751, 1432.42825050675 
1752, 1435.84540465096 
1753, 1435.02737651578 
1754, 1434.23641047021 
1755, 1433.83883129991 
1756, 1426.04832977058 
1757, 1416.74635508017 
1758, 1409.81172039471 
1759, 1403.16140711165 
1760, 1395.99054524878 
1761, 1382.49380254606 
1762, 1368.45795685572 
1763, 1352.91005903468 
1764, 1342.6067430108 
1765, 1338.21942902685 
1766, 1334.72266201757 
1767, 1335.1610959635 
1768, 1332.03513254182 
1769, 1333.28417101508 
1770, 1327.28381816719 
1771, 1316.33422211922 
1772, 1302.85420904894 
1773, 1282.70881710099 
1774, 1264.00749315342 
1775, 1241.63248614545 
1776, 1222.60168268786 
1777, 1203.86255641949 
1778, 1188.95799112853 
1779, 1177.34146365265 
1780, 1166.830700322 
1781, 1161.18615235179 
1782, 1150.36117907666 
1783, 1138.36654937566 
1784, 1125.0461052689 
1785, 1106.86490523791 
1786, 1094.03627682057 
1787, 1085.96680327848 
1788, 1072.46960847986 
1789, 1059.75034102307 
1790, 1042.96102494352 
1791, 1023.02307456961 
1792, 996.453809808794 
1793, 966.64601647242 
1794, 933.238792119733 
1795, 890.234553405772 
1796, 853.792837544778 
1797, 818.210383849204 
1798, 779.33676846703 
1799, 741.905495816238 
1800, 703.174324435947 
1801, 4115.96241573637 
1802, 3932.12952551788 
1803, 3781.66428635029 
1804, 3661.91899159767 
1805, 3553.13410189985 
1806, 3461.29472999372 
1807, 3365.54984847928 
1808, 3263.27392053502 
1809, 3178.64595328418 
1810, 3065.20640597118 
1811, 2935.56855949225 
1812, 2803.9930567412 
1813, 2665.39086097259 
1814, 2501.37357399976 
1815, 2351.40506736641 
1816, 2193.68551005761 
1817, 2059.25972502962 
1818, 1976.31160715992 
1819, 1889.0620294576 
1820, 1835.38343888418 
1821, 1763.54922073732 
1822, 1697.49349676843 
1823, 1616.00267410196 
1824, 1540.63182650017 
1825, 1458.72880633281 
1826, 1362.83125686088 
1827, 1242.57579496625 
1828, 1114.20273984729 
1829, 946.157235256474 
1830, 819.449471408855 
1831, 695.688098108952 
1832, 587.546966274593 
1833, 493.692820590943 
1834, 405.107413439581 
1835, 329.539918438288 
1836, 268.506509817778 
1837, 228.817282061899 
1838, 216.066892112084 
1839, 206.902129177699 
1840, 207.041745851032 
1841, 214.790961596811 
1842, 238.650516158324 
1843, 264.745734356789 
1844, 286.363425026386 
1845, 320.342728302366 
1846, 332.423564404508 
1847, 330.208913582301 
1848, 338.791085702057 
1849, 321.428099309205 
1850, 305.816608187279 
1851, 282.398406798323 
1852, 279.594750420506 
1853, 260.660299145462 
1854, 253.740876266924 
1855, 270.450537019274 
1856, 268.98734156364 
1857, 277.209732019709 
1858, 304.292957639593 
1859, 324.889967383141 
1860, 347.460299632266 
1861, 376.933512953334 
1862, 397.006293714347 
1863, 403.369381449203 
1864, 412.109683599963 
1865, 405.970063780285 
1866, 382.343066749597 
1867, 348.042061030294 
1868, 297.415051523518 
1869, 245.899291354993 
1870, 203.806802313327 
1871, 161.218795938659 
1872, 133.871646850093 
1873, 125.006342851524 
1874, 122.543424756572 
1875, 145.208304216392 
1876, 188.305893133185 
1877, 225.111779185996 
1878, 268.367883415317 
1879, 318.30727057193 
1880, 346.72254600212 
1881, 359.677960606974 
1882, 362.78391907808 
1883, 370.794254267452 
1884, 377.094827005818 
1885, 372.773215617808 
1886, 376.198886075648 
1887, 388.493456179719 
1888, 380.936205015917 
1889, 377.981687988372 
1890, 381.526999822792 
1891, 372.653506923111 
1892, 349.093018697842 
1893, 327.472330642223 
1894, 316.599921821139 
1895, 300.450854821249 
1896, 284.353518164161 
1897, 266.632011479353 
1898, 230.127357941023 
1899, 196.848007598653 
1900, 170.286648549322 
1901, 138.671634622811 
1902, 118.867463940906 
1903, 104.425272924612 
1904, 104.507161150113 
1905, 118.510903725956 
1906, 142.400635613397 
1907, 164.580302421787 
1908, 173.942176962019 
1909, 167.127539609638 
1910, 151.437296962418 
1911, 136.924966736211 
1912, 110.760129422536 
1913, 102.42173280443 
1914, 95.9036537424477 
1915, 97.1848328779894 
1916, 124.706240899784 
1917, 139.552386289342 
1918, 142.533635695107 
1919, 146.1520628095 
1920, 127.36830019223 
1921, 136.288120032272 
1922, 142.744573769531 
1923, 159.568297647265 
1924, 164.530019494682 
1925, 177.994858282932 
1926, 162.790081651905 
1927, 145.548640191267 
1928, 139.167672616638 
1929, 141.655823288827 
1930, 162.548728642913 
1931, 177.388666003445 
1932, 185.026393379553 
1933, 181.783014237793 
1934, 145.338637076696 
1935, 139.265148697634 
1936, 141.832487681752 
1937, 151.754149245114 
1938, 145.986912452925 
1939, 150.818148280702 
1940, 138.041575386155 
1941, 128.098297074997 
1942, 134.406039241107 
1943, 137.337902484002 
1944, 138.238711807789 
1945, 128.122296397784 
1946, 128.875589877749 
1947, 140.406673827698 
1948, 146.743445569704 
1949, 158.96251202488 
1950, 160.872953082873 
1951, 167.883558543297 
1952, 153.061178742041 
1953, 125.009525321831 
1954, 103.003299546928 
1955, 83.6435481588028 
1956, 46.2837416258538 
1957, 42.5543921527314 
1958, 69.9495446938983 
1959, 79.2372726552421 
1960, 95.2292227859079 
1961, 106.799286771705 
1962, 117.297255364153 
1963, 112.35990238972 
1964, 116.303924743368 
1965, 117.158000478347 
1966, 108.871266256596 
1967, 79.7597820544767 
1968, 79.4207609367067 
1969, 83.5503119975305 
1970, 95.249477784735 
1971, 137.359206608918 
1972, 152.565806190978 
1973, 156.837453948781 
1974, 159.031847066184 
1975, 162.867451930052 
1976, 169.852696163391 
1977, 176.396066688733 
1978, 193.738307007451 
1979, 198.122032774732 
1980, 180.73339991451 
1981, 186.05494803993 
1982, 203.283254801619 
1983, 213.729369575736 
1984, 240.965259601256 
1985, 254.051662256794 
1986, 261.507807827482 
1987, 248.730169853452 
1988, 254.364090797488 
1989, 239.377048360137 
1990, 226.698451688803 
1991, 211.883725074649 
1992, 205.843417517736 
1993, 199.772110110141 
1994, 186.44545211594 
1995, 174.981440500223 
1996, 160.813207339191 
1997, 122.590604434938 
1998, 118.206714355229 
1999, 116.715418167034 
2000, 119.583101788249 
2001, 142.536754167556 
2002, 132.969574618511 
2003, 125.193645132358 
2004, 113.814618841536 
2005, 102.252717751913 
2006, 76.9314675132795 
2007, 62.8633967224475 
2008, 51.6028462199494 
2009, 43.2100755935285 
2010, 32.1746967389876 
2011, 35.8587665614515 
2012, 37.0881465822839 
2013, 43.8285881912262 
2014, 51.2799664469579 
2015, 59.5363778720263 
2016, 70.377653291188 
2017, 85.6500902080014 
2018, 100.166064080474 
2019, 116.706892868258 
2020, 130.55189663823 
2021, 147.099022954763 
2022, 159.041857861909 
2023, 168.769237359555 
2024, 174.300760523399 
2025, 175.119282628528 
2026, 186.182094422648 
2027, 199.04565427122 
2028, 221.844443225286 
2029, 230.183331536834 
2030, 231.888164537819 
2031, 238.085414523885 
2032, 234.676857081774 
2033, 238.077575021585 
2034, 253.260415254109 
2035, 266.192760704947 
2036, 281.341175606699 
2037, 289.115143820407 
2038, 309.941488105327 
2039, 300.06101955471 
2040, 286.53034694109 
2041, 257.420945100006 
2042, 237.781362940941 
2043, 200.557468013954 
2044, 191.651132619223 
2045, 196.86884708008 
2046, 203.796141143542 
2047, 232.062530402048 
2048, 245.189553454786 
2049, 265.715320901763 
2050, 267.29777598782 
2051, 250.948539631578 
2052, 235.910198970559 
2053, 227.697710099449 
2054, 192.960113952087 
2055, 181.495039833923 
2056, 178.76022023741 
2057, 183.758875802535 
2058, 202.166787562902 
2059, 209.828136577895 
2060, 224.560491503672 
2061, 227.425868851564 
2062, 212.736957955331 
2063, 210.538511364809 
2064, 219.760635385039 
2065, 217.322808224911 
2066, 209.420255357073 
2067, 201.891232799852 
2068, 200.243730221976 
2069, 187.228612665159 
2070, 194.4568265677 
2071, 217.73248579741 
2072, 240.106180976902 
2073, 289.03072518317 
2074, 294.865095932739 
2075, 273.747291264155 
2076, 271.898288073072 
2077, 236.80218601538 
2078, 236.012824527528 
2079, 286.919468113738 
2080, 306.757066735693 
2081, 314.40557219417 
2082, 329.36638694357 
2083, 345.018670838157 
2084, 349.374101022231 
2085, 363.170478622468 
2086, 394.086272376128 
2087, 408.827990221111 
2088, 416.490953940783 
2089, 421.421566400681 
2090, 415.603574998716 
2091, 417.129905811933 
2092, 412.675336949726 
2093, 418.539917849791 
2094, 437.209730282488 
2095, 453.973311919765 
2096, 479.881208258335 
2097, 495.302776918003 
2098, 507.558968359502 
2099, 513.450389280845 
2100, 526.537592651772 
2101, 538.338458271439 
2102, 547.068254646954 
2103, 558.381467947411 
2104, 570.17614852049 
2105, 573.096940325602 
2106, 588.00781154849 
2107, 616.538523820066 
2108, 635.159551629604 
2109, 648.128875268081 
2110, 667.648940730416 
2111, 689.00680004863 
2112, 711.639886265126 
2113, 717.718824375725 
2114, 748.484306091437 
2115, 760.187615826302 
2116, 759.400181579586 
2117, 764.312864163046 
2118, 763.379184552116 
2119, 774.083304254465 
2120, 779.539244803354 
2121, 805.658914653864 
2122, 858.037587537682 
2123, 894.791671880512 
2124, 939.079245234689 
2125, 975.463704274139 
2126, 1006.74830232781 
2127, 1031.60233194663 
2128, 1050.22391424611 
2129, 1065.0032914534 
2130, 1089.82348821658 
2131, 1102.77913464855 
2132, 1143.19217482911 
2133, 1215.76539145401 
2134, 1254.01695842293 
2135, 1293.8106310904 
2136, 1319.33639469693 
2137, 1318.98857341149 
2138, 1330.37999999901 
2139, 1335.08648464608 
2140, 1353.32462512167 
2141, 1386.40247718789 
2142, 1403.17400462201 
2143, 1412.91920274935 
2144, 1434.35512569217 
2145, 1444.5032372328 
2146, 1466.24507073586 
2147, 1516.42290215698 
2148, 1562.09476658849 
2149, 1599.75901736351 
2150, 1636.34166268541 
2151, 1670.46419882788 
2152, 1696.41790919874 
2153, 1728.99903098721 
2154, 1769.36512496924 
2155, 1794.86097095476 
2156, 1813.54395001034 
2157, 1833.15804520187 
2158, 1845.6832149524 
2159, 1859.19516358825 
2160, 1873.74692240189 
2161, 1885.7371837001 
2162, 1882.41907843898 
2163, 1897.06349357277 
2164, 1916.62507907027 
2165, 1956.56821122116 
2166, 1973.63864762278 
2167, 1991.72887892063 
2168, 2011.90253799795 
2169, 2009.24535568817 
2170, 2041.32114730221 
2171, 2101.41119789035 
2172, 2147.76720020402 
2173, 2206.63332328768 
2174, 2251.47062453771 
2175, 2287.87343063813 
2176, 2325.18733614596 
2177, 2361.61957958186 
2178, 2389.3435578858 
2179, 2413.44415745776 
2180, 2432.39269571487 
2181, 2439.59052017435 
2182, 2450.79788676063 
2183, 2457.97340669827 
2184, 2466.26083143029 
2185, 2485.08753045099 
2186, 2513.55650591838 
2187, 2552.04553168938 
2188, 2612.69268084937 
2189, 2651.15312589043 
2190, 2691.66064838407 
2191, 2721.23432016463 
2192, 2737.13544144413 
2193, 2758.76583980906 
2194, 2791.3544900962 
2195, 2795.22790002006 
2196, 2782.62038663986 
2197, 2769.6620981741 
2198, 2724.46187024934 
2199, 2704.57769280387 
2200, 2687.82797686467 
2201, 2688.95845371909 
2202, 2705.00646262142 
2203, 2730.67358471129 
2204, 2778.85666826159 
2205, 2830.26809577593 
2206, 2857.91392646958 
2207, 2883.46576666681 
2208, 2922.17401286887 
2209, 2951.00583101133 
2210, 2996.28166470507 
2211, 3070.04482996419 
2212, 3118.24170700378 
2213, 3169.60268344396 
2214, 3190.36624929742 
2215, 3183.81805078028 
2216, 3191.67496418681 
2217, 3179.45652034513 
2218, 3182.14514263789 
2219, 3200.27212918778 
2220, 3214.53511169572 
2221, 3225.27655547721 
2222, 3239.76044573107 
2223, 3267.02999989051 
2224, 3283.09535985733 
2225, 3300.60379586133 
2226, 3305.75795763978 
2227, 3296.5004878481 
2228, 3284.05825370293 
2229, 3285.02796280179 
2230, 3269.1583591712 
2231, 3263.13081566214 
2232, 3267.68958963273 
2233, 3259.43014388517 
2234, 3239.69272152672 
2235, 3234.89148007962 
2236, 3232.39923071753 
2237, 3233.37345557155 
2238, 3249.83187012133 
2239, 3248.19612182386 
2240, 3237.41460949448 
2241, 3230.1061000652 
2242, 3220.82897612621 
2243, 3202.82113425354 
2244, 3183.97785409707 
2245, 3161.60521113698 
2246, 3122.69399587563 
2247, 3094.13876731693 
2248, 3074.7244185296 
2249, 3047.66192930395 
2250, 3021.66830216615 
2251, 2991.37610223338 
2252, 2952.78397800052 
2253, 2916.63396510172 
2254, 2878.33737495954 
2255, 2848.12132410894 
2256, 2825.55784646606 
2257, 2788.89220187736 
2258, 2758.18279459398 
2259, 2726.18563987694 
2260, 2697.49291350195 
2261, 2672.39361720745 
2262, 2642.30746278493 
2263, 2613.37241384406 
2264, 2581.35808221627 
2265, 2535.15488082237 
2266, 2515.153268922 
2267, 2515.65242037922 
2268, 2495.14725610072 
2269, 2484.18963079654 
2270, 2456.24326479584 
2271, 2397.85194720108 
2272, 2361.42906638499 
2273, 2333.82428204247 
2274, 2303.67372355729 
2275, 2273.08535879298 
2276, 2249.58298447836 
2277, 2246.15780472142 
2278, 2215.65908531166 
2279, 2175.79798673521 
2280, 2136.35203155515 
2281, 2080.78873620816 
2282, 2010.85648294997 
2283, 1973.6534002288 
2284, 1940.01604492319 
2285, 1899.31265948459 
2286, 1875.02119079444 
2287, 1840.93222600277 
2288, 1796.77164285994 
2289, 1748.50798018676 
2290, 1687.55781119043 
2291, 1643.00599633193 
2292, 1597.77285172326 
2293, 1560.58457759269 
2294, 1540.16878401804 
2295, 1505.33794558386 
2296, 1464.27030914552 
2297, 1429.00456486174 
2298, 1390.59764284777 
2299, 1358.74688057196 
2300, 1330.50069212999 
2301, 1304.70420273681 
2302, 1273.12193912538 
2303, 1265.06896321574 
2304, 1279.91164734494 
2305, 1281.61078841834 
2306, 1299.91572747694 
2307, 1298.03615799602 
2308, 1279.42622629705 
2309, 1258.00503755421 
2310, 1231.47979062604 
2311, 1200.31531097381 
2312, 1161.10714513074 
2313, 1119.75923270762 
2314, 1081.42728624829 
2315, 1023.31090389141 
2316, 956.733675618278 
2317, 899.747859071042 
2318, 850.481475657319 
2319, 824.695458846846 
2320, 818.241508448985 
2321, 808.606758612529 
2322, 808.437455791044 
2323, 809.163968774646 
2324, 816.924310421081 
2325, 830.682982080527 
2326, 830.568482641205 
2327, 825.020588445203 
2328, 818.836388850119 
2329, 804.513980150559 
2330, 794.676313275556 
2331, 792.557770481146 
2332, 772.587531425781 
2333, 739.839820218441 
2334, 715.264996624735 
2335, 684.176246290835 
2336, 657.100355532103 
2337, 632.236031785366 
2338, 616.574601059825 
2339, 606.487006949164 
2340, 591.702676143201 
2341, 588.206384846923 
2342, 570.034598475127 
2343, 533.98029079498 
2344, 512.11367405315 
2345, 491.915103178194 
2346, 473.508818863771 
2347, 454.975175364938 
2348, 447.917342672871 
2349, 450.653664331786 
2350, 451.780005716815 
2351, 478.372417646026 
2352, 468.180019693591 
2353, 422.526477930922 
2354, 404.542378102263 
2355, 368.771904571919 
2356, 363.287899295156 
2357, 405.869800149411 
2358, 414.006073025861 
2359, 417.608381886537 
2360, 418.731894985181 
2361, 396.788853704667 
2362, 387.136106117711 
2363, 393.961782734049 
2364, 382.940777897196 
2365, 352.440652773695 
2366, 354.071692301145 
2367, 339.727532297989 
2368, 324.585330600222 
2369, 330.289942379797 
2370, 306.176304603789 
2371, 275.90050845752 
2372, 258.883664323191 
2373, 241.193475043465 
2374, 248.497516371822 
2375, 288.990214206899 
2376, 307.174702430348 
2377, 290.505454531163 
2378, 264.478581405184 
2379, 230.264711135162 
2380, 196.561224499253 
2381, 196.156129013773 
2382, 214.72890044782 
2383, 200.966997574103 
2384, 198.564435245122 
2385, 205.624385399598 
2386, 199.269388787046 
2387, 214.697259725813 
2388, 235.59422714693 
2389, 242.608232978503 
2390, 241.048870681096 
2391, 249.730929231281 
2392, 244.849869255501 
2393, 232.779447061426 
2394, 232.044414138127 
2395, 207.233181754912 
2396, 184.655269163413 
2397, 173.795643485411 
2398, 174.844357450917 
2399, 207.621655129682 
2400, 228.572939940716 
2401, 233.24206982555 
2402, 229.786895698964 
2403, 205.330397150213 
2404, 181.755227899188 
2405, 172.724440250177 
2406, 177.026778146654 
2407, 179.941260968744 
2408, 195.580145529774 
2409, 196.274063227531 
2410, 186.904250620421 
2411, 184.292794479209 
2412, 172.455263505527 
2413, 172.026174870396 
2414, 189.915986270807 
2415, 194.921242441037 
2416, 201.982873970371 
2417, 192.833898271867 
2418, 164.208417242996 
2419, 151.397292437765 
2420, 132.097166278541 
2421, 131.275818870354 
2422, 153.488891992508 
2423, 161.003745925386 
2424, 168.200002544059 
2425, 167.507742825549 
2426, 158.309285805149 
2427, 157.668897828496 
2428, 157.73112711364 
2429, 152.785980185792 
2430, 149.919511079485 
2431, 145.275601925436 
2432, 133.651666565646 
2433, 128.255313081713 
2434, 130.059767515395 
2435, 123.569075169855 
2436, 114.395145679097 
2437, 102.669041543489 
2438, 84.6160007887326 
2439, 79.1069925501412 
2440, 74.8523388943296 
2441, 74.2649703982878 
2442, 83.8795518414206 
2443, 84.5329441765311 
2444, 79.5494032436547 
2445, 64.3556114894077 
2446, 72.1922374856445 
2447, 75.2506635617187 
2448, 67.5446320279937 
2449, 69.0317904691554 
2450, 63.5911654014375 
2451, 56.2458287899306 
2452, 57.6668111870263 
2453, 71.638075917743 
2454, 94.5847021070607 
2455, 111.348508427638 
2456, 149.053451548823 
2457, 169.539480412805 
2458, 168.803295533209 
2459, 174.063844024549 
2460, 140.30032098281 
2461, 92.4878779015803 
2462, 70.6385947327959 
2463, 52.2566721671198 
2464, 55.3246000145896 
2465, 85.6766519590632 
2466, 95.6723971706569 
2467, 89.9633839471361 
2468, 84.8135372125751 
2469, 90.6022271783278 
2470, 90.7331984412909 
2471, 93.1986327400444 
2472, 100.318460946753 
2473, 75.6486868212826 
2474, 58.8918236062033 
2475, 41.8357761257125 
2476, 19.2883341169738 
2477, 16.0840022330297 
2478, 6.56530101462024 
2479, 12.647767103546 
2480, 34.6001636230129 
2481, 60.3362276092676 
2482, 89.4390840497582 
2483, 111.258092473249 
2484, 119.939932878699 
2485, 111.307940687542 
2486, 119.599956023035 
2487, 131.9777826822 
2488, 123.707915317355 
2489, 113.196842655724 
2490, 96.180481567543 
2491, 75.1098616515216 
2492, 59.7960104670826 
2493, 55.1020956833486 
2494, 59.5861234644201 
2495, 51.0231433775875 
2496, 57.4770015932719 
2497, 69.5184674092539 
2498, 72.2282379860636 
2499, 92.3655685700219 
2500, 90.6499467276628 
