Wavelength,0212202100153.asd
350, 2140.60514606808 
351, 2250.61291449014 
352, 2351.52774251461 
353, 2437.763687981 
354, 2521.16161850836 
355, 2607.96312121556 
356, 2700.38061691931 
357, 2794.27375819808 
358, 2889.14372252003 
359, 2989.11678317573 
360, 3101.82674552588 
361, 3238.75168347348 
362, 3395.04773946683 
363, 3563.57950602423 
364, 3736.69000940786 
365, 3913.6447576521 
366, 4083.31403880175 
367, 4231.95625613932 
368, 4345.27543406569 
369, 4410.46979358195 
370, 4432.19428485532 
371, 4424.64413534869 
372, 4403.95971183206 
373, 4395.33792973292 
374, 4402.44715110444 
375, 4413.15961593059 
376, 4422.26372436932 
377, 4427.23410643935 
378, 4418.64633003032 
379, 4377.85013813372 
380, 4324.4019583746 
381, 4263.3465867815 
382, 4195.07246314724 
383, 4116.10685929398 
384, 4033.92997558082 
385, 3974.88614986859 
386, 3973.24753015941 
387, 4053.77819147922 
388, 4171.16419638837 
389, 4273.70218398455 
390, 4316.03395233888 
391, 4365.6935842761 
392, 4414.97702341838 
393, 4452.15715648105 
394, 4482.85066509547 
395, 4573.57058976319 
396, 4755.33028855677 
397, 5040.15023300888 
398, 5438.80132864764 
399, 5889.70677521949 
400, 6351.53997469245 
401, 6805.13235192124 
402, 7235.98107902369 
403, 7589.56035247595 
404, 7843.21102413973 
405, 8039.86145660569 
406, 8196.79964513255 
407, 8337.23050318686 
408, 8489.35912151744 
409, 8697.43525799088 
410, 8946.92695913531 
411, 9222.59882075491 
412, 9509.89138939501 
413, 9795.49856398897 
414, 10078.4506152227 
415, 10351.1313365071 
416, 10589.89945417 
417, 10815.7811951327 
418, 11047.3230067099 
419, 11289.7134414786 
420, 11498.7722117843 
421, 11709.9830427893 
422, 11941.7496161723 
423, 12192.8066930455 
424, 12422.2495271393 
425, 12602.323186243 
426, 12708.769239089 
427, 12716.1866192067 
428, 12667.5759552018 
429, 12675.3684415624 
430, 12830.4500002323 
431, 13058.3735877168 
432, 13357.6483304243 
433, 13798.7127584598 
434, 14473.6499297035 
435, 15185.6394377647 
436, 15729.230984802 
437, 16064.3620285874 
438, 16419.5746497386 
439, 16783.498546383 
440, 17126.204377068 
441, 17436.6417892958 
442, 17837.7266642076 
443, 18261.242190883 
444, 18650.8455012397 
445, 18968.7251312857 
446, 19223.1615273241 
447, 19450.1555222791 
448, 19690.6120574946 
449, 19992.7077893874 
450, 20247.0237841359 
451, 20382.2364184711 
452, 20372.8850461148 
453, 20318.614131689 
454, 20203.6123970862 
455, 20058.3876897932 
456, 19955.5590285942 
457, 19928.8246728498 
458, 19932.2402198714 
459, 19916.0813543877 
460, 19856.3273046869 
461, 19773.9269823135 
462, 19687.5151818968 
463, 19603.3993071415 
464, 19471.8692297578 
465, 19270.3239916309 
466, 19022.4077448717 
467, 18795.4272020728 
468, 18602.2036295471 
469, 18456.3046793904 
470, 18364.6180212923 
471, 18329.1263526661 
472, 18307.1655444708 
473, 18300.6003471038 
474, 18323.2192815805 
475, 18313.0937915112 
476, 18291.2668630322 
477, 18278.7122703356 
478, 18286.2093431085 
479, 18343.1882404127 
480, 18424.4752569711 
481, 18483.7882700978 
482, 18471.5876975579 
483, 18335.1316255508 
484, 18045.149623597 
485, 17612.6886093821 
486, 17193.2527875655 
487, 16896.301726403 
488, 16808.860105514 
489, 17004.6622101156 
490, 17315.4045951166 
491, 17571.0115683223 
492, 17661.8644705447 
493, 17694.441925793 
494, 17743.1313806333 
495, 17841.7849271635 
496, 17978.0634713509 
497, 18018.4647660436 
498, 17966.3715045702 
499, 17852.6837972417 
500, 17700.472305576 
501, 17582.3239884291 
502, 17531.8750135185 
503, 17566.0611275996 
504, 17723.4470130695 
505, 17948.4089533037 
506, 18180.6685966902 
507, 18365.0337934919 
508, 18504.1574558395 
509, 18613.5450168368 
510, 18717.2561358351 
511, 18856.4640992564 
512, 18952.5413943898 
513, 18970.5655614294 
514, 18903.222958814 
515, 18746.9252603057 
516, 18537.2595284454 
517, 18332.6724925318 
518, 18210.2379458014 
519, 18364.1669781786 
520, 18807.8964083551 
521, 19430.6226304407 
522, 19950.0471756606 
523, 20338.1324573356 
524, 20609.3742464029 
525, 20807.0635614748 
526, 20894.7741326617 
527, 20929.0381615234 
528, 21033.0521207889 
529, 21451.8053554864 
530, 22000.1520117727 
531, 22462.0163614901 
532, 22660.4622191281 
533, 22725.2350041329 
534, 22826.7380914643 
535, 23055.2695501646 
536, 23401.5528510384 
537, 23651.0587838376 
538, 23766.9032132924 
539, 23781.9312233636 
540, 23771.8833516985 
541, 23789.8624024499 
542, 23909.1170102262 
543, 24186.7549615226 
544, 24502.544166429 
545, 24779.7915959887 
546, 24975.7096168277 
547, 25087.2255657442 
548, 25161.5384418734 
549, 25247.5921411697 
550, 25375.713240665 
551, 25511.1488648601 
552, 25615.4600272057 
553, 25690.2877520016 
554, 25768.6029087036 
555, 25829.6391416179 
556, 25806.6939383275 
557, 25662.675933949 
558, 25424.5411694457 
559, 25220.1289574706 
560, 25126.1507352834 
561, 25170.3556183191 
562, 25281.8726787349 
563, 25346.7691893662 
564, 25307.6553448985 
565, 25179.0997996875 
566, 25000.2442730218 
567, 24820.0286734347 
568, 24666.4108483838 
569, 24505.3977188276 
570, 24298.9376452763 
571, 24105.1557716979 
572, 24032.6379843686 
573, 24051.2041378895 
574, 24040.1190662171 
575, 23925.0041891116 
576, 23723.2300268535 
577, 23538.1250145386 
578, 23439.8982985 
579, 23468.3419802341 
580, 23600.2671592896 
581, 23824.1923847502 
582, 24091.7661545713 
583, 24321.5797211911 
584, 24469.9116808173 
585, 24471.8034563195 
586, 24317.82478667 
587, 24125.4604190193 
588, 23881.2260048094 
589, 23548.1682400041 
590, 23132.4058345522 
591, 22984.2558286548 
592, 23093.4068789724 
593, 23295.7406420446 
594, 23285.1408045268 
595, 23166.168379568 
596, 23000.7988592443 
597, 22831.6246495457 
598, 22648.9484663765 
599, 22421.6982720861 
600, 22170.4710708982 
601, 21951.4132666537 
602, 21781.3505519475 
603, 21689.9088266638 
604, 21677.0515776851 
605, 21699.5085642795 
606, 21652.0610828838 
607, 21530.994633067 
608, 21377.2931191493 
609, 21225.7770379896 
610, 21082.2766046357 
611, 20953.2553424819 
612, 20845.1536846578 
613, 20729.5656677913 
614, 20594.1196823585 
615, 20446.3372436545 
616, 20326.7597439313 
617, 20256.5211831535 
618, 20261.5430786858 
619, 20349.9402097935 
620, 20440.304286457 
621, 20449.5253196204 
622, 20349.134353147 
623, 20177.5610672797 
624, 19984.315231774 
625, 19799.9349001895 
626, 19638.8906939311 
627, 19493.0112841825 
628, 19345.4803625591 
629, 19206.1423097591 
630, 19108.0116530684 
631, 19120.4081084478 
632, 19195.2617295498 
633, 19286.8341461053 
634, 19382.5555886395 
635, 19458.5327586344 
636, 19513.0746909742 
637, 19550.8148093512 
638, 19567.232937578 
639, 19540.4262887124 
640, 19455.7151037452 
641, 19312.74618084 
642, 19199.0627229359 
643, 19132.4601595836 
644, 19092.5061358354 
645, 19012.8512928503 
646, 18885.9809245745 
647, 18726.1286543827 
648, 18563.1163847844 
649, 18430.2374144285 
650, 18332.7291779023 
651, 18286.9583070968 
652, 18315.1532345473 
653, 18276.4276779966 
654, 18074.6172099129 
655, 17693.8933072369 
656, 17248.4660829089 
657, 16929.7440377383 
658, 16938.9071289145 
659, 17376.4721932521 
660, 17818.0546327758 
661, 18070.4748245609 
662, 18122.5613431458 
663, 18150.6495877276 
664, 18134.1399296015 
665, 18105.2545868722 
666, 18092.8868244526 
667, 18097.1342010287 
668, 18090.1660529827 
669, 18071.9088799138 
670, 18055.0442686524 
671, 18017.7075527546 
672, 17972.5713801099 
673, 17941.7781393233 
674, 17954.5381408937 
675, 17978.3494531506 
676, 17995.0406324969 
677, 17998.125304901 
678, 18005.4099702754 
679, 18008.875915134 
680, 18005.8224230823 
681, 17996.4362491554 
682, 17983.4861858526 
683, 17940.6451254687 
684, 17787.5708342647 
685, 17376.4805477083 
686, 16640.9244951481 
687, 15650.0398900256 
688, 14649.6006756345 
689, 14236.7536841686 
690, 14539.3592000316 
691, 15281.9575934765 
692, 15950.2063474837 
693, 16528.9940277059 
694, 16941.9577995145 
695, 17188.8952740187 
696, 17371.7239625212 
697, 17532.3914418352 
698, 17640.8176858755 
699, 17660.6948292384 
700, 17614.9364539068 
701, 17570.142899681 
702, 17572.820527491 
703, 17649.3767788512 
704, 17801.4254182613 
705, 17977.5854287216 
706, 18127.5275499081 
707, 18213.2291100545 
708, 18287.0110815215 
709, 18354.1307825347 
710, 18410.2400666942 
711, 18464.6863029816 
712, 18503.2740974978 
713, 18515.9604158873 
714, 18488.7758355579 
715, 18378.7375058778 
716, 18105.6827633288 
717, 17635.3927014356 
718, 16997.9246775944 
719, 16474.2078713671 
720, 16286.3675085802 
721, 16515.0170440502 
722, 16986.4307940655 
723, 17308.415501418 
724, 17348.1039440924 
725, 17180.9287092139 
726, 17137.6238282085 
727, 17189.6601339734 
728, 17273.1169445869 
729, 17328.5345540673 
730, 17456.1029573959 
731, 17681.8434340118 
732, 17992.7775186407 
733, 18338.1175834127 
734, 18639.989742337 
735, 18835.6835700105 
736, 18896.7726056814 
737, 18889.0048521677 
738, 18871.2985636926 
739, 18857.0643295771 
740, 18824.0424742946 
741, 18821.0431994202 
742, 18853.253628723 
743, 18914.9303632244 
744, 18997.8781416282 
745, 19053.1411741218 
746, 19076.3001115872 
747, 19076.4801208304 
748, 19052.5894384098 
749, 18990.4770788263 
750, 18904.2251899811 
751, 18826.9075502526 
752, 18787.0874321149 
753, 18773.4426009937 
754, 18767.4778828075 
755, 18747.0633781144 
756, 18652.2665584055 
757, 18256.7855675135 
758, 17196.257094624 
759, 14844.0134659961 
760, 11384.3240281786 
761, 7993.87984696415 
762, 6093.10775891313 
763, 6073.6396460537 
764, 7062.16777724888 
765, 8616.30602561099 
766, 10685.5233724551 
767, 12945.6523229589 
768, 14907.3995355454 
769, 16270.3003678625 
770, 17033.4087769591 
771, 17409.9684331194 
772, 17556.0947037245 
773, 17590.4268656854 
774, 17578.7431241725 
775, 17530.6925564232 
776, 17469.0631350299 
777, 17411.3810463357 
778, 17333.9305870458 
779, 17243.3321421974 
780, 17153.0392040926 
781, 17077.4837665949 
782, 16995.8180149668 
783, 16900.0498536919 
784, 16791.5525141156 
785, 16682.3597386311 
786, 16570.8050257674 
787, 16442.1473470449 
788, 16283.6563954174 
789, 16095.8758082131 
790, 15900.6715788791 
791, 15706.9248682132 
792, 15518.4475789897 
793, 15343.0760915166 
794, 15199.5583150217 
795, 15100.6138746943 
796, 15047.8266524872 
797, 15005.4975683019 
798, 14942.5517150585 
799, 14841.3071476237 
800, 14701.2730625995 
801, 14545.6274815066 
802, 14401.3732142004 
803, 14281.1756744283 
804, 14166.0340218816 
805, 14069.6378376137 
806, 13981.834577553 
807, 13882.0990306847 
808, 13746.6163503536 
809, 13579.870285103 
810, 13391.4184763487 
811, 13186.8603833816 
812, 12938.0088515384 
813, 12610.9000430076 
814, 12203.0726891821 
815, 11748.9477017873 
816, 11332.7784944784 
817, 11014.230582838 
818, 10828.5961606964 
819, 10783.3100681183 
820, 10785.6758490257 
821, 10760.6971362678 
822, 10677.6481414334 
823, 10582.3272821419 
824, 10520.8621547061 
825, 10538.1986629447 
826, 10624.6620703873 
827, 10611.5649122965 
828, 10496.2755103393 
829, 10337.2057165239 
830, 10216.435232162 
831, 10142.9702811543 
832, 10092.8733099795 
833, 10054.0714728842 
834, 10027.8093927139 
835, 10019.9283257015 
836, 10020.6586358713 
837, 10011.1662611731 
838, 9967.22832627354 
839, 9898.90752677229 
840, 9813.87765893827 
841, 9718.5083281152 
842, 9616.53681869188 
843, 9509.94006021931 
844, 9404.72074789674 
845, 9303.60983449001 
846, 9202.01124822521 
847, 9078.72110820906 
848, 8929.08697498459 
849, 8759.50972550336 
850, 8590.02230995164 
851, 8392.83438238901 
852, 8188.36394007886 
853, 8016.30535588609 
854, 7887.58981984367 
855, 7783.57846632886 
856, 7733.00989624333 
857, 7777.41684148077 
858, 7850.60711088311 
859, 7863.69132411923 
860, 7801.00373436727 
861, 7712.12054539804 
862, 7606.99466706398 
863, 7471.68625225066 
864, 7307.8855466278 
865, 7138.82104821338 
866, 6977.87346448702 
867, 6841.20637097982 
868, 6750.26639079329 
869, 6730.79122111687 
870, 6739.368554048 
871, 6726.80834558118 
872, 6668.11365257933 
873, 6581.61634288404 
874, 6490.68812919074 
875, 6401.27332098384 
876, 6312.9028778655 
877, 6224.03652128798 
878, 6137.63828921905 
879, 6053.56374824283 
880, 5970.39320033113 
881, 5886.21798495846 
882, 5801.1748774631 
883, 5720.00422717141 
884, 5645.74693139225 
885, 5571.45766713368 
886, 5491.83509120827 
887, 5408.04889308994 
888, 5324.49822312938 
889, 5245.38863435554 
890, 5166.04857526564 
891, 5076.14645296599 
892, 4965.00147361263 
893, 4831.79227956917 
894, 4677.35030702843 
895, 4507.31597464442 
896, 4329.81484513039 
897, 4148.78877537749 
898, 3979.08036249883 
899, 3839.66347528926 
900, 3746.40971865876 
901, 3693.93547852602 
902, 3673.72953367111 
903, 3668.84618619842 
904, 3659.3484631214 
905, 3638.67739863365 
906, 3598.70345575629 
907, 3530.56698030001 
908, 3431.58920884425 
909, 3328.89847497306 
910, 3242.83528337316 
911, 3180.43202672915 
912, 3136.76048098958 
913, 3101.70126239491 
914, 3066.87506892553 
915, 3032.13718194641 
916, 3003.30427647016 
917, 2982.75540991905 
918, 2969.79671250551 
919, 2960.01955157076 
920, 2947.59502440292 
921, 2934.29419041633 
922, 2910.59081966525 
923, 2871.71157357059 
924, 2816.75021151672 
925, 2740.84057851589 
926, 2648.96767635458 
927, 2539.65984992569 
928, 2407.55143878636 
929, 2253.88811849442 
930, 2080.00902081477 
931, 1895.98463794741 
932, 1718.12230494728 
933, 1562.07270175026 
934, 1439.22874212496 
935, 1356.32865240241 
936, 1314.06672624742 
937, 1304.57278544523 
938, 1315.65769368851 
939, 1334.90033365368 
940, 1352.53165097619 
941, 1367.23933965708 
942, 1372.61915115778 
943, 1362.08432919979 
944, 1333.18106453389 
945, 1293.17768238585 
946, 1260.96718744533 
947, 1242.59969331813 
948, 1235.86259362696 
949, 1234.76121234268 
950, 1232.47689397334 
951, 1227.94946904837 
952, 1222.47530156398 
953, 1216.8768051213 
954, 1210.95900513385 
955, 1204.96829424204 
956, 1199.78966546853 
957, 1197.1387734712 
958, 1195.51832769236 
959, 1194.72768847588 
960, 1195.01604573802 
961, 1196.79706055949 
962, 1199.92072856449 
963, 1203.42938933107 
964, 1207.65576554418 
965, 1213.88080823036 
966, 1215.82983752465 
967, 1214.79653167017 
968, 1211.42971145844 
969, 1204.99878515632 
970, 1196.88701361115 
971, 1184.64877261254 
972, 1168.06470301869 
973, 1148.05904490235 
974, 1121.51018459578 
975, 1094.66351512424 
976, 1069.95562159743 
977, 1047.44319956402 
978, 1027.44022193046 
979, 1011.05233627578 
980, 997.809066106886 
981, 985.832893701331 
982, 971.858671349089 
983, 956.901372043796 
984, 942.492871375175 
985, 928.547693353374 
986, 912.315929465708 
987, 892.305597287835 
988, 873.630774162988 
989, 856.072652960972 
990, 833.791910325734 
991, 812.997061866552 
992, 793.377445038339 
993, 774.275394879782 
994, 755.26292726652 
995, 735.863546754029 
996, 716.933875678973 
997, 696.990633980361 
998, 675.35225633119 
999, 656.842021163097 
1000, 638.047401446525 
1001, 3984.3824016813 
1002, 3957.1232173004 
1003, 3940.59983125651 
1004, 3931.30084072526 
1005, 3919.91731630771 
1006, 3908.93579725698 
1007, 3903.61090786043 
1008, 3900.07569364703 
1009, 3902.63892268283 
1010, 3917.6988682895 
1011, 3925.28237745761 
1012, 3931.51410506294 
1013, 3941.51458269853 
1014, 3951.19816192871 
1015, 3961.25617065501 
1016, 3967.06943135801 
1017, 3976.3254451066 
1018, 3985.88206917659 
1019, 3992.61548007939 
1020, 4014.74093008564 
1021, 4040.57045442252 
1022, 4061.11006125285 
1023, 4080.14771457319 
1024, 4102.93960031582 
1025, 4122.83407055145 
1026, 4140.42270934098 
1027, 4159.20290078075 
1028, 4184.39160636751 
1029, 4218.20621536976 
1030, 4243.76686509746 
1031, 4263.97440936724 
1032, 4281.76983969121 
1033, 4288.30548277005 
1034, 4298.98971303696 
1035, 4317.08781061609 
1036, 4344.37828438965 
1037, 4369.58921314546 
1038, 4390.79050335577 
1039, 4408.02015826345 
1040, 4419.97838007921 
1041, 4436.96920658446 
1042, 4454.53610728056 
1043, 4468.96786811325 
1044, 4489.1551387732 
1045, 4504.42355426716 
1046, 4516.24406385862 
1047, 4536.23711677667 
1048, 4564.1542548375 
1049, 4585.70313687962 
1050, 4604.94716788338 
1051, 4632.72486606078 
1052, 4654.88104463574 
1053, 4677.25193793489 
1054, 4705.15454882755 
1055, 4731.75992678697 
1056, 4756.12194192135 
1057, 4780.705284497 
1058, 4810.83111497589 
1059, 4846.63106705245 
1060, 4884.02499120578 
1061, 4927.83420946349 
1062, 4971.1673081066 
1063, 5014.59371520847 
1064, 5059.94126846399 
1065, 5111.23318265257 
1066, 5166.79336384571 
1067, 5228.96413294485 
1068, 5291.42025998782 
1069, 5357.83192346794 
1070, 5431.51437285432 
1071, 5511.40495688921 
1072, 5591.10171015823 
1073, 5670.24224784607 
1074, 5756.72436349798 
1075, 5831.35212078313 
1076, 5900.23612018677 
1077, 5968.3133158724 
1078, 6026.11563492713 
1079, 6080.36921052434 
1080, 6132.38438843556 
1081, 6176.62720017084 
1082, 6215.75887504348 
1083, 6251.65777767548 
1084, 6285.4329769469 
1085, 6317.88017277898 
1086, 6348.56786494163 
1087, 6384.16152115179 
1088, 6407.07913030852 
1089, 6426.77814860524 
1090, 6436.06975684947 
1091, 6436.3610837268 
1092, 6428.47859634015 
1093, 6415.40199685581 
1094, 6392.01310243881 
1095, 6367.21509795652 
1096, 6341.44903636718 
1097, 6311.22708616144 
1098, 6282.88841023518 
1099, 6253.57533817259 
1100, 6221.27432508612 
1101, 6191.72066795058 
1102, 6168.89169535078 
1103, 6135.14982566776 
1104, 6102.66522358667 
1105, 6058.87382872979 
1106, 6008.29876938777 
1107, 5943.70881481546 
1108, 5852.93616837956 
1109, 5743.01017222934 
1110, 5593.73855377008 
1111, 5408.6960915898 
1112, 5197.54511247335 
1113, 4942.57797131755 
1114, 4691.77006166505 
1115, 4401.39442713363 
1116, 4140.4051435167 
1117, 3863.52219777658 
1118, 3625.08995957294 
1119, 3401.89528550522 
1120, 3200.97112155644 
1121, 3036.3139776326 
1122, 2905.85520022073 
1123, 2818.49432491761 
1124, 2754.54033762956 
1125, 2719.99775430272 
1126, 2728.31583896386 
1127, 2737.06919892029 
1128, 2767.43299496086 
1129, 2811.02506442142 
1130, 2880.49415515258 
1131, 2941.434295782 
1132, 3011.7802289084 
1133, 3086.42027104588 
1134, 3156.90135416385 
1135, 3232.73396580162 
1136, 3346.8732597201 
1137, 3463.77766333777 
1138, 3581.93363067077 
1139, 3690.83993458944 
1140, 3758.05185295226 
1141, 3803.91999287184 
1142, 3816.74392558622 
1143, 3780.15274117384 
1144, 3756.71110435734 
1145, 3677.55182273681 
1146, 3662.18464651994 
1147, 3652.56679463074 
1148, 3686.73548667791 
1149, 3768.85994856984 
1150, 3865.49344384649 
1151, 3990.08878851128 
1152, 4136.06000099258 
1153, 4285.77421934636 
1154, 4458.2537457454 
1155, 4621.74516428503 
1156, 4797.51510870369 
1157, 4957.19267330112 
1158, 5118.07024507091 
1159, 5262.88974609899 
1160, 5400.31279584318 
1161, 5524.24261764662 
1162, 5641.12605358264 
1163, 5739.03692012917 
1164, 5823.64977444619 
1165, 5890.24426529714 
1166, 5941.54525838153 
1167, 5977.09744407806 
1168, 6002.54638619266 
1169, 6015.54523987216 
1170, 6016.59606784462 
1171, 6003.65597604578 
1172, 5982.24843499926 
1173, 5947.50020806231 
1174, 5906.26714317345 
1175, 5849.6993025671 
1176, 5796.96079118894 
1177, 5736.48614461671 
1178, 5677.79803180431 
1179, 5618.7920301246 
1180, 5560.15574981211 
1181, 5497.11601023961 
1182, 5438.68665657295 
1183, 5385.3333027629 
1184, 5332.11863347012 
1185, 5290.39077787791 
1186, 5254.31229793295 
1187, 5227.20083012533 
1188, 5211.94980917541 
1189, 5196.60678680274 
1190, 5197.25559785358 
1191, 5181.74531270858 
1192, 5165.31487761909 
1193, 5140.67946784957 
1194, 5108.7130177219 
1195, 5068.48143033427 
1196, 5021.19457407899 
1197, 4968.165473261 
1198, 4909.00578354257 
1199, 4833.68040644939 
1200, 4775.14667073778 
1201, 4713.49465810626 
1202, 4666.33265507974 
1203, 4630.03680839963 
1204, 4596.36613267555 
1205, 4569.24567204919 
1206, 4547.5001162432 
1207, 4535.10740755383 
1208, 4520.30285186796 
1209, 4509.14684526624 
1210, 4500.01292177851 
1211, 4493.3265934049 
1212, 4484.76622239469 
1213, 4476.75029005031 
1214, 4472.27606549874 
1215, 4464.64361166393 
1216, 4453.80858463567 
1217, 4444.71704477872 
1218, 4441.88283731334 
1219, 4426.28642910089 
1220, 4401.05358482668 
1221, 4382.27888823865 
1222, 4357.56154514229 
1223, 4337.53560380428 
1224, 4322.50140917108 
1225, 4308.4199626093 
1226, 4293.23942501177 
1227, 4281.1885590922 
1228, 4276.65075018376 
1229, 4268.25330658603 
1230, 4258.96999882132 
1231, 4249.80705478789 
1232, 4238.19529068015 
1233, 4224.34326458617 
1234, 4210.21664533939 
1235, 4196.04217432563 
1236, 4178.59119957664 
1237, 4160.04585648508 
1238, 4138.33948178795 
1239, 4110.85571944118 
1240, 4086.82714137942 
1241, 4061.89743813577 
1242, 4037.68235679083 
1243, 4014.81419100252 
1244, 3992.31052196981 
1245, 3972.533979809 
1246, 3948.49392685647 
1247, 3923.07598975278 
1248, 3898.21467399449 
1249, 3869.8598912434 
1250, 3838.61950009765 
1251, 3804.40489451008 
1252, 3768.60650827995 
1253, 3729.12174345413 
1254, 3685.96122932373 
1255, 3639.4452704097 
1256, 3594.09820951774 
1257, 3538.73533155542 
1258, 3474.99347188567 
1259, 3409.33708850789 
1260, 3330.26187897006 
1261, 3259.59567865767 
1262, 3187.78584502443 
1263, 3120.81609366231 
1264, 3061.52465850314 
1265, 3002.03641172308 
1266, 2967.11847375133 
1267, 2939.2070219371 
1268, 2935.93051671523 
1269, 2954.77528694721 
1270, 2986.48647284968 
1271, 3040.96701600284 
1272, 3097.59975669969 
1273, 3176.75906256887 
1274, 3244.24892791539 
1275, 3320.2590418326 
1276, 3382.03148661672 
1277, 3437.41141122766 
1278, 3486.94136217692 
1279, 3524.47160283991 
1280, 3562.34472314286 
1281, 3601.77364963199 
1282, 3636.16620633265 
1283, 3669.06874619236 
1284, 3701.90925175113 
1285, 3730.57662255752 
1286, 3753.34201812349 
1287, 3778.48190014625 
1288, 3804.30293897772 
1289, 3826.12027337185 
1290, 3850.17410669771 
1291, 3864.47546044456 
1292, 3872.6681146339 
1293, 3877.97578136453 
1294, 3874.70555240702 
1295, 3871.79886148379 
1296, 3867.25804603052 
1297, 3860.30984787083 
1298, 3849.20841064308 
1299, 3839.58149150928 
1300, 3830.47262120786 
1301, 3818.25068493127 
1302, 3802.0554873095 
1303, 3783.53152055355 
1304, 3764.6852670874 
1305, 3741.38069506237 
1306, 3718.66987641327 
1307, 3695.39331288333 
1308, 3673.77233251033 
1309, 3648.47928507465 
1310, 3629.20188261243 
1311, 3617.91606557185 
1312, 3600.18800041801 
1313, 3582.63324892454 
1314, 3563.7988176303 
1315, 3539.02858485646 
1316, 3518.01152637999 
1317, 3500.06910848756 
1318, 3479.17563403268 
1319, 3461.49995801572 
1320, 3445.57535738824 
1321, 3426.42324062228 
1322, 3402.00145192156 
1323, 3371.94372607396 
1324, 3338.02951111685 
1325, 3296.71296123451 
1326, 3250.10298531364 
1327, 3194.8072411137 
1328, 3125.98914033103 
1329, 3062.7861152217 
1330, 2985.04388127783 
1331, 2929.39205549828 
1332, 2879.96244757866 
1333, 2843.28274078413 
1334, 2824.98616183344 
1335, 2807.92715037254 
1336, 2802.27823477182 
1337, 2799.67958774656 
1338, 2790.35831065411 
1339, 2765.12762128218 
1340, 2720.53993508618 
1341, 2648.67921230677 
1342, 2555.69035601254 
1343, 2439.61662540107 
1344, 2304.64772379066 
1345, 2142.31791589038 
1346, 1972.42932602356 
1347, 1774.87814653227 
1348, 1588.48102437242 
1349, 1389.82975664914 
1350, 1203.90896654139 
1351, 1011.34829616117 
1352, 843.623779179361 
1353, 678.888128265162 
1354, 541.837143014856 
1355, 430.955842484232 
1356, 334.433245401138 
1357, 257.045159304664 
1358, 197.035178429675 
1359, 149.006141418094 
1360, 109.578467989735 
1361, 80.76747766345 
1362, 58.9756209225922 
1363, 43.5912210742905 
1364, 35.8271439757519 
1365, 31.2783989154248 
1366, 34.3017027549669 
1367, 35.8786166215462 
1368, 41.1292861584274 
1369, 45.8507518307538 
1370, 52.3343459817557 
1371, 58.6072395392327 
1372, 66.2743339780648 
1373, 72.7267984998153 
1374, 78.6689717548938 
1375, 83.8235270061428 
1376, 89.5803054944279 
1377, 93.1488810596367 
1378, 96.4029293602808 
1379, 96.9564384202285 
1380, 95.9982495349056 
1381, 90.5378465707094 
1382, 85.1608596552624 
1383, 85.6841524863713 
1384, 86.7299837165223 
1385, 95.0224676179169 
1386, 111.293426496741 
1387, 124.365271676692 
1388, 133.21106782081 
1389, 141.068012632705 
1390, 148.162837768347 
1391, 151.183952626116 
1392, 154.45749068257 
1393, 156.79275272364 
1394, 162.762177382426 
1395, 166.587729096583 
1396, 173.466642241063 
1397, 189.387910866274 
1398, 197.317538275747 
1399, 199.285465604235 
1400, 205.135722458108 
1401, 210.773760951536 
1402, 214.750115751884 
1403, 219.157425862444 
1404, 224.56930328178 
1405, 229.004413337446 
1406, 234.792791401081 
1407, 243.791428073286 
1408, 259.036515260806 
1409, 270.369373827407 
1410, 284.367043630055 
1411, 299.77106546195 
1412, 317.957851281008 
1413, 331.589709155928 
1414, 347.451943341688 
1415, 356.530948050163 
1416, 358.608344785411 
1417, 365.33670086719 
1418, 371.271757309963 
1419, 376.226875469618 
1420, 387.554380236581 
1421, 387.385765287611 
1422, 379.183788614923 
1423, 370.853115722292 
1424, 351.514617069359 
1425, 341.449931533004 
1426, 339.758599538223 
1427, 330.729223192419 
1428, 323.514604748543 
1429, 311.048233221699 
1430, 294.771253518053 
1431, 273.765414799052 
1432, 252.500803162148 
1433, 235.238804549616 
1434, 215.678609290962 
1435, 199.290321307429 
1436, 188.716796250288 
1437, 174.165977345073 
1438, 160.285822602568 
1439, 144.624591076872 
1440, 134.039656635432 
1441, 125.525042620129 
1442, 118.588032722528 
1443, 116.372211260474 
1444, 109.885647371852 
1445, 102.542077965809 
1446, 93.7460374299985 
1447, 80.6042350253902 
1448, 72.699673854156 
1449, 67.6127769131251 
1450, 61.0200250380287 
1451, 56.4588062805448 
1452, 52.2092174939565 
1453, 45.2663335697103 
1454, 41.8587697626068 
1455, 42.071500718362 
1456, 41.493118400206 
1457, 41.7760072481851 
1458, 36.2942542943702 
1459, 35.8653968211055 
1460, 38.8428614162045 
1461, 37.0706993597714 
1462, 40.4240743607658 
1463, 34.995587956213 
1464, 23.0328658078785 
1465, 18.5541920493293 
1466, 16.0646742853103 
1467, 12.3885588096259 
1468, 11.2786374398585 
1469, 9.75770601261321 
1470, 6.32181584850071 
1471, 3.93551502202868 
1472, 3.33646165823004 
1473, 4.48262203414036 
1474, 6.14500537572962 
1475, 7.36980442387499 
1476, 10.1444895924545 
1477, 12.6186836826393 
1478, 15.8388965521383 
1479, 17.2806642580641 
1480, 19.5341914453807 
1481, 18.9211399110413 
1482, 10.3939868820842 
1483, 9.19719514181091 
1484, 16.2472922349294 
1485, 15.7969046183787 
1486, 15.3844235006149 
1487, 11.8331511520033 
1488, 5.60223834880616 
1489,-0.366355482345629 
1490,-3.51876515251376 
1491, 3.17340555524537 
1492, 9.74855491742776 
1493, 12.2347680447223 
1494, 20.911095613427 
1495, 28.3961326577035 
1496, 30.0701587695052 
1497, 31.9417477741369 
1498, 30.3152734086993 
1499, 20.6619083027069 
1500, 20.4131501289991 
1501, 24.007545171618 
1502, 24.0529533373138 
1503, 28.3802310369027 
1504, 29.4489736910354 
1505, 24.3822016655758 
1506, 23.8546339560694 
1507, 25.4602324209132 
1508, 26.6612814732869 
1509, 31.1394281089479 
1510, 30.0316376181183 
1511, 26.297236269256 
1512, 23.2205751114951 
1513, 13.7597778105942 
1514, 12.05855897786 
1515, 16.2120473616859 
1516, 18.2156545449769 
1517, 22.8755592444487 
1518, 25.4473385756296 
1519, 27.7659280109686 
1520, 28.142298018954 
1521, 26.0237403027707 
1522, 25.099654758808 
1523, 29.1091977019623 
1524, 27.6670118821209 
1525, 28.4473061704581 
1526, 33.5527117550936 
1527, 31.6794225364754 
1528, 30.8398819349607 
1529, 31.9969483345654 
1530, 28.2243570124295 
1531, 24.9008758584894 
1532, 23.7649010545266 
1533, 19.9935320945388 
1534, 19.5069829339216 
1535, 21.1654902356798 
1536, 25.033480393064 
1537, 26.5661203595786 
1538, 31.3090240062041 
1539, 31.9665819838735 
1540, 28.1476486038825 
1541, 27.5548453067372 
1542, 27.6112274165378 
1543, 26.3201402241981 
1544, 23.9231970913519 
1545, 24.8006655695049 
1546, 27.4545721291139 
1547, 28.1839369148372 
1548, 29.4092184731544 
1549, 31.5921374959755 
1550, 32.337629560783 
1551, 34.2743514128507 
1552, 42.8311981858494 
1553, 42.4155786482785 
1554, 32.5638208049125 
1555, 31.4308033223753 
1556, 30.1697671359435 
1557, 30.026491670428 
1558, 38.5483112875519 
1559, 40.3776390403151 
1560, 34.547648590865 
1561, 34.5654224308722 
1562, 37.7419074327792 
1563, 38.0054530651187 
1564, 38.9090978799136 
1565, 40.3281369622617 
1566, 39.9711480228596 
1567, 39.7089692656442 
1568, 40.1412301854716 
1569, 41.5541387276492 
1570, 44.5043827463174 
1571, 44.1182598154508 
1572, 46.9687597020645 
1573, 52.51969199443 
1574, 50.7277094286701 
1575, 51.3731007703443 
1576, 53.7838016570827 
1577, 49.9813511577301 
1578, 51.9161156480703 
1579, 57.1830610763766 
1580, 58.2102130429915 
1581, 58.8872439906322 
1582, 58.5700616734828 
1583, 55.4721768191121 
1584, 53.2399696331561 
1585, 51.3962711080674 
1586, 50.2021949233612 
1587, 47.9836289320905 
1588, 48.0386526231295 
1589, 48.8890223471483 
1590, 51.6464967169558 
1591, 57.3823774773885 
1592, 59.8813072052162 
1593, 63.4518554100434 
1594, 64.1507413321433 
1595, 60.1578312897351 
1596, 61.0846375557751 
1597, 64.0272977066278 
1598, 65.4571753996913 
1599, 68.6590837610101 
1600, 69.5622725484578 
1601, 67.3195027040713 
1602, 67.5976288359542 
1603, 70.269163830777 
1604, 70.4800664962367 
1605, 69.5671054643374 
1606, 69.0675642044224 
1607, 65.72528483544 
1608, 65.3220516992498 
1609, 67.4635128354488 
1610, 69.2175021992847 
1611, 72.9126723760343 
1612, 75.0411534411643 
1613, 76.9959931283523 
1614, 77.4021181722413 
1615, 74.4761946789148 
1616, 75.4093733139184 
1617, 78.6747299376957 
1618, 79.3653340127542 
1619, 81.9407189202898 
1620, 82.1371398877741 
1621, 76.7761418198841 
1622, 75.9277963658004 
1623, 76.8144169216921 
1624, 78.6153731942318 
1625, 84.5528072427062 
1626, 86.8672423877143 
1627, 88.0825373547184 
1628, 88.8807404414316 
1629, 88.2926958437288 
1630, 86.7348103942543 
1631, 81.7396630058884 
1632, 80.9837498923237 
1633, 81.6419042288797 
1634, 82.2690762380103 
1635, 86.9366237993241 
1636, 90.320081246676 
1637, 93.113480964773 
1638, 94.137421295626 
1639, 95.2741832714722 
1640, 94.7218095867802 
1641, 87.3554980301712 
1642, 86.4267077487035 
1643, 88.6096355448147 
1644, 91.5000257159627 
1645, 103.134483245128 
1646, 108.002522302757 
1647, 108.485834640731 
1648, 108.828037828443 
1649, 103.430841355833 
1650, 100.942712190636 
1651, 99.2577603517399 
1652, 98.6164935502467 
1653, 102.344295955133 
1654, 109.910811982741 
1655, 113.643634055612 
1656, 120.269011536249 
1657, 121.249551063873 
1658, 116.921306591038 
1659, 117.445738154712 
1660, 119.038320350703 
1661, 117.818883372141 
1662, 116.877052853264 
1663, 115.176142918507 
1664, 109.614220913352 
1665, 110.194395521468 
1666, 113.983087512875 
1667, 116.730376319199 
1668, 121.553842347224 
1669, 124.927530018463 
1670, 127.766939890599 
1671, 130.821060902715 
1672, 134.39742602024 
1673, 136.004907245339 
1674, 137.332658872776 
1675, 136.546252978795 
1676, 133.454595727574 
1677, 132.205875748505 
1678, 130.209796341719 
1679, 128.701153783816 
1680, 127.751623646338 
1681, 127.701633135997 
1682, 128.07330869802 
1683, 127.485951604082 
1684, 126.844296385837 
1685, 128.408897475606 
1686, 130.021324424224 
1687, 132.075087342171 
1688, 136.622290950937 
1689, 139.154709316367 
1690, 141.752506519397 
1691, 139.368424353479 
1692, 133.183629072483 
1693, 133.897743802255 
1694, 133.446573785876 
1695, 134.447793035871 
1696, 141.927369578368 
1697, 144.597164703643 
1698, 143.644885754952 
1699, 143.476665992858 
1700, 143.739519941848 
1701, 145.309223959266 
1702, 145.831964082445 
1703, 146.411062050163 
1704, 149.532501493565 
1705, 149.318676943447 
1706, 145.293279847671 
1707, 145.729652593519 
1708, 148.333239006601 
1709, 149.487269317201 
1710, 151.568692485791 
1711, 152.139572275668 
1712, 150.784209081501 
1713, 152.289760401851 
1714, 154.76741589253 
1715, 159.624698563896 
1716, 161.959321524279 
1717, 161.110398095506 
1718, 161.505794992543 
1719, 162.633574924913 
1720, 159.752663181003 
1721, 155.22530864475 
1722, 151.798961614802 
1723, 148.032760281059 
1724, 146.388484649988 
1725, 146.343168200783 
1726, 149.317532431925 
1727, 158.725012205594 
1728, 163.660344678218 
1729, 165.510846385669 
1730, 168.220553777428 
1731, 161.762209645013 
1732, 157.124214933623 
1733, 162.686851291436 
1734, 166.074618025867 
1735, 164.938396198075 
1736, 165.357884583358 
1737, 162.925213373307 
1738, 157.428054373841 
1739, 155.242812105398 
1740, 155.587623076065 
1741, 152.325374522371 
1742, 149.868340217848 
1743, 158.700909311526 
1744, 165.515786160149 
1745, 170.642761145007 
1746, 179.840216044107 
1747, 177.606580131426 
1748, 171.409900429527 
1749, 169.136426063855 
1750, 168.700437060849 
1751, 173.279677225526 
1752, 178.080136246535 
1753, 180.482266372827 
1754, 177.967001831002 
1755, 173.172338648085 
1756, 168.879619793583 
1757, 165.343576621343 
1758, 168.00546022987 
1759, 171.666357146598 
1760, 173.858470190533 
1761, 177.001900108946 
1762, 176.842696269165 
1763, 175.162163184019 
1764, 173.87034534092 
1765, 171.806370561962 
1766, 170.051665945744 
1767, 167.623543677628 
1768, 164.946309861643 
1769, 162.542586151017 
1770, 161.538955292601 
1771, 159.406873659691 
1772, 160.497962857114 
1773, 165.78636930838 
1774, 166.59940466632 
1775, 170.126055951787 
1776, 167.041605433101 
1777, 155.422163766878 
1778, 150.36120810504 
1779, 143.853154177834 
1780, 139.696119500299 
1781, 139.896581751073 
1782, 139.985948728851 
1783, 141.473164106162 
1784, 140.058725384083 
1785, 138.121270065992 
1786, 136.982245627304 
1787, 134.574740495976 
1788, 132.968580509249 
1789, 135.8116389251 
1790, 133.818465104949 
1791, 125.592522344232 
1792, 119.180182571418 
1793, 109.728792409015 
1794, 104.204477777495 
1795, 103.100978255621 
1796, 104.883300158638 
1797, 107.327204243642 
1798, 108.737188145329 
1799, 103.853553106451 
1800, 91.9226348838157 
1801, 567.381610138153 
1802, 533.396576408281 
1803, 507.165698079498 
1804, 476.751290225491 
1805, 440.087611496047 
1806, 414.681300992536 
1807, 429.834347657208 
1808, 416.503620929601 
1809, 396.164492410384 
1810, 379.248124127823 
1811, 351.412229037786 
1812, 327.669927941458 
1813, 301.235475058168 
1814, 300.700595716628 
1815, 280.822296257237 
1816, 266.121682076887 
1817, 274.428113061693 
1818, 278.261723849329 
1819, 267.692945711172 
1820, 254.473661168322 
1821, 237.624838118652 
1822, 200.812852344933 
1823, 176.50103874568 
1824, 164.184954484887 
1825, 159.615545545409 
1826, 147.039785966846 
1827, 122.428663633788 
1828, 108.760996386436 
1829, 92.2933460244836 
1830, 88.7228935056386 
1831, 98.2647178249452 
1832, 105.701171319285 
1833, 106.665138857416 
1834, 98.3626038835583 
1835, 76.712915979644 
1836, 55.8858734620653 
1837, 56.0778643479789 
1838, 46.6817488844793 
1839, 45.0179594327209 
1840, 71.379710862466 
1841, 72.8955610250124 
1842, 63.1086051606009 
1843, 44.1590739311497 
1844, 28.84288936957 
1845,-5.75541858284658 
1846,-19.6284545869057 
1847, 14.0886451129216 
1848, 28.3502502889269 
1849, 44.2673335827875 
1850, 54.1331168598521 
1851, 59.6443186280293 
1852, 32.9299209137686 
1853, 34.9734077394688 
1854, 44.8934864483942 
1855, 41.340486705428 
1856, 40.4123166824028 
1857, 51.7818552134592 
1858, 46.4452293789124 
1859, 41.2252303717984 
1860, 32.8843371658926 
1861, 48.810702217153 
1862, 46.7787276362578 
1863, 35.2948016817505 
1864, 37.7859620520752 
1865, 41.2015335249829 
1866, 33.6107848034441 
1867, 36.5281981096325 
1868, 49.4100757876625 
1869, 48.5013444347093 
1870, 47.5682126414013 
1871, 44.7504939498892 
1872, 44.2858308101268 
1873, 40.3389173573696 
1874, 31.731319140313 
1875, 31.2127432510212 
1876, 38.699596578477 
1877, 38.2814797971312 
1878, 44.1737418621949 
1879, 48.3334410565424 
1880, 47.7989062548027 
1881, 38.0266679727592 
1882, 38.9252695514211 
1883, 49.8964543087475 
1884, 51.8458283218091 
1885, 46.0685743442072 
1886, 47.6488740207242 
1887, 37.0005373352542 
1888, 23.3879341414343 
1889, 28.2338217555111 
1890, 31.2782868125312 
1891, 36.5088796796313 
1892, 49.1794226041459 
1893, 53.6448750577935 
1894, 42.5101028201758 
1895, 40.2587017383757 
1896, 25.2998631316682 
1897, 20.0054764782367 
1898, 30.5466195238897 
1899, 23.2218323094391 
1900, 19.134614428885 
1901, 12.0027973889096 
1902, 9.99133069315291 
1903, 5.81532860643105 
1904, 11.2120917866105 
1905, 23.4823072062794 
1906, 21.2595316855299 
1907, 16.1564280880028 
1908, 21.5970605504435 
1909, 12.6829243508406 
1910, 8.86275010451429 
1911, 17.3827969914739 
1912, 41.116269725567 
1913, 41.8242962103946 
1914, 38.4787502721748 
1915, 49.4429218278953 
1916, 30.5993207192855 
1917, 21.1233659622306 
1918, 41.2451285225352 
1919, 44.3345738602339 
1920, 41.8742920599671 
1921, 55.5592985671113 
1922, 63.7886467043924 
1923, 69.0548269884301 
1924, 69.2035340177333 
1925, 71.394913409306 
1926, 72.1194453493138 
1927, 52.6396425887121 
1928, 33.5476800754075 
1929, 11.3624363747308 
1930,-1.1539349641772 
1931,-15.3914885521334 
1932,-34.1250792036654 
1933,-33.765620093137 
1934,-18.5973135521924 
1935,-10.6485862829926 
1936, 4.11457628697091 
1937, 26.4811868708361 
1938, 40.0977594807207 
1939, 36.7034987432816 
1940, 27.079096615904 
1941, 26.8966733148834 
1942, 14.3305026793118 
1943, 17.3693718182433 
1944, 18.5310006708018 
1945, 23.4597831117433 
1946, 26.0240165961249 
1947, 34.6792750200311 
1948, 29.1230222623702 
1949, 15.0374863049605 
1950, 2.79734803394346 
1951,-13.8134065831401 
1952,-22.9172632560519 
1953,-10.3373228394852 
1954, 9.58371387663334 
1955, 21.3608986187998 
1956, 47.6743919728507 
1957, 49.9171400109759 
1958, 28.886708144727 
1959, 21.9354460961793 
1960, 3.69710577790298 
1961, 4.30642348209136 
1962, 16.1938091349516 
1963, 11.778241028663 
1964, 3.06394483852777 
1965,-7.75976670973813 
1966,-10.5761731034436 
1967,-17.4002615288436 
1968,-10.4566635279863 
1969, 16.4497572594705 
1970, 21.1621119091609 
1971, 23.6883184565271 
1972, 24.2655785123959 
1973, 5.08691295676312 
1974, 7.60682245987521 
1975, 10.9687760386793 
1976, 4.56205324477757 
1977, 25.3431004769021 
1978, 36.6610850906363 
1979, 41.6414250460194 
1980, 53.9514159682906 
1981, 52.5592147897767 
1982, 27.206801833494 
1983, 20.2215844266389 
1984, 14.3161755451828 
1985, 10.4871932068557 
1986, 13.0939073393991 
1987, 21.5854630277191 
1988, 13.1071198293641 
1989, 16.9753050608727 
1990, 19.2219973657377 
1991, 16.4989051651283 
1992, 20.2521640205771 
1993, 33.6333051736711 
1994, 39.8579729824694 
1995, 54.2379731528708 
1996, 52.6114760493961 
1997, 37.5170064166811 
1998, 25.084740338592 
1999, 7.19963413669107 
2000,-4.38831112674165 
2001, 6.36032551576142 
2002, 18.4565462277375 
2003, 23.7785204006347 
2004, 37.9398142719928 
2005, 34.2180852619517 
2006, 13.5994357846917 
2007, 1.44198162435266 
2008,-25.1307805891716 
2009,-28.8365874403826 
2010,-16.5784722526174 
2011,-8.51401017800977 
2012, 11.8438020937196 
2013, 14.2778182877163 
2014, 22.2624925971954 
2015, 25.5486235141866 
2016, 26.577493011273 
2017, 27.2848779556414 
2018, 31.9033003610858 
2019, 30.293259296732 
2020, 36.1863317124354 
2021, 58.7185085735455 
2022, 64.9093649728789 
2023, 67.9400343607325 
2024, 56.6907578561683 
2025, 51.496666632858 
2026, 55.8280687698067 
2027, 52.3119907786945 
2028, 53.9396822770879 
2029, 45.2122232043982 
2030, 13.4514079551105 
2031, 13.6987694906419 
2032, 36.181635064512 
2033, 42.8849683944002 
2034, 67.9902505168164 
2035, 71.4885518897644 
2036, 36.9480122993426 
2037, 25.4878900819423 
2038, 21.5496214672314 
2039, 21.4071399459217 
2040, 17.9843187492714 
2041, 27.0577250206408 
2042, 28.1645303581772 
2043, 15.975335211018 
2044, 15.9385977229676 
2045, 27.871474882639 
2046, 27.508436749579 
2047, 19.796473562838 
2048, 22.6786847435291 
2049, 26.8089870532369 
2050, 27.4720903184418 
2051, 31.838659580145 
2052, 37.9653227029509 
2053, 45.739110578934 
2054, 55.8257014017161 
2055, 58.5885841308322 
2056, 71.891847944319 
2057, 65.4017222172998 
2058, 37.5374961587672 
2059, 20.6798812741944 
2060,-13.5769419865307 
2061,-15.9773112127885 
2062, 8.0768677563953 
2063, 16.6870956461244 
2064, 46.6663452193858 
2065, 55.0545019396072 
2066, 36.9754727257002 
2067, 27.5402945521986 
2068, 17.8040336650318 
2069, 1.25408220898266 
2070,-0.717656250562566 
2071, 2.55175665010122 
2072, 7.9158435924276 
2073, 26.0177079773765 
2074, 33.9627140288978 
2075, 43.2006407640757 
2076, 44.8515179692296 
2077, 40.1287434737659 
2078, 34.9503499199036 
2079, 17.517977311327 
2080, 11.6055106657138 
2081, 7.15605920714206 
2082, 9.56564944068404 
2083, 13.5771907102707 
2084, 27.6338791125655 
2085, 31.6952506642015 
2086, 30.5108569658279 
2087, 35.6869523494927 
2088, 41.8341594182597 
2089, 49.9400400418204 
2090, 69.1070438863869 
2091, 74.4558283463466 
2092, 65.5021860345292 
2093, 66.9536061062923 
2094, 66.6741298283829 
2095, 68.0836200591367 
2096, 69.7112791570868 
2097, 91.8373033580311 
2098, 93.7395564281137 
2099, 92.4249031543154 
2100, 82.967517862258 
2101, 65.7406384637929 
2102, 43.8597625327697 
2103,-4.70845488877384 
2104,-12.2813904973763 
2105,-4.66257634265592 
2106, 3.33258846646227 
2107, 50.0116210415374 
2108, 65.5176629141224 
2109, 56.1505257988359 
2110, 60.9766037557821 
2111, 68.094303181975 
2112, 65.9921836194044 
2113, 85.8960063477354 
2114, 85.3647736494298 
2115, 83.237622739229 
2116, 65.3180466449356 
2117, 71.3469414026548 
2118, 92.5577513693749 
2119, 88.2607055112303 
2120, 83.5839447062714 
2121, 79.0468014422308 
2122, 45.4236975911834 
2123, 36.71480355205 
2124, 52.8718866949165 
2125, 57.8116054452631 
2126, 58.2679479542108 
2127, 64.8150131581274 
2128, 82.4882307339158 
2129, 87.4175873915354 
2130, 88.8764109519005 
2131, 91.0199024254749 
2132, 88.6977098223521 
2133, 68.2146361892152 
2134, 73.583331473078 
2135, 93.1563748881599 
2136, 104.547522393478 
2137, 131.541641833071 
2138, 138.908451604226 
2139, 132.665691364326 
2140, 127.540740044998 
2141, 112.642176555361 
2142, 101.232475154814 
2143, 79.3482942626807 
2144, 76.1774793056914 
2145, 77.3823074340156 
2146, 98.3496417773731 
2147, 111.978491824506 
2148, 109.970008731352 
2149, 112.874624583354 
2150, 96.0271965518591 
2151, 103.632106608579 
2152, 131.687395415958 
2153, 142.974560790199 
2154, 158.377172404021 
2155, 165.693092068126 
2156, 166.743363381132 
2157, 160.041882137885 
2158, 138.793434245964 
2159, 130.163851905359 
2160, 113.501026099903 
2161, 109.053222219442 
2162, 125.752849450713 
2163, 133.76419194125 
2164, 133.160819837404 
2165, 148.893018492216 
2166, 156.999588585289 
2167, 162.342984554881 
2168, 168.927296729859 
2169, 174.671530886706 
2170, 186.04784494655 
2171, 206.996927784774 
2172, 209.521968414172 
2173, 204.821838997891 
2174, 205.359205609134 
2175, 201.500162065689 
2176, 190.456182144303 
2177, 176.078595672632 
2178, 168.920868576083 
2179, 133.475426870967 
2180, 136.707336838958 
2181, 200.778799256162 
2182, 217.81070380235 
2183, 224.62535423996 
2184, 232.914234312154 
2185, 222.129827712986 
2186, 183.797857876346 
2187, 173.631636220493 
2188, 176.678966055526 
2189, 184.941852686803 
2190, 199.68921384046 
2191, 214.158873862094 
2192, 249.809145919768 
2193, 257.087110275917 
2194, 247.306591252998 
2195, 241.891444023959 
2196, 216.723843126723 
2197, 214.319128914383 
2198, 219.726344738065 
2199, 230.889989834442 
2200, 265.255477495299 
2201, 283.378588474139 
2202, 301.55116915227 
2203, 314.469208385705 
2204, 328.201282660471 
2205, 315.29967994372 
2206, 316.831137097139 
2207, 304.086686008759 
2208, 303.083488176851 
2209, 300.714187236361 
2210, 303.881782412959 
2211, 311.957913094322 
2212, 326.66058765587 
2213, 358.804548981921 
2214, 361.917000464689 
2215, 355.897125301005 
2216, 350.11264035521 
2217, 313.603699306853 
2218, 305.703291395642 
2219, 327.005012316655 
2220, 327.698479738211 
2221, 328.482461348457 
2222, 323.376556429246 
2223, 288.600743304442 
2224, 284.981405416874 
2225, 303.968152061727 
2226, 314.510788819809 
2227, 340.117521280044 
2228, 361.897003164549 
2229, 370.131639685775 
2230, 372.911446420078 
2231, 374.552257817973 
2232, 376.219517271434 
2233, 373.651696418348 
2234, 356.887704268871 
2235, 362.109256745396 
2236, 377.746356761408 
2237, 384.208201183916 
2238, 407.299897612968 
2239, 407.282843857372 
2240, 383.371174875289 
2241, 378.206434061634 
2242, 371.397127852045 
2243, 367.603848520599 
2244, 371.091782178273 
2245, 374.361979660585 
2246, 386.096815287394 
2247, 382.095960431458 
2248, 373.924714379102 
2249, 365.939760200034 
2250, 331.621290552238 
2251, 322.205409221148 
2252, 337.112188609801 
2253, 336.853270150341 
2254, 349.37601746314 
2255, 368.637535203348 
2256, 358.225404075751 
2257, 350.564903472242 
2258, 347.867105696866 
2259, 335.654941645369 
2260, 338.179158976347 
2261, 362.136963871582 
2262, 361.612135962796 
2263, 354.189564285058 
2264, 345.997855710006 
2265, 325.691462823978 
2266, 308.850340697259 
2267, 286.33341362826 
2268, 281.825284112035 
2269, 286.912476339254 
2270, 287.897306359314 
2271, 308.783970225713 
2272, 307.290349820493 
2273, 283.947904449805 
2274, 269.975992259364 
2275, 247.004404644713 
2276, 236.503558451296 
2277, 242.179857234015 
2278, 238.357286736345 
2279, 235.369614169138 
2280, 229.348682068113 
2281, 212.639394556626 
2282, 199.25896175591 
2283, 201.651483651424 
2284, 212.138277301346 
2285, 233.499913425368 
2286, 242.433582122048 
2287, 236.606713412704 
2288, 230.592815425087 
2289, 218.401617503001 
2290, 195.49775607123 
2291, 181.175586039712 
2292, 162.930889053537 
2293, 156.498300240007 
2294, 159.277338021487 
2295, 154.436583685281 
2296, 154.011495772645 
2297, 151.267142782099 
2298, 138.539538548947 
2299, 139.26326955369 
2300, 150.961147175234 
2301, 155.17236219843 
2302, 164.019177633649 
2303, 164.697566542505 
2304, 160.187358754409 
2305, 151.008859207081 
2306, 137.66654884681 
2307, 125.818417610371 
2308, 100.043390835364 
2309, 91.893120432419 
2310, 90.9186166302968 
2311, 93.5197322739751 
2312, 113.181968404467 
2313, 125.836513471055 
2314, 147.790447235638 
2315, 149.270835158851 
2316, 141.021901809323 
2317, 124.012854946348 
2318, 92.3368968036514 
2319, 64.8572953867354 
2320, 61.1333594908319 
2321, 68.9985072711386 
2322, 76.2650613138561 
2323, 85.7848895003147 
2324, 82.3446046889443 
2325, 74.5146216162164 
2326, 67.8180338051285 
2327, 64.6232531394127 
2328, 64.5400066019785 
2329, 67.8474190775947 
2330, 65.1945079220047 
2331, 64.0796212857469 
2332, 62.0820060235774 
2333, 53.7394840947328 
2334, 48.7031554798731 
2335, 43.2244432431983 
2336, 45.5253436400882 
2337, 53.5473290023425 
2338, 59.7326956904002 
2339, 80.928447601625 
2340, 79.1453431552486 
2341, 54.3790834471691 
2342, 47.9811508719153 
2343, 40.2426834035299 
2344, 34.0322654905045 
2345, 32.7442433722429 
2346, 38.8506746784059 
2347, 52.5402262877767 
2348, 55.8994989980274 
2349, 72.4812282977204 
2350, 71.7317683197504 
2351, 41.7800089499756 
2352, 32.0021292033996 
2353, 23.0674718946338 
2354, 21.1025233492646 
2355, 31.3207603316614 
2356, 38.7657882477398 
2357, 59.1448500277508 
2358, 61.4026930684212 
2359, 52.4694862333784 
2360, 48.9314856435614 
2361, 25.2238891622923 
2362, 18.9842568674772 
2363, 26.5781445372504 
2364, 39.428520152752 
2365, 45.9107724308937 
2366, 62.1733600707233 
2367, 72.4713709473374 
2368, 53.7367998480545 
2369, 43.7559010718713 
2370, 42.4182210859781 
2371, 27.6099029224099 
2372, 31.6936687224075 
2373, 18.5739005844538 
2374,-7.68874578345322 
2375,-13.6722316860574 
2376,-21.361965018377 
2377,-27.7667373705063 
2378,-20.7120077032575 
2379, 4.41867549875592 
2380, 14.8200028788878 
2381, 34.072294440223 
2382, 59.3038852030566 
2383, 61.247840988459 
2384, 61.8764356034667 
2385, 45.7819106845045 
2386, 31.5695338276229 
2387, 24.3397353741319 
2388, 28.0927021009644 
2389, 37.7186765373077 
2390, 33.2816119784388 
2391, 33.9022841408939 
2392, 13.4139496808227 
2393, 1.90481421334871 
2394, 20.6859834176093 
2395, 23.3132902961792 
2396, 26.0061638803836 
2397, 24.0641111747977 
2398, 16.9033723786915 
2399, 24.7998941695023 
2400, 28.3144992864421 
2401, 39.2390784991335 
2402, 46.9256307014518 
2403, 23.5870587034755 
2404, 14.2691083082631 
2405, 0.764385377504413 
2406,-25.9997567003851 
2407,-36.3628553477534 
2408,-44.0640791339042 
2409,-37.9952003705434 
2410,-12.8265979779777 
2411, 4.03019874768675 
2412, 31.9259909929479 
2413, 39.6784761118055 
2414, 34.1155273158676 
2415, 31.4045246207942 
2416, 20.2416976920772 
2417, 26.6191121651287 
2418, 40.6129425870569 
2419, 45.3704318802213 
2420, 54.0818634942585 
2421, 52.4718187534558 
2422, 43.6370422787304 
2423, 38.3227480873656 
2424, 29.9499975641146 
2425, 27.94107921896 
2426, 30.096099093368 
2427, 25.2758841252753 
2428, 18.9548539164904 
2429, 13.5334753961944 
2430, 0.818763601238077 
2431,-0.244822574660556 
2432, 8.60257500518602 
2433, 10.518200691844 
2434, 14.4549300490141 
2435, 12.7209313631098 
2436,-0.792424075367211 
2437, 2.71497719039055 
2438, 15.6493904772502 
2439, 28.7053916797982 
2440, 52.3175500895993 
2441, 60.8005534873071 
2442, 68.756169936296 
2443, 53.3446463068812 
2444, 20.5978266543913 
2445,-9.35017621185319 
2446,-33.7442061548364 
2447,-20.7085105859943 
2448,-7.99541155622865 
2449, 6.19744192053672 
2450, 25.7168113096102 
2451, 37.1671806198476 
2452, 43.5985475955504 
2453, 36.8862187381448 
2454, 40.2683411622015 
2455, 46.8766435636789 
2456, 27.2231036124567 
2457, 26.4805304440309 
2458, 22.2012231175394 
2459, 3.25209697499692 
2460, 15.0358717687887 
2461, 11.6434998070854 
2462, 2.83742373897697 
2463, 3.06550210147511 
2464,-16.484183942099 
2465,-20.3930918171309 
2466,-10.7727273688223 
2467,-0.523175508568915 
2468, 14.1675424208858 
2469, 23.0191810705708 
2470, 23.6981721905565 
2471, 31.3382053405535 
2472, 25.8439648223975 
2473, 21.8642919270676 
2474, 35.024097743458 
2475, 14.7582617610856 
2476, 8.45813620488328 
2477, 24.6748719293787 
2478, 19.2503000608096 
2479, 33.9087828011977 
2480, 50.9968241863425 
2481, 25.2769830592512 
2482, 2.28550162427766 
2483,-5.89773688264211 
2484,-12.3875577644628 
2485, 5.85495967545295 
2486, 35.5324977872971 
2487, 52.1360162535079 
2488, 46.6652253491966 
2489, 49.7205002100647 
2490, 41.6019126033072 
2491, 10.6250076497183 
2492, 8.33526254796145 
2493,-10.5097168909332 
2494,-28.6116821242456 
2495,-7.03452800132203 
2496, 6.60147126347388 
2497, 32.4670799701711 
2498, 46.4270241001469 
2499, 53.6159624593968 
2500, 53.8090955946605 
