Wavelength,0212202100121.asd
350, 2438.30063190413 
351, 2563.87848948929 
352, 2679.31950032141 
353, 2777.35682815514 
354, 2872.74263500618 
355, 2972.68302401046 
356, 3078.6299392088 
357, 3181.7434661403 
358, 3290.66100346583 
359, 3407.32418993806 
360, 3533.59755526077 
361, 3689.42675653904 
362, 3868.4640328058 
363, 4062.19067632077 
364, 4262.19699539849 
365, 4464.51842040362 
366, 4655.99387705812 
367, 4822.66448043684 
368, 4953.04629185783 
369, 5028.53032770357 
370, 5054.37789811178 
371, 5047.41703276562 
372, 5024.4611160886 
373, 5014.07271115268 
374, 5021.20643540474 
375, 5033.34722659056 
376, 5045.02666568652 
377, 5050.98618254966 
378, 5040.07523002431 
379, 4993.68938197222 
380, 4934.44572106377 
381, 4868.06814310824 
382, 4792.98895085091 
383, 4697.44099143705 
384, 4602.30360475208 
385, 4536.75747733027 
386, 4533.66261071233 
387, 4625.35481928492 
388, 4758.47663050466 
389, 4875.01223564385 
390, 4926.77067228289 
391, 4981.20221009212 
392, 5036.60197550868 
393, 5083.40608839677 
394, 5116.82863960435 
395, 5218.80936665221 
396, 5424.839733403 
397, 5747.32117399496 
398, 6200.14730051977 
399, 6717.38425548093 
400, 7248.88113575885 
401, 7764.31803364518 
402, 8254.62841783058 
403, 8660.37668580236 
404, 8954.48674598629 
405, 9178.71568032428 
406, 9356.7149727551 
407, 9515.90425534466 
408, 9688.6158228773 
409, 9925.57326086043 
410, 10212.5643733423 
411, 10530.7071543614 
412, 10859.2358645514 
413, 11184.3807287274 
414, 11507.2325973425 
415, 11819.6981041876 
416, 12092.3890334942 
417, 12351.3531123545 
418, 12616.1616695757 
419, 12891.4134692427 
420, 13130.7436166076 
421, 13374.1071255901 
422, 13639.993132897 
423, 13924.0175495125 
424, 14186.5056558255 
425, 14394.8126866502 
426, 14518.9987049237 
427, 14527.72436807 
428, 14470.6528180561 
429, 14477.3257632983 
430, 14652.6666317255 
431, 14911.3339985773 
432, 15254.1043871994 
433, 15758.9944162449 
434, 16526.4984902487 
435, 17343.7058217536 
436, 17970.0042362032 
437, 18354.2913115088 
438, 18757.4065165072 
439, 19174.4092399079 
440, 19569.1999098496 
441, 19925.0003055797 
442, 20383.7247521864 
443, 20867.8385696782 
444, 21313.467684395 
445, 21677.8283849165 
446, 21968.7564641525 
447, 22230.5718491807 
448, 22509.7324215978 
449, 22852.7963619387 
450, 23145.4975630523 
451, 23303.2260416165 
452, 23291.3391621141 
453, 23230.462899149 
454, 23098.6377101496 
455, 22930.6499503178 
456, 22812.9527004763 
457, 22783.9204762409 
458, 22789.0240198657 
459, 22771.3551913407 
460, 22709.0341756402 
461, 22616.7901265949 
462, 22517.9900824192 
463, 22424.7475587894 
464, 22274.6565658393 
465, 22043.4738232162 
466, 21758.4467197425 
467, 21495.2527039169 
468, 21276.8545001017 
469, 21112.4982712281 
470, 21005.8649030978 
471, 20968.7616584122 
472, 20944.6135527549 
473, 20936.4538759802 
474, 20964.5191015544 
475, 20957.7676303931 
476, 20933.0923576199 
477, 20914.8922391096 
478, 20925.8235184516 
479, 20994.6218881157 
480, 21089.9103004875 
481, 21157.2416829104 
482, 21139.6713384109 
483, 20983.3224989062 
484, 20654.576117433 
485, 20161.6065859431 
486, 19679.8133383462 
487, 19336.2997514413 
488, 19232.5776646171 
489, 19453.8296515838 
490, 19812.3366903098 
491, 20108.9017659387 
492, 20212.7261574283 
493, 20250.4150100337 
494, 20306.1414408296 
495, 20418.5566676606 
496, 20574.4418117041 
497, 20624.5510423699 
498, 20569.0628609935 
499, 20440.3855482841 
500, 20265.7256701661 
501, 20132.187288729 
502, 20076.9325644517 
503, 20116.7500442394 
504, 20299.7860576333 
505, 20559.1841865091 
506, 20824.8376405761 
507, 21035.207933026 
508, 21194.9691398463 
509, 21321.2770530481 
510, 21440.5484774997 
511, 21598.6799616557 
512, 21709.3413866504 
513, 21731.4956739106 
514, 21653.7583624195 
515, 21476.0469903014 
516, 21236.8341662286 
517, 21002.2356435926 
518, 20862.8903573985 
519, 21036.3959639899 
520, 21541.7263091613 
521, 22256.3298393864 
522, 22854.3980585297 
523, 23300.2762286372 
524, 23613.0717194881 
525, 23848.3783122148 
526, 23951.6232465318 
527, 23992.2495413948 
528, 24114.6772481127 
529, 24593.501329784 
530, 25223.0883534295 
531, 25756.151584962 
532, 25987.7841444823 
533, 26065.5903760904 
534, 26184.4330100958 
535, 26446.7567705428 
536, 26840.3995608773 
537, 27127.7606482719 
538, 27264.0539746259 
539, 27283.1028425497 
540, 27271.6475465994 
541, 27293.6995976928 
542, 27432.7345092595 
543, 27752.0998605811 
544, 28117.8227899804 
545, 28436.8602291878 
546, 28659.4203453281 
547, 28789.5066336355 
548, 28877.8304113505 
549, 28979.807648427 
550, 29129.5828912328 
551, 29283.91803993 
552, 29403.4748338707 
553, 29491.3077351637 
554, 29583.178030893 
555, 29655.1393529395 
556, 29630.8989173947 
557, 29468.1909663811 
558, 29198.2144036331 
559, 28966.6910667198 
560, 28861.053376495 
561, 28913.0831576638 
562, 29043.2002494991 
563, 29120.6153432256 
564, 29080.0783404731 
565, 28939.7744718855 
566, 28737.4806413214 
567, 28530.8974967006 
568, 28355.7879655426 
569, 28176.2344530496 
570, 27943.634085841 
571, 27723.2448130696 
572, 27640.939223222 
573, 27665.3235915754 
574, 27658.8656298574 
575, 27534.0336940461 
576, 27303.8184152063 
577, 27089.8278615031 
578, 26976.3344478849 
579, 27010.5827781061 
580, 27155.9169263583 
581, 27406.8487651632 
582, 27711.2985984169 
583, 27974.3543544619 
584, 28141.3223911778 
585, 28143.1811936018 
586, 27971.7164884245 
587, 27752.2157441834 
588, 27474.855934171 
589, 27098.1150920034 
590, 26627.0661213623 
591, 26457.6770747469 
592, 26584.1623566641 
593, 26820.7779086736 
594, 26812.9685821923 
595, 26681.2822389282 
596, 26493.5303940837 
597, 26296.4803612566 
598, 26083.4297415167 
599, 25821.5643837919 
600, 25531.8785512138 
601, 25273.7411846754 
602, 25078.257235767 
603, 24973.4871999064 
604, 24955.7185010873 
605, 24980.0741778929 
606, 24926.8432532096 
607, 24789.1550502859 
608, 24611.3815553901 
609, 24437.8984913977 
610, 24274.0064627493 
611, 24125.9010508776 
612, 24000.2695736727 
613, 23865.6814317446 
614, 23709.1292413212 
615, 23540.186211022 
616, 23406.6447506769 
617, 23324.1756522332 
618, 23325.1662999528 
619, 23426.4075523867 
620, 23535.065900327 
621, 23548.771901431 
622, 23433.2207113146 
623, 23238.4251055764 
624, 23016.6954716458 
625, 22805.7602233503 
626, 22624.6742876125 
627, 22459.5966833559 
628, 22296.435323219 
629, 22143.0693622931 
630, 22029.3522501441 
631, 22038.2021031347 
632, 22120.3298385095 
633, 22225.662483329 
634, 22336.1675427038 
635, 22421.6604406382 
636, 22481.8160155089 
637, 22524.0703098265 
638, 22540.0699977416 
639, 22507.9293720176 
640, 22411.080897209 
641, 22247.015875286 
642, 22119.828253085 
643, 22043.1520976937 
644, 21992.055496081 
645, 21903.663570341 
646, 21762.8833066748 
647, 21584.4330522224 
648, 21402.479881513 
649, 21255.8520834107 
650, 21143.9211508521 
651, 21086.0148419641 
652, 21115.7409832135 
653, 21071.9397505638 
654, 20841.5881060077 
655, 20404.5119649366 
656, 19894.3480051633 
657, 19523.6537642288 
658, 19525.9127674115 
659, 20023.9053507892 
660, 20535.6969693246 
661, 20831.7398003383 
662, 20894.2866011292 
663, 20925.9116175614 
664, 20905.0774961468 
665, 20871.4339187663 
666, 20859.2055543297 
667, 20864.7533544255 
668, 20858.0891608076 
669, 20838.634896447 
670, 20819.4393929119 
671, 20776.6865959551 
672, 20726.5557186886 
673, 20693.5910158193 
674, 20707.0739319644 
675, 20735.8132655037 
676, 20757.1904308466 
677, 20761.3013020859 
678, 20771.1045380168 
679, 20776.1380648355 
680, 20773.5467399525 
681, 20764.2618381419 
682, 20747.311169313 
683, 20699.1204517003 
684, 20529.2541738514 
685, 20060.9084392824 
686, 19225.762875129 
687, 18100.0839630053 
688, 16959.1919120544 
689, 16479.5622809646 
690, 16822.1934814559 
691, 17674.8907340409 
692, 18444.4055219979 
693, 19115.3334337683 
694, 19600.8831382083 
695, 19896.2028655793 
696, 20105.9527506675 
697, 20285.0016984684 
698, 20407.2087902353 
699, 20435.6324161005 
700, 20386.942944725 
701, 20340.4764298212 
702, 20347.1910167478 
703, 20432.9194410923 
704, 20606.9298930631 
705, 20811.0792770144 
706, 20986.5280610976 
707, 21087.1335015904 
708, 21171.5437837437 
709, 21248.7646036938 
710, 21316.340178638 
711, 21382.1499488824 
712, 21428.0822033442 
713, 21443.4916505288 
714, 21415.5062366813 
715, 21300.5283424364 
716, 21005.7359324216 
717, 20489.461610921 
718, 19782.9221489363 
719, 19194.070784646 
720, 18977.7461440379 
721, 19231.4131893256 
722, 19760.5710735192 
723, 20128.0008795321 
724, 20182.80793705 
725, 20005.1931247291 
726, 19963.2812907051 
727, 20022.7707104849 
728, 20113.4971176775 
729, 20174.190474304 
730, 20319.8184563952 
731, 20575.1640615753 
732, 20922.6689087164 
733, 21309.4714890809 
734, 21646.1601346165 
735, 21864.8209380346 
736, 21935.8083635483 
737, 21925.9849156655 
738, 21902.251200822 
739, 21881.7386434327 
740, 21842.1099001438 
741, 21837.2595427353 
742, 21874.3406978455 
743, 21946.9926584813 
744, 22043.5182639028 
745, 22109.3894492312 
746, 22139.9489419917 
747, 22145.1823508491 
748, 22121.6131202442 
749, 22054.1956358565 
750, 21959.2674556217 
751, 21874.460844736 
752, 21833.2506227099 
753, 21824.9303614434 
754, 21826.8118090363 
755, 21807.6543128307 
756, 21704.6219891201 
757, 21256.3808571722 
758, 20040.2786009051 
759, 17330.1737343973 
760, 13338.073477994 
761, 9414.99082048158 
762, 7198.95845525965 
763, 7175.9409267957 
764, 8329.767588627 
765, 10139.3603116616 
766, 12537.747427547 
767, 15163.4120717298 
768, 17448.1055063738 
769, 19041.7824650031 
770, 19944.01169752 
771, 20392.1740442203 
772, 20570.445849846 
773, 20620.9687954807 
774, 20617.6836440148 
775, 20573.8316800952 
776, 20513.587101526 
777, 20454.3526039068 
778, 20372.8183273436 
779, 20277.9590911655 
780, 20183.3487813251 
781, 20101.8131999007 
782, 20015.7576639195 
783, 19912.769525602 
784, 19793.5196802684 
785, 19676.5545208696 
786, 19557.5657208362 
787, 19417.3088868186 
788, 19240.3245406088 
789, 19030.4610318787 
790, 18811.9174350257 
791, 18591.5551845803 
792, 18371.110794992 
793, 18164.719494424 
794, 17999.7361642725 
795, 17889.5838259228 
796, 17830.3615971215 
797, 17787.9778666835 
798, 17719.5044125272 
799, 17601.5930099455 
800, 17438.3618827225 
801, 17256.3779774748 
802, 17086.8910675198 
803, 16944.7185818715 
804, 16808.7070590124 
805, 16691.6017507842 
806, 16583.8370194619 
807, 16464.7005446744 
808, 16305.5886586803 
809, 16109.8135278759 
810, 15890.0848702771 
811, 15655.4477629543 
812, 15368.2280196949 
813, 14991.0231870804 
814, 14521.3350459345 
815, 13997.1107088578 
816, 13511.6197115627 
817, 13134.2084595594 
818, 12907.8248776451 
819, 12844.3763482835 
820, 12838.1948585814 
821, 12802.5649348172 
822, 12701.0503976976 
823, 12584.9276981956 
824, 12508.205474574 
825, 12522.8485248824 
826, 12617.6146735006 
827, 12597.8758849221 
828, 12460.7237501115 
829, 12272.6526507808 
830, 12127.1833730086 
831, 12034.8971601331 
832, 11969.9121952758 
833, 11918.9449115554 
834, 11883.1371567915 
835, 11870.0430256418 
836, 11866.5383528847 
837, 11851.3198550738 
838, 11799.3765732593 
839, 11715.0759531904 
840, 11613.2344190906 
841, 11503.9475745715 
842, 11384.9034532129 
843, 11259.7504638472 
844, 11137.345874808 
845, 11021.4981995966 
846, 10903.9677774952 
847, 10760.3187061304 
848, 10587.0535511677 
849, 10392.4907920272 
850, 10195.1438327544 
851, 9964.6950559019 
852, 9727.36961068077 
853, 9530.86629774031 
854, 9384.57050340222 
855, 9265.55647584905 
856, 9209.23369717659 
857, 9267.31346353594 
858, 9361.95810658648 
859, 9384.9912549418 
860, 9317.50767215924 
861, 9220.07326340734 
862, 9102.84770893136 
863, 8948.40753533727 
864, 8759.10884201387 
865, 8564.03194481552 
866, 8379.19649634407 
867, 8222.23327820066 
868, 8119.02109396844 
869, 8103.56449236481 
870, 8124.97138967852 
871, 8118.46059172193 
872, 8053.18324405942 
873, 7961.45535415209 
874, 7861.19103202573 
875, 7759.01923136497 
876, 7657.93776493033 
877, 7562.83938251494 
878, 7469.77798698121 
879, 7375.80141637732 
880, 7279.62870256491 
881, 7183.43219438671 
882, 7088.04624352817 
883, 6997.67818672454 
884, 6914.14007523922 
885, 6829.20722841007 
886, 6738.6372980817 
887, 6642.04248141026 
888, 6543.1705983442 
889, 6453.08862061331 
890, 6361.82623397373 
891, 6257.93269576984 
892, 6130.65422470313 
893, 5973.81748177578 
894, 5792.35844570818 
895, 5591.34100125143 
896, 5377.50071794491 
897, 5162.41782212033 
898, 4960.68798636928 
899, 4792.40748711532 
900, 4676.12303523723 
901, 4611.97948777398 
902, 4585.82938646714 
903, 4578.02031021023 
904, 4567.67495104203 
905, 4543.29156937783 
906, 4494.62421617013 
907, 4411.94765484273 
908, 4293.24713729729 
909, 4168.91017382751 
910, 4063.87954389693 
911, 3986.53375486887 
912, 3930.86290298864 
913, 3887.75839122071 
914, 3846.32812994193 
915, 3803.67182804547 
916, 3764.56478842014 
917, 3739.4509761622 
918, 3722.16674154976 
919, 3706.84457736936 
920, 3689.60371900983 
921, 3670.5821158243 
922, 3640.82717876418 
923, 3592.9315501606 
924, 3522.65000685456 
925, 3431.42392095425 
926, 3321.02090405551 
927, 3188.51292401014 
928, 3028.56358986728 
929, 2840.65462585731 
930, 2627.05989553691 
931, 2401.43244778847 
932, 2184.3163604381 
933, 1990.38816704239 
934, 1836.41027755697 
935, 1732.98894566871 
936, 1681.61841138759 
937, 1668.57794170764 
938, 1682.35330022099 
939, 1706.2498414987 
940, 1725.80193767218 
941, 1744.10016171258 
942, 1751.50392649798 
943, 1738.20794820335 
944, 1701.14647713792 
945, 1654.44642743556 
946, 1616.56275326493 
947, 1594.22507564197 
948, 1585.53690984458 
949, 1582.95199834625 
950, 1579.76301300755 
951, 1575.36471810866 
952, 1570.5477231577 
953, 1563.10771592546 
954, 1555.17843612127 
955, 1547.40652205081 
956, 1541.45510168729 
957, 1541.35339683197 
958, 1540.92465010122 
959, 1540.31137958642 
960, 1541.15658733313 
961, 1544.6823905695 
962, 1548.13817219325 
963, 1553.98274260036 
964, 1562.16439890548 
965, 1568.85361045301 
966, 1574.68493370572 
967, 1576.51150450646 
968, 1573.71781586005 
969, 1568.19116047167 
970, 1559.39313297514 
971, 1546.9003965227 
972, 1528.0559960523 
973, 1500.86483515929 
974, 1472.57103614602 
975, 1441.52912820322 
976, 1411.39092793313 
977, 1386.56252152264 
978, 1364.4582696147 
979, 1345.64328250427 
980, 1330.94143299735 
981, 1318.89434885311 
982, 1303.05907379711 
983, 1287.09031861193 
984, 1270.27642795065 
985, 1251.57301442397 
986, 1231.20021590567 
987, 1209.8393415809 
988, 1187.33850208807 
989, 1163.49120032549 
990, 1138.49233867134 
991, 1114.49766580654 
992, 1091.05644159903 
993, 1066.5346415383 
994, 1040.28185135774 
995, 1018.88881301259 
996, 995.392817489253 
997, 969.50946457024 
998, 943.935853243407 
999, 918.992992495324 
1000, 895.269358921568 
1001, 5671.77049584891 
1002, 5659.56548888321 
1003, 5645.84990297349 
1004, 5632.67230032314 
1005, 5622.19263364 
1006, 5619.93501959322 
1007, 5621.93547388783 
1008, 5631.72977130748 
1009, 5647.46724538699 
1010, 5673.73069768051 
1011, 5696.79242679394 
1012, 5724.56012255246 
1013, 5753.38784553825 
1014, 5773.78596550536 
1015, 5790.17339805983 
1016, 5810.13026074824 
1017, 5832.38732124512 
1018, 5861.45230317328 
1019, 5892.17678442076 
1020, 5925.17306794558 
1021, 5957.03147397931 
1022, 5987.21728018732 
1023, 6013.08569486919 
1024, 6053.13270036608 
1025, 6091.53637541962 
1026, 6120.67982990147 
1027, 6158.10566956183 
1028, 6194.24707662406 
1029, 6223.81130541798 
1030, 6257.91138069558 
1031, 6291.35479343475 
1032, 6316.92100559932 
1033, 6340.45554606799 
1034, 6358.75790430167 
1035, 6381.55663486465 
1036, 6405.58952401429 
1037, 6433.53353185562 
1038, 6453.90647568661 
1039, 6480.3963889945 
1040, 6507.4429496046 
1041, 6524.6415179973 
1042, 6543.87679423062 
1043, 6562.37627522265 
1044, 6579.47645557008 
1045, 6598.5774849761 
1046, 6618.34364691352 
1047, 6635.53325305218 
1048, 6652.5192546542 
1049, 6669.33993250646 
1050, 6683.12181002569 
1051, 6696.9632228263 
1052, 6721.79784469114 
1053, 6749.3228977081 
1054, 6776.31696638388 
1055, 6803.94021680428 
1056, 6828.2285875916 
1057, 6846.31388904918 
1058, 6867.65306884094 
1059, 6902.29532228166 
1060, 6941.92365747344 
1061, 6991.02984354762 
1062, 7042.02233465268 
1063, 7099.82424487934 
1064, 7155.4914605291 
1065, 7217.12524404108 
1066, 7282.94725513339 
1067, 7354.67946907587 
1068, 7433.41161449793 
1069, 7515.59692675809 
1070, 7602.71603272326 
1071, 7699.14315163998 
1072, 7798.78339445992 
1073, 7896.54968453111 
1074, 8002.47973720748 
1075, 8096.82813547775 
1076, 8187.51881580781 
1077, 8272.86660785201 
1078, 8345.55569213636 
1079, 8416.80783853496 
1080, 8478.0016848836 
1081, 8528.60315482442 
1082, 8583.77717581947 
1083, 8633.97032853189 
1084, 8678.66753243527 
1085, 8723.79338464314 
1086, 8762.54641026864 
1087, 8793.04027852204 
1088, 8822.4693051249 
1089, 8858.22575992729 
1090, 8875.34263151347 
1091, 8885.38792166182 
1092, 8882.37045930037 
1093, 8860.39673056488 
1094, 8831.35701166506 
1095, 8802.67915164054 
1096, 8775.01765061967 
1097, 8746.95641937076 
1098, 8711.33193023863 
1099, 8678.78220183885 
1100, 8642.12774949911 
1101, 8608.42969740998 
1102, 8583.39931770461 
1103, 8545.76756835303 
1104, 8510.36158352994 
1105, 8456.46955922106 
1106, 8393.55714327067 
1107, 8315.92017797289 
1108, 8197.41453787502 
1109, 8049.00893340989 
1110, 7854.85111148554 
1111, 7614.07296281039 
1112, 7331.55852987586 
1113, 6990.63390331611 
1114, 6649.43009060203 
1115, 6244.08033361639 
1116, 5884.90736346149 
1117, 5500.94172387781 
1118, 5176.4549064992 
1119, 4878.78826135479 
1120, 4610.52675634964 
1121, 4391.6502074617 
1122, 4214.45193211376 
1123, 4089.22949173048 
1124, 4003.19890665159 
1125, 3957.78611730429 
1126, 3971.50199545005 
1127, 3993.64663847948 
1128, 4057.42726923612 
1129, 4119.48449281891 
1130, 4209.4866260615 
1131, 4294.10156537785 
1132, 4376.13029676482 
1133, 4479.82497085038 
1134, 4592.781212569 
1135, 4712.95882826124 
1136, 4886.37027131806 
1137, 5062.34846660452 
1138, 5232.17924210999 
1139, 5392.27023460548 
1140, 5494.51595322458 
1141, 5561.45257021886 
1142, 5589.72383286381 
1143, 5557.78784945087 
1144, 5537.19899762922 
1145, 5438.34442593744 
1146, 5427.36038625919 
1147, 5418.14074137174 
1148, 5476.06160903825 
1149, 5597.27772176805 
1150, 5751.13344770192 
1151, 5958.69559614215 
1152, 6184.97021287598 
1153, 6417.96668169048 
1154, 6688.27060894381 
1155, 6941.85630783455 
1156, 7203.9216206503 
1157, 7454.48101469872 
1158, 7712.2937728094 
1159, 7948.66708271446 
1160, 8183.02600049981 
1161, 8388.66754720255 
1162, 8579.23326444824 
1163, 8748.00064427134 
1164, 8893.45493668049 
1165, 9017.40817509736 
1166, 9127.63307612815 
1167, 9215.93232143801 
1168, 9283.34616857202 
1169, 9327.46061679427 
1170, 9358.89751125332 
1171, 9370.89245399795 
1172, 9367.81295623483 
1173, 9344.09933457663 
1174, 9314.86560733904 
1175, 9266.47302117452 
1176, 9216.80743131313 
1177, 9154.58790987741 
1178, 9096.6513942709 
1179, 9033.61220915445 
1180, 8970.34065812302 
1181, 8901.08287675323 
1182, 8844.19165951974 
1183, 8788.90396403227 
1184, 8726.74171806075 
1185, 8689.15779978352 
1186, 8662.82349439554 
1187, 8648.97995720481 
1188, 8656.80792240516 
1189, 8658.74907361862 
1190, 8679.51769775836 
1191, 8681.10653820497 
1192, 8683.91876375014 
1193, 8669.59623029846 
1194, 8647.1101485358 
1195, 8607.71697567234 
1196, 8549.18200167024 
1197, 8482.94855068744 
1198, 8412.10319322626 
1199, 8320.54025073539 
1200, 8248.70689806106 
1201, 8174.96200773885 
1202, 8116.00163861522 
1203, 8061.72548954802 
1204, 8023.8407902603 
1205, 7999.54331202389 
1206, 7982.01741336542 
1207, 7981.47432701806 
1208, 7980.4106667494 
1209, 7985.1143526847 
1210, 7993.49052539715 
1211, 8014.64637008462 
1212, 8026.37515066912 
1213, 8035.9417469118 
1214, 8050.02306500124 
1215, 8048.58104689 
1216, 8035.82962148009 
1217, 8024.03362358818 
1218, 8005.08808425142 
1219, 7986.78811937978 
1220, 7964.75068675362 
1221, 7945.07535852622 
1222, 7920.04377351813 
1223, 7903.40410376228 
1224, 7894.73794196621 
1225, 7881.61547706252 
1226, 7869.34330091021 
1227, 7858.82401161762 
1228, 7844.71714049249 
1229, 7834.58794567223 
1230, 7827.38989723469 
1231, 7829.87852447082 
1232, 7816.7775220054 
1233, 7800.25991573004 
1234, 7780.54825710762 
1235, 7751.16972413443 
1236, 7724.55148146931 
1237, 7698.72972174674 
1238, 7670.04523107666 
1239, 7640.39260148151 
1240, 7605.58950433708 
1241, 7564.32367843959 
1242, 7527.43646451525 
1243, 7485.95402569905 
1244, 7448.46896869902 
1245, 7420.49013549269 
1246, 7386.69339375465 
1247, 7347.41691384521 
1248, 7307.0791785713 
1249, 7259.37140205398 
1250, 7206.14272439804 
1251, 7146.89297769436 
1252, 7083.98550382211 
1253, 7012.85043667228 
1254, 6935.72908572329 
1255, 6849.14124095152 
1256, 6757.5032357856 
1257, 6653.70777298039 
1258, 6538.51234473688 
1259, 6415.95540741806 
1260, 6274.34390075356 
1261, 6139.99849111605 
1262, 5992.59276260616 
1263, 5855.57354358857 
1264, 5744.92689117416 
1265, 5639.4935378231 
1266, 5570.95995838277 
1267, 5523.75407386066 
1268, 5512.8103242041 
1269, 5525.98475887431 
1270, 5578.34735535805 
1271, 5682.26021116197 
1272, 5783.52101435273 
1273, 5926.31958082422 
1274, 6049.07527334193 
1275, 6185.84129035058 
1276, 6298.34797829024 
1277, 6406.53753585263 
1278, 6495.48009073093 
1279, 6559.76430961669 
1280, 6618.95910340646 
1281, 6678.9940957047 
1282, 6729.8278918671 
1283, 6784.00838092758 
1284, 6841.87727929671 
1285, 6892.00004020381 
1286, 6936.57205048602 
1287, 6979.78386183407 
1288, 7024.61078684587 
1289, 7056.63931031331 
1290, 7083.54840886045 
1291, 7102.01523906804 
1292, 7107.23814747275 
1293, 7113.15033426051 
1294, 7113.62254163634 
1295, 7112.6034290635 
1296, 7110.27787984919 
1297, 7102.70956292713 
1298, 7091.17257581969 
1299, 7076.04977702794 
1300, 7056.27773458298 
1301, 7036.34284266965 
1302, 7013.8778024125 
1303, 6988.89733421035 
1304, 6962.92035483435 
1305, 6937.30392668967 
1306, 6904.45734658251 
1307, 6869.34949384121 
1308, 6829.59533980426 
1309, 6777.8708013359 
1310, 6734.91320567757 
1311, 6691.91165635475 
1312, 6651.55490741377 
1313, 6616.37601612579 
1314, 6580.52505071527 
1315, 6542.05308898204 
1316, 6509.45728777633 
1317, 6480.39401535179 
1318, 6453.33314298419 
1319, 6430.28443923343 
1320, 6407.330728516 
1321, 6380.022024859 
1322, 6341.92184037072 
1323, 6293.84451028471 
1324, 6243.52305470756 
1325, 6166.54121876373 
1326, 6070.56477310802 
1327, 5968.42453434915 
1328, 5834.65603308577 
1329, 5722.15568684559 
1330, 5598.49924259195 
1331, 5502.78166980487 
1332, 5415.31090666188 
1333, 5352.77707537372 
1334, 5325.04098069813 
1335, 5291.96013308169 
1336, 5276.77183822674 
1337, 5262.80285651872 
1338, 5239.91768890857 
1339, 5190.0016240196 
1340, 5110.53402783204 
1341, 4994.09473581722 
1342, 4825.97695095015 
1343, 4610.44366243696 
1344, 4360.40816702224 
1345, 4056.9005476144 
1346, 3738.47005055388 
1347, 3370.53949770266 
1348, 3018.1860668716 
1349, 2631.3284168269 
1350, 2283.94818031047 
1351, 1932.36451052084 
1352, 1622.63221456318 
1353, 1331.67900764225 
1354, 1077.97066295198 
1355, 857.499775438958 
1356, 669.112259023178 
1357, 512.186262769777 
1358, 392.481368594886 
1359, 296.743284257034 
1360, 220.127202399419 
1361, 167.370550455467 
1362, 128.748664019216 
1363, 103.485617296082 
1364, 94.0242171639665 
1365, 84.8291753589952 
1366, 84.1590184939903 
1367, 84.9360705783073 
1368, 90.8088430945849 
1369, 98.9538760004823 
1370, 111.383647350412 
1371, 125.926895064688 
1372, 145.123932399681 
1373, 162.662643779405 
1374, 186.308256559412 
1375, 202.392559730591 
1376, 216.580088889769 
1377, 225.814461484648 
1378, 232.368913069483 
1379, 229.913372835284 
1380, 224.544770998439 
1381, 218.65670900285 
1382, 208.13731947538 
1383, 202.550455610467 
1384, 202.352789462346 
1385, 216.420442684077 
1386, 248.062443754501 
1387, 281.53094592614 
1388, 305.121230261209 
1389, 331.315635624334 
1390, 350.925714066542 
1391, 358.450180641566 
1392, 369.440990823474 
1393, 383.267836556785 
1394, 392.40207025604 
1395, 394.932858143632 
1396, 402.53358591057 
1397, 410.054553847197 
1398, 419.352141103646 
1399, 427.627652671778 
1400, 442.139099352071 
1401, 462.980904373833 
1402, 481.056933109189 
1403, 503.04275194182 
1404, 522.116984026281 
1405, 537.976863973055 
1406, 559.708449720639 
1407, 581.547185235663 
1408, 609.260272860701 
1409, 646.135025815121 
1410, 680.273079827938 
1411, 716.539670469134 
1412, 758.822213340999 
1413, 797.554233500011 
1414, 836.796094709464 
1415, 870.942897694623 
1416, 907.317497655809 
1417, 932.818586356397 
1418, 949.27790403421 
1419, 964.575672217193 
1420, 971.43647350848 
1421, 981.372575531182 
1422, 992.778945784761 
1423, 999.344738572256 
1424, 1010.97188915027 
1425, 1008.72716919651 
1426, 997.874871624373 
1427, 979.510319114356 
1428, 950.578325044624 
1429, 915.979578985109 
1430, 874.215918543911 
1431, 834.749938456973 
1432, 793.851581290068 
1433, 748.211223494785 
1434, 713.611527950814 
1435, 677.398450519046 
1436, 642.321218298744 
1437, 615.962996294754 
1438, 590.185005861189 
1439, 568.603950259695 
1440, 545.003991453776 
1441, 523.305799526176 
1442, 501.773596414981 
1443, 476.093482166861 
1444, 455.607599405001 
1445, 441.226987025507 
1446, 423.911801004384 
1447, 407.382421142012 
1448, 391.533316580994 
1449, 373.759831859255 
1450, 359.468388872083 
1451, 346.350291300621 
1452, 335.146967783182 
1453, 328.719924377781 
1454, 319.838354547017 
1455, 311.870930845164 
1456, 303.282913953176 
1457, 290.977781120246 
1458, 275.276654226642 
1459, 256.814935395658 
1460, 240.402581349547 
1461, 224.834791171071 
1462, 205.505206619079 
1463, 187.757187096329 
1464, 170.53135257304 
1465, 155.635668046475 
1466, 142.857787101092 
1467, 129.449731088431 
1468, 115.265994472688 
1469, 105.57297368837 
1470, 97.8811068900771 
1471, 90.79461706195 
1472, 86.3316981023676 
1473, 85.2114238515941 
1474, 87.1127891091597 
1475, 85.431343150348 
1476, 87.9271913472925 
1477, 85.1636888437483 
1478, 74.5829896991178 
1479, 68.9974761322501 
1480, 63.6057911137824 
1481, 61.1470203571294 
1482, 60.8607745608451 
1483, 61.378999741483 
1484, 65.076799436479 
1485, 66.8486111858714 
1486, 70.9469632065484 
1487, 70.2241391374968 
1488, 67.5935600928315 
1489, 69.1767701317085 
1490, 64.3587215258488 
1491, 64.0976284786521 
1492, 66.5324405943403 
1493, 65.7963923112948 
1494, 67.0338144735339 
1495, 69.1302987655316 
1496, 70.2109224205402 
1497, 71.5181142325588 
1498, 75.0929979279776 
1499, 83.2580801233608 
1500, 83.8790936893367 
1501, 81.8573737798782 
1502, 81.7641360915007 
1503, 74.9255093863879 
1504, 77.0731516579514 
1505, 85.8802994847786 
1506, 93.5248987239963 
1507, 107.610001639948 
1508, 113.427134131444 
1509, 117.798619343594 
1510, 117.017603740552 
1511, 107.098762290062 
1512, 102.305261347271 
1513, 93.6241126892988 
1514, 92.3575007556911 
1515, 97.9501138693066 
1516, 100.164805802526 
1517, 106.930649414349 
1518, 109.698850956339 
1519, 107.351056969561 
1520, 108.248928752381 
1521, 110.109857306725 
1522, 111.587132055547 
1523, 113.217576587732 
1524, 106.768735653332 
1525, 104.581614415878 
1526, 107.498435013795 
1527, 107.378963747446 
1528, 114.659855739723 
1529, 119.538920684756 
1530, 114.374140829616 
1531, 117.536710207523 
1532, 120.913424613484 
1533, 122.015383283392 
1534, 124.487486640442 
1535, 123.974811014647 
1536, 119.752135685588 
1537, 120.683224574358 
1538, 120.944780216103 
1539, 125.570674772525 
1540, 135.785917510437 
1541, 141.263831084927 
1542, 147.500366776699 
1543, 151.857313862611 
1544, 154.255218262642 
1545, 156.92991910552 
1546, 158.269700652906 
1547, 161.02361007446 
1548, 163.949930261225 
1549, 166.096114514124 
1550, 168.326984648807 
1551, 171.525795747528 
1552, 176.412924239001 
1553, 177.275614942426 
1554, 176.166204254715 
1555, 176.6276681085 
1556, 173.485916276964 
1557, 173.964390729052 
1558, 178.068669643841 
1559, 181.548418534211 
1560, 185.374324839658 
1561, 189.224779541512 
1562, 194.596490883272 
1563, 198.884754774768 
1564, 202.826173291085 
1565, 206.810103192628 
1566, 210.434531778063 
1567, 213.418877612627 
1568, 217.249013391162 
1569, 218.91136007555 
1570, 217.288929086902 
1571, 216.303497328437 
1572, 213.203691118905 
1573, 212.475401479955 
1574, 214.488767575069 
1575, 216.637042671809 
1576, 220.924254532331 
1577, 224.277714500468 
1578, 227.570882541128 
1579, 233.641165690041 
1580, 238.508967755631 
1581, 242.229612388665 
1582, 251.737025206656 
1583, 264.206628309485 
1584, 273.434342403382 
1585, 285.509989537827 
1586, 295.28808481525 
1587, 303.372767345872 
1588, 309.207491069013 
1589, 316.326172073593 
1590, 318.929839520781 
1591, 313.714631457568 
1592, 313.73132188776 
1593, 314.060309953921 
1594, 316.628097543073 
1595, 321.928735552662 
1596, 325.723320973659 
1597, 331.446710383278 
1598, 334.152269316545 
1599, 336.335760700658 
1600, 334.957685776678 
1601, 328.545478452407 
1602, 327.013857692382 
1603, 322.720536386821 
1604, 323.805451603304 
1605, 331.553294712027 
1606, 336.723250441098 
1607, 342.940357868317 
1608, 348.969440011005 
1609, 353.870720962162 
1610, 360.77146602122 
1611, 373.334170087357 
1612, 377.196543231778 
1613, 375.234659172052 
1614, 377.44536264583 
1615, 374.143732783831 
1616, 375.703326882498 
1617, 387.322654231207 
1618, 391.000102317164 
1619, 389.955694632024 
1620, 390.507833141833 
1621, 384.627648590374 
1622, 386.693064326054 
1623, 397.321535329539 
1624, 401.891685454559 
1625, 408.238152872747 
1626, 412.652498173575 
1627, 411.637869454996 
1628, 412.130452886734 
1629, 414.19888809681 
1630, 414.978626561535 
1631, 413.911703723063 
1632, 413.604132033051 
1633, 412.837689040705 
1634, 413.206610707437 
1635, 414.677521221232 
1636, 415.441276340467 
1637, 417.460349672448 
1638, 418.183033068379 
1639, 417.101301163331 
1640, 416.740898525181 
1641, 414.94513177979 
1642, 415.250637025757 
1643, 416.094968457794 
1644, 418.944255753681 
1645, 424.372563272835 
1646, 429.947570869654 
1647, 441.637048315859 
1648, 446.335585451037 
1649, 444.73388292848 
1650, 445.957214768754 
1651, 446.002992648944 
1652, 442.101366916512 
1653, 442.553044995506 
1654, 446.129269796168 
1655, 450.833270965204 
1656, 456.021413321697 
1657, 461.173000902594 
1658, 470.601547793428 
1659, 472.819825935912 
1660, 469.568050597385 
1661, 473.22310372846 
1662, 477.668316913487 
1663, 480.565175144699 
1664, 487.181586765921 
1665, 488.690533003113 
1666, 484.868036455687 
1667, 485.779776607158 
1668, 488.17378676098 
1669, 489.012600024686 
1670, 490.0884935136 
1671, 491.147183116496 
1672, 490.599544625329 
1673, 493.97165547381 
1674, 500.224341035216 
1675, 503.679504004838 
1676, 508.07669260015 
1677, 510.510547539064 
1678, 510.583798180225 
1679, 511.130447612347 
1680, 511.344421235328 
1681, 512.71527039089 
1682, 513.036380734147 
1683, 517.073051965381 
1684, 524.326508907206 
1685, 528.557624062649 
1686, 533.557585925475 
1687, 536.759402719608 
1688, 538.477736975672 
1689, 539.318659721295 
1690, 538.04372544774 
1691, 541.030617302893 
1692, 543.449201965201 
1693, 549.517765283499 
1694, 564.063649660687 
1695, 564.224616270818 
1696, 558.432798235422 
1697, 556.46531634106 
1698, 546.214183653127 
1699, 546.509107516577 
1700, 555.945028090695 
1701, 558.06131074703 
1702, 559.538100828314 
1703, 561.568709520372 
1704, 560.783323842995 
1705, 563.628036747558 
1706, 570.204905059569 
1707, 572.36812393527 
1708, 573.579506210424 
1709, 576.228641877723 
1710, 576.046486489994 
1711, 580.492689918265 
1712, 590.626634814111 
1713, 590.855249744787 
1714, 588.343189267524 
1715, 583.494567592251 
1716, 578.757034894902 
1717, 582.899388746511 
1718, 585.251138339864 
1719, 582.611721791485 
1720, 583.933323760365 
1721, 584.570213911428 
1722, 585.931199276753 
1723, 585.611918969011 
1724, 584.467738294511 
1725, 583.471878776038 
1726, 580.255859035038 
1727, 582.101696926565 
1728, 586.330254370121 
1729, 588.825250639005 
1730, 588.73100695926 
1731, 586.951589353866 
1732, 583.417179281524 
1733, 572.364216585626 
1734, 564.442882954284 
1735, 560.834995905162 
1736, 557.960723655116 
1737, 569.927468668477 
1738, 580.883665323609 
1739, 585.767874650704 
1740, 594.163309651816 
1741, 592.222078939488 
1742, 586.835824114673 
1743, 585.659618752406 
1744, 584.4785091101 
1745, 587.277054509079 
1746, 589.880875060746 
1747, 590.58437040408 
1748, 589.23787785412 
1749, 581.400299605 
1750, 578.581166676113 
1751, 581.00415406526 
1752, 579.732716450732 
1753, 583.307373388411 
1754, 584.598541969459 
1755, 580.284202880338 
1756, 576.178555054229 
1757, 568.184112046352 
1758, 564.303064530179 
1759, 566.433068041643 
1760, 569.511640884194 
1761, 575.081456010807 
1762, 574.643554816073 
1763, 567.277939250518 
1764, 558.94878465741 
1765, 540.68764019785 
1766, 535.143317165067 
1767, 534.298516518704 
1768, 534.288481539549 
1769, 549.655941461537 
1770, 550.351920586148 
1771, 542.672094436306 
1772, 535.671646595997 
1773, 517.391685316083 
1774, 508.743392961376 
1775, 505.664423123802 
1776, 501.139613529283 
1777, 502.173590667428 
1778, 497.824205340317 
1779, 490.137355564417 
1780, 483.546940268925 
1781, 474.114823215523 
1782, 467.948098393851 
1783, 462.534850843297 
1784, 459.664927508592 
1785, 462.118828260282 
1786, 458.031196929337 
1787, 453.397062654092 
1788, 445.206227441769 
1789, 431.13055632173 
1790, 419.072790741348 
1791, 407.589431616995 
1792, 396.388695499852 
1793, 383.717669597174 
1794, 371.471672075188 
1795, 360.553878313711 
1796, 347.031084118223 
1797, 327.173120609022 
1798, 308.72571576542 
1799, 294.915945678734 
1800, 276.160757748359 
1801, 1672.73057272279 
1802, 1594.00971394251 
1803, 1524.34827696285 
1804, 1460.54480184783 
1805, 1428.76141899843 
1806, 1392.96371299567 
1807, 1350.54180851702 
1808, 1304.26614767633 
1809, 1260.74531751753 
1810, 1207.83000868134 
1811, 1148.15174922027 
1812, 1089.61956505921 
1813, 1024.08439200625 
1814, 973.680941398065 
1815, 925.770835423177 
1816, 860.985712354867 
1817, 821.494899394728 
1818, 778.915928231623 
1819, 732.965640399351 
1820, 682.393333530292 
1821, 642.869545348694 
1822, 604.06241632747 
1823, 570.661877726798 
1824, 542.334435836 
1825, 506.68580848409 
1826, 475.218340116585 
1827, 437.17712141815 
1828, 390.55839175091 
1829, 333.917929628035 
1830, 297.990631517204 
1831, 261.174324355049 
1832, 219.003247263105 
1833, 218.815461268707 
1834, 199.333451858139 
1835, 145.768154395836 
1836, 112.60929543307 
1837, 84.3644010937306 
1838, 60.9360584789243 
1839, 45.7834689893159 
1840, 48.9867215989454 
1841, 53.971799788763 
1842, 68.3435566024336 
1843, 64.032485256428 
1844, 82.7762846237588 
1845, 106.780538105407 
1846, 96.0260746426648 
1847, 95.1867253579083 
1848, 91.6970082108426 
1849, 76.3198233400791 
1850, 67.3703681870711 
1851, 67.2645848182293 
1852, 58.9665624492932 
1853, 55.2887862375472 
1854, 39.4914383104112 
1855, 13.3579955639378 
1856, 25.8205467631669 
1857, 19.9259965127858 
1858, 28.4116144442017 
1859, 46.4977975628058 
1860, 85.0914785363413 
1861, 89.8991683184258 
1862, 112.745431790611 
1863, 134.895932461035 
1864, 145.908697406131 
1865, 154.58362622006 
1866, 158.231874971197 
1867, 145.138485706876 
1868, 109.431415983751 
1869, 86.3396483807356 
1870, 57.6710585530058 
1871, 16.6097887734379 
1872,-15.7554374897595 
1873,-20.8240240496802 
1874,-21.3725179332937 
1875,-9.15469179570279 
1876, 11.6790235831747 
1877, 39.1277572438508 
1878, 42.7219006638027 
1879, 56.5512998263892 
1880, 76.9629782329827 
1881, 106.751767733752 
1882, 116.341652092935 
1883, 135.91447542589 
1884, 144.480344145164 
1885, 118.786647340208 
1886, 84.3641040260311 
1887, 79.8713524333488 
1888, 69.571325337736 
1889, 62.1421932423771 
1890, 68.7900924846851 
1891, 67.1275230943643 
1892, 48.0199892410798 
1893, 48.1014068944027 
1894, 46.8109338732495 
1895, 48.9595386251831 
1896, 50.186861321506 
1897, 26.7633748259265 
1898, 36.7587754083933 
1899, 38.8706383273434 
1900, 38.9670273964471 
1901, 64.2899039889875 
1902, 54.4612348184203 
1903, 11.6584062157128 
1904,-14.3664562069119 
1905,-21.0394974401022 
1906,-30.928093644011 
1907,-22.7156740185428 
1908,-9.3768700508245 
1909,-5.25134997642183 
1910,-5.00704470355445 
1911, 3.95675089273972 
1912, 33.7477578647308 
1913, 45.483542072445 
1914, 51.3084915910085 
1915, 51.5055598374987 
1916, 54.9763905253687 
1917, 60.5865235621796 
1918, 62.3927064118202 
1919, 60.8502091216283 
1920, 57.6661856738352 
1921, 56.8679146934709 
1922, 56.486545831399 
1923, 65.6039756587371 
1924, 68.1558393339245 
1925, 70.601913273787 
1926, 60.1732996838265 
1927, 53.8382760890928 
1928, 35.0986501700375 
1929, 27.0215170214252 
1930, 31.8366542115978 
1931, 42.5542819757649 
1932, 60.3965507180827 
1933, 65.2669307989508 
1934, 64.0243125044644 
1935, 58.1791110504866 
1936, 39.6340385112929 
1937, 33.0291408409481 
1938, 24.8397518966572 
1939, 16.5985269054774 
1940, 11.2051700085947 
1941,-8.36238477608208 
1942,-18.4539250770964 
1943,-17.6640255415346 
1944,-18.5309971507474 
1945,-8.32264757617197 
1946,-3.26049544363489 
1947,-2.49379724092224 
1948,-0.875941195957425 
1949, 5.36850539841658 
1950, 1.54152388869765 
1951,-0.366754532029065 
1952, 3.97146663623858 
1953, 4.14003835072825 
1954, 13.1604941761413 
1955, 18.1034233026489 
1956, 15.9584305747021 
1957, 21.3615794223409 
1958, 36.8137391630461 
1959, 46.6737351975153 
1960, 53.6726758738985 
1961, 68.5640360628174 
1962, 84.9532347543928 
1963, 79.7334701360859 
1964, 82.8815267768247 
1965, 93.6505789183877 
1966, 83.6850559130911 
1967, 52.2490130646217 
1968, 41.2175559129385 
1969, 26.220366638166 
1970, 16.2947899305405 
1971, 19.9704942878322 
1972, 19.6416900197653 
1973, 17.5170780612248 
1974, 15.9887938692 
1975,-8.727669207817 
1976, 4.23441373169535 
1977, 19.3766536837309 
1978, 7.9694676140791 
1979, 13.5718478824869 
1980, 41.2160866604102 
1981, 49.5984961837805 
1982, 43.4753523306171 
1983, 50.9926991674632 
1984, 66.0822449462935 
1985, 69.9978414029696 
1986, 80.917897483569 
1987, 75.5915240745233 
1988, 55.0237100827587 
1989, 43.2788201567049 
1990, 40.8400367204981 
1991, 42.8644741777327 
1992, 49.7894499615506 
1993, 80.5603928967418 
1994, 78.9243485102648 
1995, 67.7863487242514 
1996, 50.9766555673666 
1997, 4.75353161457839 
1998,-24.3438826303371 
1999,-26.3655005226788 
2000,-38.6051788718851 
2001,-22.4536459229896 
2002, 4.99053045920911 
2003, 6.57218798501016 
2004,-5.0241835934179 
2005,-10.292025776316 
2006,-42.965835599738 
2007,-40.7808275755979 
2008,-2.28781556921048 
2009, 10.2711457156197 
2010, 27.5235760978706 
2011, 37.3235130409349 
2012, 41.2717922626272 
2013, 25.0648940889069 
2014, 18.0400986270147 
2015, 20.2935539497269 
2016, 11.4348031237156 
2017,-9.95929731861729 
2018,-22.2357878848151 
2019,-43.6492241985831 
2020,-44.4765337129669 
2021,-34.0138193075004 
2022,-23.3370003862154 
2023, 1.99047019945296 
2024, 30.6996680040719 
2025, 41.565514498545 
2026, 46.6776591784676 
2027, 48.743508661621 
2028, 43.176374455938 
2029, 37.201835592157 
2030, 21.3550372350974 
2031, 19.1511559196102 
2032, 22.46151943567 
2033, 22.0119201115372 
2034, 28.1531182857524 
2035, 33.6669355002458 
2036, 35.3891104597068 
2037, 33.7671231579331 
2038, 28.5389945180531 
2039, 33.1386956375637 
2040, 36.4809490560972 
2041, 38.0450439649832 
2042, 42.1946976592335 
2043, 52.3487477580939 
2044, 54.3258961334376 
2045, 58.1690942192346 
2046, 50.1771170165731 
2047, 25.6139971956332 
2048, 20.5753127225154 
2049, 19.1679724954028 
2050, 12.8356571947374 
2051, 15.3448509993243 
2052, 11.7568724809269 
2053, 27.3722792021848 
2054, 24.7938837700921 
2055, 35.543791400072 
2056, 76.5542122601722 
2057, 80.0745967353209 
2058, 56.4213720216447 
2059, 51.92170457127 
2060, 36.0330138736703 
2061, 32.6639022054457 
2062, 49.1874420110971 
2063, 55.7646056438442 
2064, 63.5858683030915 
2065, 64.414047971759 
2066, 58.4641772784584 
2067, 51.1992946912689 
2068, 50.2365427140206 
2069, 50.0072943937196 
2070, 47.0727247730186 
2071, 47.2838353530798 
2072, 47.0291673919669 
2073, 33.4042651580717 
2074, 39.030940834595 
2075, 63.4841009850913 
2076, 76.595645766055 
2077, 105.662613454695 
2078, 111.371499667145 
2079, 89.9948214057641 
2080, 82.7769804962551 
2081, 73.5981593102504 
2082, 59.250786624252 
2083, 51.1942120031923 
2084, 53.797322121258 
2085, 53.3731483772672 
2086, 42.7889612526999 
2087, 51.3614374124592 
2088, 80.5570574971835 
2089, 90.7615055413663 
2090, 102.57911717172 
2091, 109.953341276758 
2092, 103.81795238314 
2093, 103.315046388216 
2094, 107.391912080457 
2095, 109.028743466114 
2096, 98.6733547927389 
2097, 109.958119557449 
2098, 108.05201664961 
2099, 95.9677388416843 
2100, 107.782850029361 
2101, 133.719002765435 
2102, 141.730563745196 
2103, 166.399842407799 
2104, 166.265898152623 
2105, 131.202692621897 
2106, 120.785127967783 
2107, 109.058417928566 
2108, 108.246961320226 
2109, 121.881344294646 
2110, 132.864619327562 
2111, 149.704083606825 
2112, 166.198597740305 
2113, 178.182035858862 
2114, 200.68594994965 
2115, 212.792941900904 
2116, 222.882274886297 
2117, 231.222710327209 
2118, 235.218115785224 
2119, 237.180031070244 
2120, 235.066780093828 
2121, 236.66024198399 
2122, 237.283344653774 
2123, 239.71346871802 
2124, 246.350838872125 
2125, 251.390058146696 
2126, 253.257798495588 
2127, 256.178483543309 
2128, 261.901954669806 
2129, 261.907750945868 
2130, 271.848901142303 
2131, 284.497749953875 
2132, 302.381439743929 
2133, 334.313736984235 
2134, 348.396504937311 
2135, 354.86976464154 
2136, 367.976989211612 
2137, 379.094262800583 
2138, 382.414996485677 
2139, 384.530146503217 
2140, 390.926123885832 
2141, 392.602821888407 
2142, 393.164542849955 
2143, 395.856378536258 
2144, 402.249578619807 
2145, 408.749665229479 
2146, 404.995284596293 
2147, 421.284702562748 
2148, 437.185441358803 
2149, 459.385485904152 
2150, 491.509948481816 
2151, 506.683602783581 
2152, 521.015689212867 
2153, 533.812316549003 
2154, 523.630268240729 
2155, 541.542998800587 
2156, 585.044397951314 
2157, 606.759759250512 
2158, 639.771321444183 
2159, 649.992133449462 
2160, 620.379568971588 
2161, 621.263845433929 
2162, 625.844667748878 
2163, 635.554890788704 
2164, 668.376702407938 
2165, 697.761289102689 
2166, 710.189587858059 
2167, 715.260581767219 
2168, 716.557088527962 
2169, 703.245650902452 
2170, 702.292390343516 
2171, 697.177978700141 
2172, 704.128923278988 
2173, 717.426166660674 
2174, 735.62759348047 
2175, 770.835199891168 
2176, 791.833004161178 
2177, 813.696268433856 
2178, 827.619763095024 
2179, 827.695144891353 
2180, 833.180360510411 
2181, 833.663865023969 
2182, 842.224279488391 
2183, 851.524507372202 
2184, 868.217248453074 
2185, 908.088416053089 
2186, 926.468947669257 
2187, 954.890681805445 
2188, 997.941768838238 
2189, 1014.21575264693 
2190, 1022.35846504482 
2191, 1021.25565526574 
2192, 997.379950068003 
2193, 985.912720214051 
2194, 969.373761453304 
2195, 961.601033956789 
2196, 956.254528553631 
2197, 959.304605581026 
2198, 967.445858476988 
2199, 980.103527380862 
2200, 1008.89313733031 
2201, 1025.67848818458 
2202, 1038.09201158564 
2203, 1054.64851846065 
2204, 1070.87255309269 
2205, 1079.73016446521 
2206, 1097.36859882502 
2207, 1118.57510408338 
2208, 1134.34939861007 
2209, 1146.69935770698 
2210, 1160.42206074536 
2211, 1178.99176912946 
2212, 1181.58720110926 
2213, 1171.47341429239 
2214, 1173.60209790541 
2215, 1163.2399539904 
2216, 1173.32258881744 
2217, 1204.82155384668 
2218, 1227.53094524495 
2219, 1258.79674557716 
2220, 1280.23327548412 
2221, 1295.13685358423 
2222, 1310.77314009299 
2223, 1323.60680499065 
2224, 1334.39714452892 
2225, 1354.74183744224 
2226, 1357.32336348567 
2227, 1352.96999453467 
2228, 1331.61899899991 
2229, 1305.53849759799 
2230, 1278.1221252532 
2231, 1259.29689248727 
2232, 1235.5143285848 
2233, 1242.52157572031 
2234, 1275.7800129989 
2235, 1281.51415252169 
2236, 1296.46791573745 
2237, 1303.08645560598 
2238, 1287.76029377812 
2239, 1282.37007828716 
2240, 1291.1595526018 
2241, 1287.7836314996 
2242, 1270.130749225 
2243, 1260.69767841791 
2244, 1256.49787251681 
2245, 1246.09396818779 
2246, 1227.21994785526 
2247, 1218.53632216273 
2248, 1209.78972401524 
2249, 1205.9907454083 
2250, 1223.91217560743 
2251, 1223.09106211784 
2252, 1209.28402379321 
2253, 1204.49478095666 
2254, 1177.77621334968 
2255, 1145.75376354553 
2256, 1140.73319883153 
2257, 1118.95541564671 
2258, 1102.73171724466 
2259, 1098.25473146583 
2260, 1079.00659761065 
2261, 1043.4557748979 
2262, 1024.9320965652 
2263, 1004.54631454548 
2264, 1000.30600748294 
2265, 1017.53324334739 
2266, 1015.75145503329 
2267, 1018.6005825475 
2268, 1012.73616463648 
2269, 992.348728966493 
2270, 972.552229572687 
2271, 952.034637410869 
2272, 927.411783352874 
2273, 891.688134077202 
2274, 868.957487559191 
2275, 849.247577407529 
2276, 833.10536828142 
2277, 818.899551263179 
2278, 811.828873407763 
2279, 813.822883545729 
2280, 817.56846578833 
2281, 832.115507462992 
2282, 847.968799886183 
2283, 835.656911205986 
2284, 811.182262229629 
2285, 792.118517850147 
2286, 753.448953666311 
2287, 742.792538432796 
2288, 748.46577383018 
2289, 737.654249712454 
2290, 731.317405823151 
2291, 708.496674468158 
2292, 667.913524200089 
2293, 638.216235290207 
2294, 601.442343541191 
2295, 574.799585302508 
2296, 555.306800737186 
2297, 535.844205824409 
2298, 520.91141189213 
2299, 503.455698680287 
2300, 487.243631591966 
2301, 473.863793285437 
2302, 456.302600245099 
2303, 444.983008303111 
2304, 440.720727413759 
2305, 434.600094952643 
2306, 425.613927781092 
2307, 428.978461807434 
2308, 451.19388057756 
2309, 453.913481425665 
2310, 456.265704144713 
2311, 449.953509658203 
2312, 416.731374710747 
2313, 397.551345993267 
2314, 385.617263662176 
2315, 374.783367399791 
2316, 355.01963194249 
2317, 343.040850103368 
2318, 336.959648452438 
2319, 358.671532483352 
2320, 380.446835080586 
2321, 389.029954686997 
2322, 381.837476086297 
2323, 349.3373624364 
2324, 315.284341364892 
2325, 296.592643242913 
2326, 271.943741064774 
2327, 250.630932687637 
2328, 243.738592034859 
2329, 249.703137593859 
2330, 243.193655255588 
2331, 241.290655482984 
2332, 240.7575654158 
2333, 242.344742426633 
2334, 232.095079000433 
2335, 222.085249752517 
2336, 208.850844840548 
2337, 173.198008047452 
2338, 156.65379779368 
2339, 152.374201706365 
2340, 149.491823329104 
2341, 154.068113260845 
2342, 155.105856408935 
2343, 154.347080777701 
2344, 159.228412112821 
2345, 170.139888305281 
2346, 173.194307470159 
2347, 185.548917250982 
2348, 182.205780161665 
2349, 157.244268727637 
2350, 144.325791217216 
2351, 120.524847952609 
2352, 117.228107793448 
2353, 144.950922877331 
2354, 144.060762098624 
2355, 138.519856499026 
2356, 134.111088140245 
2357, 102.702553231484 
2358, 91.6862238539225 
2359, 90.6138969602649 
2360, 95.3288000706843 
2361, 121.34198722814 
2362, 133.993642548193 
2363, 144.595756046784 
2364, 160.416262737488 
2365, 166.621691125309 
2366, 142.835783596722 
2367, 115.822436721163 
2368, 98.0549512376803 
2369, 71.9923015442365 
2370, 53.3084380524969 
2371, 59.8400946028851 
2372, 70.400217196053 
2373, 77.7862026276481 
2374, 88.9140095883315 
2375, 82.9226222159364 
2376, 67.1516304430975 
2377, 73.0161101887386 
2378, 85.1850384767793 
2379, 95.9148661112093 
2380, 115.420033726671 
2381, 125.686656520238 
2382, 111.655903322707 
2383, 84.0352651185085 
2384, 62.7740955463552 
2385, 45.6128046345307 
2386, 27.4821730004122 
2387, 33.7153685661751 
2388, 54.2456371081407 
2389, 55.7081503344154 
2390, 72.4429203502606 
2391, 102.774857618516 
2392, 103.841873514746 
2393, 102.130985214189 
2394, 99.6840647220387 
2395, 79.6715217767814 
2396, 74.9520184825066 
2397, 91.2912964363577 
2398, 110.630837190492 
2399, 131.208915507619 
2400, 133.199863605405 
2401, 108.198234071109 
2402, 86.3031448408619 
2403, 70.0951401961235 
2404, 47.6716115024343 
2405, 39.6416831474953 
2406, 51.3067980825176 
2407, 49.1084360532215 
2408, 48.2270900804961 
2409, 43.2860988343332 
2410, 30.5934756527983 
2411, 32.7781201572602 
2412, 39.4053883210307 
2413, 36.6217513245566 
2414, 39.7282118420869 
2415, 37.410433947859 
2416, 28.3184056861179 
2417, 11.5323012997395 
2418,-10.932858115348 
2419,-17.2188598244807 
2420,-37.6063168132804 
2421,-26.3563212403017 
2422, 23.2556374553098 
2423, 38.0826233598812 
2424, 50.6842515267869 
2425, 56.1794502698619 
2426, 42.3542657309575 
2427, 48.4974508234083 
2428, 60.5439299634073 
2429, 70.6832454965182 
2430, 91.2387949624492 
2431, 94.8994093474115 
2432, 91.2189030918351 
2433, 90.6709693892528 
2434, 81.6655709420801 
2435, 82.0409516378463 
2436, 88.4312788449509 
2437, 87.9560058959135 
2438, 88.2130751878874 
2439, 82.1294272498801 
2440, 71.1049264583977 
2441, 61.075893281929 
2442, 47.1030059790774 
2443, 36.9743214386779 
2444, 24.2015723680246 
2445, 25.315753975129 
2446, 24.8926767899009 
2447, 33.0899608470381 
2448, 47.7523875544402 
2449, 52.4778382056175 
2450, 69.4982471073154 
2451, 81.7696277632811 
2452, 77.0529559659054 
2453, 68.6843088443729 
2454, 53.5746386538168 
2455, 44.5103730682891 
2456, 36.5415079395672 
2457, 35.7704368418972 
2458, 43.9990725802353 
2459, 49.7150486391721 
2460, 46.8124490207196 
2461, 43.0609782025933 
2462, 32.6582793289726 
2463, 18.5306425937637 
2464, 13.3234930904788 
2465,-2.48685654450857 
2466, 9.76170342717726 
2467, 34.889558347231 
2468, 37.1520985591403 
2469, 42.9674187675664 
2470, 29.1775623941029 
2471,-5.59495037410726 
2472,-12.9900203278552 
2473,-4.49441272140351 
2474, 1.8878919271375 
2475, 24.8275963929711 
2476, 35.6324997221446 
2477, 46.15678736673 
2478, 60.1057127179925 
2479, 51.1636816246168 
2480, 45.3214100950685 
2481, 44.1637669252634 
2482, 36.1167511088953 
2483, 20.9471184003352 
2484, 13.9081790907651 
2485, 10.9873205656606 
2486, 7.79306564716552 
2487, 22.8961389415901 
2488, 31.348926293683 
2489, 21.9431865815204 
2490, 21.0196992618399 
2491, 37.8417668889156 
2492, 58.0602006736678 
2493, 55.0987261142685 
2494, 50.1575558470105 
2495, 33.8527933976204 
2496, 19.6009466868879 
2497, 41.9851736527691 
2498, 50.6057098997263 
2499, 71.9387472743821 
2500, 67.3863895843781 
