Wavelength,0212202100093.asd
350, 133.187133376292 
351, 139.14551338959 
352, 146.071093774361 
353, 152.282105496712 
354, 157.073308999512 
355, 161.744654479369 
356, 167.402140595202 
357, 172.726701813232 
358, 178.333589314996 
359, 184.922604690641 
360, 192.804998899688 
361, 199.626378539193 
362, 208.388976325851 
363, 219.633435792611 
364, 231.08716040434 
365, 241.326061850114 
366, 250.970113359385 
367, 260.330830202665 
368, 268.435292452841 
369, 273.205078630084 
370, 274.932936664289 
371, 274.863875763137 
372, 273.828788535502 
373, 273.564578883114 
374, 274.501186386855 
375, 275.897651185083 
376, 275.654324370455 
377, 275.872361640628 
378, 276.374454723167 
379, 273.33616241092 
380, 272.185668749713 
381, 269.843255510696 
382, 263.936036791933 
383, 260.134274398722 
384, 255.481560751836 
385, 252.412884109602 
386, 255.023612141035 
387, 261.474517283219 
388, 268.017595498734 
389, 273.215213729523 
390, 278.246453320373 
391, 282.546150945406 
392, 286.740996458146 
393, 291.242669054339 
394, 294.899914496982 
395, 303.531251411996 
396, 317.959696702117 
397, 337.640192796806 
398, 366.371582389074 
399, 399.493138268385 
400, 433.603711619228 
401, 466.886905168784 
402, 498.443645286889 
403, 524.54167196709 
404, 543.455729888664 
405, 557.550315832789 
406, 569.666744116028 
407, 580.077236453518 
408, 589.518315366402 
409, 605.086514807514 
410, 621.202647699459 
411, 637.109164511631 
412, 655.649857573129 
413, 673.010855661332 
414, 690.859576940316 
415, 709.116036363021 
416, 723.311073493063 
417, 736.648964396741 
418, 750.437950276986 
419, 764.856567679589 
420, 778.049417502465 
421, 790.260572580676 
422, 803.258019902217 
423, 819.302352048097 
424, 835.070400350568 
425, 847.036153971384 
426, 853.0137332804 
427, 852.812034862522 
428, 849.255558069857 
429, 849.759016262697 
430, 860.244797257 
431, 875.760284506445 
432, 895.366452786684 
433, 924.66139803991 
434, 971.635671417322 
435, 1020.9867368404 
436, 1058.47195055703 
437, 1081.16781637951 
438, 1103.97574828281 
439, 1129.49123922625 
440, 1155.0863418966 
441, 1178.22920744341 
442, 1206.58315532454 
443, 1236.72835596901 
444, 1265.09959428625 
445, 1288.68299056531 
446, 1309.27297752086 
447, 1327.58875074708 
448, 1345.39338412748 
449, 1366.9092434929 
450, 1387.24817583776 
451, 1400.0200080518 
452, 1401.30316544815 
453, 1400.07749650514 
454, 1395.17989873272 
455, 1388.44350576814 
456, 1384.54712775679 
457, 1386.36643057903 
458, 1390.95932945044 
459, 1394.17328822308 
460, 1391.3464594364 
461, 1389.08353691321 
462, 1388.26799381514 
463, 1386.78617855578 
464, 1379.97484768346 
465, 1368.94828913358 
466, 1355.85442017585 
467, 1343.45317105203 
468, 1333.67087133355 
469, 1327.07896864152 
470, 1323.99144164981 
471, 1325.44761934122 
472, 1329.32645241236 
473, 1334.97428771506 
474, 1342.07845397152 
475, 1347.66608044631 
476, 1353.91998191809 
477, 1361.79344461339 
478, 1370.13909066261 
479, 1382.91621474938 
480, 1398.83401516197 
481, 1414.4260699776 
482, 1425.25614517324 
483, 1426.17011662849 
484, 1415.95988424336 
485, 1397.18169558879 
486, 1376.70231198035 
487, 1366.15221388362 
488, 1374.09691152521 
489, 1404.38985217659 
490, 1443.62475567667 
491, 1478.38802973933 
492, 1500.0385418449 
493, 1516.60679109896 
494, 1533.28225780319 
495, 1554.57688296247 
496, 1582.68043932034 
497, 1599.89725994859 
498, 1606.79859915008 
499, 1607.86499657376 
500, 1607.97025309914 
501, 1609.1687616841 
502, 1615.81563274617 
503, 1632.12964091829 
504, 1658.01425411073 
505, 1691.63721794086 
506, 1727.63087681031 
507, 1757.45256981553 
508, 1783.84902833897 
509, 1809.6246003418 
510, 1837.09856302688 
511, 1867.38617088028 
512, 1894.32294318185 
513, 1915.32425901524 
514, 1929.63066937997 
515, 1933.04416452711 
516, 1931.26323326374 
517, 1931.04836455034 
518, 1938.18295682923 
519, 1975.19838589417 
520, 2042.37938996253 
521, 2127.26520458257 
522, 2204.28220026892 
523, 2268.15125239424 
524, 2317.9237477682 
525, 2356.12317598097 
526, 2382.67192265987 
527, 2401.05816841637 
528, 2424.30987469527 
529, 2486.03814927511 
530, 2558.89374678246 
531, 2618.33181845941 
532, 2646.32453682157 
533, 2656.67354624641 
534, 2668.30295227632 
535, 2692.48338814691 
536, 2730.57767914862 
537, 2755.09590468846 
538, 2762.6751683834 
539, 2758.24831488081 
540, 2749.89809669287 
541, 2744.91996466615 
542, 2750.90542860641 
543, 2772.73045504892 
544, 2797.83676015993 
545, 2819.68937892956 
546, 2833.3596283458 
547, 2834.75720025789 
548, 2832.91322849884 
549, 2831.80095850055 
550, 2832.86401412238 
551, 2834.8437727725 
552, 2836.20440079689 
553, 2834.98088504049 
554, 2829.31199699923 
555, 2825.07298356254 
556, 2811.14791815871 
557, 2781.37846469186 
558, 2745.62671645156 
559, 2711.36315598467 
560, 2686.69113314123 
561, 2677.07447623956 
562, 2676.59708271198 
563, 2671.634468768 
564, 2654.67599293702 
565, 2626.39287396329 
566, 2595.00926114995 
567, 2564.40905534638 
568, 2536.08835584084 
569, 2509.11708331031 
570, 2477.44788480056 
571, 2448.11594623111 
572, 2434.69681867327 
573, 2428.69527609384 
574, 2421.40090391942 
575, 2406.8561324441 
576, 2383.06902186277 
577, 2362.49557817734 
578, 2351.71091255189 
579, 2353.08549607637 
580, 2361.13117329075 
581, 2379.56924952987 
582, 2403.85598298855 
583, 2421.9357292635 
584, 2434.1555140051 
585, 2433.16831950671 
586, 2416.18501898921 
587, 2393.18364378396 
588, 2365.62250509689 
589, 2329.50428882152 
590, 2283.81142410955 
591, 2263.65253620355 
592, 2268.56842832604 
593, 2282.68841922252 
594, 2275.81381014405 
595, 2256.35348948325 
596, 2231.73663803019 
597, 2207.55332737827 
598, 2181.18534297619 
599, 2151.57948365349 
600, 2119.72069720259 
601, 2088.55469389402 
602, 2064.1679906026 
603, 2047.9693809015 
604, 2038.74888765884 
605, 2033.01533692428 
606, 2021.47765138921 
607, 2003.49923987654 
608, 1982.62816053051 
609, 1963.26782936458 
610, 1946.70948834197 
611, 1932.72891442303 
612, 1919.79818248033 
613, 1906.94968983182 
614, 1893.55869309289 
615, 1880.4404801287 
616, 1871.2529428643 
617, 1865.93510949042 
618, 1867.64768280093 
619, 1878.95226861558 
620, 1891.29056312093 
621, 1896.80128569705 
622, 1892.82045368851 
623, 1882.97719907639 
624, 1869.20335012383 
625, 1856.08879342568 
626, 1846.87423599309 
627, 1839.41274386937 
628, 1830.24881913048 
629, 1821.4451633396 
630, 1818.63814484926 
631, 1824.51081006413 
632, 1834.43466509966 
633, 1845.41820376231 
634, 1859.15338927481 
635, 1870.03262037414 
636, 1878.16930025377 
637, 1884.89369795775 
638, 1888.07814742844 
639, 1887.41287366075 
640, 1881.78029991249 
641, 1870.16930975126 
642, 1861.82964127479 
643, 1857.58898991918 
644, 1855.20141617428 
645, 1849.76632098896 
646, 1840.98495530442 
647, 1828.47348497547 
648, 1813.47520565128 
649, 1803.47868986556 
650, 1796.33372686694 
651, 1792.8288207519 
652, 1796.68604425995 
653, 1796.51643715847 
654, 1779.05730723609 
655, 1741.15191794403 
656, 1701.59489284105 
657, 1674.86300059797 
658, 1678.96703901571 
659, 1723.96848724756 
660, 1773.3190499524 
661, 1803.64778198573 
662, 1812.96305767765 
663, 1822.79723778694 
664, 1829.11329557148 
665, 1834.29491183824 
666, 1841.33829623009 
667, 1852.34144556337 
668, 1864.19493171837 
669, 1875.2338419739 
670, 1884.97209179517 
671, 1894.79859943318 
672, 1905.4635878231 
673, 1919.39497693445 
674, 1941.30981568744 
675, 1963.86628343997 
676, 1986.56752649271 
677, 2010.94292513217 
678, 2038.72052493591 
679, 2067.89897264701 
680, 2097.59511757112 
681, 2127.79251506852 
682, 2160.04865619013 
683, 2191.36790102459 
684, 2210.69426777473 
685, 2196.84803026884 
686, 2144.82912505776 
687, 2060.29978506378 
688, 1972.16869882387 
689, 1962.24906372999 
690, 2051.27907364604 
691, 2203.87487451311 
692, 2351.3671045351 
693, 2494.75742624483 
694, 2620.02085355669 
695, 2724.11674206505 
696, 2820.1298882356 
697, 2917.55843402672 
698, 3010.29722436524 
699, 3090.67399803675 
700, 3162.42858563022 
701, 3237.35268736076 
702, 3322.4709006888 
703, 3421.01645952916 
704, 3536.06106678182 
705, 3660.89220067292 
706, 3784.68390072633 
707, 3892.88564457415 
708, 4004.02875390795 
709, 4118.16553999855 
710, 4232.84925413112 
711, 4354.95534711504 
712, 4477.06812029656 
713, 4597.47868022562 
714, 4715.38159880182 
715, 4815.26397161071 
716, 4877.07673959693 
717, 4890.7124116564 
718, 4859.63950944163 
719, 4852.8821539315 
720, 4933.73336936392 
721, 5129.76878783953 
722, 5398.99504690395 
723, 5628.55465240491 
724, 5778.8994001658 
725, 5869.65997415775 
726, 5995.93463771557 
727, 6148.08385231027 
728, 6306.51824896713 
729, 6453.75226120967 
730, 6629.08476078155 
731, 6841.12003527753 
732, 7085.7360832661 
733, 7351.08527970242 
734, 7603.25730797812 
735, 7818.58652835884 
736, 7986.37698468028 
737, 8124.39739818628 
738, 8254.4168421678 
739, 8381.59340329442 
740, 8498.0616386806 
741, 8623.71865219308 
742, 8767.20907168993 
743, 8929.61021684563 
744, 9103.88095812537 
745, 9273.72728883482 
746, 9435.39507397371 
747, 9590.23678685606 
748, 9740.97119792501 
749, 9876.12703323462 
750, 10000.8648992963 
751, 10131.225080828 
752, 10278.1710688281 
753, 10438.5368437631 
754, 10601.0872918776 
755, 10746.7049594822 
756, 10845.0922725249 
757, 10754.2956237331 
758, 10247.9299977577 
759, 8946.38286301528 
760, 6947.261874929 
761, 4958.80985035897 
762, 3848.57134960752 
763, 3886.53302750283 
764, 4554.11738597794 
765, 5590.39007780981 
766, 6967.57260140578 
767, 8478.99222033617 
768, 9812.90489934161 
769, 10773.0063815867 
770, 11347.523166501 
771, 11666.8903000922 
772, 11831.2403163323 
773, 11918.7535641885 
774, 11972.6506594499 
775, 11999.7748137846 
776, 12014.6919596284 
777, 12028.2779080226 
778, 12025.7665593968 
779, 12009.0273685977 
780, 11987.8908086898 
781, 11975.7650807792 
782, 11959.5504067178 
783, 11930.2480620464 
784, 11888.0690755108 
785, 11845.8350432088 
786, 11800.9071859288 
787, 11741.9208709325 
788, 11660.2296107395 
789, 11560.7810396303 
790, 11449.1121148543 
791, 11330.4366886614 
792, 11210.8529051402 
793, 11098.7525219664 
794, 11010.0079363992 
795, 10954.7023394168 
796, 10933.4839888956 
797, 10919.3010762164 
798, 10885.5090464337 
799, 10820.180482701 
800, 10730.3442379028 
801, 10626.4313502659 
802, 10529.5621040126 
803, 10449.7389124624 
804, 10368.4428542443 
805, 10299.4926672087 
806, 10235.4813873697 
807, 10161.8584505495 
808, 10067.818405269 
809, 9953.29096466802 
810, 9823.90713778243 
811, 9684.19693693643 
812, 9516.69824391465 
813, 9295.02347061903 
814, 9015.93672128087 
815, 8703.124753681 
816, 8411.22929338862 
817, 8179.72164559423 
818, 8036.24751428455 
819, 7995.35148546095 
820, 7986.89555295394 
821, 7961.8092466078 
822, 7900.22895186715 
823, 7827.27499494231 
824, 7780.63206388021 
825, 7788.65108615738 
826, 7841.14571668163 
827, 7825.57266278645 
828, 7742.50966637437 
829, 7629.22543372086 
830, 7538.03961064047 
831, 7480.95153746522 
832, 7438.3666628022 
833, 7402.91604722053 
834, 7379.31098131837 
835, 7367.82256953667 
836, 7362.33596010348 
837, 7351.26498640311 
838, 7319.20896079123 
839, 7267.68422230468 
840, 7204.84285610351 
841, 7136.95779711937 
842, 7064.19444570665 
843, 6987.23805267073 
844, 6912.10995669698 
845, 6842.16302818369 
846, 6773.35535253269 
847, 6686.07157611163 
848, 6579.41240287578 
849, 6460.78106785146 
850, 6339.60056196254 
851, 6199.92059529191 
852, 6056.44916106392 
853, 5935.85789299139 
854, 5844.97958416795 
855, 5773.42767716392 
856, 5742.28139246323 
857, 5780.36621393201 
858, 5842.67395344621 
859, 5861.85389931025 
860, 5824.07200408481 
861, 5764.29612463151 
862, 5693.59288532629 
863, 5600.94438443599 
864, 5486.65353825255 
865, 5367.52791994438 
866, 5255.57904958637 
867, 5161.25365543671 
868, 5100.57484600805 
869, 5095.7620792657 
870, 5112.49803285786 
871, 5111.5829534648 
872, 5074.45636478849 
873, 5019.47776277623 
874, 4963.04408498143 
875, 4904.90408821432 
876, 4843.62270407466 
877, 4787.06634500597 
878, 4731.40943695515 
879, 4676.01516070176 
880, 4620.75775491072 
881, 4564.47855457846 
882, 4507.92360789913 
883, 4453.75141717743 
884, 4403.83083854025 
885, 4356.28816982105 
886, 4302.15734993016 
887, 4243.53518497849 
888, 4186.44355809508 
889, 4131.61841801867 
890, 4076.38622819085 
891, 4013.948483621 
892, 3936.63067952384 
893, 3841.50806171342 
894, 3731.25336136671 
895, 3608.15426514313 
896, 3475.73573140742 
897, 3342.44047691664 
898, 3216.89570640196 
899, 3112.69705937052 
900, 3042.29613351225 
901, 3000.56738433964 
902, 2983.72394044874 
903, 2979.85650902582 
904, 2973.07581447036 
905, 2955.90598500186 
906, 2926.87347173039 
907, 2878.0547005951 
908, 2802.65553063792 
909, 2722.95382811608 
910, 2657.71166812616 
911, 2610.67304514349 
912, 2574.39134731853 
913, 2547.79402346419 
914, 2522.64430629142 
915, 2496.17943975775 
916, 2471.38049794511 
917, 2456.00276046402 
918, 2444.74834703627 
919, 2434.3351710109 
920, 2423.55110493237 
921, 2408.92537094064 
922, 2390.23346696919 
923, 2362.32529683218 
924, 2317.99490438374 
925, 2259.06880526497 
926, 2188.09393151963 
927, 2104.25195007437 
928, 2004.42237999348 
929, 1887.09160078049 
930, 1751.02224713352 
931, 1605.10901958203 
932, 1464.62226965318 
933, 1340.60316573692 
934, 1240.79642616663 
935, 1172.02468378542 
936, 1137.52067279741 
937, 1131.66397392297 
938, 1140.53872953997 
939, 1155.36671049733 
940, 1170.98619619422 
941, 1182.55839599535 
942, 1186.06430254086 
943, 1177.09792549435 
944, 1154.40493952276 
945, 1124.73280680715 
946, 1100.19936688653 
947, 1085.66780436648 
948, 1080.02907937423 
949, 1076.65078608965 
950, 1075.11523650294 
951, 1073.40604147265 
952, 1070.06241935705 
953, 1065.61579880463 
954, 1060.98475378841 
955, 1056.65832586924 
956, 1053.24006272934 
957, 1051.75217346857 
958, 1051.58947906753 
959, 1052.04160573756 
960, 1053.64729704736 
961, 1058.44127724806 
962, 1061.00226559232 
963, 1063.57435507203 
964, 1068.20466636067 
965, 1074.44127438062 
966, 1078.86187104843 
967, 1079.86973046224 
968, 1077.89973352633 
969, 1074.69749766906 
970, 1070.13504169285 
971, 1061.46498016835 
972, 1049.1967159085 
973, 1035.27086897584 
974, 1015.98907147053 
975, 996.851572552152 
976, 978.155366898239 
977, 959.351625789176 
978, 947.325836309652 
979, 937.67779561998 
980, 928.448647992476 
981, 918.812013946979 
982, 908.322122571882 
983, 900.99762611387 
984, 892.450347225211 
985, 879.945956269125 
986, 866.912332349715 
987, 852.762476021811 
988, 838.845615902626 
989, 824.949515849046 
990, 809.279269293525 
991, 793.349572406646 
992, 776.581770983097 
993, 759.897213681408 
994, 744.596181746196 
995, 728.160832137794 
996, 711.546251140309 
997, 695.078391086284 
998, 678.828893799469 
999, 663.204171250247 
1000, 648.391853176554 
1001, 4142.39850920644 
1002, 4133.17015089226 
1003, 4127.22456010605 
1004, 4128.53053075856 
1005, 4125.78759946104 
1006, 4129.46734701652 
1007, 4145.71926520819 
1008, 4163.8291448376 
1009, 4183.60462850804 
1010, 4214.18337898274 
1011, 4237.6137486283 
1012, 4256.29601781042 
1013, 4279.61577898527 
1014, 4308.5714043939 
1015, 4324.69797719358 
1016, 4344.36155452582 
1017, 4366.93826891906 
1018, 4381.4406839068 
1019, 4404.51448765466 
1020, 4433.42065656012 
1021, 4454.29705116605 
1022, 4479.6061866118 
1023, 4505.77904385384 
1024, 4536.70894402676 
1025, 4566.99446238358 
1026, 4601.32331359919 
1027, 4631.29770596333 
1028, 4650.37251054623 
1029, 4670.00523443234 
1030, 4692.74090862498 
1031, 4708.78211425467 
1032, 4725.80017204378 
1033, 4744.3367838841 
1034, 4755.90635961123 
1035, 4769.01142968999 
1036, 4784.38058813342 
1037, 4798.66294152944 
1038, 4806.00405604373 
1039, 4812.18852028127 
1040, 4816.33590792794 
1041, 4821.06436733063 
1042, 4825.04772818514 
1043, 4829.18662881508 
1044, 4837.48086383325 
1045, 4842.6171892142 
1046, 4841.08817939398 
1047, 4842.10194623103 
1048, 4843.01145016652 
1049, 4839.10855171945 
1050, 4838.29186252116 
1051, 4852.91666830487 
1052, 4862.26377917026 
1053, 4868.26907144096 
1054, 4874.89846636521 
1055, 4870.73986844426 
1056, 4866.30497281146 
1057, 4868.72266455053 
1058, 4879.71420916603 
1059, 4893.15418038381 
1060, 4909.32157770142 
1061, 4934.48634443797 
1062, 4957.49521340443 
1063, 4979.79591636121 
1064, 5002.61172299812 
1065, 5029.98011210949 
1066, 5058.45440190009 
1067, 5094.55653092148 
1068, 5139.87237880187 
1069, 5185.72738491946 
1070, 5236.37959990457 
1071, 5287.97253780654 
1072, 5335.58853840642 
1073, 5384.98308940587 
1074, 5437.34284913056 
1075, 5486.78145584151 
1076, 5534.6514179655 
1077, 5584.67353637299 
1078, 5628.12760210398 
1079, 5671.42233324719 
1080, 5705.2768931865 
1081, 5725.61882003966 
1082, 5743.59750963024 
1083, 5761.53599435474 
1084, 5780.56442150098 
1085, 5803.06668168222 
1086, 5817.93789481982 
1087, 5831.26730480305 
1088, 5841.7144045728 
1089, 5847.000135024 
1090, 5846.52420845193 
1091, 5848.07435831172 
1092, 5838.1507849678 
1093, 5811.29251186583 
1094, 5788.82822965892 
1095, 5760.33299673857 
1096, 5729.90078250287 
1097, 5706.22015659222 
1098, 5682.57148838051 
1099, 5653.65651419591 
1100, 5620.45674278429 
1101, 5588.99519753641 
1102, 5556.63386237291 
1103, 5520.87522871493 
1104, 5486.86406995844 
1105, 5449.78699704179 
1106, 5406.65507741167 
1107, 5346.46580876094 
1108, 5262.48934909038 
1109, 5161.3614727574 
1110, 5026.46568162844 
1111, 4861.54153930658 
1112, 4678.03387164496 
1113, 4461.45633519951 
1114, 4245.38236044983 
1115, 3999.63949943409 
1116, 3773.54449300426 
1117, 3525.90756956295 
1118, 3317.75475625013 
1119, 3127.06953733591 
1120, 2948.18364902363 
1121, 2801.07642690717 
1122, 2684.78496585293 
1123, 2597.87809293701 
1124, 2536.88861244234 
1125, 2502.83552969971 
1126, 2511.24261061613 
1127, 2514.53505023499 
1128, 2539.09000704452 
1129, 2566.15492112779 
1130, 2605.2628306874 
1131, 2645.69516206297 
1132, 2692.10661052361 
1133, 2744.89342590483 
1134, 2800.25476929365 
1135, 2860.76178595077 
1136, 2946.72187963619 
1137, 3036.86771412949 
1138, 3128.81950915025 
1139, 3211.94609979828 
1140, 3262.5610177354 
1141, 3295.53318818104 
1142, 3304.07376242293 
1143, 3275.89818375177 
1144, 3255.40046787192 
1145, 3192.18499960634 
1146, 3176.68649096979 
1147, 3161.37098671918 
1148, 3181.89097015923 
1149, 3237.93773926945 
1150, 3308.80984668552 
1151, 3406.69833453712 
1152, 3516.28290045493 
1153, 3633.18169347091 
1154, 3770.5804260622 
1155, 3903.22308118218 
1156, 4050.25585583641 
1157, 4178.41198850673 
1158, 4309.46246869521 
1159, 4423.58211933823 
1160, 4523.81438219873 
1161, 4617.34107131469 
1162, 4702.35327074269 
1163, 4779.08818864982 
1164, 4848.35560928681 
1165, 4905.68069531291 
1166, 4956.36019310684 
1167, 4991.44533411294 
1168, 5013.05965639484 
1169, 5016.97159222997 
1170, 5019.57490580313 
1171, 5009.8033238039 
1172, 4997.47477623463 
1173, 4978.89861873383 
1174, 4958.02016377803 
1175, 4930.99216694472 
1176, 4900.29699578703 
1177, 4864.70200706924 
1178, 4828.93899572285 
1179, 4785.41245427063 
1180, 4746.17065159755 
1181, 4708.74295294314 
1182, 4672.20306045461 
1183, 4635.42659234647 
1184, 4596.88813364053 
1185, 4565.26208676638 
1186, 4530.94930899308 
1187, 4510.70428490812 
1188, 4499.85105243505 
1189, 4492.67571531066 
1190, 4504.80831615468 
1191, 4499.74391242498 
1192, 4493.89601660442 
1193, 4481.63688157371 
1194, 4462.45137589861 
1195, 4435.77363297494 
1196, 4404.30366040831 
1197, 4367.07715724414 
1198, 4324.16957511102 
1199, 4266.23789378074 
1200, 4223.03386638961 
1201, 4178.1191293534 
1202, 4143.05019351268 
1203, 4115.16255807639 
1204, 4090.79575116661 
1205, 4073.4610634743 
1206, 4056.40403089543 
1207, 4042.24587196752 
1208, 4031.86360261621 
1209, 4026.27743896148 
1210, 4019.80123824918 
1211, 4017.61756195685 
1212, 4014.4316566672 
1213, 4010.92102593057 
1214, 4007.11356851513 
1215, 4000.48188957078 
1216, 3995.42482657189 
1217, 3983.78651920038 
1218, 3967.46354194752 
1219, 3949.58454512189 
1220, 3926.70753274879 
1221, 3905.63400315692 
1222, 3881.09141710724 
1223, 3860.14192629716 
1224, 3839.89166648561 
1225, 3821.69391676878 
1226, 3807.45750499402 
1227, 3791.15848307058 
1228, 3778.43758253704 
1229, 3760.77826229094 
1230, 3740.42772777329 
1231, 3718.76501703576 
1232, 3691.33218144744 
1233, 3656.71661170058 
1234, 3626.75849770681 
1235, 3593.19057336688 
1236, 3563.57565066118 
1237, 3539.63609306343 
1238, 3510.18617995883 
1239, 3480.16738488171 
1240, 3447.80632640694 
1241, 3410.81837955478 
1242, 3376.00827025787 
1243, 3339.82000743133 
1244, 3304.89099433631 
1245, 3272.15129185722 
1246, 3237.70713356427 
1247, 3204.44689427184 
1248, 3174.52080856858 
1249, 3136.34994313091 
1250, 3098.46805304415 
1251, 3051.32819721465 
1252, 2991.24157679703 
1253, 2940.40537429629 
1254, 2890.80445188149 
1255, 2836.81101872359 
1256, 2788.10953615052 
1257, 2730.41509832681 
1258, 2662.45502425403 
1259, 2596.0621905354 
1260, 2527.30160237933 
1261, 2457.37723032909 
1262, 2382.53070957942 
1263, 2310.24964755884 
1264, 2245.73697432598 
1265, 2177.0408952295 
1266, 2131.25716104476 
1267, 2096.55818600331 
1268, 2074.7951862525 
1269, 2065.80047426928 
1270, 2070.49108827218 
1271, 2094.06818117953 
1272, 2116.19472539839 
1273, 2156.11737119395 
1274, 2186.16952952508 
1275, 2220.07918974377 
1276, 2243.19688508725 
1277, 2261.38606812891 
1278, 2275.86810658914 
1279, 2283.71404102585 
1280, 2283.96687856895 
1281, 2293.06490769877 
1282, 2292.52883723266 
1283, 2292.52533043154 
1284, 2289.51704013626 
1285, 2290.13540095345 
1286, 2288.5818414022 
1287, 2290.60272000398 
1288, 2299.41931750426 
1289, 2300.03152559813 
1290, 2298.79907574115 
1291, 2294.24515388852 
1292, 2284.72361574424 
1293, 2275.4713325762 
1294, 2264.38259110855 
1295, 2251.94839963007 
1296, 2239.58515312221 
1297, 2223.23032570458 
1298, 2200.77764133472 
1299, 2183.28596015116 
1300, 2162.15800184845 
1301, 2140.48745500032 
1302, 2121.37728419231 
1303, 2103.41825617686 
1304, 2087.93949917368 
1305, 2074.01397251878 
1306, 2060.27242472469 
1307, 2051.00987817061 
1308, 2037.18827711249 
1309, 2023.36213820183 
1310, 2006.03403828623 
1311, 1983.3996772826 
1312, 1964.11299051273 
1313, 1941.49381903406 
1314, 1923.04673504259 
1315, 1907.77278673398 
1316, 1893.76388515411 
1317, 1879.75279173885 
1318, 1872.19921278478 
1319, 1864.49788880835 
1320, 1855.27642809728 
1321, 1846.88920301994 
1322, 1836.06769066788 
1323, 1821.98318365073 
1324, 1809.55543925957 
1325, 1786.03560340423 
1326, 1753.38289517166 
1327, 1722.46519167884 
1328, 1680.45717160939 
1329, 1648.74125351243 
1330, 1620.9436461755 
1331, 1595.66244877321 
1332, 1572.89301201932 
1333, 1554.87161754297 
1334, 1543.39950094623 
1335, 1529.60034534182 
1336, 1519.02761141777 
1337, 1507.38600244383 
1338, 1497.56848774145 
1339, 1485.29232785879 
1340, 1466.66959852888 
1341, 1436.95231346159 
1342, 1392.31357680241 
1343, 1332.23072306921 
1344, 1264.82080146913 
1345, 1185.73148566398 
1346, 1099.46517778398 
1347, 998.697971419788 
1348, 900.602685800467 
1349, 792.629169792501 
1350, 690.662256141384 
1351, 583.817945880455 
1352, 489.426170017574 
1353, 394.273694535785 
1354, 315.920796395047 
1355, 249.330359619319 
1356, 193.335026163011 
1357, 150.936560280943 
1358, 115.08658239962 
1359, 89.8684531174075 
1360, 71.7460546563687 
1361, 56.5040541467334 
1362, 47.7349774590769 
1363, 39.3624522639625 
1364, 32.1789024769317 
1365, 27.1691970885905 
1366, 23.7906487013925 
1367, 22.8564902436252 
1368, 25.0727403983483 
1369, 27.5633320328193 
1370, 30.9226636438214 
1371, 37.0088749824173 
1372, 46.040478032983 
1373, 54.0606949703483 
1374, 66.6003694068806 
1375, 74.1850340191827 
1376, 80.3564959344377 
1377, 82.7833352391621 
1378, 81.4379364234972 
1379, 79.4739605677811 
1380, 74.0408599638982 
1381, 65.4905353861183 
1382, 58.9473389727141 
1383, 54.4457199890916 
1384, 57.1780781998795 
1385, 61.7513000242115 
1386, 69.5027767859277 
1387, 87.4856834607425 
1388, 99.2660186911977 
1389, 114.729079558452 
1390, 121.008781311627 
1391, 118.230983930549 
1392, 121.582954831584 
1393, 121.452801344863 
1394, 126.288141047186 
1395, 140.822305065271 
1396, 147.85925473562 
1397, 150.086678642743 
1398, 155.464865567703 
1399, 158.032027091184 
1400, 163.401785350351 
1401, 173.802745251449 
1402, 180.780283721242 
1403, 187.878323539981 
1404, 192.544413252972 
1405, 192.902670975265 
1406, 203.058571845464 
1407, 214.737018191082 
1408, 229.094197548492 
1409, 250.29715969249 
1410, 268.300637109579 
1411, 288.804904362985 
1412, 311.63787380127 
1413, 332.081224319443 
1414, 354.549706999014 
1415, 372.934471266284 
1416, 388.716955493193 
1417, 403.982382235434 
1418, 416.597064717889 
1419, 428.820189901449 
1420, 438.947608334608 
1421, 451.171497251859 
1422, 467.659640181053 
1423, 477.670657615113 
1424, 483.172345304954 
1425, 490.911927568287 
1426, 499.252257879929 
1427, 499.991690194955 
1428, 497.661734372086 
1429, 497.933625262503 
1430, 487.315327068007 
1431, 475.669675118508 
1432, 468.968594675176 
1433, 456.856126762791 
1434, 447.465029700216 
1435, 442.468336771997 
1436, 436.255219976567 
1437, 432.255689525805 
1438, 428.310483617729 
1439, 423.630943760477 
1440, 419.58887416895 
1441, 416.331613766485 
1442, 415.64602952735 
1443, 416.62709471693 
1444, 416.672145799384 
1445, 418.283375759103 
1446, 419.121422220031 
1447, 418.425150796209 
1448, 419.074388792198 
1449, 422.290437551783 
1450, 423.362366444174 
1451, 423.437574092604 
1452, 423.381252629003 
1453, 421.830034959511 
1454, 422.294008902358 
1455, 427.063474680858 
1456, 423.13010962698 
1457, 424.25658058146 
1458, 422.321156589143 
1459, 413.804216673046 
1460, 407.15212293665 
1461, 393.884791566764 
1462, 372.974052756014 
1463, 353.597278190827 
1464, 334.026448455622 
1465, 315.633441368401 
1466, 298.458026401878 
1467, 281.347238808562 
1468, 261.219716258955 
1469, 249.637246295372 
1470, 242.245058139569 
1471, 234.878291360374 
1472, 233.513614935392 
1473, 230.266426476309 
1474, 223.876748571717 
1475, 223.379997472766 
1476, 230.062479118248 
1477, 231.797355931228 
1478, 234.986252050607 
1479, 234.195147647871 
1480, 225.427680149444 
1481, 222.955841766928 
1482, 222.838728656105 
1483, 222.366727900869 
1484, 225.737780717794 
1485, 228.222206957928 
1486, 227.079356129037 
1487, 230.744817238386 
1488, 239.731240587839 
1489, 240.546285105882 
1490, 240.373446641298 
1491, 237.607434207279 
1492, 234.245835139059 
1493, 235.195929936419 
1494, 241.67915241478 
1495, 252.323859129131 
1496, 259.918281187223 
1497, 267.104680681929 
1498, 270.588151297149 
1499, 268.288777250977 
1500, 271.810317737001 
1501, 276.761045060788 
1502, 280.056241735127 
1503, 287.585939891587 
1504, 286.497335180165 
1505, 276.734714039369 
1506, 274.066974043752 
1507, 269.217962695606 
1508, 269.349071968161 
1509, 275.894192991547 
1510, 281.509896339141 
1511, 289.845042738119 
1512, 294.121744299741 
1513, 298.681484884216 
1514, 300.03860859378 
1515, 297.451135220957 
1516, 295.60930075337 
1517, 290.657700198243 
1518, 289.777011427273 
1519, 289.836184298543 
1520, 290.136228619402 
1521, 293.19496632539 
1522, 296.597168670412 
1523, 298.183860110394 
1524, 298.575701998482 
1525, 300.720452038186 
1526, 303.867200299832 
1527, 305.42627306749 
1528, 306.198792787133 
1529, 303.558412756138 
1530, 304.036918623032 
1531, 306.937303211408 
1532, 310.592862538738 
1533, 315.555144054696 
1534, 316.460962575311 
1535, 318.791902667655 
1536, 320.73958142921 
1537, 320.42116502165 
1538, 318.881290842687 
1539, 318.906408709388 
1540, 316.498456462299 
1541, 316.976514281871 
1542, 320.324515091878 
1543, 323.619840819433 
1544, 327.293208273884 
1545, 330.70379110876 
1546, 334.620025496453 
1547, 339.468145702833 
1548, 346.899293220291 
1549, 349.721329695562 
1550, 350.659303911716 
1551, 352.668571492478 
1552, 350.343436929957 
1553, 350.877826886855 
1554, 356.594669174966 
1555, 358.248106018873 
1556, 357.685095795883 
1557, 356.933849019019 
1558, 354.566939862246 
1559, 352.029441619998 
1560, 346.874555181468 
1561, 346.137151813184 
1562, 350.559518768088 
1563, 349.613438877965 
1564, 349.03111047428 
1565, 347.171785477462 
1566, 337.707773052051 
1567, 332.990502257203 
1568, 330.381968363566 
1569, 329.654935921286 
1570, 330.792424441227 
1571, 331.735672934777 
1572, 336.154411176421 
1573, 340.331555930279 
1574, 345.779065018749 
1575, 349.387476456785 
1576, 348.232713067032 
1577, 349.10428403506 
1578, 349.149739870273 
1579, 353.174428267433 
1580, 360.996331395706 
1581, 376.521484728777 
1582, 382.961017424805 
1583, 387.94837201738 
1584, 393.407366463954 
1585, 394.548459526787 
1586, 397.551950067372 
1587, 404.978633147408 
1588, 407.201184446075 
1589, 404.426924594986 
1590, 405.572136133786 
1591, 405.692839316326 
1592, 407.84441297573 
1593, 413.692380790393 
1594, 415.706261743142 
1595, 418.767491607276 
1596, 417.76811211368 
1597, 411.789121366095 
1598, 408.569613141635 
1599, 404.071286100779 
1600, 401.02598210953 
1601, 398.879566620833 
1602, 397.672032200883 
1603, 396.499884465542 
1604, 396.20422867349 
1605, 397.991256504559 
1606, 399.062051133225 
1607, 400.614533290061 
1608, 401.984199542651 
1609, 403.843449153012 
1610, 404.861500884768 
1611, 404.687456819003 
1612, 404.882237774713 
1613, 403.506980185567 
1614, 404.938541602054 
1615, 408.179704159555 
1616, 411.592426768926 
1617, 418.417343151527 
1618, 421.363259520533 
1619, 422.932997455525 
1620, 424.145106059754 
1621, 419.643056353952 
1622, 421.631779290082 
1623, 430.081551843077 
1624, 432.550213813787 
1625, 436.336214680703 
1626, 437.990657331942 
1627, 432.862376133347 
1628, 430.849051687137 
1629, 431.927472356166 
1630, 430.460024639007 
1631, 426.814877416202 
1632, 424.728192694633 
1633, 420.547527247637 
1634, 419.659396013547 
1635, 422.18091797404 
1636, 424.170399069505 
1637, 431.520289235546 
1638, 432.413774640067 
1639, 425.754030518209 
1640, 424.62712777675 
1641, 420.361923528994 
1642, 420.637564478033 
1643, 431.120494684313 
1644, 436.715211332454 
1645, 439.765632470006 
1646, 444.419838317507 
1647, 448.085182012935 
1648, 451.74636164277 
1649, 460.128314812695 
1650, 463.221774166608 
1651, 461.8204587209 
1652, 458.586875871452 
1653, 461.492499888202 
1654, 463.662117419999 
1655, 468.569481408197 
1656, 480.218356675544 
1657, 484.923720171805 
1658, 486.25485066538 
1659, 489.370288380713 
1660, 491.822294826377 
1661, 495.313872891673 
1662, 499.499188529364 
1663, 502.090371188708 
1664, 503.827625931127 
1665, 508.229291991389 
1666, 512.934833765413 
1667, 516.901933529113 
1668, 522.188807890751 
1669, 527.820413538065 
1670, 531.895694317934 
1671, 538.435357303709 
1672, 548.907384604553 
1673, 554.681791995728 
1674, 557.770925562333 
1675, 563.687646939654 
1676, 569.663628251782 
1677, 574.258637706095 
1678, 579.983433589836 
1679, 584.790109429807 
1680, 587.838498051126 
1681, 590.945082524538 
1682, 592.870632616074 
1683, 600.149008383929 
1684, 609.486847000876 
1685, 615.264202608853 
1686, 623.350188196405 
1687, 631.232267227012 
1688, 634.57151512502 
1689, 643.096985717586 
1690, 658.740279939629 
1691, 666.277609153731 
1692, 670.69267786491 
1693, 675.037659602343 
1694, 676.594616278998 
1695, 678.804985700441 
1696, 679.706741303501 
1697, 683.706003578218 
1698, 689.187981541626 
1699, 693.247000635178 
1700, 698.187910454413 
1701, 703.144859514382 
1702, 705.892945409464 
1703, 711.331723639549 
1704, 719.67401714245 
1705, 727.350042043234 
1706, 735.431039685562 
1707, 743.135638678342 
1708, 752.693094050246 
1709, 756.195451092861 
1710, 755.694950671754 
1711, 758.47175058202 
1712, 758.133521286739 
1713, 763.538075722302 
1714, 772.968326296401 
1715, 783.915328831681 
1716, 796.4479409486 
1717, 807.117629678565 
1718, 811.726753827314 
1719, 815.849973065294 
1720, 818.960180155147 
1721, 819.294555088579 
1722, 826.237410752833 
1723, 830.780052289192 
1724, 826.966687038932 
1725, 831.077640556255 
1726, 838.542318066634 
1727, 840.869707801532 
1728, 845.285482307092 
1729, 852.24030492848 
1730, 854.352288744482 
1731, 857.577982276656 
1732, 868.481691624905 
1733, 869.474084259941 
1734, 868.061998510702 
1735, 873.982235087369 
1736, 875.698338355888 
1737, 884.832420551639 
1738, 895.723177452198 
1739, 900.249697449269 
1740, 905.992848253459 
1741, 906.971827197831 
1742, 907.829793097596 
1743, 914.418467153404 
1744, 925.313123258488 
1745, 936.400497395328 
1746, 943.595111721164 
1747, 949.920265979837 
1748, 955.725611937949 
1749, 960.420710037992 
1750, 967.699179772095 
1751, 980.985030566303 
1752, 985.46458932481 
1753, 984.862838777063 
1754, 988.535306204534 
1755, 981.127352104246 
1756, 973.991177400923 
1757, 974.04588475502 
1758, 974.3649668989 
1759, 977.090805726886 
1760, 979.292179995773 
1761, 980.621049886591 
1762, 978.53640847672 
1763, 973.449581977109 
1764, 971.303065758801 
1765, 971.25963868357 
1766, 970.71208983275 
1767, 970.820257347725 
1768, 970.847856995397 
1769, 969.392730184186 
1770, 966.401609423623 
1771, 964.305886410777 
1772, 962.181733759066 
1773, 959.594444560948 
1774, 955.502426575324 
1775, 950.783054297766 
1776, 945.107607247534 
1777, 941.398063541202 
1778, 931.119945298023 
1779, 912.903793043712 
1780, 901.741188161335 
1781, 886.637455621351 
1782, 876.797972346416 
1783, 875.874621445631 
1784, 872.218294062528 
1785, 870.079614028018 
1786, 865.650987744039 
1787, 863.641728752869 
1788, 855.904104160361 
1789, 842.72700836682 
1790, 827.258946816451 
1791, 809.810101394214 
1792, 786.864516139551 
1793, 760.062850608442 
1794, 732.606013082342 
1795, 697.581929896835 
1796, 676.321517936977 
1797, 653.299995429281 
1798, 623.985600211878 
1799, 596.029109955097 
1800, 565.042157729117 
1801, 3307.40014418671 
1802, 3157.78372360207 
1803, 3028.86577180769 
1804, 2910.52423886767 
1805, 2814.11864334333 
1806, 2744.68999051154 
1807, 2676.88241129045 
1808, 2602.29046162005 
1809, 2557.19971911837 
1810, 2475.0413907735 
1811, 2372.62734872516 
1812, 2260.89965668235 
1813, 2137.51556072741 
1814, 1989.73839647343 
1815, 1853.14767654106 
1816, 1717.61375349785 
1817, 1604.42626597544 
1818, 1543.95200048069 
1819, 1480.1832599358 
1820, 1454.20652556916 
1821, 1401.29162945504 
1822, 1355.59827689851 
1823, 1282.10460764794 
1824, 1218.37021770863 
1825, 1151.30035501064 
1826, 1058.07413601086 
1827, 955.688162927151 
1828, 855.522106282595 
1829, 721.817754402614 
1830, 618.299108961473 
1831, 528.35936171737 
1832, 447.637249922707 
1833, 377.420238840658 
1834, 305.830929253271 
1835, 241.022999005825 
1836, 212.540874332878 
1837, 177.778269601015 
1838, 146.393319937419 
1839, 127.971587550237 
1840, 108.117197697783 
1841, 114.858457319805 
1842, 142.221440927861 
1843, 187.151465453455 
1844, 234.40863744279 
1845, 270.288097303694 
1846, 264.624867148784 
1847, 247.405206443817 
1848, 238.01685435747 
1849, 212.158063669634 
1850, 190.386283443485 
1851, 175.060156378977 
1852, 151.86248831272 
1853, 114.339598650711 
1854, 106.574962923721 
1855, 118.774642621034 
1856, 134.196626942982 
1857, 160.190447685492 
1858, 190.996208042452 
1859, 216.854561661304 
1860, 237.606356655009 
1861, 267.161274183582 
1862, 292.536619747041 
1863, 299.735705842151 
1864, 312.760927701883 
1865, 316.327315947083 
1866, 306.040688593356 
1867, 297.695751980067 
1868, 274.909715145765 
1869, 231.210664362791 
1870, 198.122640972759 
1871, 166.350566195568 
1872, 131.657060222735 
1873, 94.1892313283472 
1874, 98.3022319417996 
1875, 101.822266208328 
1876, 119.474084160001 
1877, 172.671856198329 
1878, 197.472883221958 
1879, 231.178010992994 
1880, 272.90198009523 
1881, 325.269178944819 
1882, 357.652961403028 
1883, 406.505657010456 
1884, 439.405204274487 
1885, 442.730679025077 
1886, 459.369875853076 
1887, 461.592045083676 
1888, 453.746603893981 
1889, 452.512630922574 
1890, 439.388809779176 
1891, 430.452385993063 
1892, 423.591476373694 
1893, 409.329063901584 
1894, 389.553516702224 
1895, 369.760183949335 
1896, 344.957357409981 
1897, 330.389956652367 
1898, 314.241048038186 
1899, 286.920451803297 
1900, 250.748525700172 
1901, 186.776458559413 
1902, 150.16566423536 
1903, 111.983625765928 
1904, 92.6963071705772 
1905, 93.559530773836 
1906, 100.033722609403 
1907, 128.922065648727 
1908, 154.099958122962 
1909, 169.110437752035 
1910, 183.905713117767 
1911, 190.336704344366 
1912, 176.399019835793 
1913, 175.827406755255 
1914, 173.065793161511 
1915, 178.434144872338 
1916, 210.918564403568 
1917, 241.095534314214 
1918, 264.176240447718 
1919, 294.267454415058 
1920, 311.738164516169 
1921, 316.269415795237 
1922, 325.114507144302 
1923, 343.849794976158 
1924, 352.703445218214 
1925, 353.537229105785 
1926, 349.194916912876 
1927, 351.003032201955 
1928, 354.461122634026 
1929, 349.532654430831 
1930, 351.848262188287 
1931, 365.174110107927 
1932, 374.024745722551 
1933, 383.03058113953 
1934, 404.790236243732 
1935, 409.200923280291 
1936, 403.557575272636 
1937, 394.338401278409 
1938, 382.755678044636 
1939, 378.60355214364 
1940, 372.052630834603 
1941, 358.425046954278 
1942, 362.15104637585 
1943, 357.226250338969 
1944, 361.024358751115 
1945, 384.456744103698 
1946, 393.300156111892 
1947, 402.385586165632 
1948, 403.443473601562 
1949, 398.100601772899 
1950, 383.594325374376 
1951, 374.744917867897 
1952, 346.507642027879 
1953, 321.282710185455 
1954, 299.679157477111 
1955, 286.083278279623 
1956, 276.455163343775 
1957, 271.659277929506 
1958, 277.836066168748 
1959, 282.356886574121 
1960, 295.79848001404 
1961, 288.654420825295 
1962, 294.520610461451 
1963, 297.050276874823 
1964, 287.148219109419 
1965, 312.094969007662 
1966, 318.600628741011 
1967, 312.001982497881 
1968, 329.860674650043 
1969, 354.383277005732 
1970, 378.09895256304 
1971, 423.063713231115 
1972, 457.873789730197 
1973, 493.103180877589 
1974, 513.502967775527 
1975, 536.084943578856 
1976, 563.925949156599 
1977, 584.692284532427 
1978, 613.293810361965 
1979, 632.776299005608 
1980, 648.17336206534 
1981, 663.335449137148 
1982, 682.095575224898 
1983, 686.6316215424 
1984, 689.872721291789 
1985, 686.651855647764 
1986, 672.484136985906 
1987, 635.721890921247 
1988, 626.304795078808 
1989, 619.130103600286 
1990, 607.491896288256 
1991, 603.333616980112 
1992, 590.340430669688 
1993, 573.516677765084 
1994, 549.724542284686 
1995, 525.909821426552 
1996, 492.056313800995 
1997, 456.107016417293 
1998, 396.428815695136 
1999, 327.999212921194 
2000, 263.704320984778 
2001, 190.672354110697 
2002, 141.154169204867 
2003, 109.012744923786 
2004, 98.0513882761911 
2005, 90.5777327836254 
2006, 101.116532860665 
2007, 109.499220527927 
2008, 130.610872958392 
2009, 140.411422392389 
2010, 146.543849210294 
2011, 167.109394148576 
2012, 154.555451068198 
2013, 151.386654973142 
2014, 148.972616411978 
2015, 133.247409393427 
2016, 144.958520409365 
2017, 167.294478357816 
2018, 200.773295318573 
2019, 269.117245197867 
2020, 304.116944640614 
2021, 325.882414521206 
2022, 358.741289153552 
2023, 380.732773232606 
2024, 408.510929580857 
2025, 452.22957011035 
2026, 497.885502102178 
2027, 524.751252955525 
2028, 534.02847068109 
2029, 559.019985487908 
2030, 582.525638006834 
2031, 604.266459902235 
2032, 636.001047383713 
2033, 658.665359638622 
2034, 678.129204142017 
2035, 686.814097860995 
2036, 691.566985926181 
2037, 686.696477228487 
2038, 654.770699720577 
2039, 642.573656095298 
2040, 636.371864938359 
2041, 635.277814351522 
2042, 633.643173275678 
2043, 647.003868593353 
2044, 639.164209086078 
2045, 618.179127941393 
2046, 603.955285806281 
2047, 586.595771115654 
2048, 567.002151047215 
2049, 551.835949549406 
2050, 528.361673647623 
2051, 481.549857547314 
2052, 460.71409634617 
2053, 448.306882993521 
2054, 432.107451173195 
2055, 427.806225295903 
2056, 440.977223357794 
2057, 442.739582477099 
2058, 444.3406647248 
2059, 446.786710475097 
2060, 447.624498627807 
2061, 453.814065387828 
2062, 461.76528815747 
2063, 470.29203087244 
2064, 483.350649271954 
2065, 495.19439487098 
2066, 504.465279339241 
2067, 519.126887747237 
2068, 533.687158060556 
2069, 545.641001067205 
2070, 570.670557495872 
2071, 603.535139055951 
2072, 635.151402693867 
2073, 677.536700640794 
2074, 707.40091634019 
2075, 730.960717800976 
2076, 757.193863775245 
2077, 784.182324780199 
2078, 809.355232150299 
2079, 832.08192179374 
2080, 854.501668245391 
2081, 880.709771383251 
2082, 888.290665694972 
2083, 913.267088405214 
2084, 945.382859843178 
2085, 975.735555603213 
2086, 1016.18878227952 
2087, 1041.81071425478 
2088, 1057.82361471014 
2089, 1077.93780888661 
2090, 1091.30990514284 
2091, 1110.50317077161 
2092, 1137.04046842994 
2093, 1158.95556751653 
2094, 1179.45337753806 
2095, 1198.28821052022 
2096, 1215.17692533361 
2097, 1231.18191588629 
2098, 1246.69161752243 
2099, 1258.02701241527 
2100, 1277.18216450081 
2101, 1299.35968725226 
2102, 1320.19693197474 
2103, 1341.25189064798 
2104, 1371.65653200026 
2105, 1408.13779983209 
2106, 1439.25223495103 
2107, 1481.63350433566 
2108, 1511.62976465722 
2109, 1531.03832771173 
2110, 1550.19399377086 
2111, 1567.87359175105 
2112, 1580.39569594365 
2113, 1584.98086641535 
2114, 1591.25543355578 
2115, 1600.54668035496 
2116, 1604.94921931321 
2117, 1621.77989881119 
2118, 1648.17923902119 
2119, 1670.75896774313 
2120, 1691.99781839601 
2121, 1725.63694306848 
2122, 1773.54111291908 
2123, 1806.23702354972 
2124, 1846.55635132946 
2125, 1876.83284225539 
2126, 1882.23993465837 
2127, 1900.43386654917 
2128, 1935.49716964277 
2129, 1949.64762733152 
2130, 1966.82602494256 
2131, 1985.6080765973 
2132, 2001.84420161792 
2133, 2010.98285079708 
2134, 2024.07047255661 
2135, 2034.07075599082 
2136, 2054.62248964014 
2137, 2081.98925634507 
2138, 2103.3704214966 
2139, 2128.61056532592 
2140, 2154.74871702868 
2141, 2178.43087347413 
2142, 2201.43900463123 
2143, 2233.74619789655 
2144, 2255.84776867163 
2145, 2273.86131387256 
2146, 2277.24698045926 
2147, 2283.29810620529 
2148, 2305.53234172511 
2149, 2316.54679955973 
2150, 2324.74791362825 
2151, 2339.75249031931 
2152, 2350.1514286409 
2153, 2369.80705722705 
2154, 2400.49123748545 
2155, 2428.61599298918 
2156, 2467.27485150723 
2157, 2489.96838587953 
2158, 2513.353222142 
2159, 2522.34648974705 
2160, 2505.93402875776 
2161, 2503.06943156873 
2162, 2489.64651182742 
2163, 2493.07208489185 
2164, 2518.45220698759 
2165, 2534.46029872037 
2166, 2544.07333889996 
2167, 2551.81382016437 
2168, 2569.44501276153 
2169, 2580.17699766835 
2170, 2600.24209373446 
2171, 2635.05208589517 
2172, 2667.64720706709 
2173, 2703.96388111154 
2174, 2730.31013605525 
2175, 2760.43372600591 
2176, 2783.86106812519 
2177, 2798.93399803118 
2178, 2807.65800198048 
2179, 2809.75551031688 
2180, 2815.57713411649 
2181, 2805.67375357023 
2182, 2807.23127331776 
2183, 2812.1173572816 
2184, 2835.88702741852 
2185, 2851.45562335319 
2186, 2878.12043388073 
2187, 2890.28057666798 
2188, 2899.47868790036 
2189, 2908.44709278141 
2190, 2908.43105619203 
2191, 2915.82579377586 
2192, 2927.93926289115 
2193, 2936.16736925909 
2194, 2955.62311750308 
2195, 2947.94940750394 
2196, 2918.5305604043 
2197, 2905.8930878549 
2198, 2874.39353476189 
2199, 2862.47360452044 
2200, 2872.0414243101 
2201, 2879.72031287386 
2202, 2885.24831522417 
2203, 2904.55859373947 
2204, 2934.35044854756 
2205, 2971.47742611138 
2206, 3025.04257551839 
2207, 3055.21416604498 
2208, 3085.54321124277 
2209, 3113.61674921829 
2210, 3132.09938882988 
2211, 3142.61913767991 
2212, 3149.41908514358 
2213, 3141.45466856276 
2214, 3147.918397337 
2215, 3157.69611452208 
2216, 3163.12426527153 
2217, 3172.56939998387 
2218, 3182.82670390839 
2219, 3195.65004120987 
2220, 3197.20687134673 
2221, 3201.96284591469 
2222, 3196.50362184376 
2223, 3168.378292543 
2224, 3150.27643704031 
2225, 3132.07152375677 
2226, 3117.23380113056 
2227, 3101.69788107309 
2228, 3099.24326492972 
2229, 3094.24642814875 
2230, 3074.16211826129 
2231, 3047.54677469862 
2232, 3005.39132656432 
2233, 2979.8797998524 
2234, 2947.98154198604 
2235, 2933.00462459542 
2236, 2947.18124800917 
2237, 2925.62872894335 
2238, 2885.07124665764 
2239, 2863.86574672647 
2240, 2836.47468804068 
2241, 2810.21340764326 
2242, 2805.83413822843 
2243, 2781.42886746845 
2244, 2728.52502716873 
2245, 2697.29277287784 
2246, 2688.13537760957 
2247, 2653.41185489512 
2248, 2608.29986644586 
2249, 2568.33900703291 
2250, 2508.96739637555 
2251, 2459.54172506672 
2252, 2423.67864601842 
2253, 2390.9399387831 
2254, 2335.74979655664 
2255, 2286.10722697387 
2256, 2240.91279021656 
2257, 2184.86390268712 
2258, 2141.73423172792 
2259, 2111.91471805235 
2260, 2063.81442949243 
2261, 2010.70530126092 
2262, 1963.73382009587 
2263, 1908.31231243435 
2264, 1860.31797656679 
2265, 1824.85578299493 
2266, 1777.62893588251 
2267, 1716.81517008346 
2268, 1673.6949668537 
2269, 1636.782893809 
2270, 1599.01406047595 
2271, 1567.20468499356 
2272, 1541.00728568586 
2273, 1515.43994391736 
2274, 1493.76719080683 
2275, 1481.66340346668 
2276, 1469.3724716172 
2277, 1463.80007567118 
2278, 1447.83420010208 
2279, 1428.3672649065 
2280, 1409.75789644691 
2281, 1383.59384169396 
2282, 1356.84294027246 
2283, 1333.70103616958 
2284, 1322.00798140071 
2285, 1319.02805410725 
2286, 1307.75662316607 
2287, 1305.90634361774 
2288, 1295.0628869428 
2289, 1270.83574677199 
2290, 1224.49774748354 
2291, 1207.66904652693 
2292, 1199.47682820193 
2293, 1177.34272965418 
2294, 1166.32707671287 
2295, 1141.84065917188 
2296, 1088.99912006977 
2297, 1062.7100797042 
2298, 1053.01279461241 
2299, 1034.90434200258 
2300, 1021.73706590978 
2301, 1002.67011616217 
2302, 973.355572180766 
2303, 958.814404020294 
2304, 958.387356394001 
2305, 941.551431594535 
2306, 914.084610029345 
2307, 903.98289314345 
2308, 898.461505372813 
2309, 883.130457863396 
2310, 881.958353696544 
2311, 868.114661319401 
2312, 826.09926724697 
2313, 801.095435186337 
2314, 779.093545408613 
2315, 776.006554707703 
2316, 757.623702136328 
2317, 743.048029394223 
2318, 719.033879339476 
2319, 694.764639164659 
2320, 701.54600726821 
2321, 698.121102765485 
2322, 707.77590852426 
2323, 719.544464106495 
2324, 717.522458466724 
2325, 727.285577391928 
2326, 721.269072338924 
2327, 722.317253877401 
2328, 718.012587336736 
2329, 701.558325358205 
2330, 693.971495236835 
2331, 694.692897640748 
2332, 684.16934882757 
2333, 670.051952295497 
2334, 658.638024770699 
2335, 645.355948606232 
2336, 629.140335919072 
2337, 612.010016940822 
2338, 594.223579333713 
2339, 569.579627528261 
2340, 551.832068741056 
2341, 541.29930913578 
2342, 524.44121231225 
2343, 510.278921224009 
2344, 488.604792153372 
2345, 452.091570248236 
2346, 429.970582484471 
2347, 413.387376001934 
2348, 396.515911804232 
2349, 388.176315015409 
2350, 374.929032487947 
2351, 351.21916176646 
2352, 342.205969122899 
2353, 337.350119001358 
2354, 339.895145343375 
2355, 361.177381259543 
2356, 367.708722891763 
2357, 369.051941476434 
2358, 379.404020152077 
2359, 390.848893616724 
2360, 396.671332116322 
2361, 408.668788083245 
2362, 411.311319246892 
2363, 401.662256414633 
2364, 397.775855983649 
2365, 392.113885882557 
2366, 376.604345068403 
2367, 351.451886583236 
2368, 321.653666718139 
2369, 305.668371101024 
2370, 299.865504550176 
2371, 306.94035705616 
2372, 324.371189636419 
2373, 324.072708226176 
2374, 322.283243593189 
2375, 314.080996146665 
2376, 293.166424225422 
2377, 276.31836846062 
2378, 260.843793886752 
2379, 262.43498040807 
2380, 274.214607517063 
2381, 292.392945694552 
2382, 308.769595047854 
2383, 324.975825106061 
2384, 333.791115103518 
2385, 321.599710482386 
2386, 311.900804987535 
2387, 293.17139505495 
2388, 268.49977420939 
2389, 254.99830262198 
2390, 260.349479203173 
2391, 275.115813562429 
2392, 291.300877867669 
2393, 324.175857925946 
2394, 335.110693552972 
2395, 327.819827861377 
2396, 329.19122222995 
2397, 302.564584546446 
2398, 278.480253916348 
2399, 263.763458949722 
2400, 247.499337871473 
2401, 261.057345503414 
2402, 270.864313207234 
2403, 270.2739708525 
2404, 264.347939088747 
2405, 250.101689962183 
2406, 212.245798722309 
2407, 198.990970870485 
2408, 190.620948086467 
2409, 192.150373117502 
2410, 215.443719406474 
2411, 217.032695764656 
2412, 212.533220302836 
2413, 210.480110198169 
2414, 193.445400557884 
2415, 195.226312914863 
2416, 217.880546154387 
2417, 218.660240007231 
2418, 212.222747465108 
2419, 210.97054859776 
2420, 198.628016552199 
2421, 194.225482333321 
2422, 200.756318728328 
2423, 201.272196692014 
2424, 201.202591059256 
2425, 199.781864648681 
2426, 206.474911502931 
2427, 192.318242232887 
2428, 156.789749885446 
2429, 138.437797446549 
2430, 112.972877517718 
2431, 99.9739427396232 
2432, 102.752003394375 
2433, 107.075743175278 
2434, 116.277613503526 
2435, 114.949636867501 
2436, 115.259044623149 
2437, 112.151784629101 
2438, 100.702599359879 
2439, 100.317973041056 
2440, 108.209470616161 
2441, 105.966098907307 
2442, 102.898844612254 
2443, 89.7863790409195 
2444, 62.0066408166344 
2445, 63.8716952312068 
2446, 62.2819797074611 
2447, 72.0177980250207 
2448, 81.8973113092081 
2449, 78.2531477587262 
2450, 69.9765639764255 
2451, 63.2145459204895 
2452, 62.8935991591556 
2453, 77.5995375642087 
2454, 93.0511436568704 
2455, 105.583437314435 
2456, 130.448519563006 
2457, 150.247428234254 
2458, 171.226389731773 
2459, 172.565108288193 
2460, 158.6988542049 
2461, 146.815554706078 
2462, 114.457532427893 
2463, 102.814329270164 
2464, 109.177036583412 
2465, 105.288942835753 
2466, 113.647452048275 
2467, 114.089106822296 
2468, 90.2847675927365 
2469, 71.4087011316306 
2470, 65.4153485525573 
2471, 69.2781694213653 
2472, 92.1950825330434 
2473, 105.660462118848 
2474, 98.5032511709984 
2475, 81.2673003272949 
2476, 69.5128363330277 
2477, 91.5687635106915 
2478, 98.2782460508411 
2479, 94.8558077441907 
2480, 87.1837283662877 
2481, 47.4255019647682 
2482, 32.5751174192434 
2483, 44.7714534680654 
2484, 55.1075150481491 
2485, 57.1955348855468 
2486, 47.4309258468816 
2487, 35.8399369315633 
2488, 27.9132391968254 
2489, 30.645789111257 
2490, 39.5673150717469 
2491, 41.4109870125695 
2492, 28.0384609274536 
2493, 24.4408614314007 
2494, 33.6914295994389 
2495, 33.4171855107761 
2496, 51.03880054638 
2497, 48.99456165674 
2498, 46.5724070801011 
2499, 35.4359357096086 
2500, 29.5286075450902 
