Wavelength,0212202100016.asd
350, 4017.04220304686 
351, 4220.87468370102 
352, 4409.62304462687 
353, 4573.05411831351 
354, 4739.96823358365 
355, 4915.0047299666 
356, 5094.69548998655 
357, 5272.46320420505 
358, 5460.07464686759 
359, 5664.04645385065 
360, 5891.27215479771 
361, 6166.16984496888 
362, 6474.27736170381 
363, 6801.44804459237 
364, 7137.28413423661 
365, 7477.7582267258 
366, 7800.78599250599 
367, 8080.30304161507 
368, 8289.99455779308 
369, 8412.10949894347 
370, 8458.82125249307 
371, 8458.00802303386 
372, 8439.04749952676 
373, 8439.53521049679 
374, 8463.52194341184 
375, 8491.55613874698 
376, 8525.2196576776 
377, 8543.0909633153 
378, 8522.17203687137 
379, 8441.78389147335 
380, 8345.33892206529 
381, 8237.54729153951 
382, 8113.965459051 
383, 7970.74231797514 
384, 7829.44492097569 
385, 7743.12302168322 
386, 7773.40758873504 
387, 7945.60274923579 
388, 8163.98805526942 
389, 8346.34417717449 
390, 8444.7488538144 
391, 8556.6509312891 
392, 8655.58094149943 
393, 8725.67675095154 
394, 8816.28215079111 
395, 9037.16647246112 
396, 9437.95481788425 
397, 10032.997914497 
398, 10830.1871844528 
399, 11732.3090454481 
400, 12659.4603342232 
401, 13554.9343545932 
402, 14390.8759450115 
403, 15081.1867441927 
404, 15593.4578453979 
405, 16001.7938023489 
406, 16327.69014341 
407, 16625.7135003712 
408, 16961.1433641963 
409, 17400.5716681188 
410, 17918.8928802716 
411, 18488.2871303718 
412, 19080.7307378567 
413, 19670.973523752 
414, 20251.1332613094 
415, 20805.0583522134 
416, 21294.1750067691 
417, 21771.6762867007 
418, 22261.2926518487 
419, 22760.0300117839 
420, 23199.1932697242 
421, 23650.4680063318 
422, 24140.4552165591 
423, 24651.8638743814 
424, 25124.8205105725 
425, 25498.5661969796 
426, 25715.1441518146 
427, 25711.3881393604 
428, 25636.6364972758 
429, 25706.4775416914 
430, 26070.6686596857 
431, 26556.7756379724 
432, 27220.0241810201 
433, 28191.1082869382 
434, 29593.1343834473 
435, 31006.712136576 
436, 32087.8568336709 
437, 32794.121029331 
438, 33547.6034137382 
439, 34310.1164411822 
440, 35035.1994672236 
441, 35714.411889697 
442, 36565.9227796453 
443, 37439.3662345356 
444, 38233.8725291428 
445, 38902.6336120009 
446, 39440.9804950813 
447, 39936.7401776901 
448, 40472.9089441803 
449, 41111.8676492529 
450, 41623.6959741905 
451, 41885.7240103032 
452, 41872.3806452316 
453, 41770.5950863189 
454, 41551.3850525939 
455, 41280.0254879691 
456, 41105.2492569576 
457, 41071.8972883915 
458, 41091.3504804309 
459, 41072.7344883316 
460, 40978.7802701613 
461, 40831.0801815605 
462, 40665.3740107244 
463, 40499.1763703579 
464, 40228.0438528636 
465, 39816.1211248096 
466, 39318.2455158519 
467, 38873.0684922853 
468, 38494.0419723188 
469, 38217.4958173933 
470, 38062.3643482849 
471, 38017.1290616902 
472, 37993.4964882065 
473, 37999.7958315804 
474, 38069.7386364815 
475, 38064.9597608781 
476, 38039.3684782841 
477, 38038.3264551026 
478, 38073.7147700563 
479, 38216.1084222715 
480, 38398.0240984833 
481, 38511.2193963198 
482, 38469.1244481617 
483, 38155.231444103 
484, 37519.3917172603 
485, 36607.3840726507 
486, 35769.5313159954 
487, 35207.7346069711 
488, 35082.4502684856 
489, 35548.1628051418 
490, 36204.8084964859 
491, 36721.6837865274 
492, 36909.7991835218 
493, 36987.0297210479 
494, 37111.1185716531 
495, 37340.8841494038 
496, 37629.3388640265 
497, 37710.5995535294 
498, 37598.2801720626 
499, 37360.538758984 
500, 37042.5501184754 
501, 36823.5089125704 
502, 36760.5380503075 
503, 36866.348649851 
504, 37251.7272244259 
505, 37752.8160109621 
506, 38234.8223609533 
507, 38619.7770054114 
508, 38912.0317451581 
509, 39145.031126229 
510, 39368.6725579118 
511, 39668.1181399836 
512, 39865.6262282297 
513, 39892.5724078114 
514, 39745.3380846581 
515, 39398.4223353262 
516, 38942.3015071502 
517, 38518.8117694758 
518, 38308.5331501491 
519, 38704.1767811525 
520, 39705.0770540054 
521, 41050.0217720392 
522, 42133.1852111245 
523, 42938.4609400258 
524, 43509.0903498501 
525, 43922.9254531465 
526, 44086.6887688371 
527, 44161.089112059 
528, 44431.0842973999 
529, 45393.6958444054 
530, 46590.2380812227 
531, 47548.7221156458 
532, 47917.1007136362 
533, 48044.517107581 
534, 48286.4402644512 
535, 48810.9634345082 
536, 49563.4045595006 
537, 50079.8477047121 
538, 50301.1081504173 
539, 50319.5509013712 
540, 50305.5140806636 
541, 50366.7859115883 
542, 50657.8824615086 
543, 51296.3394969675 
544, 51989.1509502668 
545, 52576.8278393755 
546, 52979.76393393 
547, 53205.5978223477 
548, 53359.9748347135 
549, 53553.0564045477 
550, 53847.0435495345 
551, 54136.0602005437 
552, 54354.4731745577 
553, 54516.8238129508 
554, 54697.2067452503 
555, 54836.4509229625 
556, 54782.2770193847 
557, 54457.370564669 
558, 53941.7854152095 
559, 53521.9627385155 
560, 53361.1772010262 
561, 53506.1727784039 
562, 53776.9938489781 
563, 53921.0260478948 
564, 53828.4004348013 
565, 53565.6081978898 
566, 53193.6500428811 
567, 52831.6245858003 
568, 52547.787706811 
569, 52234.5200899929 
570, 51807.2212486105 
571, 51407.2032837933 
572, 51293.8688037771 
573, 51395.6618665029 
574, 51406.5912372057 
575, 51147.5317974765 
576, 50687.988149889 
577, 50293.3676908908 
578, 50099.8230992722 
579, 50162.9064348511 
580, 50440.9176954695 
581, 50924.2231454018 
582, 51501.3376132655 
583, 51970.3963607114 
584, 52254.7589674361 
585, 52225.2666351944 
586, 51876.3989530375 
587, 51490.235690669 
588, 51016.5659022227 
589, 50341.853249467 
590, 49462.8997211744 
591, 49289.2557202693 
592, 49631.3994022494 
593, 50054.9178419865 
594, 49967.1382731507 
595, 49676.193998098 
596, 49307.8795728345 
597, 48922.026055164 
598, 48484.1788803131 
599, 47950.1254169714 
600, 47376.3631557946 
601, 46886.5086556651 
602, 46503.0951518888 
603, 46314.8015501876 
604, 46320.1598236158 
605, 46369.0887041954 
606, 46244.9071062849 
607, 45964.019005125 
608, 45636.1490687609 
609, 45308.9017684759 
610, 44997.2900236374 
611, 44721.9604933123 
612, 44504.7011145497 
613, 44257.4966608584 
614, 43958.762122283 
615, 43636.5287553785 
616, 43392.481911366 
617, 43235.8439307651 
618, 43251.1888789048 
619, 43495.7390742201 
620, 43693.1075922167 
621, 43695.6910024977 
622, 43465.4873213083 
623, 43083.1849146549 
624, 42668.777329765 
625, 42286.3052427599 
626, 41965.3708387579 
627, 41707.2680086356 
628, 41422.9377484897 
629, 41133.9837551983 
630, 40942.8478864634 
631, 40971.10765124 
632, 41120.0956293608 
633, 41300.1903599721 
634, 41493.5034704873 
635, 41632.0851911381 
636, 41721.5568535197 
637, 41785.8446507626 
638, 41813.1023486762 
639, 41741.7974596963 
640, 41535.8768330284 
641, 41201.5460834463 
642, 40965.2770596586 
643, 40843.5660980951 
644, 40770.4277363007 
645, 40600.8963537616 
646, 40347.2782640281 
647, 40043.1635952602 
648, 39740.1867884851 
649, 39483.2762198261 
650, 39266.8385727357 
651, 39147.3121811317 
652, 39226.8976693101 
653, 39130.1526730924 
654, 38668.60722351 
655, 37820.4448819572 
656, 36766.1133968583 
657, 36050.3342421216 
658, 36153.9182605585 
659, 37253.5834537034 
660, 38144.5182010014 
661, 38599.7016438724 
662, 38691.6283367435 
663, 38732.9300644849 
664, 38678.1353033088 
665, 38611.8539287113 
666, 38601.181839216 
667, 38605.1970287407 
668, 38586.3767962461 
669, 38551.3035080597 
670, 38522.8896539302 
671, 38432.5493864145 
672, 38330.0368323609 
673, 38274.0954081035 
674, 38316.9784081563 
675, 38365.3531626445 
676, 38396.131961174 
677, 38411.939834302 
678, 38431.7336997261 
679, 38439.1638265488 
680, 38431.0530870506 
681, 38411.6064128752 
682, 38388.187724848 
683, 38301.2995289109 
684, 37981.3977816306 
685, 37123.6571572063 
686, 35575.7466722683 
687, 33430.6635634104 
688, 31235.3931805149 
689, 30607.4770526529 
690, 31441.9096195945 
691, 33061.7775094433 
692, 34481.9459902062 
693, 35719.1361103283 
694, 36603.4596143287 
695, 37116.8568302942 
696, 37457.5100181398 
697, 37739.7278163993 
698, 37913.8289098884 
699, 37917.5495994255 
700, 37831.4179589803 
701, 37746.499210276 
702, 37744.4560924294 
703, 37888.5751868813 
704, 38192.9522824906 
705, 38537.674324649 
706, 38815.4440847497 
707, 38963.3487517163 
708, 39087.1930639091 
709, 39200.6446767763 
710, 39298.4141326305 
711, 39404.635159634 
712, 39472.8782268017 
713, 39492.4800074065 
714, 39461.2397205726 
715, 39304.9913477863 
716, 38862.4325194718 
717, 38057.7206605818 
718, 36938.1375781471 
719, 36018.1721743033 
720, 35725.0034307578 
721, 36212.7752984284 
722, 37123.2247987864 
723, 37692.4758044194 
724, 37733.2193876271 
725, 37473.1576044731 
726, 37468.1157923466 
727, 37594.0434668912 
728, 37718.8244598249 
729, 37783.835232141 
730, 38012.0911391033 
731, 38434.0909582392 
732, 38997.8715395913 
733, 39589.101686212 
734, 40082.3916033634 
735, 40375.5766115379 
736, 40428.5049251199 
737, 40376.4723071338 
738, 40299.5089587781 
739, 40213.4147388035 
740, 40089.4377378966 
741, 40042.7468560892 
742, 40086.2131642219 
743, 40202.7763365439 
744, 40363.0489780091 
745, 40459.1811836199 
746, 40491.5030564089 
747, 40486.5677643039 
748, 40423.1873067419 
749, 40278.3145531123 
750, 40086.6455084334 
751, 39920.9648446735 
752, 39839.7495892603 
753, 39818.4468998386 
754, 39811.7829772765 
755, 39761.0726717219 
756, 39565.3126253778 
757, 38741.0389444396 
758, 36473.7195792139 
759, 31295.9935866276 
760, 23827.3286452376 
761, 16782.7785903154 
762, 13254.7036087122 
763, 13599.8568337144 
764, 15877.3738730202 
765, 19204.3259103187 
766, 23612.8270023141 
767, 28283.6934228445 
768, 32228.2924485165 
769, 34884.4895835465 
770, 36322.5557958437 
771, 37002.3265727263 
772, 37246.1147739631 
773, 37287.3536447893 
774, 37245.4632733949 
775, 37139.9581916413 
776, 37009.5526719374 
777, 36881.7586790774 
778, 36713.6587071847 
779, 36519.4587527292 
780, 36328.519667453 
781, 36172.6433296011 
782, 36004.2439661281 
783, 35803.601421697 
784, 35575.6515977424 
785, 35354.5241246706 
786, 35142.9830426633 
787, 34899.3033862039 
788, 34589.8916869063 
789, 34235.5603627403 
790, 33855.5849158015 
791, 33457.3403946942 
792, 33048.0894837246 
793, 32652.8143765613 
794, 32336.0472449095 
795, 32134.0738520163 
796, 32044.2823390056 
797, 31977.8258059816 
798, 31846.5111680269 
799, 31615.595670614 
800, 31318.7746526442 
801, 31000.4033077627 
802, 30705.4699408959 
803, 30450.0932382316 
804, 30192.0023788296 
805, 29964.0424161689 
806, 29753.1302693191 
807, 29525.2212915295 
808, 29235.0105863333 
809, 28895.7852820886 
810, 28531.4483344083 
811, 28156.7153243733 
812, 27712.2045657107 
813, 27124.7599668902 
814, 26383.6806626053 
815, 25550.0990795543 
816, 24767.8267830245 
817, 24142.2387942459 
818, 23741.4621000907 
819, 23590.7270827823 
820, 23519.4644726262 
821, 23413.3427242404 
822, 23228.9692474566 
823, 23028.6994043538 
824, 22904.044549547 
825, 22916.3059587273 
826, 23028.2501591782 
827, 22947.0355036455 
828, 22692.4270765815 
829, 22367.2297298807 
830, 22103.0781807033 
831, 21914.334959859 
832, 21764.1239473586 
833, 21635.8239716439 
834, 21534.8286426184 
835, 21472.4676295635 
836, 21430.1109669429 
837, 21370.6915579452 
838, 21245.8727245366 
839, 21075.430248439 
840, 20875.916308997 
841, 20659.602257834 
842, 20430.3925697213 
843, 20196.0381370742 
844, 19965.2801945803 
845, 19741.5587983343 
846, 19521.8514556921 
847, 19250.3303800222 
848, 18926.375771596 
849, 18571.4402683206 
850, 18206.8662486505 
851, 17785.4351408184 
852, 17356.7526964586 
853, 17004.3173740136 
854, 16732.8358242747 
855, 16515.9788597422 
856, 16417.7368736627 
857, 16520.1322155885 
858, 16670.7576826921 
859, 16692.9462135362 
860, 16558.3916076914 
861, 16368.8195493057 
862, 16141.8673549905 
863, 15852.5120523015 
864, 15507.450475759 
865, 15155.7755905671 
866, 14821.8547750982 
867, 14539.9706468666 
868, 14356.6675363513 
869, 14327.6941221599 
870, 14353.1869591321 
871, 14326.5578768694 
872, 14199.4361543582 
873, 14024.3357145897 
874, 13838.762787894 
875, 13654.372225587 
876, 13472.2910503472 
877, 13291.5720687558 
878, 13117.746526451 
879, 12947.6909565949 
880, 12775.858632297 
881, 12597.2931420296 
882, 12424.161783784 
883, 12262.0228697741 
884, 12110.0987709291 
885, 11958.6906340779 
886, 11795.5894483014 
887, 11623.5479876633 
888, 11452.2012276126 
889, 11288.6590279027 
890, 11127.5311067563 
891, 10950.3246557244 
892, 10736.3725343455 
893, 10483.4870140257 
894, 10192.9457045824 
895, 9872.02850212264 
896, 9533.29073900114 
897, 9192.17434641421 
898, 8869.95857534658 
899, 8598.10257725341 
900, 8405.5761854083 
901, 8287.09197719483 
902, 8222.25180989168 
903, 8186.33238980013 
904, 8153.49509973561 
905, 8103.52809358046 
906, 8017.43224816829 
907, 7878.08463238543 
908, 7682.15143244002 
909, 7481.13667810056 
910, 7310.024885513 
911, 7182.42550949673 
912, 7091.69499020846 
913, 7016.75962982369 
914, 6941.82212815045 
915, 6863.82571546431 
916, 6790.70410197029 
917, 6735.51638600584 
918, 6687.86230956251 
919, 6641.50638046528 
920, 6594.66741063736 
921, 6543.90130300382 
922, 6480.12213381464 
923, 6391.63153297737 
924, 6268.70541588453 
925, 6118.37469428867 
926, 5939.29592212833 
927, 5724.92037312163 
928, 5466.8223428733 
929, 5162.35877637168 
930, 4821.59620835052 
931, 4462.09383046072 
932, 4108.417171139 
933, 3792.75186486867 
934, 3541.62380145366 
935, 3369.73886000887 
936, 3277.84612789507 
937, 3249.27924387179 
938, 3262.07519963768 
939, 3292.71265959898 
940, 3321.15339947824 
941, 3340.3510146534 
942, 3341.21041652794 
943, 3309.86967431398 
944, 3241.28797457747 
945, 3159.7247449834 
946, 3092.2123631735 
947, 3049.3693769252 
948, 3028.68322003584 
949, 3017.44594244919 
950, 3005.72755316584 
951, 2991.78800803177 
952, 2975.80490020462 
953, 2953.5779375076 
954, 2933.75130215179 
955, 2915.34604835889 
956, 2897.61145071063 
957, 2885.54044634413 
958, 2873.44635115704 
959, 2864.37177879874 
960, 2859.63133849928 
961, 2855.07530044015 
962, 2851.86666983951 
963, 2851.77183798397 
964, 2853.77245564018 
965, 2853.40920611432 
966, 2846.33159344474 
967, 2835.27678083114 
968, 2819.97796890698 
969, 2797.48065367869 
970, 2772.85541458985 
971, 2741.70086230882 
972, 2701.85165220034 
973, 2653.99474097435 
974, 2600.01681873568 
975, 2545.51211278329 
976, 2491.63980559776 
977, 2439.45818856483 
978, 2398.39078148805 
979, 2362.32807857188 
980, 2329.99265317596 
981, 2300.47028013544 
982, 2269.86899151857 
983, 2237.00089073999 
984, 2201.74813007758 
985, 2164.86812390349 
986, 2127.44587454473 
987, 2085.40816304347 
988, 2042.23593900322 
989, 1999.50869211952 
990, 1955.70709320022 
991, 1914.7604413374 
992, 1870.96193434474 
993, 1825.62865124681 
994, 1784.2097177738 
995, 1743.65977352841 
996, 1700.6857715228 
997, 1656.09245666233 
998, 1612.37671134968 
999, 1570.48735879777 
1000, 1529.30262244434 
1001, 9545.88516112451 
1002, 9514.89317394439 
1003, 9481.88747380799 
1004, 9451.99006938861 
1005, 9436.56301842275 
1006, 9435.48656668322 
1007, 9446.63184383285 
1008, 9471.6927569399 
1009, 9497.37463535184 
1010, 9533.71330588468 
1011, 9567.21989739955 
1012, 9602.47120263472 
1013, 9637.00592799677 
1014, 9676.40254036908 
1015, 9720.35586886624 
1016, 9763.3118458981 
1017, 9805.66612781897 
1018, 9855.04709763633 
1019, 9901.90816142472 
1020, 9945.19380841056 
1021, 9997.34612372914 
1022, 10052.4081594425 
1023, 10109.9378069501 
1024, 10164.8184085133 
1025, 10229.6377595774 
1026, 10293.5720973062 
1027, 10346.3880514655 
1028, 10404.7303924914 
1029, 10461.507377668 
1030, 10511.9403090567 
1031, 10560.219819047 
1032, 10602.8074099014 
1033, 10644.206843495 
1034, 10685.4763253469 
1035, 10726.9562442207 
1036, 10770.9867357834 
1037, 10814.7767302605 
1038, 10853.1553741875 
1039, 10882.7410439033 
1040, 10909.1268336979 
1041, 10932.1706340366 
1042, 10953.0489954085 
1043, 10985.4624190611 
1044, 11016.629676299 
1045, 11050.2073945742 
1046, 11087.7797045151 
1047, 11117.8714267133 
1048, 11140.3434326066 
1049, 11170.2301130902 
1050, 11202.8907414892 
1051, 11236.1105001035 
1052, 11280.7869027438 
1053, 11328.6046444356 
1054, 11372.4055807808 
1055, 11413.2865834439 
1056, 11459.250268087 
1057, 11505.6485746093 
1058, 11554.6972811993 
1059, 11617.1758457399 
1060, 11689.0934910431 
1061, 11769.7081064507 
1062, 11858.1596571629 
1063, 11960.4356483941 
1064, 12060.7963068188 
1065, 12164.0602966636 
1066, 12276.5428187392 
1067, 12398.2401645828 
1068, 12534.4998887696 
1069, 12681.0635556147 
1070, 12830.8352742202 
1071, 12992.8589704305 
1072, 13158.6359908582 
1073, 13321.2611245484 
1074, 13495.3217976368 
1075, 13653.8163241888 
1076, 13806.0261940818 
1077, 13950.8576571123 
1078, 14085.8172982041 
1079, 14210.5757052706 
1080, 14320.0249038045 
1081, 14419.5304106451 
1082, 14507.8105362294 
1083, 14589.0146609147 
1084, 14668.1398381341 
1085, 14740.1941219094 
1086, 14808.9303528102 
1087, 14877.949567271 
1088, 14933.35675031 
1089, 14990.8028730271 
1090, 15023.9587210724 
1091, 15041.2066609633 
1092, 15042.687034454 
1093, 15029.8032563981 
1094, 15000.1218242213 
1095, 14968.2741013167 
1096, 14939.1101306302 
1097, 14906.8418038998 
1098, 14873.9201386636 
1099, 14845.6327327181 
1100, 14823.8341650729 
1101, 14792.0803224839 
1102, 14766.2764074639 
1103, 14722.8859405579 
1104, 14677.9091440081 
1105, 14610.893377839 
1106, 14522.5520942608 
1107, 14404.1776138897 
1108, 14233.8035869763 
1109, 14012.0901189112 
1110, 13711.6657825772 
1111, 13345.8089883206 
1112, 12912.0075903919 
1113, 12375.3982681197 
1114, 11847.6845972506 
1115, 11230.8389322186 
1116, 10679.2865273129 
1117, 10090.3622567753 
1118, 9586.05300440543 
1119, 9119.55579237108 
1120, 8695.4949260327 
1121, 8342.1249970543 
1122, 8061.11621387578 
1123, 7864.71965402004 
1124, 7736.61567369869 
1125, 7677.76976314203 
1126, 7722.60372864012 
1127, 7765.29688991842 
1128, 7873.83421172236 
1129, 7978.5070860103 
1130, 8120.66670356604 
1131, 8253.00870948648 
1132, 8377.99634136371 
1133, 8541.23365340361 
1134, 8713.6879905234 
1135, 8900.99803262088 
1136, 9184.48746711407 
1137, 9475.92013733804 
1138, 9754.85557405728 
1139, 10019.4699272607 
1140, 10192.5351314935 
1141, 10311.0702805738 
1142, 10364.5961261351 
1143, 10320.0153105117 
1144, 10297.7090090457 
1145, 10151.0142401291 
1146, 10145.6760152847 
1147, 10152.8575853546 
1148, 10254.1116559988 
1149, 10451.2431800667 
1150, 10695.515674855 
1151, 11014.4438055088 
1152, 11372.6448470176 
1153, 11737.0264314578 
1154, 12160.4588553447 
1155, 12550.9050304274 
1156, 12954.1270607617 
1157, 13331.973511417 
1158, 13711.9764172016 
1159, 14063.7772239384 
1160, 14404.7020593554 
1161, 14710.1587287954 
1162, 15002.1925026837 
1163, 15252.2427530884 
1164, 15463.6621080021 
1165, 15648.4303417221 
1166, 15798.3995215376 
1167, 15918.0972394318 
1168, 16015.1654721951 
1169, 16084.334690896 
1170, 16127.9284068635 
1171, 16144.9328754545 
1172, 16140.0278857214 
1173, 16103.5766791106 
1174, 16054.9512698811 
1175, 15975.2062547883 
1176, 15898.0960698929 
1177, 15802.9761210604 
1178, 15710.2442199839 
1179, 15611.5216850023 
1180, 15515.3861717255 
1181, 15411.7659331641 
1182, 15309.6997393263 
1183, 15230.7176676236 
1184, 15152.8157112001 
1185, 15108.1606104413 
1186, 15090.8306521835 
1187, 15079.1936390198 
1188, 15094.690529231 
1189, 15102.4629094659 
1190, 15130.6613251146 
1191, 15134.4988763101 
1192, 15148.5135096747 
1193, 15127.3692934504 
1194, 15086.8191492913 
1195, 15023.5079509963 
1196, 14929.5502298513 
1197, 14819.1174371191 
1198, 14709.3767592787 
1199, 14572.8472295854 
1200, 14465.5734704377 
1201, 14356.6862998257 
1202, 14271.9761136442 
1203, 14196.8612387213 
1204, 14145.2087650067 
1205, 14116.0122182139 
1206, 14095.6235728453 
1207, 14098.9565283429 
1208, 14102.8550212138 
1209, 14122.3382462371 
1210, 14136.8085208483 
1211, 14159.5262909882 
1212, 14175.9915621428 
1213, 14189.5765915304 
1214, 14201.3844044588 
1215, 14206.5139685993 
1216, 14211.236331649 
1217, 14201.962818658 
1218, 14184.7665743448 
1219, 14159.5796999287 
1220, 14113.9021317338 
1221, 14084.0055302574 
1222, 14051.2388746629 
1223, 14025.3055813642 
1224, 14010.3117399116 
1225, 13992.2289250481 
1226, 13974.3613267697 
1227, 13957.6835679963 
1228, 13945.3357662327 
1229, 13929.2367294311 
1230, 13911.8089243053 
1231, 13895.0032369257 
1232, 13872.9180548098 
1233, 13850.9229153193 
1234, 13817.5628427156 
1235, 13779.9725621458 
1236, 13733.3434338147 
1237, 13672.2753837812 
1238, 13615.5875548288 
1239, 13555.3598004194 
1240, 13493.240297685 
1241, 13426.1202384575 
1242, 13364.0014629978 
1243, 13301.3692770029 
1244, 13239.5609970415 
1245, 13182.8095751122 
1246, 13127.8549335446 
1247, 13059.8924424332 
1248, 12988.7085187575 
1249, 12906.6439151111 
1250, 12815.7266986635 
1251, 12717.8272641858 
1252, 12616.7058432021 
1253, 12498.2447125099 
1254, 12373.1770593186 
1255, 12227.3625570457 
1256, 12069.6236061448 
1257, 11888.4475580116 
1258, 11683.4892000039 
1259, 11468.8472028725 
1260, 11217.6819902898 
1261, 10982.9970530367 
1262, 10732.8676904425 
1263, 10497.0872491815 
1264, 10302.4598716601 
1265, 10112.504304719 
1266, 9993.64250241693 
1267, 9907.05062959484 
1268, 9894.96390073857 
1269, 9942.24821860659 
1270, 10036.7545091067 
1271, 10215.151735814 
1272, 10390.2572241664 
1273, 10627.8095169744 
1274, 10832.3772439138 
1275, 11066.2895882809 
1276, 11253.5841780677 
1277, 11421.2797592677 
1278, 11566.519062936 
1279, 11680.7668670494 
1280, 11776.2540235632 
1281, 11867.1764971834 
1282, 11949.9331718569 
1283, 12038.075187815 
1284, 12123.6872279289 
1285, 12210.3415414198 
1286, 12303.1824532259 
1287, 12381.7009041735 
1288, 12458.9796573867 
1289, 12522.7568942005 
1290, 12580.0709619738 
1291, 12618.7322682024 
1292, 12639.7574944952 
1293, 12658.2544266571 
1294, 12661.1720275163 
1295, 12662.3973040931 
1296, 12660.4983239466 
1297, 12653.8532317166 
1298, 12644.1784752589 
1299, 12621.3655458875 
1300, 12596.8894751081 
1301, 12571.3407003752 
1302, 12535.4655229234 
1303, 12489.5796754125 
1304, 12444.7375442114 
1305, 12393.1374310642 
1306, 12343.2403561117 
1307, 12294.1209801358 
1308, 12239.4883073143 
1309, 12179.4606924606 
1310, 12122.1497037224 
1311, 12058.8135712423 
1312, 12002.6103076809 
1313, 11951.9430110541 
1314, 11900.8676827398 
1315, 11849.6576672321 
1316, 11804.2377139928 
1317, 11762.7998363674 
1318, 11720.1831116584 
1319, 11690.0231947064 
1320, 11655.8966218618 
1321, 11617.7185031456 
1322, 11580.5807896705 
1323, 11513.4158001238 
1324, 11439.0360612228 
1325, 11325.9231644239 
1326, 11179.5813827659 
1327, 11022.1995675283 
1328, 10818.5731414637 
1329, 10646.706486654 
1330, 10453.1026812512 
1331, 10304.1144888533 
1332, 10170.2227812753 
1333, 10072.7501162989 
1334, 10023.5867611924 
1335, 9972.43468592301 
1336, 9956.65355082798 
1337, 9936.79384039196 
1338, 9894.69610718314 
1339, 9809.09409921291 
1340, 9668.55964835037 
1341, 9466.36575550919 
1342, 9182.93805541081 
1343, 8833.19711447108 
1344, 8405.5678730905 
1345, 7885.48006839514 
1346, 7329.77845955608 
1347, 6679.67524678177 
1348, 6049.78931055179 
1349, 5357.91686424051 
1350, 4716.94058911708 
1351, 4050.90514509504 
1352, 3461.00882912277 
1353, 2892.11831060058 
1354, 2391.65808769017 
1355, 1944.98254860673 
1356, 1561.34344253413 
1357, 1230.91132948065 
1358, 969.633231582318 
1359, 767.723212074977 
1360, 609.263041966092 
1361, 491.265156042068 
1362, 403.219254836161 
1363, 340.04745225143 
1364, 300.087872999751 
1365, 271.689523728721 
1366, 265.699325760992 
1367, 265.860620003522 
1368, 279.919551936734 
1369, 304.154142553285 
1370, 342.86229727062 
1371, 386.307030606869 
1372, 445.12547770868 
1373, 498.844930863286 
1374, 567.933362643752 
1375, 615.400595354221 
1376, 664.005363633083 
1377, 689.426071175887 
1378, 697.810618411121 
1379, 688.306360980901 
1380, 666.692815334063 
1381, 635.472092399674 
1382, 605.225453535377 
1383, 588.982505591366 
1384, 597.299903366326 
1385, 635.549419003927 
1386, 693.51626812305 
1387, 772.03992141655 
1388, 840.96297991366 
1389, 924.002218734475 
1390, 985.399269814623 
1391, 1046.86382147801 
1392, 1081.54852134879 
1393, 1093.89828297154 
1394, 1105.29211730863 
1395, 1089.91791486777 
1396, 1095.0922960868 
1397, 1098.46761161646 
1398, 1117.33374284872 
1399, 1151.27593952187 
1400, 1184.39940507882 
1401, 1226.84837696116 
1402, 1270.2795746623 
1403, 1315.58516015699 
1404, 1362.16159943884 
1405, 1410.68935972198 
1406, 1465.18539299562 
1407, 1522.80854190531 
1408, 1582.55690753004 
1409, 1658.46867808898 
1410, 1746.62787446531 
1411, 1832.2918199486 
1412, 1930.74747658627 
1413, 2017.12065239323 
1414, 2103.13111597387 
1415, 2177.39187172568 
1416, 2248.48517753541 
1417, 2305.33902428411 
1418, 2350.88050556855 
1419, 2387.30428701648 
1420, 2407.89845469344 
1421, 2430.29618456374 
1422, 2452.30727597003 
1423, 2461.67777392511 
1424, 2473.56118047552 
1425, 2462.74678545379 
1426, 2433.88156942879 
1427, 2391.15929746233 
1428, 2333.52704240001 
1429, 2258.50487168065 
1430, 2171.46608014178 
1431, 2083.37435721055 
1432, 1991.23976669939 
1433, 1901.80570107534 
1434, 1817.92349904857 
1435, 1739.16355387637 
1436, 1670.63253918729 
1437, 1610.99371584504 
1438, 1555.95937825124 
1439, 1512.13104837306 
1440, 1468.55135318257 
1441, 1429.22384120272 
1442, 1389.93008557945 
1443, 1354.16132361455 
1444, 1317.30953481878 
1445, 1281.64269844413 
1446, 1245.73823273002 
1447, 1210.26483352403 
1448, 1176.20547152928 
1449, 1140.79024173648 
1450, 1109.35098044349 
1451, 1080.3169733227 
1452, 1053.58987972617 
1453, 1029.50718236718 
1454, 1005.32489104392 
1455, 984.421306843261 
1456, 964.249259069695 
1457, 935.433674825735 
1458, 906.206051929863 
1459, 867.464883619793 
1460, 818.973958502207 
1461, 775.647315593484 
1462, 727.900882436285 
1463, 678.049472251828 
1464, 635.068167989218 
1465, 592.928221760751 
1466, 550.641956805813 
1467, 512.09973808575 
1468, 475.589629106787 
1469, 445.602781389377 
1470, 419.897940578294 
1471, 395.272320221003 
1472, 374.022265074367 
1473, 358.57037787459 
1474, 344.619055308895 
1475, 335.200424438451 
1476, 338.293743215443 
1477, 334.954356549008 
1478, 331.227741927165 
1479, 325.903570676798 
1480, 316.529816421891 
1481, 309.512465493408 
1482, 300.227950206055 
1483, 296.047925823295 
1484, 298.30542180094 
1485, 298.105427005346 
1486, 298.970160471383 
1487, 298.661378729923 
1488, 303.066496254608 
1489, 306.790724045536 
1490, 312.002347864529 
1491, 318.968732344599 
1492, 323.886686994979 
1493, 326.186669986254 
1494, 332.050401933887 
1495, 345.400194622533 
1496, 353.616978320307 
1497, 359.265284893035 
1498, 362.170343368513 
1499, 360.942374381943 
1500, 359.785834884769 
1501, 355.312471603177 
1502, 354.032779701249 
1503, 352.92110571721 
1504, 354.792900751222 
1505, 358.807245769759 
1506, 363.199553704016 
1507, 369.153803203915 
1508, 375.166640628769 
1509, 384.143483971615 
1510, 388.377904651232 
1511, 389.541590036454 
1512, 393.898152703434 
1513, 395.675721975215 
1514, 399.432851789399 
1515, 409.213589817066 
1516, 414.834814660327 
1517, 417.530339849598 
1518, 421.000255242853 
1519, 420.939399528246 
1520, 424.892546042893 
1521, 429.617704104141 
1522, 439.322511815517 
1523, 445.775486274168 
1524, 453.963466791395 
1525, 460.959951884442 
1526, 463.966933271799 
1527, 465.563523221132 
1528, 466.103205629837 
1529, 467.571851920201 
1530, 466.134481220757 
1531, 464.775567569558 
1532, 471.548564669978 
1533, 475.982267588564 
1534, 480.535879800359 
1535, 487.545175543294 
1536, 498.64683997909 
1537, 505.657897882301 
1538, 512.199538128958 
1539, 517.717750472463 
1540, 523.067863397391 
1541, 525.734688895649 
1542, 524.969343069365 
1543, 528.013463933284 
1544, 529.322030590731 
1545, 534.484194991363 
1546, 543.114395935421 
1547, 552.501342519889 
1548, 565.048610882829 
1549, 574.681362164393 
1550, 586.334761400165 
1551, 594.468886237731 
1552, 597.242885153162 
1553, 603.755545077149 
1554, 610.735840417433 
1555, 618.026094059759 
1556, 627.171412411514 
1557, 635.175779857747 
1558, 642.649660398071 
1559, 650.07729537233 
1560, 656.923995162691 
1561, 665.665871373425 
1562, 676.53324650842 
1563, 684.052270059908 
1564, 692.813868030228 
1565, 697.583410812193 
1566, 696.061408663143 
1567, 698.450128045497 
1568, 699.823114933946 
1569, 702.423838146609 
1570, 712.898977673874 
1571, 717.64095645217 
1572, 724.771751673835 
1573, 732.394392376332 
1574, 738.35895771192 
1575, 748.181938756915 
1576, 756.94601659197 
1577, 768.574172009887 
1578, 784.375409004502 
1579, 799.660231433812 
1580, 816.310565628559 
1581, 837.119414266808 
1582, 854.758739067616 
1583, 870.249409750517 
1584, 888.002992984983 
1585, 907.379818191925 
1586, 923.084239974796 
1587, 939.202093725087 
1588, 952.404729443051 
1589, 960.764469380987 
1590, 973.32821691581 
1591, 987.191714054273 
1592, 998.959749733395 
1593, 1013.27731600056 
1594, 1022.10845151127 
1595, 1027.24547000394 
1596, 1031.21439925211 
1597, 1032.18414468471 
1598, 1032.4735775555 
1599, 1032.10105534235 
1600, 1029.29418070448 
1601, 1021.02114754118 
1602, 1019.10112053871 
1603, 1015.7983503124 
1604, 1017.81936674904 
1605, 1027.66257916241 
1606, 1034.37154776216 
1607, 1042.23483908319 
1608, 1050.42969532005 
1609, 1057.70826789167 
1610, 1066.78599442971 
1611, 1076.75403773107 
1612, 1088.24550110769 
1613, 1102.55526037372 
1614, 1114.09102044501 
1615, 1127.81036773577 
1616, 1137.08241996189 
1617, 1139.72241126243 
1618, 1147.72351427926 
1619, 1157.36229452263 
1620, 1165.20251978398 
1621, 1177.10648482347 
1622, 1184.12177651817 
1623, 1185.92042454062 
1624, 1188.79724424734 
1625, 1190.01807190806 
1626, 1191.74420890601 
1627, 1192.83723571388 
1628, 1194.88347083707 
1629, 1199.01974923771 
1630, 1200.23370294739 
1631, 1202.45762733919 
1632, 1201.0555394996 
1633, 1194.0816462923 
1634, 1189.24071100579 
1635, 1182.49789182463 
1636, 1177.41999714576 
1637, 1174.73252696626 
1638, 1170.96309959428 
1639, 1164.40158253398 
1640, 1162.43601403425 
1641, 1160.88109406308 
1642, 1163.15634051517 
1643, 1172.3132780054 
1644, 1180.25879221183 
1645, 1190.52820657948 
1646, 1199.69689888266 
1647, 1209.92775367562 
1648, 1217.33406972207 
1649, 1221.06047641358 
1650, 1226.93923624422 
1651, 1232.44417405971 
1652, 1237.24508581432 
1653, 1243.57017321247 
1654, 1251.83944584933 
1655, 1260.07811574406 
1656, 1268.50371378706 
1657, 1276.05111254816 
1658, 1286.70173231767 
1659, 1287.87670485073 
1660, 1283.90900930297 
1661, 1281.64522810854 
1662, 1272.60499980409 
1663, 1274.6745057758 
1664, 1282.99872902471 
1665, 1285.93044804532 
1666, 1291.28397468399 
1667, 1294.6372373005 
1668, 1294.02917717034 
1669, 1296.88490655797 
1670, 1301.48298021517 
1671, 1307.37719410211 
1672, 1313.72290024768 
1673, 1320.8127671097 
1674, 1331.45437619993 
1675, 1337.61799465344 
1676, 1340.43261700113 
1677, 1348.00736934434 
1678, 1357.31469276467 
1679, 1362.68240482605 
1680, 1369.48320351941 
1681, 1373.47816569702 
1682, 1372.25407960546 
1683, 1375.41245956196 
1684, 1381.34103146268 
1685, 1383.70682979161 
1686, 1384.38393549147 
1687, 1387.37917089734 
1688, 1389.11301470475 
1689, 1393.30988986729 
1690, 1399.93706379498 
1691, 1406.33794419898 
1692, 1413.38317401317 
1693, 1420.38260078901 
1694, 1429.13200599705 
1695, 1434.72862451653 
1696, 1439.52265098045 
1697, 1442.16135848437 
1698, 1443.52270009971 
1699, 1442.23911436463 
1700, 1438.13276653319 
1701, 1435.59053586011 
1702, 1430.19868041551 
1703, 1428.29282209374 
1704, 1427.38147299971 
1705, 1429.27058332354 
1706, 1434.02817186202 
1707, 1437.60485461698 
1708, 1443.77331402033 
1709, 1446.74146007812 
1710, 1446.59781820643 
1711, 1450.06414890582 
1712, 1454.52160989429 
1713, 1458.98420396002 
1714, 1466.64726074156 
1715, 1470.25078001536 
1716, 1468.56507680622 
1717, 1475.24172330676 
1718, 1477.53820051281 
1719, 1476.20703038978 
1720, 1479.90365956494 
1721, 1475.13890973058 
1722, 1466.68620876534 
1723, 1463.57294258883 
1724, 1459.13143082083 
1725, 1454.11882170254 
1726, 1448.94677628701 
1727, 1443.89859484349 
1728, 1438.23247021142 
1729, 1434.29935896518 
1730, 1435.6491985139 
1731, 1433.63288359623 
1732, 1428.55712827322 
1733, 1419.5191371606 
1734, 1408.51704082435 
1735, 1405.62972703272 
1736, 1403.31212305363 
1737, 1402.76851189762 
1738, 1407.63138579509 
1739, 1409.66819210428 
1740, 1410.43994018043 
1741, 1413.37865352941 
1742, 1411.09536970382 
1743, 1406.51446860068 
1744, 1404.6246716744 
1745, 1403.34572476602 
1746, 1404.29815326796 
1747, 1405.6225935746 
1748, 1407.43935874642 
1749, 1407.90623249169 
1750, 1411.4768434761 
1751, 1414.72362479832 
1752, 1413.29935957759 
1753, 1415.64050508413 
1754, 1413.20550390857 
1755, 1405.17815235452 
1756, 1400.31014434782 
1757, 1392.01121867465 
1758, 1380.93261894081 
1759, 1377.16492546699 
1760, 1373.06602687298 
1761, 1361.81216606677 
1762, 1351.27815185751 
1763, 1330.43253442509 
1764, 1318.01803797859 
1765, 1313.90245414763 
1766, 1305.98395912866 
1767, 1299.15810048998 
1768, 1295.60615038189 
1769, 1293.02543830309 
1770, 1287.70386201251 
1771, 1285.41026177821 
1772, 1278.11985830447 
1773, 1266.75627808836 
1774, 1252.94242716182 
1775, 1233.95978816 
1776, 1219.10373681104 
1777, 1204.78967477765 
1778, 1188.60596838147 
1779, 1173.68811456087 
1780, 1160.18966346904 
1781, 1141.11239878748 
1782, 1129.65612347509 
1783, 1125.77212757714 
1784, 1118.27346620641 
1785, 1114.99304137731 
1786, 1104.93634851803 
1787, 1091.01673744878 
1788, 1076.14332904462 
1789, 1060.7009377518 
1790, 1037.83041097653 
1791, 1010.66856972411 
1792, 982.491777803017 
1793, 946.81938597468 
1794, 915.208103157076 
1795, 885.613096897726 
1796, 852.658438439088 
1797, 819.096822954222 
1798, 783.548145384029 
1799, 748.187977127702 
1800, 710.565227220452 
1801, 4033.74697540255 
1802, 3864.72107658147 
1803, 3730.6075853161 
1804, 3620.30093015718 
1805, 3535.71445611722 
1806, 3450.18767897593 
1807, 3393.78877784351 
1808, 3308.88999944244 
1809, 3221.2720200208 
1810, 3108.36020665759 
1811, 2977.70599043627 
1812, 2842.45672905379 
1813, 2680.67717122532 
1814, 2531.93108693237 
1815, 2392.64994802892 
1816, 2250.11116273568 
1817, 2133.16294633129 
1818, 2028.19461693007 
1819, 1934.81915518544 
1820, 1867.82450923989 
1821, 1791.28159402705 
1822, 1720.44078360223 
1823, 1655.69549883695 
1824, 1579.00946864091 
1825, 1493.17024955629 
1826, 1399.78664182934 
1827, 1279.03396152248 
1828, 1150.76485761386 
1829, 993.83417056917 
1830, 856.748512161175 
1831, 709.070474421439 
1832, 576.329871316411 
1833, 473.535423609255 
1834, 386.219249927789 
1835, 315.527912896372 
1836, 269.742049300368 
1837, 230.259249765933 
1838, 215.75941531752 
1839, 213.148451014216 
1840, 237.628398012756 
1841, 249.122801919096 
1842, 273.283369834682 
1843, 289.143978628539 
1844, 296.509393509273 
1845, 317.883241165121 
1846, 319.609668240638 
1847, 316.28218959308 
1848, 298.897765913851 
1849, 262.606368971089 
1850, 245.710131093814 
1851, 235.853971862121 
1852, 229.898259059298 
1853, 221.432026539107 
1854, 226.375352259672 
1855, 231.049602964812 
1856, 233.712884562932 
1857, 251.130233104176 
1858, 284.425025978406 
1859, 312.50792379336 
1860, 342.125528944735 
1861, 371.912074756047 
1862, 415.134003073591 
1863, 435.276095467138 
1864, 445.947606820232 
1865, 453.435292314504 
1866, 428.255006905405 
1867, 389.850538867174 
1868, 334.613567461539 
1869, 270.256883966281 
1870, 222.050538843439 
1871, 170.146427917014 
1872, 141.535642926728 
1873, 116.222576311581 
1874, 102.081741578431 
1875, 126.677807547913 
1876, 129.085640586898 
1877, 165.887181806721 
1878, 232.742723640783 
1879, 255.842846995104 
1880, 292.602568276219 
1881, 341.296298115159 
1882, 385.816879469942 
1883, 404.49901963558 
1884, 434.736133540135 
1885, 445.839709837465 
1886, 437.223250261765 
1887, 438.379501717946 
1888, 429.880979059733 
1889, 413.01676035849 
1890, 389.056578357151 
1891, 367.239928372635 
1892, 334.516899710188 
1893, 310.117240718644 
1894, 297.703406447207 
1895, 283.071155165236 
1896, 260.779245493363 
1897, 250.864115848778 
1898, 225.161828320025 
1899, 205.461629992327 
1900, 189.034741074406 
1901, 173.603915460487 
1902, 152.022890896969 
1903, 126.685862617584 
1904, 114.636180107011 
1905, 101.720716418525 
1906, 88.713653412845 
1907, 99.7460518362016 
1908, 98.9350734022162 
1909, 88.1766651903371 
1910, 91.0090243498403 
1911, 86.4738402472485 
1912, 66.1945608989707 
1913, 68.5227588432695 
1914, 84.35263242668 
1915, 94.1886009346265 
1916, 101.035191578529 
1917, 103.390587154406 
1918, 117.99733082237 
1919, 131.595480159588 
1920, 135.87653092331 
1921, 150.658184500208 
1922, 150.515322128868 
1923, 119.828787384789 
1924, 104.107906706357 
1925, 94.3342862658324 
1926, 81.4177101328983 
1927, 66.3319988872472 
1928, 79.0269632654122 
1929, 78.5124858924119 
1930, 84.7272153863537 
1931, 102.565328649038 
1932, 102.084822880522 
1933, 106.278185625403 
1934, 116.282855875898 
1935, 119.34463460381 
1936, 114.004759874058 
1937, 115.691050062258 
1938, 116.104663343737 
1939, 121.20199087229 
1940, 111.817223585863 
1941, 100.78907306739 
1942, 93.2563457352012 
1943, 103.922828444893 
1944, 101.077346190315 
1945, 94.0629053524447 
1946, 94.1449126234563 
1947, 87.3478861893595 
1948, 83.4337662750278 
1949, 85.7975178418568 
1950, 103.145968257081 
1951, 101.02708562372 
1952, 112.857848360962 
1953, 122.461256428158 
1954, 123.638034995167 
1955, 118.318202691793 
1956, 99.4540118184183 
1957, 89.2997297718882 
1958, 75.772512744081 
1959, 67.1673505345952 
1960, 62.3515105861493 
1961, 64.6811832191618 
1962, 60.6480966198339 
1963, 54.7848162041096 
1964, 68.8850908710021 
1965, 85.5515855976115 
1966, 98.1497510006005 
1967, 128.001990944162 
1968, 130.200666200842 
1969, 102.295331917564 
1970, 102.146348058621 
1971, 108.276067354247 
1972, 104.735888092226 
1973, 108.450641020089 
1974, 113.842690241632 
1975, 109.388272057904 
1976, 99.3414181346965 
1977, 109.747427852 
1978, 122.887825188971 
1979, 123.121786251256 
1980, 117.049274547354 
1981, 108.1638913468 
1982, 79.1496985977247 
1983, 73.4076668132778 
1984, 74.3855428121252 
1985, 78.7298367245007 
1986, 95.7405565305761 
1987, 120.830750963005 
1988, 129.154955964022 
1989, 139.283333647482 
1990, 141.302464872047 
1991, 134.094738686521 
1992, 125.253484919406 
1993, 108.033887204812 
1994, 96.8659325705696 
1995, 82.8864666675574 
1996, 76.15594631707 
1997, 73.6400438087859 
1998, 75.4992053928135 
1999, 76.5924554038496 
2000, 80.4426489615539 
2001, 89.4536644619291 
2002, 96.1806834085935 
2003, 102.606894193455 
2004, 121.928457601157 
2005, 115.10904587733 
2006, 87.0090449840652 
2007, 73.2648912694983 
2008, 44.4476319609247 
2009, 29.1132146676681 
2010, 24.7757540762532 
2011, 29.6479593645842 
2012, 34.2008472115873 
2013, 28.8972522741319 
2014, 33.9237233549998 
2015, 50.5653654798683 
2016, 57.255095519652 
2017, 62.9067387618379 
2018, 66.1599179337215 
2019, 57.1810649611173 
2020, 59.4307958613745 
2021, 66.1142394879265 
2022, 80.0094506963348 
2023, 107.581327395202 
2024, 127.667656214345 
2025, 146.482246913714 
2026, 145.308291506381 
2027, 150.704370146181 
2028, 148.814600291945 
2029, 145.138346975138 
2030, 136.326282559978 
2031, 137.425657591872 
2032, 140.326295410102 
2033, 141.267632309804 
2034, 156.142901862257 
2035, 157.782730307613 
2036, 139.088627655991 
2037, 130.496320078714 
2038, 123.570227579743 
2039, 114.14261654387 
2040, 121.321646784246 
2041, 144.342001352704 
2042, 156.949732556794 
2043, 181.26907379029 
2044, 188.3000706744 
2045, 180.316006578675 
2046, 177.591935926958 
2047, 167.138262830708 
2048, 165.870184193964 
2049, 174.636552552531 
2050, 172.433179315961 
2051, 166.259872677907 
2052, 167.571164329409 
2053, 143.121524694328 
2054, 125.764097133346 
2055, 114.052992218979 
2056, 99.0094111281785 
2057, 95.6964705851579 
2058, 112.027679599919 
2059, 107.656274097842 
2060, 101.798651879123 
2061, 91.0868261017566 
2062, 50.9082680144198 
2063, 43.4133671651023 
2064, 48.2681754994986 
2065, 60.9428788652865 
2066, 94.4349282920355 
2067, 139.847629802831 
2068, 155.005985737539 
2069, 163.321564933998 
2070, 162.208970576415 
2071, 130.549247129832 
2072, 129.948836014288 
2073, 135.107600033572 
2074, 150.287787039143 
2075, 188.380921208366 
2076, 210.606551680932 
2077, 233.995775413537 
2078, 252.564827494537 
2079, 269.582539796199 
2080, 277.257452034492 
2081, 281.658931631302 
2082, 274.398918025308 
2083, 270.060916086854 
2084, 250.947429588676 
2085, 249.017650248199 
2086, 258.313787275541 
2087, 261.513700902315 
2088, 264.74567413481 
2089, 274.269443137783 
2090, 276.198783604587 
2091, 293.043816478321 
2092, 335.41420955374 
2093, 358.237487417621 
2094, 376.910851357906 
2095, 399.604420645898 
2096, 421.794008299455 
2097, 428.490484256804 
2098, 441.8152560431 
2099, 453.913646315588 
2100, 476.997384419327 
2101, 508.807382240481 
2102, 524.444268485304 
2103, 548.54401632087 
2104, 559.73681509684 
2105, 540.726553616312 
2106, 543.589364712179 
2107, 559.339264334363 
2108, 569.083438229369 
2109, 576.925088386094 
2110, 590.503191397755 
2111, 610.090135379355 
2112, 624.475651088232 
2113, 624.280918798288 
2114, 646.48878374379 
2115, 652.799211933985 
2116, 641.207297887002 
2117, 651.133018888815 
2118, 665.319314848002 
2119, 689.178313642166 
2120, 728.413848767942 
2121, 759.206132114493 
2122, 798.924470960238 
2123, 829.213397457997 
2124, 849.699149528023 
2125, 876.97991954285 
2126, 904.405108853572 
2127, 930.376342802021 
2128, 961.977879092193 
2129, 985.28988974076 
2130, 1011.04438136367 
2131, 1040.20123754445 
2132, 1055.33064450664 
2133, 1063.77745346112 
2134, 1072.02612422081 
2135, 1056.91990550647 
2136, 1074.94632858203 
2137, 1112.02462973001 
2138, 1143.43408949635 
2139, 1194.42400482727 
2140, 1230.28464658889 
2141, 1253.98542395192 
2142, 1283.08220052823 
2143, 1313.69695759147 
2144, 1341.15652327168 
2145, 1363.01547235508 
2146, 1390.61336377274 
2147, 1426.14463888105 
2148, 1466.16442596081 
2149, 1496.16979901785 
2150, 1532.02220140823 
2151, 1558.02943174121 
2152, 1564.56174889977 
2153, 1588.31546364368 
2154, 1623.13511833727 
2155, 1648.92270936054 
2156, 1677.21067388303 
2157, 1700.81595832808 
2158, 1715.63578478471 
2159, 1734.63439542245 
2160, 1757.71512297267 
2161, 1776.45663946781 
2162, 1786.31836998028 
2163, 1806.78131416407 
2164, 1845.67446811887 
2165, 1856.37276064348 
2166, 1871.94023826277 
2167, 1889.09436002228 
2168, 1910.37808230906 
2169, 1915.75793745481 
2170, 1948.00381000031 
2171, 2001.7572088397 
2172, 2047.18286749615 
2173, 2105.75981220443 
2174, 2149.97634828187 
2175, 2196.59105755381 
2176, 2224.55975522528 
2177, 2233.46747344244 
2178, 2247.03642112743 
2179, 2234.86755798889 
2180, 2253.49626414036 
2181, 2299.84704768341 
2182, 2330.97992066887 
2183, 2372.44037869207 
2184, 2406.11265657513 
2185, 2433.02222392108 
2186, 2450.8912825091 
2187, 2478.07999555249 
2188, 2515.64501813312 
2189, 2540.08180313584 
2190, 2554.11751737715 
2191, 2580.07117117608 
2192, 2618.48979566307 
2193, 2632.0791993863 
2194, 2639.83750294126 
2195, 2645.84662854803 
2196, 2629.77219346266 
2197, 2621.84655956735 
2198, 2619.05627489047 
2199, 2618.73266717966 
2200, 2602.89345952741 
2201, 2611.38112026696 
2202, 2637.90289305844 
2203, 2666.32408312364 
2204, 2703.95383825412 
2205, 2754.16499926555 
2206, 2798.77372770561 
2207, 2864.64130102665 
2208, 2905.75756469848 
2209, 2945.79310263787 
2210, 2978.34592470385 
2211, 2989.86932387787 
2212, 3014.89490322715 
2213, 3050.69688320326 
2214, 3071.68074629939 
2215, 3089.47539230358 
2216, 3104.81504016053 
2217, 3103.83892468087 
2218, 3118.79654036647 
2219, 3145.43796941207 
2220, 3158.38014040532 
2221, 3173.40596998358 
2222, 3183.59113343365 
2223, 3183.57985925375 
2224, 3184.90857822339 
2225, 3188.00546360274 
2226, 3187.02274639344 
2227, 3174.86009470975 
2228, 3165.35470237005 
2229, 3183.36608898566 
2230, 3204.62720219779 
2231, 3213.756751628 
2232, 3241.50954649221 
2233, 3232.53204909533 
2234, 3191.28270543683 
2235, 3168.12293771038 
2236, 3131.7601069775 
2237, 3114.67910348096 
2238, 3105.7745143111 
2239, 3101.55207899469 
2240, 3115.33846956933 
2241, 3115.51735191106 
2242, 3119.50572034121 
2243, 3109.83649087678 
2244, 3088.67425722278 
2245, 3064.5725973286 
2246, 3014.58388195126 
2247, 2996.00016531887 
2248, 2999.63397218581 
2249, 2989.53853636753 
2250, 3000.64389384422 
2251, 2994.52109079648 
2252, 2980.32780111698 
2253, 2939.26528353417 
2254, 2897.35607782207 
2255, 2842.10786928944 
2256, 2785.38478520164 
2257, 2731.16253784418 
2258, 2689.69816969833 
2259, 2660.42572529962 
2260, 2633.76603925705 
2261, 2614.6339252301 
2262, 2594.3535635412 
2263, 2583.25625089016 
2264, 2560.45248452617 
2265, 2532.28337130344 
2266, 2506.31835334146 
2267, 2479.18312911352 
2268, 2449.18839498958 
2269, 2419.79138854219 
2270, 2384.66456726776 
2271, 2343.00661790979 
2272, 2300.73042068604 
2273, 2251.53551634652 
2274, 2211.54033211484 
2275, 2176.47464156114 
2276, 2138.37463801403 
2277, 2108.97568550031 
2278, 2070.01400080736 
2279, 2012.23382185574 
2280, 1971.14146659786 
2281, 1941.91367828425 
2282, 1897.24073458242 
2283, 1877.45700782567 
2284, 1866.83881149401 
2285, 1841.03317669397 
2286, 1821.98568336723 
2287, 1785.32461013507 
2288, 1743.64928436472 
2289, 1695.32075593172 
2290, 1628.97860330311 
2291, 1586.62929903093 
2292, 1548.9564561481 
2293, 1513.50490478813 
2294, 1495.69497022539 
2295, 1460.46099432527 
2296, 1413.32197656995 
2297, 1376.24380063929 
2298, 1336.00587344498 
2299, 1305.58854058229 
2300, 1283.98826694392 
2301, 1261.32808308643 
2302, 1247.52051775882 
2303, 1220.81915459231 
2304, 1182.0322287378 
2305, 1160.25239108463 
2306, 1141.0033057939 
2307, 1124.11882858324 
2308, 1122.61433182294 
2309, 1111.902914575 
2310, 1099.61126661292 
2311, 1077.88658405134 
2312, 1059.98640329777 
2313, 1027.77110376151 
2314, 982.055213763206 
2315, 919.654284362759 
2316, 881.37758226153 
2317, 830.590011988465 
2318, 791.825622953947 
2319, 785.373581033398 
2320, 769.009770786474 
2321, 762.054821176766 
2322, 766.826337925758 
2323, 761.961832105544 
2324, 766.891554004366 
2325, 773.270426339509 
2326, 768.100700131212 
2327, 761.325184013685 
2328, 748.610679577042 
2329, 726.975090982921 
2330, 706.573306422641 
2331, 681.707634978934 
2332, 661.579289881914 
2333, 631.503350999894 
2334, 623.924134642551 
2335, 639.94172599865 
2336, 628.04347940733 
2337, 618.709364234567 
2338, 595.935002322233 
2339, 549.837487761868 
2340, 513.620895078742 
2341, 471.319122040177 
2342, 447.806882900353 
2343, 426.710338732215 
2344, 413.373326513741 
2345, 430.006355083799 
2346, 421.917694774402 
2347, 399.92764672336 
2348, 381.862838339757 
2349, 350.58400949808 
2350, 331.36249107332 
2351, 318.374098322467 
2352, 315.018477935919 
2353, 327.49727630258 
2354, 328.96190275611 
2355, 328.407589483393 
2356, 326.034427007795 
2357, 313.255067385982 
2358, 310.297470238602 
2359, 320.582186632705 
2360, 322.263234476467 
2361, 321.754294165706 
2362, 322.411299067177 
2363, 316.126344674612 
2364, 315.906968810647 
2365, 329.355892474426 
2366, 325.68155325774 
2367, 313.580937269209 
2368, 295.936568258119 
2369, 271.100988930104 
2370, 252.825620583239 
2371, 249.532062902182 
2372, 259.707061952269 
2373, 257.918319068683 
2374, 263.784660439368 
2375, 249.167908589766 
2376, 224.873025682068 
2377, 221.207709148277 
2378, 202.775358679686 
2379, 200.647980292382 
2380, 204.554914713716 
2381, 209.470742270203 
2382, 225.969682891238 
2383, 227.985392078756 
2384, 230.4001874936 
2385, 226.312728964416 
2386, 206.355262996482 
2387, 193.835462868336 
2388, 182.338708861486 
2389, 179.756482870656 
2390, 185.5343351854 
2391, 201.313919113103 
2392, 233.640961426043 
2393, 251.703769132994 
2394, 258.769240746205 
2395, 255.608285853131 
2396, 248.567300591847 
2397, 233.651622870473 
2398, 211.83716923887 
2399, 188.655985630121 
2400, 152.840100958518 
2401, 124.538518627674 
2402, 94.1753651456386 
2403, 89.5549883779746 
2404, 102.940389285518 
2405, 103.246392024278 
2406, 117.382149913705 
2407, 122.68669304105 
2408, 105.90389959685 
2409, 108.616364693519 
2410, 122.146557457018 
2411, 126.133372561585 
2412, 133.332854412888 
2413, 138.48480418075 
2414, 142.349035113775 
2415, 141.34987168178 
2416, 141.450021709698 
2417, 142.833817850759 
2418, 137.562865371836 
2419, 133.305047942404 
2420, 129.104403422416 
2421, 124.710895062807 
2422, 117.487148199235 
2423, 112.628732842354 
2424, 115.340880061751 
2425, 113.488210546069 
2426, 107.181972447369 
2427, 103.150351012592 
2428, 96.4319177423738 
2429, 90.551180524785 
2430, 85.6943257714569 
2431, 84.3030998088733 
2432, 82.4190407099943 
2433, 89.979281851241 
2434, 111.964190046008 
2435, 107.930747229349 
2436, 98.0335156726208 
2437, 89.1485878053791 
2438, 59.2964858632553 
2439, 52.6708159042543 
2440, 63.9267099456754 
2441, 61.328938234267 
2442, 53.9512455964842 
2443, 51.0230324337811 
2444, 47.7292307133032 
2445, 53.1684152168099 
2446, 65.2600586378664 
2447, 74.9490098750452 
2448, 72.9661872411207 
2449, 60.2119849546481 
2450, 39.6120912185051 
2451, 26.7333699090736 
2452, 18.9424764926678 
2453, 31.7760185838027 
2454, 45.9564342080633 
2455, 51.6119177305798 
2456, 64.3333048880759 
2457, 56.2114947436606 
2458, 45.4426768549825 
2459, 57.2565867292497 
2460, 70.5425039989152 
2461, 85.8535411124461 
2462, 100.732482835002 
2463, 109.556056380891 
2464, 108.090887742162 
2465, 83.957170217636 
2466, 81.3519143903529 
2467, 80.5296683189371 
2468, 53.5127986485418 
2469, 54.3059126970183 
2470, 49.2535511122193 
2471, 41.4136488777128 
2472, 52.7595275734903 
2473, 44.4372914337662 
2474, 24.7061121113772 
2475,-4.33633206775083 
2476,-19.9406584221603 
2477,-14.0714598384862 
2478,-2.55337479304649 
2479, 24.325646781874 
2480, 31.6477962949468 
2481, 26.2844641506201 
2482, 34.04447529801 
2483, 25.4708877164978 
2484, 10.1273154692986 
2485,-0.722803344040747 
2486,-6.48288386144284 
2487,-2.84857983737609 
2488, 10.2154585835625 
2489, 11.2070041546124 
2490, 2.31175492622124 
2491, 15.0239676162136 
2492, 11.4413202192986 
2493, 25.2642032557768 
2494, 59.4068871126921 
2495, 62.5245368776835 
2496, 72.6919786746432 
2497, 62.5282576572115 
2498, 54.7561050581067 
2499, 46.1482148441448 
2500, 31.4955053554902 
