Wavelength,0212202100090.asd
350, 115.764209101609 
351, 121.034880253769 
352, 126.767984253274 
353, 131.62330577453 
354, 135.941600793081 
355, 140.441688822413 
356, 145.332061857117 
357, 148.69112727094 
358, 153.941403313629 
359, 160.328973118418 
360, 165.702380817702 
361, 172.864575051713 
362, 180.674175136062 
363, 188.618049553859 
364, 197.051715072094 
365, 205.899742308949 
366, 214.193395109453 
367, 221.169595881582 
368, 226.774787803265 
369, 230.918179747338 
370, 233.078500593091 
371, 232.883009783591 
372, 230.518266060268 
373, 229.885090367831 
374, 230.812961089387 
375, 230.508947559132 
376, 229.56682655578 
377, 229.417387714831 
378, 229.760060106835 
379, 227.882709071117 
380, 224.885622606298 
381, 221.125867788849 
382, 217.012613186199 
383, 213.525472158612 
384, 209.242610142377 
385, 205.662644415227 
386, 205.386713388528 
387, 208.212904579773 
388, 214.656316432663 
389, 221.37510724612 
390, 221.727789437988 
391, 224.233507209483 
392, 227.421680393299 
393, 229.24250177588 
394, 230.360389539995 
395, 235.290393306402 
396, 244.642193029316 
397, 257.772389017497 
398, 276.857188590539 
399, 298.875841123768 
400, 321.619890833756 
401, 343.861441101926 
402, 364.478123115519 
403, 381.764796423869 
404, 395.179785309011 
405, 406.381814640345 
406, 413.685238558474 
407, 419.542453544659 
408, 427.123134688592 
409, 435.984806236523 
410, 448.151024119565 
411, 462.478689751996 
412, 475.711575981014 
413, 490.245331756698 
414, 505.098234056611 
415, 518.514071673406 
416, 528.061009389068 
417, 538.570488073974 
418, 550.031773088239 
419, 560.970978789995 
420, 570.723188458981 
421, 580.748886223919 
422, 591.765940330323 
423, 603.67136521478 
424, 615.025785363912 
425, 623.844105516004 
426, 628.427750104198 
427, 627.39715043326 
428, 625.410546122383 
429, 626.240567697778 
430, 632.502365375103 
431, 644.077522888061 
432, 657.995970532944 
433, 678.515895049321 
434, 713.139109586267 
435, 747.43590073635 
436, 772.220107961106 
437, 787.101710666562 
438, 804.657362853344 
439, 822.190054101256 
440, 838.284644254627 
441, 853.002884322318 
442, 872.115121933112 
443, 892.487263743517 
444, 911.276713414456 
445, 926.353852652639 
446, 938.442420070136 
447, 949.275853030885 
448, 960.409599163156 
449, 972.97233249965 
450, 983.536090353271 
451, 989.697230157107 
452, 990.344408453887 
453, 988.017630801339 
454, 981.434683250878 
455, 973.454013725658 
456, 970.109420209139 
457, 967.771047073988 
458, 966.629541512571 
459, 966.126641336324 
460, 962.668965814152 
461, 959.360509611185 
462, 956.04168298322 
463, 951.36376663726 
464, 945.214284942279 
465, 934.172273260869 
466, 919.950276907495 
467, 909.349178322119 
468, 899.471625994935 
469, 891.024161679638 
470, 885.468066039812 
471, 885.122307684549 
472, 884.221415245245 
473, 883.059846881109 
474, 884.207905516183 
475, 884.374563476718 
476, 883.454207299144 
477, 881.988379542765 
478, 880.950129273381 
479, 884.026557384085 
480, 889.301744950418 
481, 893.045850012441 
482, 891.452795638646 
483, 884.211253782958 
484, 870.782221027472 
485, 851.291948618869 
486, 829.83244362566 
487, 814.078258758131 
488, 809.80364596381 
489, 819.714246017047 
490, 834.909033207632 
491, 846.874375757376 
492, 850.562997469433 
493, 852.868056340064 
494, 854.539531895774 
495, 857.452754490327 
496, 863.714504212003 
497, 866.25011140656 
498, 863.861437698185 
499, 857.541193724022 
500, 849.9586922268 
501, 844.544019058643 
502, 843.203447194018 
503, 846.419297103238 
504, 851.804942261547 
505, 862.146072829714 
506, 874.745530488119 
507, 881.117143017483 
508, 887.627639068662 
509, 893.27929512584 
510, 897.360829975205 
511, 904.948149999162 
512, 908.432833413073 
513, 907.165288648432 
514, 904.152232837131 
515, 898.411504964102 
516, 889.549327679349 
517, 879.54211567029 
518, 873.353937378959 
519, 879.650653616958 
520, 899.658936427269 
521, 928.780748024945 
522, 953.311761999528 
523, 971.947686855797 
524, 985.222500314865 
525, 994.901291847471 
526, 999.185412743147 
527, 1000.49540271257 
528, 1004.8067255889 
529, 1024.75734655093 
530, 1050.62011442738 
531, 1072.62096491972 
532, 1082.95760917065 
533, 1085.92920113371 
534, 1090.33504895757 
535, 1100.48558104179 
536, 1115.15720964061 
537, 1129.14509617736 
538, 1136.87837752723 
539, 1136.43046361107 
540, 1134.76265188656 
541, 1135.05255177929 
542, 1140.83530962799 
543, 1154.25925214457 
544, 1167.72715822468 
545, 1180.3671338958 
546, 1190.87093812682 
547, 1195.79295869996 
548, 1199.96819035872 
549, 1204.61132095284 
550, 1209.8021671971 
551, 1216.26158595962 
552, 1220.92326585664 
553, 1223.91156661124 
554, 1227.87905116252 
555, 1230.52624516666 
556, 1229.2356077034 
557, 1222.87548453434 
558, 1212.93620531503 
559, 1204.35026322981 
560, 1200.17267115495 
561, 1201.46591269371 
562, 1204.48381594021 
563, 1207.84904965889 
564, 1208.52887228511 
565, 1201.50441381542 
566, 1191.77517021885 
567, 1182.95230122301 
568, 1176.51635762287 
569, 1168.68058076606 
570, 1159.16517332478 
571, 1150.91661361185 
572, 1148.22788193778 
573, 1147.24231072666 
574, 1146.32023923971 
575, 1142.75329093743 
576, 1130.99079138358 
577, 1121.66318801231 
578, 1118.24874665728 
579, 1120.7009641735 
580, 1125.31792822014 
581, 1135.16073028772 
582, 1148.46516372452 
583, 1158.908450533 
584, 1165.28625034211 
585, 1165.35576506727 
586, 1158.93289035082 
587, 1150.43474326041 
588, 1139.58540338246 
589, 1124.57726731436 
590, 1105.45765194467 
591, 1098.55171433392 
592, 1103.57347068031 
593, 1112.98336437609 
594, 1112.4891486598 
595, 1106.61573287194 
596, 1098.88065551816 
597, 1091.489638685 
598, 1081.88888340981 
599, 1070.1626818409 
600, 1058.2997015814 
601, 1049.24472661815 
602, 1040.92290970912 
603, 1036.52913583313 
604, 1036.80876176103 
605, 1037.27752725914 
606, 1035.52147169517 
607, 1029.87442133921 
608, 1020.55802017318 
609, 1013.2118243629 
610, 1007.30326555398 
611, 1001.92725385908 
612, 996.177400097345 
613, 991.214641308607 
614, 984.812239377659 
615, 976.666869442376 
616, 972.802254801034 
617, 969.350612747963 
618, 968.029967939761 
619, 971.860511259533 
620, 975.725825199457 
621, 977.24896832051 
622, 974.142041096688 
623, 964.000078116537 
624, 955.489772569692 
625, 947.744528275932 
626, 938.665739462015 
627, 930.786778977881 
628, 924.317525786018 
629, 919.17624481151 
630, 915.322800680426 
631, 915.167218342263 
632, 917.891670391762 
633, 922.366102174503 
634, 927.873786005816 
635, 931.528676178392 
636, 933.523621446539 
637, 934.982553078024 
638, 936.022897988638 
639, 935.575186262814 
640, 931.867095282677 
641, 923.338153318193 
642, 918.242618420955 
643, 915.880221502381 
644, 913.920294811386 
645, 910.381925339425 
646, 903.733408756797 
647, 895.873628063816 
648, 889.669684407372 
649, 884.31880895799 
650, 879.533731318276 
651, 876.856489506558 
652, 879.178239395629 
653, 877.595791015522 
654, 868.822740206484 
655, 852.397135548554 
656, 829.558284394958 
657, 812.434106787108 
658, 812.155689591279 
659, 833.903267603417 
660, 854.977855725809 
661, 866.486190297541 
662, 868.43621494984 
663, 869.718952551568 
664, 869.290477949588 
665, 867.928282913099 
666, 866.809970540771 
667, 867.957202089658 
668, 868.479811377427 
669, 867.479626521074 
670, 865.532656393482 
671, 865.000033883051 
672, 864.265425809468 
673, 863.029736529236 
674, 863.354324128425 
675, 863.647597470811 
676, 864.270883631368 
677, 865.441243361242 
678, 865.171573806447 
679, 865.180989068073 
680, 866.024270658367 
681, 867.123119106688 
682, 865.456735299882 
683, 862.268133993084 
684, 855.085449456969 
685, 835.517214604568 
686, 801.275837490515 
687, 755.259905740624 
688, 708.539446930348 
689, 689.420827480363 
690, 703.563880244719 
691, 738.451412161886 
692, 770.773511635712 
693, 799.858487893682 
694, 820.975283712442 
695, 833.345852697455 
696, 841.765633866249 
697, 849.112597868661 
698, 854.240179769022 
699, 855.375271900885 
700, 852.976271414022 
701, 852.044252673881 
702, 854.357462019156 
703, 859.263810799026 
704, 865.8133670678 
705, 873.978470724487 
706, 881.955866810893 
707, 885.312018302375 
708, 888.788773921069 
709, 891.969140132855 
710, 893.975360504737 
711, 897.021223681394 
712, 900.627059534148 
713, 902.823359853266 
714, 900.996470150991 
715, 895.508401715264 
716, 883.95164930634 
717, 864.665139157654 
718, 837.374698242614 
719, 814.668484076466 
720, 805.912992060535 
721, 815.249641753921 
722, 839.003152553008 
723, 855.369433860016 
724, 856.739956536929 
725, 847.063694254404 
726, 846.490264002213 
727, 850.927610042544 
728, 855.59981707943 
729, 857.787342480849 
730, 862.702615781239 
731, 872.690191432172 
732, 887.512691527976 
733, 903.135683565858 
734, 916.966859833277 
735, 926.091999579788 
736, 929.016934075441 
737, 929.819516954596 
738, 929.612744946032 
739, 928.675567520032 
740, 926.846578765528 
741, 926.574759743373 
742, 927.446416083583 
743, 929.473870638232 
744, 934.494178601169 
745, 937.053551292059 
746, 937.903641623948 
747, 938.952717192144 
748, 938.898331608681 
749, 935.758807124039 
750, 930.911286081213 
751, 927.496760561217 
752, 924.300733305599 
753, 924.405238455027 
754, 926.680933338086 
755, 924.656073106955 
756, 921.819730384776 
757, 904.633341690947 
758, 852.835133320321 
759, 738.295430371503 
760, 569.263652230635 
761, 402.744450727824 
762, 308.249407388919 
763, 307.521078486487 
764, 355.580899602849 
765, 431.193569549597 
766, 534.067418100616 
767, 643.962679635719 
768, 740.509288387745 
769, 810.096355447047 
770, 848.530899024888 
771, 866.619927285936 
772, 873.644359413586 
773, 876.605598673935 
774, 877.558524779105 
775, 876.289935331198 
776, 873.064659168055 
777, 868.785794696443 
778, 866.888365858789 
779, 864.556392598697 
780, 860.948948469529 
781, 857.198427122774 
782, 852.530101580791 
783, 847.91521692252 
784, 843.821639522648 
785, 839.591308935093 
786, 834.835256022175 
787, 828.37116615596 
788, 819.919353206995 
789, 812.057603339121 
790, 803.803060736081 
791, 794.274100492983 
792, 783.53530432669 
793, 776.013389987722 
794, 768.128216630989 
795, 761.562459906984 
796, 761.054177619996 
797, 758.054661038557 
798, 754.402232942757 
799, 750.611711951202 
800, 743.845145919784 
801, 736.363632785416 
802, 730.09505099535 
803, 725.253172766248 
804, 718.404752763063 
805, 712.34019055596 
806, 707.174647419883 
807, 701.861789400185 
808, 694.72627007691 
809, 686.494094271556 
810, 677.542574411939 
811, 667.830848868322 
812, 656.742177243976 
813, 640.914675854165 
814, 621.073137307497 
815, 601.629116021747 
816, 581.030314092997 
817, 564.597177165221 
818, 555.433938739364 
819, 551.977192150461 
820, 550.517345672566 
821, 548.623208476341 
822, 545.035155824326 
823, 539.723347538607 
824, 536.094130710526 
825, 536.629950570864 
826, 540.643400174032 
827, 538.820490155379 
828, 532.375974417901 
829, 524.52739420188 
830, 518.899071882726 
831, 514.885864571944 
832, 511.53887131649 
833, 508.837275462823 
834, 507.446402772314 
835, 506.860792033186 
836, 506.400030081662 
837, 505.175164319125 
838, 502.24850154824 
839, 498.892514366947 
840, 494.694646275043 
841, 489.649237347651 
842, 484.905427468521 
843, 479.814355669942 
844, 473.851547208019 
845, 467.611256452791 
846, 464.609205572981 
847, 458.970249701579 
848, 451.031952399355 
849, 442.757009134326 
850, 433.69907363744 
851, 423.191566709402 
852, 413.396461714864 
853, 406.73376259752 
854, 400.283229455414 
855, 395.031316275031 
856, 392.513107995225 
857, 394.115110006827 
858, 399.838657190266 
859, 401.913276903788 
860, 398.438421996651 
861, 393.426229695192 
862, 389.913840546635 
863, 384.708640862943 
864, 376.451131419512 
865, 366.980444137526 
866, 358.867788000748 
867, 352.432292750141 
868, 348.199423518616 
869, 347.497310939082 
870, 348.204426062366 
871, 346.881462104578 
872, 342.974436658398 
873, 341.291643924427 
874, 338.185547738932 
875, 334.005195305172 
876, 329.793233359231 
877, 325.850388802539 
878, 320.771523515325 
879, 316.397501466054 
880, 313.801131913988 
881, 309.034612065466 
882, 305.577427972902 
883, 302.84855915182 
884, 299.303095458484 
885, 295.118384502495 
886, 291.534792623287 
887, 287.555120489501 
888, 282.33704361005 
889, 279.47604856422 
890, 275.711957911929 
891, 271.178145672928 
892, 266.82668376828 
893, 259.245882976625 
894, 251.344942466784 
895, 242.38150390512 
896, 231.215344928414 
897, 225.416998450215 
898, 218.217263571677 
899, 209.972504603225 
900, 205.024646206666 
901, 201.846128340351 
902, 201.435690949991 
903, 202.110854617184 
904, 200.90892426518 
905, 198.186177901839 
906, 195.861028954743 
907, 192.985560103001 
908, 187.282758581498 
909, 181.106760770595 
910, 176.936935895722 
911, 174.816737275335 
912, 173.044885750406 
913, 171.292657897469 
914, 169.276126120959 
915, 167.060094147155 
916, 165.076389761233 
917, 164.416950662511 
918, 163.910125887457 
919, 163.116099843464 
920, 162.326344363798 
921, 161.930639940648 
922, 160.358256494113 
923, 157.421799754543 
924, 153.970985640019 
925, 149.880452572089 
926, 145.744175039506 
927, 140.487603758534 
928, 132.648429146114 
929, 125.016335259682 
930, 116.322951576112 
931, 106.924260808552 
932, 98.2361523070883 
933, 90.5352176202076 
934, 84.1020716121155 
935, 79.8901269397425 
936, 78.3743857179456 
937, 76.3063357711892 
938, 76.4030505439938 
939, 77.4219733713149 
940, 77.2646135433645 
941, 79.8581057832806 
942, 80.4776879706024 
943, 79.630182540024 
944, 79.1762389403548 
945, 76.0805978285566 
946, 73.4179914660058 
947, 72.3477328397488 
948, 72.6389077586582 
949, 72.855388312949 
950, 71.8622955919644 
951, 71.246922688349 
952, 72.2132347921517 
953, 72.742177536098 
954, 71.9257283153628 
955, 71.4162798420593 
956, 71.8076419270509 
957, 70.2697672352384 
958, 70.8941825857056 
959, 71.5767627939044 
960, 70.8299626051998 
961, 70.3540749263164 
962, 70.2392659389512 
963, 70.8172014706899 
964, 71.5890931394165 
965, 71.3685846652907 
966, 71.7154010859689 
967, 72.755577946799 
968, 73.3276220927521 
969, 71.9997354151255 
970, 71.8938692479573 
971, 71.2544676101157 
972, 70.0629593655138 
973, 69.4395951085473 
974, 68.4513902857791 
975, 67.6063548743675 
976, 66.1973425875607 
977, 63.9238915943598 
978, 64.0304846405305 
979, 63.6747624949107 
980, 62.188197325098 
981, 60.4184131686607 
982, 60.5162177419699 
983, 61.3319351690221 
984, 61.1066935171455 
985, 59.5506318245803 
986, 58.7446535652684 
987, 57.0028802956493 
988, 56.3819250728688 
989, 56.5539612280525 
990, 54.6565148381898 
991, 53.7616798111914 
992, 52.6176430542584 
993, 51.0282809449431 
994, 49.930350854296 
995, 50.3846598006423 
996, 49.2940341846928 
997, 47.0846096460682 
998, 45.6363120034987 
999, 45.5259352675752 
1000, 44.7913686983238 
1001, 256.026111487008 
1002, 254.759668893282 
1003, 258.111346100997 
1004, 258.561160994363 
1005, 259.751771492517 
1006, 260.98244565803 
1007, 260.035267106315 
1008, 260.70366271822 
1009, 260.29851383606 
1010, 258.167181856104 
1011, 259.265605176581 
1012, 261.78038994374 
1013, 263.342955993389 
1014, 268.864131305898 
1015, 272.792543167317 
1016, 273.209058722645 
1017, 272.336932136106 
1018, 265.96709443854 
1019, 264.406929305742 
1020, 271.319956027725 
1021, 277.852606912216 
1022, 280.649666671451 
1023, 284.816863750371 
1024, 285.725966337272 
1025, 281.094376088781 
1026, 276.30472997175 
1027, 276.523850268664 
1028, 280.19846972451 
1029, 287.893878355556 
1030, 292.211390909894 
1031, 291.902003610182 
1032, 293.556625146383 
1033, 293.748203859833 
1034, 293.080387134544 
1035, 294.74526558943 
1036, 299.912700032785 
1037, 306.167037969917 
1038, 309.896892481933 
1039, 309.762848853546 
1040, 309.362833000812 
1041, 306.897335958805 
1042, 303.067341737404 
1043, 304.654028545315 
1044, 307.604124656512 
1045, 308.939569753414 
1046, 307.349433815533 
1047, 307.2607492359 
1048, 307.215590833858 
1049, 308.381677221002 
1050, 304.579978731242 
1051, 302.702474163968 
1052, 304.963558142592 
1053, 310.447552034507 
1054, 319.402599129189 
1055, 321.083278796623 
1056, 314.637812191794 
1057, 307.018548648223 
1058, 298.179508764625 
1059, 301.717186318054 
1060, 305.597126025234 
1061, 314.768539676629 
1062, 319.993910817485 
1063, 327.648298868729 
1064, 331.289263583705 
1065, 332.981322276622 
1066, 336.386465444418 
1067, 331.75729432113 
1068, 330.011381687449 
1069, 334.254989421535 
1070, 337.254241736538 
1071, 347.371439484881 
1072, 358.73949784937 
1073, 365.344325037126 
1074, 368.274234135795 
1075, 372.658672282238 
1076, 375.789163733442 
1077, 378.004295262758 
1078, 383.673152337052 
1079, 382.74849512375 
1080, 376.05955319894 
1081, 372.691207776681 
1082, 374.215764188375 
1083, 381.025628294836 
1084, 391.923018546104 
1085, 402.732562768691 
1086, 407.567895968999 
1087, 402.304376410174 
1088, 403.213222559822 
1089, 405.547454954328 
1090, 406.220393232251 
1091, 406.439959082838 
1092, 409.898808334436 
1093, 408.199452030815 
1094, 406.220899845518 
1095, 407.156490002799 
1096, 404.907579063573 
1097, 399.768891575568 
1098, 396.855165437278 
1099, 395.203190708349 
1100, 390.220547989802 
1101, 390.507908486253 
1102, 400.71109297518 
1103, 401.371871999608 
1104, 398.106091809813 
1105, 397.703019326315 
1106, 395.038475546957 
1107, 383.554413263751 
1108, 377.512529492032 
1109, 375.057218224631 
1110, 361.7970781697 
1111, 346.943527860586 
1112, 334.615775135496 
1113, 320.109799356304 
1114, 305.884761744491 
1115, 294.440298803497 
1116, 281.84813058849 
1117, 266.454025195064 
1118, 251.945950844744 
1119, 235.930649122709 
1120, 225.002383240143 
1121, 217.899456088673 
1122, 205.532493613081 
1123, 197.718978656259 
1124, 193.648066946349 
1125, 191.369452804559 
1126, 191.579226715159 
1127, 191.904941983803 
1128, 194.999290223345 
1129, 197.954327876194 
1130, 197.376279265301 
1131, 201.68789291369 
1132, 212.873086442279 
1133, 220.601087168006 
1134, 227.845081631661 
1135, 239.620463799109 
1136, 241.609293064783 
1137, 237.475468584433 
1138, 238.826012909481 
1139, 239.43212066488 
1140, 243.634958154729 
1141, 254.237382853919 
1142, 262.788401602126 
1143, 275.309453375432 
1144, 278.409273783584 
1145, 278.096568324221 
1146, 277.749816362705 
1147, 264.699340659683 
1148, 262.899222013728 
1149, 266.815515473763 
1150, 273.968192694443 
1151, 281.722284898476 
1152, 291.01435159616 
1153, 302.192459867444 
1154, 313.418248603121 
1155, 328.000716094064 
1156, 348.265407562504 
1157, 364.443535183268 
1158, 382.249719360896 
1159, 395.765166821948 
1160, 406.078683708365 
1161, 416.890924583549 
1162, 425.027651697077 
1163, 434.446525078512 
1164, 445.073628582511 
1165, 454.221049448819 
1166, 462.009946412461 
1167, 467.765325665118 
1168, 471.946639269912 
1169, 472.665822442923 
1170, 475.340616661908 
1171, 478.933391283112 
1172, 479.154536996686 
1173, 477.631577857351 
1174, 476.942332731994 
1175, 474.833030986111 
1176, 471.770440189947 
1177, 467.366499971981 
1178, 465.417325060809 
1179, 462.120525239403 
1180, 460.304082205522 
1181, 460.867548030674 
1182, 463.331817859753 
1183, 465.481125586119 
1184, 468.566914069356 
1185, 468.41476810692 
1186, 467.200503521982 
1187, 468.012127632562 
1188, 464.894458722361 
1189, 467.866106146272 
1190, 478.450310706495 
1191, 483.434326400335 
1192, 488.799599110306 
1193, 491.977718156876 
1194, 493.985859579608 
1195, 492.721610841151 
1196, 485.979253494647 
1197, 482.121635855619 
1198, 481.620939297496 
1199, 482.023089655081 
1200, 479.622757838959 
1201, 481.09492942883 
1202, 478.626299006044 
1203, 468.572773511721 
1204, 464.820609455678 
1205, 462.421718179519 
1206, 463.886573105152 
1207, 469.607368207914 
1208, 473.594356781637 
1209, 481.100954917679 
1210, 486.874352924097 
1211, 490.877255210162 
1212, 494.739999014438 
1213, 498.461927505667 
1214, 503.986544457829 
1215, 504.693656246892 
1216, 502.201595677869 
1217, 501.320542157626 
1218, 497.185543011467 
1219, 496.951800152368 
1220, 500.066048348425 
1221, 500.691869144381 
1222, 502.550538300343 
1223, 502.110452266407 
1224, 497.876234821844 
1225, 496.638444890395 
1226, 494.258389829133 
1227, 494.788939470294 
1228, 501.584501921713 
1229, 503.791358689561 
1230, 504.766448075855 
1231, 505.382510005912 
1232, 505.689344919671 
1233, 502.360954125079 
1234, 502.200200379703 
1235, 505.225465448766 
1236, 504.903366494619 
1237, 501.058868976475 
1238, 501.966812343776 
1239, 506.860873614871 
1240, 506.905879247108 
1241, 507.474896131161 
1242, 506.992258350714 
1243, 500.635714631869 
1244, 497.140797283438 
1245, 494.537510042734 
1246, 495.743472630594 
1247, 492.952748337968 
1248, 488.549650603141 
1249, 485.607283633699 
1250, 482.642155100343 
1251, 478.621832929725 
1252, 475.404473596594 
1253, 470.615074934534 
1254, 462.620040168946 
1255, 457.860977028091 
1256, 459.127585011854 
1257, 450.98112038455 
1258, 438.214576170123 
1259, 426.355928693669 
1260, 402.741323168219 
1261, 389.930464899202 
1262, 383.741478589522 
1263, 380.577376822547 
1264, 376.319402665251 
1265, 376.773038603705 
1266, 372.858348913892 
1267, 365.417151677883 
1268, 362.415121125924 
1269, 358.65298905665 
1270, 361.042484659727 
1271, 367.108584001553 
1272, 375.142333893718 
1273, 391.627515691961 
1274, 400.506019591581 
1275, 405.410167283281 
1276, 414.663957782114 
1277, 426.493515998042 
1278, 432.286027739788 
1279, 438.409062257831 
1280, 443.225099614306 
1281, 440.759962627998 
1282, 436.70346141659 
1283, 435.92425226781 
1284, 436.198109390453 
1285, 438.912353376604 
1286, 443.23424243979 
1287, 447.610113636305 
1288, 456.451688076876 
1289, 460.256179942264 
1290, 462.034056073298 
1291, 462.873348056856 
1292, 458.96408056241 
1293, 459.756253500669 
1294, 463.901728879642 
1295, 463.792351340341 
1296, 464.0637541906 
1297, 464.550354242326 
1298, 463.530618762173 
1299, 459.888286378821 
1300, 458.345737729579 
1301, 452.727954383027 
1302, 449.883527884036 
1303, 444.845862804485 
1304, 443.674551785781 
1305, 446.984899892134 
1306, 445.927728811298 
1307, 443.013357978602 
1308, 440.885318791611 
1309, 438.998736266567 
1310, 435.99053106852 
1311, 431.099951813697 
1312, 429.297620404546 
1313, 427.365001201662 
1314, 426.019468314322 
1315, 430.739356657132 
1316, 429.688499943867 
1317, 423.314985307296 
1318, 420.039079480336 
1319, 413.419590536257 
1320, 408.252347365658 
1321, 414.791840413356 
1322, 417.128814983327 
1323, 418.002454448071 
1324, 422.146000138152 
1325, 420.352010595318 
1326, 414.196183668668 
1327, 407.128164865318 
1328, 397.121030972886 
1329, 387.366998813256 
1330, 372.829186930975 
1331, 361.695123845968 
1332, 350.252378482279 
1333, 343.820859263883 
1334, 343.048408963864 
1335, 339.641007067526 
1336, 337.337978700905 
1337, 336.456216154934 
1338, 334.503815103715 
1339, 330.507305532254 
1340, 328.705323077466 
1341, 323.764808537815 
1342, 314.610513296585 
1343, 300.157438939589 
1344, 287.100662884009 
1345, 273.491389218589 
1346, 255.630890627521 
1347, 236.549605018743 
1348, 214.528516059078 
1349, 186.331795062936 
1350, 160.506212071634 
1351, 129.682884086672 
1352, 107.239526813416 
1353, 88.4814182293492 
1354, 71.5208433728398 
1355, 62.361813497534 
1356, 50.0742756995988 
1357, 37.058120334843 
1358, 23.3565576044301 
1359, 11.0531394099631 
1360, 0.835610477484276 
1361,-1.03386111114295 
1362,-0.724474250889459 
1363,-0.938244817653846 
1364, 2.71201666255175 
1365, 4.02240256025236 
1366, 3.48557877900089 
1367, 5.0596495838291 
1368, 9.01399538151544 
1369, 9.44116523899849 
1370, 8.03337353057002 
1371, 6.43809599553106 
1372, 2.81087023582581 
1373, 1.67031933902091 
1374, 2.11331933462609 
1375, 1.79375375298693 
1376, 1.6109704059804 
1377, 0.289133713813813 
1378,-2.33270987438328 
1379,-3.56270772921934 
1380,-5.23531778497373 
1381,-3.76175219662303 
1382,-0.255653773722704 
1383,-0.174722878985936 
1384, 2.88236675278407 
1385, 10.0611821888357 
1386, 16.0576321989786 
1387, 20.8645493167881 
1388, 22.8657645100587 
1389, 22.1618672906074 
1390, 20.4378270228552 
1391, 15.1422662322196 
1392, 14.0730168146411 
1393, 14.0493533216757 
1394, 12.5362502161095 
1395, 9.52105017576825 
1396, 11.9301152177035 
1397, 17.9294130108247 
1398, 20.3841849267313 
1399, 24.8424779808757 
1400, 29.1525724624205 
1401, 30.7444140752733 
1402, 31.753072771491 
1403, 33.794870210654 
1404, 37.6033334100758 
1405, 37.3202923622434 
1406, 38.6638958530633 
1407, 37.0941681679209 
1408, 37.9605135741194 
1409, 43.4756736576242 
1410, 44.9368000311827 
1411, 52.0635077366096 
1412, 68.3116406049809 
1413, 75.1583290935484 
1414, 81.0313144650429 
1415, 83.9306477993051 
1416, 79.2595246862563 
1417, 81.0575939833602 
1418, 83.5737812873118 
1419, 86.4337083391245 
1420, 92.2136826220769 
1421, 98.6410003369379 
1422, 107.664247934947 
1423, 111.014182492788 
1424, 114.055350965394 
1425, 114.887716239356 
1426, 109.641215804323 
1427, 106.306047591722 
1428, 104.024170823236 
1429, 99.5735634156987 
1430, 96.5388982897351 
1431, 91.9064086839012 
1432, 88.4406194948889 
1433, 90.2731454233976 
1434, 89.7724341502092 
1435, 85.775935217808 
1436, 81.1457914776281 
1437, 75.9498310484344 
1438, 75.6080805636998 
1439, 76.9172862656625 
1440, 81.1939443986749 
1441, 95.3386218571609 
1442, 96.6999529734932 
1443, 92.0210122634475 
1444, 90.4234007901818 
1445, 80.5205278896485 
1446, 78.6325329267969 
1447, 87.340576210625 
1448, 87.9065591383602 
1449, 85.5494058110324 
1450, 84.051960191322 
1451, 76.4036593718109 
1452, 74.6335335485036 
1453, 80.972122686479 
1454, 81.1156099948307 
1455, 79.0530035262849 
1456, 78.3407184104844 
1457, 75.9079703203069 
1458, 74.1164276685437 
1459, 80.7381376994654 
1460, 87.026669085259 
1461, 89.2306042935093 
1462, 89.4453535911161 
1463, 84.2490229069728 
1464, 73.8159236440175 
1465, 66.9304325782013 
1466, 57.3946187469989 
1467, 55.0237976004603 
1468, 58.3980522577616 
1469, 56.5048096810565 
1470, 57.2258929056425 
1471, 52.3404071093416 
1472, 40.1862819871444 
1473, 34.9517834551137 
1474, 28.9436637935814 
1475, 27.654766927672 
1476, 31.2889123897503 
1477, 32.9739425629175 
1478, 40.7801039337492 
1479, 40.8199573369011 
1480, 33.3688738799805 
1481, 32.6697241162708 
1482, 31.1247400844477 
1483, 31.0492067776085 
1484, 37.6163631891214 
1485, 40.1722884015969 
1486, 41.949070047192 
1487, 39.0721808632591 
1488, 34.805660833874 
1489, 31.9769640909328 
1490, 32.2391969304666 
1491, 34.0433731483421 
1492, 39.9169970503039 
1493, 50.2709174204716 
1494, 53.9636280176043 
1495, 55.1156755336212 
1496, 57.780624627205 
1497, 53.635130438378 
1498, 53.0919368015888 
1499, 54.950178526407 
1500, 54.5899370546875 
1501, 51.9340185920609 
1502, 53.2253902636059 
1503, 56.7814828138489 
1504, 56.0397677061877 
1505, 55.0005837895519 
1506, 53.7804184686496 
1507, 46.8094142475344 
1508, 47.9263314034309 
1509, 56.6557897610862 
1510, 59.1659675775786 
1511, 63.3475597231537 
1512, 63.9157940362507 
1513, 57.2607138316982 
1514, 56.0241843480419 
1515, 57.4403266349995 
1516, 57.1509163383178 
1517, 58.6018274006134 
1518, 58.3799559445968 
1519, 54.024693685894 
1520, 53.3091078839117 
1521, 56.2390292063152 
1522, 56.0232938437764 
1523, 52.5184623377895 
1524, 49.0462333838262 
1525, 42.9892320376326 
1526, 37.4908962831598 
1527, 42.2249847973706 
1528, 52.0762922105414 
1529, 58.289475869671 
1530, 62.0236740593118 
1531, 55.2401432742546 
1532, 50.8921105488317 
1533, 51.6587380506637 
1534, 50.3373997492452 
1535, 50.7162760118526 
1536, 55.4335120314344 
1537, 54.6969617229904 
1538, 49.1509082564521 
1539, 51.3058338175005 
1540, 57.0272243098779 
1541, 60.0100510690809 
1542, 65.1990272233303 
1543, 68.235869193825 
1544, 68.5039097679271 
1545, 69.8021733381431 
1546, 72.2169865120015 
1547, 74.0444309286568 
1548, 74.259424491806 
1549, 75.287992513475 
1550, 78.7462246431698 
1551, 79.1974954028221 
1552, 77.0371386590269 
1553, 76.6058893094616 
1554, 74.5272978529622 
1555, 74.4617674642616 
1556, 77.0965682151289 
1557, 78.1359308893609 
1558, 79.2497225214564 
1559, 79.7055786524927 
1560, 79.4294206016237 
1561, 79.5966782747928 
1562, 80.8886141078759 
1563, 80.3272527271683 
1564, 77.456738425923 
1565, 75.751875008829 
1566, 73.3745750935591 
1567, 70.9680926127269 
1568, 67.3176325496082 
1569, 68.9780554055592 
1570, 68.7321541745106 
1571, 69.1436685717452 
1572, 69.2532964881534 
1573, 68.4468894387585 
1574, 70.367655613293 
1575, 70.417907143328 
1576, 71.6767996442634 
1577, 78.1653802827467 
1578, 82.1241127825156 
1579, 83.3799304459551 
1580, 84.7724948440071 
1581, 84.6465896663358 
1582, 87.4315456382093 
1583, 91.9004460916116 
1584, 93.2004403233699 
1585, 95.0352437560968 
1586, 96.1415823634916 
1587, 92.6103691249178 
1588, 94.3120826553989 
1589, 101.57923313258 
1590, 103.127678314566 
1591, 103.229532457946 
1592, 103.590500344153 
1593, 102.252707359259 
1594, 98.707038705193 
1595, 94.6415894240448 
1596, 90.9005585643835 
1597, 81.3086174281123 
1598, 80.8727329485501 
1599, 86.285908085784 
1600, 89.6053351886289 
1601, 97.445040392194 
1602, 101.244896984147 
1603, 103.194784724957 
1604, 104.987110406352 
1605, 106.570519393528 
1606, 106.082855323874 
1607, 101.865386607439 
1608, 101.954649159372 
1609, 102.896359022958 
1610, 103.908689190456 
1611, 110.963294025151 
1612, 110.077745138043 
1613, 100.398290365451 
1614, 98.226116919375 
1615, 96.7743964751854 
1616, 95.4623663414124 
1617, 99.6193245446839 
1618, 101.019715625943 
1619, 97.5260485049692 
1620, 98.0323335786233 
1621, 102.75431400513 
1622, 104.492374105734 
1623, 107.326872508994 
1624, 107.794459484044 
1625, 103.784079650276 
1626, 102.580498327228 
1627, 101.619580893935 
1628, 101.125744583635 
1629, 103.075044482369 
1630, 103.135875284648 
1631, 102.577529209151 
1632, 101.385057931626 
1633, 96.9510960976005 
1634, 96.1696034785987 
1635, 99.7300631135817 
1636, 98.7716479474498 
1637, 98.0105536541 
1638, 95.7410814067373 
1639, 86.6271076311226 
1640, 81.766196213549 
1641, 78.7162042821577 
1642, 77.0815389802916 
1643, 78.7217291250032 
1644, 79.6188563407082 
1645, 79.6849757328978 
1646, 82.2748216511384 
1647, 86.9896611278062 
1648, 90.85189127243 
1649, 100.290600038832 
1650, 103.313033897286 
1651, 101.304442461022 
1652, 97.3313193796571 
1653, 96.5198524701425 
1654, 93.3120824902056 
1655, 91.9321439654704 
1656, 93.7316250620195 
1657, 94.3699897666499 
1658, 92.8289024971793 
1659, 94.2031819550333 
1660, 99.9855943444878 
1661, 98.3644706855247 
1662, 92.945699396094 
1663, 91.7778225920802 
1664, 87.4186806711658 
1665, 90.3503756120746 
1666, 100.114127092397 
1667, 103.85065262039 
1668, 109.683771302904 
1669, 108.068956257632 
1670, 101.004892296872 
1671, 96.3805568409163 
1672, 85.9073327870782 
1673, 87.1922950626661 
1674, 93.9695278123087 
1675, 99.7461317552636 
1676, 113.559462416905 
1677, 116.746901131747 
1678, 115.283593440229 
1679, 114.246854500843 
1680, 108.991735488513 
1681, 106.344809230874 
1682, 104.27301092648 
1683, 102.145586913329 
1684, 100.41546804506 
1685, 97.8323506574884 
1686, 92.4275910358004 
1687, 94.8228145884842 
1688, 100.624550314054 
1689, 104.542631238177 
1690, 115.859346557129 
1691, 116.143266520674 
1692, 109.593271867462 
1693, 104.166492567559 
1694, 91.6794524159282 
1695, 91.0955292513933 
1696, 95.9284374891043 
1697, 97.5040523397761 
1698, 105.552722069676 
1699, 105.46612582679 
1700, 96.9383403197512 
1701, 97.960458082125 
1702, 103.162490306934 
1703, 103.286423883514 
1704, 105.414681026597 
1705, 103.660873208848 
1706, 94.878184041353 
1707, 94.4933673901432 
1708, 98.490445738971 
1709, 97.7202633966756 
1710, 97.3713664520641 
1711, 97.9922107254327 
1712, 97.1219263056233 
1713, 97.345442639454 
1714, 98.8466038057596 
1715, 104.761610525039 
1716, 103.996352548769 
1717, 105.367485383396 
1718, 106.732850644479 
1719, 99.4968421773916 
1720, 98.6662800045551 
1721, 96.5875322512135 
1722, 95.31701689851 
1723, 94.6466661110799 
1724, 85.5488179969929 
1725, 79.0086781023947 
1726, 75.7610775976388 
1727, 77.4863708515573 
1728, 85.1250142519622 
1729, 89.5765481601639 
1730, 97.4567187145007 
1731, 104.99539997068 
1732, 103.795851407368 
1733, 99.821799836367 
1734, 92.4037707042788 
1735, 82.0942116839611 
1736, 77.2468828100508 
1737, 80.8729644058834 
1738, 84.8491206297938 
1739, 88.1255877927906 
1740, 91.510547986822 
1741, 95.405287392238 
1742, 101.589221210636 
1743, 102.819589875317 
1744, 104.367268629915 
1745, 101.899861987533 
1746, 91.8130725319924 
1747, 87.2062847589527 
1748, 80.3178379348176 
1749, 77.7074482490413 
1750, 83.4133464007363 
1751, 87.4651931524788 
1752, 95.9944912211863 
1753, 100.060436428347 
1754, 98.7093354350106 
1755, 92.8104806427889 
1756, 82.5164854634828 
1757, 79.8806664171753 
1758, 76.114864169078 
1759, 76.0342061279993 
1760, 85.0844524302361 
1761, 85.1168782034657 
1762, 81.3760404306686 
1763, 76.9165639681036 
1764, 74.4158930783161 
1765, 70.8186280653527 
1766, 71.0191566730105 
1767, 77.435479594821 
1768, 79.328174703192 
1769, 81.3275625352519 
1770, 82.6537844732996 
1771, 79.4006566783471 
1772, 79.2191759551189 
1773, 81.8977809753233 
1774, 82.2978234261396 
1775, 83.5213533541008 
1776, 83.147406350588 
1777, 80.0412011983329 
1778, 77.3674840450928 
1779, 72.6367457174076 
1780, 71.2917472247369 
1781, 72.3988044721817 
1782, 72.2985400840123 
1783, 72.8939154210036 
1784, 72.3845468271527 
1785, 72.3680702248197 
1786, 71.75582489475 
1787, 71.4016151281244 
1788, 71.1084471577639 
1789, 67.98185521118 
1790, 63.8508503809003 
1791, 62.9293683845864 
1792, 56.8444897022113 
1793, 44.2219959053877 
1794, 38.8316890908681 
1795, 32.4701124868317 
1796, 30.080606074629 
1797, 35.8725491984907 
1798, 39.0571415356545 
1799, 38.7583393315431 
1800, 38.851441952104 
1801, 246.097354662563 
1802, 216.649493031674 
1803, 202.515768040419 
1804, 202.125150785293 
1805, 195.216593789172 
1806, 190.655327084522 
1807, 185.092290630656 
1808, 190.955859580484 
1809, 207.948185191404 
1810, 212.735204392357 
1811, 231.867805912738 
1812, 228.512978033925 
1813, 210.270850249346 
1814, 174.859127704837 
1815, 144.232655636927 
1816, 133.910704679144 
1817, 118.545434245534 
1818, 105.418467685419 
1819, 97.5679679561689 
1820, 81.5563366455701 
1821, 81.2252452661402 
1822, 95.2605658328074 
1823, 119.057133192547 
1824, 115.220543251895 
1825, 116.295135445989 
1826, 99.9935298961769 
1827, 65.4645910868363 
1828, 46.3907806173898 
1829, 35.9681837837296 
1830, 24.2638796980517 
1831, 14.6388860171846 
1832, 4.04768107581607 
1833,-8.64382391261223 
1834,-17.1472895144252 
1835,-35.0830780088138 
1836,-42.617109745353 
1837,-33.9817850655069 
1838,-38.6290442784985 
1839,-39.8779811237962 
1840,-35.2649354150032 
1841,-34.507359799289 
1842,-43.1618043593608 
1843,-35.7509075158859 
1844,-27.7723553159761 
1845,-19.9030601326765 
1846,-2.82795630288402 
1847,-3.31001367053041 
1848,-17.136152644375 
1849,-15.6175573167492 
1850,-10.5187597034215 
1851,-10.8752601977297 
1852, 5.59827826200329 
1853, 47.672358458227 
1854, 47.7062536724329 
1855, 38.8425645062463 
1856, 23.7450974290006 
1857,-5.95110476015672 
1858,-9.7266423115684 
1859,-11.8280852785971 
1860,-6.89638924165311 
1861, 11.0845489154147 
1862, 19.6486057914777 
1863, 18.0072024201916 
1864, 20.3136401719682 
1865, 8.20077806060428 
1866,-5.63636232040529 
1867,-26.7742866924076 
1868,-45.1533247212838 
1869,-51.1705725015664 
1870,-51.7485026322848 
1871,-44.4854593200352 
1872,-25.5845750801555 
1873,-12.5430962044836 
1874,-14.0241637874359 
1875,-22.5294636042666 
1876,-16.628058425014 
1877, 2.18688407012598 
1878, 4.72341857994264 
1879, 10.4606470616419 
1880, 18.6652215121938 
1881, 23.0265250190296 
1882, 13.0925808243607 
1883, 31.0930748462341 
1884, 46.1994853012706 
1885, 30.8449743441885 
1886, 24.399358719573 
1887, 9.36153822928805 
1888,-12.7895322707455 
1889,-22.7463044882528 
1890,-22.445728365632 
1891,-18.5740433001821 
1892,-6.6200304297508 
1893,-1.82113022964106 
1894, 8.25596681457271 
1895, 7.13628313868045 
1896, 13.1592705872084 
1897, 53.0680043315511 
1898, 67.1627083223425 
1899, 67.8616467375311 
1900, 69.0145239346086 
1901, 39.3336868905623 
1902, 27.5482388140246 
1903, 19.2101990871733 
1904, 38.6591674081463 
1905, 47.1822950090306 
1906, 37.0302983070656 
1907, 36.2346882690461 
1908, 34.0561100747507 
1909, 32.1854527075492 
1910, 44.4144854724878 
1911, 55.9933850138681 
1912, 84.1344198553187 
1913, 86.2556618733896 
1914, 78.5166192299688 
1915, 68.6729406339037 
1916, 43.7933047188633 
1917, 31.6504940193758 
1918, 27.3998062932684 
1919, 21.8424800677028 
1920, 30.566966935256 
1921, 22.1930781103883 
1922, 11.890525674867 
1923,-10.2114160096642 
1924,-9.07304734817583 
1925,-5.08267028635715 
1926, 6.44128290322737 
1927, 30.2288748534977 
1928, 37.7312174281347 
1929, 33.3773743188295 
1930, 32.6847732422214 
1931, 16.8677517335857 
1932, 11.7327148044357 
1933, 4.51665304774874 
1934,-20.3066536918164 
1935,-24.1129355054965 
1936,-12.2173184233606 
1937,-1.32774314075411 
1938, 7.22752699957352 
1939, 11.1224372531658 
1940, 1.15598438883274 
1941,-17.1422038671558 
1942,-15.4474353813505 
1943, 7.18983829300962 
1944, 19.7690725423036 
1945, 51.0880413100031 
1946, 58.6799247897636 
1947, 42.2920937947371 
1948, 40.2663394557634 
1949, 33.9312327109522 
1950, 37.3946472322522 
1951, 47.0825769494062 
1952, 38.4288274719054 
1953, 19.1379755279666 
1954, 3.58713546862647 
1955,-8.87376320385154 
1956,-29.6590761017139 
1957,-26.5571507971132 
1958, 4.58921533362963 
1959, 7.72780675103623 
1960, 7.611666271976 
1961, 9.06847158441083 
1962, 9.00256433912354 
1963,-4.55877549429813 
1964,-8.08800089565526 
1965, 7.09164463850577 
1966, 3.88764151833697 
1967,-24.225316763369 
1968,-25.7789187976052 
1969,-17.5601367599176 
1970,-11.3616331827859 
1971, 13.1061898490049 
1972, 22.8594095011102 
1973, 30.1086860280996 
1974, 23.322135557358 
1975, 13.9092127826993 
1976, 15.1892510251934 
1977, 17.4928606762273 
1978, 27.1073532855928 
1979, 30.0920523774819 
1980, 38.2514644617013 
1981, 32.5480092286902 
1982, 11.4807581383668 
1983, 0.695742731345539 
1984,-20.7381491088469 
1985,-27.4452549176306 
1986,-25.2026344949075 
1987,-17.4411572085748 
1988, 11.0366200624355 
1989, 46.361043036871 
1990, 58.4169467670075 
1991, 70.7778398238223 
1992, 74.8226438866672 
1993, 50.6131657296627 
1994, 45.2507625420136 
1995, 45.4453228114831 
1996, 45.8533475949011 
1997, 54.6423816069133 
1998, 58.6946664438935 
1999, 35.9867470860678 
2000, 32.1333718475681 
2001, 19.5892797531404 
2002,-9.03215664614159 
2003,-24.9722268418692 
2004,-31.099029859382 
2005,-43.2609355801395 
2006,-63.9184542064095 
2007,-70.1856600615551 
2008,-63.358984227986 
2009,-64.2819116577519 
2010,-70.486434970644 
2011,-62.1201595475522 
2012,-50.5061937989276 
2013,-34.3711143276684 
2014,-15.8767604917324 
2015, 27.9461027764451 
2016, 38.0413434524507 
2017, 27.9309578634165 
2018, 26.0405835295015 
2019, 3.81784501925972 
2020, 3.11713385163089 
2021, 21.0775380342536 
2022, 31.6551545445175 
2023, 52.8156034836956 
2024, 63.1009057784746 
2025, 62.1307124374477 
2026, 57.2196494610293 
2027, 63.069888953601 
2028, 72.0183273549731 
2029, 77.4408200805123 
2030, 91.7670574453533 
2031, 93.4998144321686 
2032, 87.9270523466372 
2033, 77.28600396111 
2034, 50.521145233071 
2035, 42.3407558308939 
2036, 31.8492792313479 
2037, 32.3974896295646 
2038, 60.2236357484941 
2039, 75.5667961585204 
2040, 76.1731426550134 
2041, 69.6838904079138 
2042, 58.7823701484091 
2043, 26.833467821532 
2044, 18.8613029347036 
2045, 23.0180889392515 
2046, 15.5542889748518 
2047, 5.24058862835803 
2048, 1.89064089960232 
2049,-1.98692342568369 
2050,-3.24557870176239 
2051,-2.71928665125175 
2052, 9.80506804199657 
2053, 31.8443703034931 
2054, 43.7835690821219 
2055, 51.3876967455666 
2056, 68.4557123749961 
2057, 69.0189793638778 
2058, 44.9301779207689 
2059, 38.1205154638645 
2060, 35.4932783517528 
2061, 36.410754245723 
2062, 43.2278034598941 
2063, 48.7000560780552 
2064, 57.6727721430987 
2065, 61.8704197173845 
2066, 69.0211932951928 
2067, 65.3686724832808 
2068, 63.7164032023551 
2069, 55.0746212216731 
2070, 60.8956541459053 
2071, 73.1307482840946 
2072, 81.0600073463454 
2073, 101.267562123438 
2074, 105.992353179284 
2075, 100.976649733833 
2076, 93.3685717264453 
2077, 74.3039886026856 
2078, 63.6134251393372 
2079, 49.4739876075553 
2080, 42.3938897872176 
2081, 43.7338117085429 
2082, 42.9104614168543 
2083, 48.1167048317136 
2084, 59.7599744001179 
2085, 63.7192537213717 
2086, 70.7388567446498 
2087, 71.6293812363725 
2088, 60.9423074418051 
2089, 61.7159729782554 
2090, 70.5087531870902 
2091, 71.4958054613483 
2092, 65.2222608209021 
2093, 72.4423729678148 
2094, 85.3565998212677 
2095, 93.7943333485005 
2096, 119.094621963988 
2097, 128.949966624425 
2098, 132.384879488419 
2099, 123.28751229331 
2100, 115.683358933538 
2101, 98.9005388549416 
2102, 93.8455931678519 
2103, 92.0510466451445 
2104, 86.6098605847338 
2105, 78.8358113547983 
2106, 83.8450886533022 
2107, 92.1654152128251 
2108, 100.908646086933 
2109, 136.392635939935 
2110, 145.774856087818 
2111, 144.148103709092 
2112, 122.421938649094 
2113, 123.622986365705 
2114, 112.55727834873 
2115, 100.477653245696 
2116, 89.2569910702442 
2117, 89.633959755658 
2118, 86.3023431691038 
2119, 83.7481099028935 
2120, 96.9842824813468 
2121, 103.349564852448 
2122, 98.1903178176231 
2123, 97.6524960995961 
2124, 105.985641165481 
2125, 110.073623335931 
2126, 106.777171907944 
2127, 108.3853055832 
2128, 120.009749858547 
2129, 121.416691839019 
2130, 118.803565177147 
2131, 109.93206720195 
2132, 107.381465377792 
2133, 100.11298796316 
2134, 98.8615751178635 
2135, 99.361978677023 
2136, 109.737174341242 
2137, 130.316464924516 
2138, 142.715655901029 
2139, 159.692423481379 
2140, 174.969792284333 
2141, 188.525716780363 
2142, 193.724563537367 
2143, 197.065308713587 
2144, 201.509351602707 
2145, 198.338539607835 
2146, 190.432226496795 
2147, 193.324579933602 
2148, 205.389503268648 
2149, 212.900937933115 
2150, 227.130285632502 
2151, 224.590899713255 
2152, 211.020843605516 
2153, 205.854461481373 
2154, 189.842833596817 
2155, 187.344498752106 
2156, 197.555262217088 
2157, 206.838654936405 
2158, 219.301590979287 
2159, 229.082389565263 
2160, 243.687195100751 
2161, 253.429196098401 
2162, 262.526507815973 
2163, 267.523043295615 
2164, 273.304519816509 
2165, 270.846138067737 
2166, 260.361725098518 
2167, 238.698489746459 
2168, 226.686616562031 
2169, 207.827078565679 
2170, 198.863329581083 
2171, 196.590309450302 
2172, 196.528055120933 
2173, 197.094415558288 
2174, 205.485097543083 
2175, 224.673682390278 
2176, 238.075280325465 
2177, 259.79092668942 
2178, 270.108921305915 
2179, 272.449149633393 
2180, 276.007103981447 
2181, 275.257625181137 
2182, 271.200227763067 
2183, 258.721592501128 
2184, 256.233340987974 
2185, 258.20919320218 
2186, 255.745003731442 
2187, 263.016193862528 
2188, 286.723361026126 
2189, 292.260451308246 
2190, 296.124560012374 
2191, 292.053434509071 
2192, 274.907121730181 
2193, 263.709830625625 
2194, 247.342868153399 
2195, 237.98405789488 
2196, 233.518477495059 
2197, 227.834463511152 
2198, 224.847804196107 
2199, 220.707230377491 
2200, 221.350087119324 
2201, 212.94773557816 
2202, 186.96817314031 
2203, 181.709391221538 
2204, 183.928902262158 
2205, 183.736017324912 
2206, 200.793023563472 
2207, 219.404841545029 
2208, 228.990983849188 
2209, 227.874351149955 
2210, 236.132717992545 
2211, 248.606470782386 
2212, 255.688793097592 
2213, 267.087780462213 
2214, 266.381589196926 
2215, 246.298233097239 
2216, 250.311825373297 
2217, 265.382097274899 
2218, 270.877421227115 
2219, 291.107660716753 
2220, 295.47824823218 
2221, 274.59113063715 
2222, 269.333891118961 
2223, 265.971199296692 
2224, 270.809114511597 
2225, 289.690540196084 
2226, 299.798233880105 
2227, 317.701921248509 
2228, 320.430487340788 
2229, 320.273688465864 
2230, 325.477831114063 
2231, 312.226218961886 
2232, 289.196198892219 
2233, 270.84984726631 
2234, 235.186530624317 
2235, 219.286101491658 
2236, 214.264667935198 
2237, 209.313582002284 
2238, 210.698252487092 
2239, 213.229301449702 
2240, 220.098761699342 
2241, 225.660021295235 
2242, 239.83984205448 
2243, 237.662724220657 
2244, 227.134687272698 
2245, 217.985937170141 
2246, 191.780278229736 
2247, 183.153263265546 
2248, 183.010407280561 
2249, 184.755277574132 
2250, 200.70637153816 
2251, 206.496318011062 
2252, 204.022868980974 
2253, 212.895388537679 
2254, 225.798120851085 
2255, 211.368783473954 
2256, 206.065696896639 
2257, 199.577993255894 
2258, 191.039085075111 
2259, 174.795828730612 
2260, 171.472112226031 
2261, 167.8062418346 
2262, 180.710231367334 
2263, 212.966675190136 
2264, 224.760803070048 
2265, 242.149821163465 
2266, 246.697272411083 
2267, 232.343742293016 
2268, 223.423365487199 
2269, 212.209579913158 
2270, 206.918706461279 
2271, 202.976243941002 
2272, 197.232448790095 
2273, 193.099101468167 
2274, 190.680061659636 
2275, 193.405166000028 
2276, 184.814346399554 
2277, 162.979314334783 
2278, 157.67971497365 
2279, 159.87541845195 
2280, 148.624853049903 
2281, 136.363223260682 
2282, 134.868810137805 
2283, 130.202471833404 
2284, 119.157828799382 
2285, 139.989738395069 
2286, 169.235136201567 
2287, 160.074577161887 
2288, 165.581136341617 
2289, 158.359684248099 
2290, 128.621250947627 
2291, 124.767930411702 
2292, 134.451239734985 
2293, 131.67704690465 
2294, 139.182118236523 
2295, 129.57729341011 
2296, 94.1783003318748 
2297, 88.2034401279043 
2298, 86.7601398874393 
2299, 93.5336259547649 
2300, 131.645402841523 
2301, 138.358055720133 
2302, 125.583954694045 
2303, 126.397893250596 
2304, 123.910299911722 
2305, 120.734846657293 
2306, 118.825285363146 
2307, 125.854179428363 
2308, 131.589980932562 
2309, 139.860915961585 
2310, 180.442556451123 
2311, 185.524319768664 
2312, 161.266607579181 
2313, 143.753629314935 
2314, 104.343672796701 
2315, 76.9746984513311 
2316, 77.419106293781 
2317, 91.5665777703714 
2318, 101.616545110978 
2319, 96.6567731232657 
2320, 76.6418715132217 
2321, 48.3244866292493 
2322, 34.1376014599929 
2323, 36.2676308026589 
2324, 47.4723174513708 
2325, 69.6351172290946 
2326, 87.7863826513885 
2327, 103.834936484387 
2328, 105.966642443552 
2329, 92.1310806753239 
2330, 89.9464251452285 
2331, 84.0435553478049 
2332, 79.4287844835411 
2333, 83.5631562191447 
2334, 76.515160930165 
2335, 57.8284326856718 
2336, 50.7042585842335 
2337, 45.6463838704768 
2338, 40.9325227659063 
2339, 36.6050000638446 
2340, 43.6111787918488 
2341, 56.7506628751885 
2342, 63.9436952426708 
2343, 87.6833099207298 
2344, 88.8229690236059 
2345, 65.8307689851359 
2346, 61.3432208932268 
2347, 53.4088280768015 
2348, 52.78968474533 
2349, 71.581812869156 
2350, 75.8308055833994 
2351, 83.0067168340895 
2352, 74.2775529350154 
2353, 32.6134337766512 
2354, 20.8923487411731 
2355, 11.4882320367497 
2356, 12.9850877726495 
2357, 53.507942724282 
2358, 71.9742245309081 
2359, 83.6725223671225 
2360, 83.7757693872252 
2361, 65.2803858351709 
2362, 50.457004932319 
2363, 22.0218808940394 
2364, 13.3978483175845 
2365, 10.8187367918515 
2366, 16.6616036998356 
2367, 14.7271532949737 
2368, 3.99986948461425 
2369,-5.11270858769347 
2370,-14.528283329668 
2371,-12.1424055966307 
2372, 4.18712788204028 
2373, 12.2511384223283 
2374, 18.1584903569857 
2375, 30.4603688636731 
2376, 35.8296134971023 
2377, 27.4181902744935 
2378, 21.0230127503615 
2379, 14.2959853751168 
2380, 10.9801048953284 
2381, 19.9251276146156 
2382, 23.6755832235626 
2383, 26.9340802057687 
2384, 20.7533352327274 
2385, 5.44012128882172 
2386, 18.0798431330033 
2387, 27.5078059186758 
2388, 20.8925581922133 
2389, 38.1772068306082 
2390, 43.9711320187937 
2391, 24.2338836383808 
2392, 26.9628232627976 
2393, 27.2613980974587 
2394, 1.28137341645872 
2395, 9.08859267080908 
2396, 25.4687436337727 
2397, 26.819461728963 
2398, 45.4313630561576 
2399, 35.9493635069637 
2400, 17.5809964935303 
2401, 11.8429038765537 
2402, 2.50203205031726 
2403, 7.44031709106011 
2404, 11.6805908500955 
2405, 23.9997345738096 
2406, 47.5466014500625 
2407, 51.2690300024677 
2408, 55.6272799717912 
2409, 53.7265181544364 
2410, 36.5699864203384 
2411, 23.9685213627318 
2412, 10.24921622135 
2413,-3.21651911310532 
2414,-28.8318851637162 
2415,-28.7808173738626 
2416,-3.94718948515297 
2417,-1.32837711414239 
2418,-0.487788993842898 
2419,-0.68879117928643 
2420,-21.5124387205457 
2421,-19.1439759810233 
2422, 11.7278789109224 
2423, 17.8242069206014 
2424, 15.7821865271116 
2425, 19.4350043830732 
2426, 15.1835259103136 
2427, 10.724417802088 
2428, 12.0140755754396 
2429, 16.5647238527222 
2430, 13.6053820603169 
2431, 15.7808060049453 
2432, 29.9183020448215 
2433, 28.3825309708873 
2434, 22.3894880809068 
2435, 12.1424813269193 
2436,-14.3335181489355 
2437,-14.8156355387549 
2438,-1.96383036972969 
2439,-6.94680540219132 
2440,-6.36924918018388 
2441,-11.5423359982771 
2442,-33.2610701471127 
2443,-37.6567991451965 
2444,-32.8858552978026 
2445,-16.3862618261064 
2446,-7.85637553896404 
2447, 3.19139857476717 
2448, 23.0696595351045 
2449, 43.4149802524408 
2450, 41.5168802768125 
2451, 32.261495052216 
2452, 29.4026771311886 
2453, 27.1474304312621 
2454, 44.9924141719471 
2455, 60.5048186594709 
2456, 64.3874625858475 
2457, 62.7919501299786 
2458, 44.0781236090502 
2459, 35.9779458201843 
2460, 39.1252829060127 
2461, 41.8597734761288 
2462, 33.2646583041769 
2463, 14.4472780263203 
2464, 5.22311012418283 
2465,-14.5961253602239 
2466,-12.6038813227799 
2467,-15.9309283159886 
2468,-38.9668007047334 
2469,-29.8237134535886 
2470,-39.84120726619 
2471,-43.8027229143295 
2472,-18.8616874185678 
2473,-3.1016053996207 
2474, 12.4253588445364 
2475, 37.4963246176842 
2476, 46.8760096023585 
2477, 35.4881562866194 
2478, 29.8954664318047 
2479, 21.2413642731095 
2480, 35.7959674414559 
2481, 53.4194628415163 
2482, 35.4916642267226 
2483, 19.9403562774571 
2484, 3.41401124705213 
2485,-14.7106533180331 
2486,-1.79140017353928 
2487, 12.5272907155405 
2488, 9.55836896986605 
2489, 10.0682644474469 
2490, 8.31752081990058 
2491, 5.39609571700126 
2492, 10.0070690678503 
2493, 20.8192761658851 
2494, 30.3990462740692 
2495, 41.1675965566818 
2496, 43.074486572974 
2497,-2.23930426490901 
2498,-16.8850494020546 
2499,-41.0188739165026 
2500,-44.1581274757663 
