Wavelength,0212202100047.asd
350, 2365.79430755481 
351, 2486.30150555535 
352, 2597.60572771899 
353, 2688.70220155964 
354, 2780.10609099822 
355, 2877.29684270234 
356, 2979.61045105947 
357, 3081.68126098414 
358, 3186.23825276144 
359, 3297.22815261007 
360, 3421.07634020258 
361, 3572.70652158314 
362, 3745.56833338811 
363, 3931.51261569154 
364, 4122.81128196373 
365, 4316.69140211766 
366, 4501.17557704907 
367, 4661.96653014702 
368, 4784.34800310292 
369, 4853.4158242972 
370, 4876.80038898627 
371, 4871.71481226775 
372, 4850.17868140676 
373, 4840.92883381174 
374, 4848.36652186696 
375, 4859.12323317587 
376, 4868.21963880253 
377, 4872.78696643805 
378, 4862.24572845538 
379, 4815.86846164077 
380, 4755.8836318835 
381, 4689.02678926469 
382, 4615.27114730927 
383, 4524.94968757073 
384, 4434.97319776895 
385, 4374.24056809817 
386, 4375.83075772135 
387, 4463.96685137743 
388, 4589.51341148727 
389, 4698.91717024125 
390, 4747.37739076795 
391, 4803.53512172287 
392, 4856.34580890731 
393, 4894.18557345061 
394, 4932.01731532461 
395, 5034.64934619877 
396, 5236.97890700491 
397, 5554.57586849178 
398, 5991.49393564834 
399, 6488.02984371593 
400, 6998.14556081348 
401, 7492.88548251652 
402, 7963.00148132831 
403, 8350.19960733524 
404, 8629.36891028874 
405, 8845.73782112527 
406, 9017.46991929269 
407, 9171.11385328632 
408, 9339.13868391981 
409, 9570.28782243677 
410, 9846.52725333471 
411, 10150.7115033638 
412, 10467.6628712354 
413, 10781.4822376867 
414, 11090.3478846245 
415, 11387.3091664866 
416, 11651.4069488062 
417, 11900.8112419898 
418, 12155.1697196722 
419, 12420.7991157054 
420, 12649.3278255611 
421, 12882.1847116238 
422, 13138.268524795 
423, 13412.5869396916 
424, 13663.2971630258 
425, 13860.3251910271 
426, 13975.3636697129 
427, 13975.6827040405 
428, 13919.6055778062 
429, 13930.8875245697 
430, 14105.0370329364 
431, 14352.2624296462 
432, 14685.0900108734 
433, 15177.6713148824 
434, 15916.3380026896 
435, 16693.0875454063 
436, 17285.6500787943 
437, 17652.0171853723 
438, 18044.1135224716 
439, 18442.2956173148 
440, 18817.4494289045 
441, 19161.8393369478 
442, 19602.2524932842 
443, 20064.5454090768 
444, 20488.5268782146 
445, 20834.7816281672 
446, 21111.9906013511 
447, 21360.9598778925 
448, 21626.0930837728 
449, 21956.2454402501 
450, 22231.0718995164 
451, 22374.3903899589 
452, 22360.7910720873 
453, 22299.5199982437 
454, 22169.8804125813 
455, 22006.8159077156 
456, 21895.1656053565 
457, 21865.1671188357 
458, 21867.7547658412 
459, 21850.4656336128 
460, 21787.9504103633 
461, 21698.8108555125 
462, 21603.2173520401 
463, 21509.232050902 
464, 21360.9675856863 
465, 21136.2464313529 
466, 20861.9771922823 
467, 20611.0771433492 
468, 20398.6296742297 
469, 20239.4978140058 
470, 20140.8596041973 
471, 20104.8373918821 
472, 20078.5786115876 
473, 20068.2880505217 
474, 20096.0288064107 
475, 20083.1261767532 
476, 20057.3952099205 
477, 20044.0391396978 
478, 20052.297210339 
479, 20116.0959913836 
480, 20206.5646977803 
481, 20270.9366988086 
482, 20252.5732444969 
483, 20097.0786884 
484, 19775.2338464331 
485, 19301.0204106572 
486, 18841.7523058724 
487, 18518.0625541293 
488, 18426.002953605 
489, 18646.6847294227 
490, 18986.8374450594 
491, 19262.790963682 
492, 19359.8633290628 
493, 19394.3214133648 
494, 19448.241963965 
495, 19557.4111022917 
496, 19705.7625312691 
497, 19749.1356096691 
498, 19690.3641545903 
499, 19563.2861770654 
500, 19395.5434889071 
501, 19269.7137262566 
502, 19221.0029404448 
503, 19264.8261216781 
504, 19445.3845435005 
505, 19695.6928270744 
506, 19948.0176172506 
507, 20145.485127917 
508, 20295.8896162771 
509, 20414.7346948648 
510, 20526.2195853081 
511, 20676.1660201114 
512, 20778.447872785 
513, 20794.374859005 
514, 20715.6175561275 
515, 20540.3640590093 
516, 20309.0143716963 
517, 20086.4392541133 
518, 19957.3469341963 
519, 20131.1729886905 
520, 20622.2204176039 
521, 21308.451888848 
522, 21874.8925072851 
523, 22297.9594661926 
524, 22595.9826131339 
525, 22814.394088912 
526, 22906.0389343322 
527, 22942.4436286035 
528, 23064.0733456266 
529, 23531.5792500647 
530, 24136.4006215928 
531, 24640.6860926628 
532, 24852.9793783166 
533, 24922.1746842125 
534, 25034.8953183238 
535, 25288.4802831298 
536, 25670.0645085878 
537, 25940.0132847269 
538, 26063.0016717928 
539, 26079.9150750073 
540, 26071.1810903134 
541, 26094.899733211 
542, 26230.6339983295 
543, 26539.8246828695 
544, 26889.3757409371 
545, 27193.0659941674 
546, 27404.6581638662 
547, 27525.7368268211 
548, 27606.7150612595 
549, 27702.3556007038 
550, 27845.9642349757 
551, 27992.7356385107 
552, 28105.8712911129 
553, 28189.0004615674 
554, 28276.6594560704 
555, 28343.709085513 
556, 28317.2847204803 
557, 28158.0430411384 
558, 27897.7308638973 
559, 27677.9202963874 
560, 27580.9575993392 
561, 27634.4606520271 
562, 27762.3216559075 
563, 27835.1062029641 
564, 27791.2920379788 
565, 27655.5091995676 
566, 27460.4465439998 
567, 27262.4235796775 
568, 27096.8136821446 
569, 26928.139540395 
570, 26703.8847636398 
571, 26489.3382587124 
572, 26412.5236114803 
573, 26438.1289242398 
574, 26429.6566754218 
575, 26302.8290658722 
576, 26076.4603128511 
577, 25871.1685333899 
578, 25764.6421449851 
579, 25797.8243114786 
580, 25938.9978436341 
581, 26183.9286011877 
582, 26479.6063598719 
583, 26728.8458740729 
584, 26885.7405221324 
585, 26883.0142447566 
586, 26713.5980887385 
587, 26506.2482698526 
588, 26251.4715532605 
589, 25904.1450166365 
590, 25463.3081859844 
591, 25321.7175907072 
592, 25455.049674288 
593, 25677.3840147403 
594, 25658.4029463676 
595, 25523.5987480238 
596, 25337.6775442172 
597, 25142.2061712794 
598, 24929.1440750126 
599, 24669.473972052 
600, 24386.261011519 
601, 24138.4877732168 
602, 23945.8200158322 
603, 23843.3515942467 
604, 23830.5215407093 
605, 23853.6102775195 
606, 23797.3751893822 
607, 23660.1182597157 
608, 23489.4489111978 
609, 23322.6824210542 
610, 23162.3038671999 
611, 23016.3766114038 
612, 22897.3206412598 
613, 22769.7393253608 
614, 22618.4856969855 
615, 22453.3270251246 
616, 22327.8742483345 
617, 22248.2554587762 
618, 22247.9968145602 
619, 22348.5963195351 
620, 22448.5823509983 
621, 22456.4907202611 
622, 22342.6960086147 
623, 22152.0178205733 
624, 21938.6099196368 
625, 21736.8505133831 
626, 21563.3055290946 
627, 21409.0962792333 
628, 21252.0062975514 
629, 21101.1754351437 
630, 20992.9723674841 
631, 21005.9855485961 
632, 21085.2539559359 
633, 21181.7334291329 
634, 21289.6285691746 
635, 21371.1353203858 
636, 21426.1318646267 
637, 21464.6048521053 
638, 21480.4493209163 
639, 21448.6816945052 
640, 21353.5955869844 
641, 21196.3177875317 
642, 21073.5266498026 
643, 21002.9274645287 
644, 20961.0462982326 
645, 20876.0449205093 
646, 20744.5438540814 
647, 20580.9648694832 
648, 20414.0838421867 
649, 20278.4108152449 
650, 20172.1679555107 
651, 20114.6256916507 
652, 20140.4725790685 
653, 20094.675594661 
654, 19871.356934603 
655, 19450.8911544565 
656, 18951.1828164163 
657, 18594.6613732784 
658, 18608.4209824879 
659, 19101.5289577748 
660, 19580.9880079831 
661, 19848.2735570497 
662, 19900.4187881445 
663, 19930.5120243745 
664, 19909.0758663993 
665, 19875.0847487557 
666, 19863.7432546625 
667, 19870.8287881027 
668, 19862.9318976968 
669, 19843.0213088463 
670, 19829.8816043028 
671, 19790.2994813464 
672, 19741.6978164134 
673, 19710.9568937608 
674, 19729.6124268862 
675, 19757.6979720789 
676, 19777.4417507031 
677, 19784.6820280984 
678, 19798.7554485577 
679, 19805.36096266 
680, 19803.3349126866 
681, 19798.3701240537 
682, 19788.2237063168 
683, 19745.5604018876 
684, 19582.5516024233 
685, 19134.3656709102 
686, 18335.6893282524 
687, 17253.0794571924 
688, 16153.4365905099 
689, 15729.5854639474 
690, 16088.9275438257 
691, 16921.6052789056 
692, 17673.4787724925 
693, 18335.6767990253 
694, 18818.6429970054 
695, 19112.0479402714 
696, 19314.225935045 
697, 19482.3749069122 
698, 19596.0206775198 
699, 19624.6761962793 
700, 19591.7248306924 
701, 19557.942997039 
702, 19570.7094388072 
703, 19661.4131658438 
704, 19831.5003782575 
705, 20028.5418807543 
706, 20199.3579956085 
707, 20300.9578737214 
708, 20386.3137007129 
709, 20464.4896981016 
710, 20534.5100203944 
711, 20604.7918079454 
712, 20657.0472095132 
713, 20682.450477676 
714, 20671.6053841343 
715, 20585.1661962538 
716, 20338.208781688 
717, 19892.2054678531 
718, 19274.9301889318 
719, 18762.289526691 
720, 18585.3211393623 
721, 18833.0106224409 
722, 19329.1946068728 
723, 19671.7928263353 
724, 19729.0251615862 
725, 19582.635692085 
726, 19564.1479848696 
727, 19634.202393992 
728, 19724.6562104352 
729, 19780.7120631681 
730, 19916.2927866104 
731, 20157.9089535698 
732, 20487.0352417528 
733, 20841.2045476279 
734, 21147.5195879517 
735, 21344.5952559574 
736, 21404.3767472141 
737, 21393.7990509118 
738, 21370.0211426601 
739, 21346.7969596812 
740, 21304.5391506239 
741, 21297.6912293759 
742, 21333.4164390464 
743, 21404.5816637353 
744, 21497.4578816524 
745, 21562.7312986535 
746, 21594.6672128877 
747, 21600.5415203819 
748, 21575.6692635016 
749, 21509.5982868255 
750, 21418.4643256265 
751, 21336.8062262849 
752, 21298.5649568713 
753, 21290.7734804393 
754, 21291.3489741856 
755, 21273.2309915256 
756, 21170.929006201 
757, 20727.7417165961 
758, 19527.5491646372 
759, 16849.1313438998 
760, 12923.5407607398 
761, 9103.02304288669 
762, 7002.19343334318 
763, 7020.27111411546 
764, 8159.67310540455 
765, 9927.36065087801 
766, 12283.5248047625 
767, 14844.2177336271 
768, 17060.4066160321 
769, 18598.2809972363 
770, 19460.5357901204 
771, 19887.4423651593 
772, 20055.4565150803 
773, 20099.0706137104 
774, 20093.9030336754 
775, 20051.4146249697 
776, 19993.0112284482 
777, 19933.8254610363 
778, 19853.1811385653 
779, 19757.4591539621 
780, 19661.8797819574 
781, 19583.7546986148 
782, 19496.6713864055 
783, 19393.69361578 
784, 19277.8894596198 
785, 19162.2737604286 
786, 19047.7429702245 
787, 18915.0766047834 
788, 18747.9192766606 
789, 18551.3933071662 
790, 18342.0859984778 
791, 18126.6508735899 
792, 17909.5945092874 
793, 17703.699762449 
794, 17540.1661856882 
795, 17433.6140310513 
796, 17378.8963318763 
797, 17341.0253201573 
798, 17274.5514649919 
799, 17156.7357150658 
800, 16996.3778733604 
801, 16820.333851523 
802, 16657.6657588741 
803, 16520.3977278709 
804, 16384.5515641705 
805, 16267.9691572545 
806, 16161.2858951633 
807, 16043.1141902183 
808, 15887.1075427303 
809, 15699.5862411194 
810, 15492.6520976143 
811, 15273.9126969108 
812, 15013.1030099363 
813, 14669.119162247 
814, 14237.5556193366 
815, 13755.961872552 
816, 13306.1445439727 
817, 12951.4137130671 
818, 12731.3990818922 
819, 12657.2174348444 
820, 12634.8274414067 
821, 12590.28000376 
822, 12492.7517010149 
823, 12384.4859355129 
824, 12311.3839718792 
825, 12319.2892128217 
826, 12397.6232426975 
827, 12368.8556300538 
828, 12235.5285625647 
829, 12056.6327120075 
830, 11913.1929517655 
831, 11818.488324105 
832, 11746.7759198519 
833, 11687.1466081275 
834, 11644.2296566682 
835, 11622.9573373812 
836, 11610.9614705953 
837, 11588.4140488648 
838, 11532.0952556047 
839, 11448.9391117916 
840, 11346.6662085939 
841, 11233.3268300297 
842, 11115.7766354697 
843, 10992.7887686129 
844, 10871.2328980862 
845, 10755.2902589615 
846, 10641.3615262454 
847, 10499.0878222599 
848, 10326.7878017728 
849, 10135.5855012905 
850, 9940.14606347032 
851, 9717.02923403496 
852, 9487.88032257967 
853, 9293.10206706675 
854, 9149.36091960338 
855, 9032.72253565329 
856, 8978.26806741971 
857, 9037.27067502731 
858, 9126.3932522835 
859, 9145.95811735794 
860, 9078.81920278504 
861, 8980.70261685272 
862, 8862.40348935755 
863, 8709.50867604831 
864, 8524.64552650554 
865, 8333.8224914087 
866, 8152.4018711217 
867, 7999.84886167346 
868, 7900.8542086132 
869, 7883.76433328848 
870, 7903.35117186604 
871, 7894.75739911207 
872, 7827.16917827167 
873, 7735.20932378312 
874, 7636.64102777462 
875, 7537.50647738022 
876, 7439.27324045755 
877, 7343.69492186849 
878, 7249.54680838573 
879, 7156.789384211 
880, 7064.74085619641 
881, 6969.78945119319 
882, 6876.94861858878 
883, 6788.5080918282 
884, 6704.39953325923 
885, 6621.66796847002 
886, 6532.86652186226 
887, 6439.60086558414 
888, 6346.95863765528 
889, 6256.33519106117 
890, 6167.24335145299 
891, 6067.9471094428 
892, 5944.70613720154 
893, 5799.53166689677 
894, 5631.24718203635 
895, 5443.91308153669 
896, 5245.68367858028 
897, 5045.68914920771 
898, 4857.08513505325 
899, 4699.69237724233 
900, 4591.60425415427 
901, 4527.46641824925 
902, 4498.4925492627 
903, 4486.2719486058 
904, 4469.30612733323 
905, 4443.35144882132 
906, 4397.15531499175 
907, 4319.19774590751 
908, 4205.90325013457 
909, 4088.65011902606 
910, 3989.28734577555 
911, 3916.84354730741 
912, 3867.48491554651 
913, 3825.12957006456 
914, 3781.81753372781 
915, 3737.89014214163 
916, 3699.90638355765 
917, 3674.9336454053 
918, 3654.0488405846 
919, 3633.06688294166 
920, 3612.21237790899 
921, 3589.53367786088 
922, 3559.33639964249 
923, 3513.05085417283 
924, 3443.46436820311 
925, 3359.24047789821 
926, 3257.74501660257 
927, 3133.793469103 
928, 2982.78033401924 
929, 2808.51719390745 
930, 2611.64887461547 
931, 2401.82034596162 
932, 2196.02424949527 
933, 2013.35499635713 
934, 1869.86395438781 
935, 1772.54678889602 
936, 1720.22865074517 
937, 1707.17193977026 
938, 1718.34382133289 
939, 1737.8935948379 
940, 1754.06843150223 
941, 1769.71631615987 
942, 1773.04839095303 
943, 1756.8336918455 
944, 1720.75172074224 
945, 1674.40608737865 
946, 1638.12418946376 
947, 1616.84443038417 
948, 1606.70544699769 
949, 1601.64894028271 
950, 1598.42943210526 
951, 1594.16887353094 
952, 1587.19009515621 
953, 1577.46080750939 
954, 1566.44556347598 
955, 1557.28727958039 
956, 1551.35973971535 
957, 1545.95899306454 
958, 1542.16422347565 
959, 1540.23045090675 
960, 1539.97426527525 
961, 1540.81775901627 
962, 1542.00373397666 
963, 1544.29876797587 
964, 1547.37822289374 
965, 1549.58504466831 
966, 1553.25990887563 
967, 1552.06720815131 
968, 1544.59156308421 
969, 1534.889000409 
970, 1524.22260114139 
971, 1510.74735280238 
972, 1491.05510656911 
973, 1463.24661439379 
974, 1435.06500183353 
975, 1404.26074451916 
976, 1373.00362300579 
977, 1345.57916830893 
978, 1325.02857256262 
979, 1307.43836669123 
980, 1290.6821361374 
981, 1274.37683326942 
982, 1260.40636472889 
983, 1244.11692723001 
984, 1225.78887973052 
985, 1205.97155765349 
986, 1183.65592620909 
987, 1162.65289464681 
988, 1141.81515926132 
989, 1118.97664561987 
990, 1092.83680006611 
991, 1067.76504020425 
992, 1043.74033814921 
993, 1020.25849792254 
994, 996.752787692882 
995, 972.294158239252 
996, 949.148678223276 
997, 925.505182605041 
998, 899.624881869838 
999, 875.780549905765 
1000, 852.856990868676 
1001, 5364.17132199289 
1002, 5338.86413859963 
1003, 5316.9814644952 
1004, 5301.44198469727 
1005, 5288.58881288047 
1006, 5283.0351274851 
1007, 5292.47524401383 
1008, 5304.50567048303 
1009, 5314.64666191963 
1010, 5325.75424145534 
1011, 5340.62930524234 
1012, 5355.66150021947 
1013, 5374.88165720727 
1014, 5399.2933477129 
1015, 5421.61223475705 
1016, 5444.69852545803 
1017, 5466.48425358762 
1018, 5485.59762805917 
1019, 5511.59111698159 
1020, 5544.70686335686 
1021, 5574.77650576149 
1022, 5607.25059037678 
1023, 5643.07359348446 
1024, 5679.15677214562 
1025, 5712.16690683402 
1026, 5748.2271524786 
1027, 5781.93118874844 
1028, 5814.3685597169 
1029, 5841.48257704322 
1030, 5863.65001512213 
1031, 5890.35571339351 
1032, 5912.67954240835 
1033, 5934.04657331988 
1034, 5962.51016527333 
1035, 5988.06486342718 
1036, 6010.64282610812 
1037, 6034.11448715635 
1038, 6066.01890151604 
1039, 6090.91827989882 
1040, 6108.49792245169 
1041, 6128.8928668071 
1042, 6145.52541262845 
1043, 6157.42116456324 
1044, 6172.02327307346 
1045, 6186.93817012559 
1046, 6196.29033307822 
1047, 6210.77577286395 
1048, 6225.88571955061 
1049, 6249.43072914375 
1050, 6274.58365807467 
1051, 6302.45466457875 
1052, 6327.71061746003 
1053, 6349.87228387686 
1054, 6371.26817258244 
1055, 6390.45234599408 
1056, 6413.59722525255 
1057, 6439.54201973699 
1058, 6473.46070917062 
1059, 6513.96161437272 
1060, 6555.57817803563 
1061, 6604.17548659794 
1062, 6654.09978789407 
1063, 6703.75304177213 
1064, 6757.26154110694 
1065, 6819.9893506209 
1066, 6885.25219934544 
1067, 6958.17397937499 
1068, 7035.57885667786 
1069, 7122.08278309124 
1070, 7215.28729312823 
1071, 7305.48441981313 
1072, 7399.64508937034 
1073, 7494.18734704335 
1074, 7587.48974311424 
1075, 7678.28350203926 
1076, 7772.69449670665 
1077, 7867.03544324278 
1078, 7941.04757156825 
1079, 8013.7097941772 
1080, 8077.41018673202 
1081, 8125.67327116973 
1082, 8178.0141045016 
1083, 8228.37374101164 
1084, 8271.48283775909 
1085, 8313.66622429363 
1086, 8354.35990658738 
1087, 8395.84684864955 
1088, 8425.84876280487 
1089, 8455.36566802833 
1090, 8472.16658626854 
1091, 8477.21603614709 
1092, 8473.49861392881 
1093, 8464.66326808387 
1094, 8449.04912075785 
1095, 8426.77232105842 
1096, 8402.37603617681 
1097, 8378.18680045155 
1098, 8354.17762310934 
1099, 8331.30011832726 
1100, 8312.36857068002 
1101, 8286.77205582641 
1102, 8261.51108709698 
1103, 8229.73417356896 
1104, 8197.92276185975 
1105, 8154.12781202009 
1106, 8105.87107593766 
1107, 8035.32644230048 
1108, 7933.73173855681 
1109, 7803.51772033734 
1110, 7618.78841592416 
1111, 7396.82672489422 
1112, 7140.1250885644 
1113, 6828.64182205921 
1114, 6514.93361137805 
1115, 6147.68869557945 
1116, 5822.08951378322 
1117, 5470.76936632767 
1118, 5172.43497586227 
1119, 4901.88386567692 
1120, 4656.01520505369 
1121, 4446.9857218983 
1122, 4276.59631391283 
1123, 4156.36109158303 
1124, 4074.73061040767 
1125, 4035.7183009537 
1126, 4056.97848491134 
1127, 4077.98806839051 
1128, 4138.37399844018 
1129, 4199.32632778407 
1130, 4282.74830378316 
1131, 4361.92514411255 
1132, 4445.20461428701 
1133, 4541.52571334914 
1134, 4638.05071316936 
1135, 4744.45829076944 
1136, 4902.62770781174 
1137, 5066.53460142936 
1138, 5229.27286034391 
1139, 5380.52530827486 
1140, 5478.09861005975 
1141, 5542.36850981805 
1142, 5572.18549203545 
1143, 5547.63271887991 
1144, 5532.26961201801 
1145, 5448.29775070814 
1146, 5438.91427986466 
1147, 5423.00977806765 
1148, 5473.61827841932 
1149, 5582.17287093817 
1150, 5721.11204335395 
1151, 5908.48165338647 
1152, 6117.95723655429 
1153, 6331.65034036748 
1154, 6578.68808117448 
1155, 6807.25537026058 
1156, 7046.48600266686 
1157, 7268.29928450706 
1158, 7487.6357612013 
1159, 7694.23638238432 
1160, 7898.87823310816 
1161, 8077.57358743227 
1162, 8247.84235475871 
1163, 8391.91507460637 
1164, 8509.67740976502 
1165, 8609.11251083586 
1166, 8697.32153890106 
1167, 8768.5860994121 
1168, 8821.83749726723 
1169, 8861.52360416739 
1170, 8880.62755552197 
1171, 8874.28608254125 
1172, 8863.2539165521 
1173, 8833.37766151246 
1174, 8801.39333934654 
1175, 8763.21510501457 
1176, 8714.02722321408 
1177, 8650.45973010965 
1178, 8588.0889862918 
1179, 8510.36604910633 
1180, 8441.00438570219 
1181, 8370.10555384994 
1182, 8306.77664769404 
1183, 8252.7594386215 
1184, 8201.65687552343 
1185, 8165.8017464136 
1186, 8142.66563456299 
1187, 8125.12666203747 
1188, 8121.44217824849 
1189, 8115.48316395795 
1190, 8123.38472678465 
1191, 8117.4360227793 
1192, 8115.18775777136 
1193, 8098.02867418644 
1194, 8076.16611043327 
1195, 8037.08042114802 
1196, 7982.6231682648 
1197, 7915.9389588452 
1198, 7849.58221692291 
1199, 7764.60568030178 
1200, 7697.38722164321 
1201, 7630.19542409166 
1202, 7575.98013012889 
1203, 7524.20221379126 
1204, 7489.34880368346 
1205, 7472.0738841753 
1206, 7454.38916914878 
1207, 7447.85690882804 
1208, 7443.03164127471 
1209, 7443.0266928796 
1210, 7443.34994530155 
1211, 7452.8011012301 
1212, 7456.757363972 
1213, 7458.77678446582 
1214, 7459.86536908194 
1215, 7456.21164525223 
1216, 7450.80140493362 
1217, 7439.30071832352 
1218, 7422.48790539932 
1219, 7403.92545570478 
1220, 7376.49309320318 
1221, 7356.59313286771 
1222, 7336.59884026506 
1223, 7319.11105692377 
1224, 7305.75555347849 
1225, 7292.41591710655 
1226, 7279.88972169875 
1227, 7268.02711761958 
1228, 7259.70161765435 
1229, 7248.82640366994 
1230, 7237.0492013518 
1231, 7226.27525465542 
1232, 7209.6023182952 
1233, 7189.78944370303 
1234, 7168.55140299248 
1235, 7142.81213312254 
1236, 7118.0717724275 
1237, 7095.62799462089 
1238, 7066.04383563047 
1239, 7031.36125797215 
1240, 6997.41223227001 
1241, 6956.34997562342 
1242, 6920.25493405134 
1243, 6891.37513400054 
1244, 6855.38826371634 
1245, 6817.65659340754 
1246, 6777.6926780905 
1247, 6736.08492866011 
1248, 6689.92053984951 
1249, 6643.13800793681 
1250, 6598.65027544283 
1251, 6545.40578595986 
1252, 6490.16795309554 
1253, 6423.97674657447 
1254, 6352.30711644758 
1255, 6270.94535458373 
1256, 6180.44800470252 
1257, 6081.34189007508 
1258, 5971.90905769268 
1259, 5857.98046918566 
1260, 5728.36668026129 
1261, 5605.38114329275 
1262, 5476.14732615115 
1263, 5350.21030807079 
1264, 5245.5145027817 
1265, 5139.66597583493 
1266, 5077.25053668055 
1267, 5032.27467372491 
1268, 5028.92833127619 
1269, 5060.02105280472 
1270, 5117.90921925274 
1271, 5224.60850711145 
1272, 5323.05467333744 
1273, 5457.19477883232 
1274, 5567.73859399988 
1275, 5681.66948559247 
1276, 5779.85481433572 
1277, 5869.68717598907 
1278, 5948.19305206541 
1279, 6010.74515668505 
1280, 6070.00592825711 
1281, 6125.90940661329 
1282, 6177.3380759248 
1283, 6231.51432586241 
1284, 6287.39425811629 
1285, 6339.01050723324 
1286, 6391.62671747006 
1287, 6435.50855218389 
1288, 6475.87883431904 
1289, 6510.60815050203 
1290, 6542.4054594433 
1291, 6561.27717634511 
1292, 6570.07208878923 
1293, 6577.67051711906 
1294, 6572.83570511007 
1295, 6569.82522852069 
1296, 6565.95729877864 
1297, 6560.77002085133 
1298, 6552.2045987468 
1299, 6543.4314369124 
1300, 6533.98225568979 
1301, 6526.92337589516 
1302, 6513.52021704685 
1303, 6499.13166198436 
1304, 6476.23864584428 
1305, 6447.11699841344 
1306, 6415.69301783659 
1307, 6376.88566779106 
1308, 6339.27913049043 
1309, 6295.68487141388 
1310, 6261.06638536576 
1311, 6228.17518657264 
1312, 6196.67630837766 
1313, 6171.52211834392 
1314, 6144.79744542725 
1315, 6117.49622760921 
1316, 6091.78022536567 
1317, 6066.00326105126 
1318, 6043.79429663443 
1319, 6027.70143643977 
1320, 6007.65179063957 
1321, 5992.33538880716 
1322, 5976.43014675699 
1323, 5940.29806287824 
1324, 5898.1839045304 
1325, 5833.94237086284 
1326, 5746.86740348907 
1327, 5657.60480855547 
1328, 5545.32031731764 
1329, 5446.77283671193 
1330, 5333.12027999969 
1331, 5249.70642760023 
1332, 5176.33235849575 
1333, 5121.46224769503 
1334, 5097.79149535979 
1335, 5070.32730044065 
1336, 5058.95717325961 
1337, 5044.00457458119 
1338, 5019.88988897026 
1339, 4971.30978313426 
1340, 4895.73162209323 
1341, 4789.5195273536 
1342, 4640.15548695606 
1343, 4458.31501497318 
1344, 4233.37291432959 
1345, 3957.02463281141 
1346, 3665.3564833121 
1347, 3325.46835661885 
1348, 2996.85168034585 
1349, 2634.27975074779 
1350, 2305.29612710221 
1351, 1966.85095966204 
1352, 1668.79591730229 
1353, 1388.11934854417 
1354, 1141.21648595084 
1355, 924.521447086711 
1356, 736.634072441302 
1357, 574.160863671609 
1358, 448.491225320768 
1359, 356.019205269562 
1360, 277.791062341654 
1361, 221.656074457479 
1362, 176.281477691262 
1363, 138.436058804974 
1364, 117.123896204206 
1365, 103.306206576431 
1366, 106.427499553435 
1367, 108.891605356342 
1368, 116.854162619237 
1369, 130.188741711898 
1370, 151.133372074009 
1371, 171.923660614452 
1372, 200.294493086729 
1373, 225.477265188341 
1374, 254.583601851935 
1375, 275.909904379873 
1376, 298.659954148007 
1377, 311.322894459955 
1378, 319.666825429225 
1379, 313.75050720711 
1380, 302.365998054837 
1381, 285.403373129839 
1382, 265.05164110496 
1383, 257.601694095184 
1384, 263.050373486984 
1385, 279.266496811955 
1386, 305.808961332581 
1387, 335.797043775266 
1388, 364.956778573958 
1389, 400.466118074364 
1390, 425.700420112212 
1391, 451.691944281028 
1392, 467.497481884611 
1393, 471.322073260545 
1394, 478.207808317266 
1395, 477.658298551465 
1396, 483.910334626361 
1397, 491.028182745997 
1398, 502.370922051648 
1399, 517.638090769706 
1400, 533.915138245404 
1401, 556.103371863297 
1402, 574.3007490629 
1403, 591.564373502398 
1404, 609.431362516272 
1405, 624.652014575148 
1406, 640.175394694009 
1407, 661.354784681028 
1408, 690.294952529588 
1409, 724.104304143188 
1410, 764.558769194574 
1411, 801.563062520349 
1412, 842.00838150981 
1413, 877.053642583811 
1414, 911.063665365056 
1415, 939.447338444463 
1416, 966.084433735969 
1417, 987.53179128905 
1418, 1003.59229505588 
1419, 1017.24204187806 
1420, 1025.25004548409 
1421, 1033.06275047572 
1422, 1043.34923604949 
1423, 1042.74020255245 
1424, 1039.85867600279 
1425, 1027.99978286127 
1426, 1001.5616025326 
1427, 975.517696851969 
1428, 947.980512296672 
1429, 912.801225759524 
1430, 869.155848979841 
1431, 825.886181472473 
1432, 778.113927210367 
1433, 731.272499985843 
1434, 689.202398840594 
1435, 655.232066490565 
1436, 624.496782437929 
1437, 588.094253984396 
1438, 558.511914743588 
1439, 532.153890023672 
1440, 508.76574888388 
1441, 491.218802083162 
1442, 472.57546507992 
1443, 455.113508761387 
1444, 438.942257563205 
1445, 423.727087311464 
1446, 408.043234987469 
1447, 396.71975171871 
1448, 380.345084529264 
1449, 357.025532012307 
1450, 340.03296600871 
1451, 322.95180608611 
1452, 310.019318231331 
1453, 307.968792648032 
1454, 296.796276981794 
1455, 281.661466374625 
1456, 264.562778765417 
1457, 252.942421152863 
1458, 241.155931234879 
1459, 234.881027588455 
1460, 229.295052023404 
1461, 211.602116254854 
1462, 186.141633696637 
1463, 163.545242505385 
1464, 144.696018022809 
1465, 131.002470564099 
1466, 124.963168892166 
1467, 116.101544830844 
1468, 109.742963067964 
1469, 100.753861976685 
1470, 89.1402597145728 
1471, 80.4481618545003 
1472, 73.0612559474377 
1473, 67.2458024994129 
1474, 62.6394132167737 
1475, 59.6064305498242 
1476, 58.377273914314 
1477, 56.1129363422845 
1478, 56.5052855878255 
1479, 54.2401285376182 
1480, 47.4233811391041 
1481, 45.7355689174496 
1482, 46.8558690208918 
1483, 46.1590853451334 
1484, 47.4190079731892 
1485, 48.431340455165 
1486, 46.89299396489 
1487, 46.5643766361851 
1488, 50.3249799915387 
1489, 56.8200219837733 
1490, 62.6522747004094 
1491, 64.1652494665238 
1492, 63.8920376627426 
1493, 64.2547183464099 
1494, 61.3037058619231 
1495, 58.1742001519556 
1496, 58.5475579901422 
1497, 57.9466905962606 
1498, 56.299789076613 
1499, 55.3755282624123 
1500, 56.3708381928876 
1501, 55.6906619464258 
1502, 55.5754800638792 
1503, 59.9711355877726 
1504, 59.1422198427616 
1505, 53.8029747421068 
1506, 52.55760534456 
1507, 49.6457882473836 
1508, 51.3890563249274 
1509, 59.1264165471037 
1510, 61.5530592773976 
1511, 64.275072647949 
1512, 65.600501492265 
1513, 61.9920746718469 
1514, 62.3517718588858 
1515, 64.2277329819242 
1516, 67.7893492600488 
1517, 73.5912648258473 
1518, 78.2355388005079 
1519, 87.3745711700892 
1520, 90.0657032581902 
1521, 88.0218252200417 
1522, 86.9069652268386 
1523, 83.3438665921773 
1524, 79.3980348990219 
1525, 84.7517047767254 
1526, 89.0377133571195 
1527, 93.2648872395969 
1528, 99.5303694733439 
1529, 100.282693646917 
1530, 102.842674896159 
1531, 103.662413210368 
1532, 102.017358645532 
1533, 99.9456578162506 
1534, 95.193181867418 
1535, 95.5058947844836 
1536, 99.0708039254076 
1537, 98.4101121863091 
1538, 98.7868393549035 
1539, 98.0013604246788 
1540, 90.9326890219214 
1541, 92.4106164197582 
1542, 100.606640015103 
1543, 104.768373003108 
1544, 110.833074121574 
1545, 113.582597249473 
1546, 112.206096998443 
1547, 114.822649565245 
1548, 119.355809145074 
1549, 122.404966606006 
1550, 127.538657121054 
1551, 128.352707413595 
1552, 124.532351592208 
1553, 124.103793813674 
1554, 122.325227202905 
1555, 123.520346606614 
1556, 126.957711582524 
1557, 131.112459340665 
1558, 138.743288641597 
1559, 142.9036832669 
1560, 147.692565272831 
1561, 150.723591678403 
1562, 149.198086394541 
1563, 151.021405931022 
1564, 152.999214911778 
1565, 155.780821643467 
1566, 160.865508100603 
1567, 164.971472662692 
1568, 168.633593553099 
1569, 174.284401586837 
1570, 178.190541759862 
1571, 178.477457059717 
1572, 175.463331357087 
1573, 173.806480484769 
1574, 174.701389618173 
1575, 176.914041944832 
1576, 185.626522036371 
1577, 193.565365103805 
1578, 198.818370508057 
1579, 204.372509034731 
1580, 208.609010168961 
1581, 209.271851309295 
1582, 216.412183097809 
1583, 226.517034981651 
1584, 234.679040521186 
1585, 245.955703732786 
1586, 252.718473182373 
1587, 258.793586255853 
1588, 258.741295285088 
1589, 252.337926756485 
1590, 252.811281323289 
1591, 250.941775087351 
1592, 251.681062046537 
1593, 258.429810234605 
1594, 261.678795867725 
1595, 263.8721900814 
1596, 263.53859618666 
1597, 262.513639763752 
1598, 262.347901840317 
1599, 256.621449136007 
1600, 257.282886929028 
1601, 264.339076455026 
1602, 267.073796608081 
1603, 269.421324021965 
1604, 272.982035136454 
1605, 276.211355541874 
1606, 278.823226675977 
1607, 283.04504194991 
1608, 285.801836336937 
1609, 285.461634543307 
1610, 287.306803037099 
1611, 289.696135329586 
1612, 293.021223357426 
1613, 298.459208173905 
1614, 302.161048524525 
1615, 307.791911857421 
1616, 309.30567393708 
1617, 303.806156671711 
1618, 305.119488584236 
1619, 306.293277243086 
1620, 311.053134743658 
1621, 326.560739818691 
1622, 333.582899190178 
1623, 337.04207300908 
1624, 340.440670464204 
1625, 338.08108703557 
1626, 339.062132877244 
1627, 344.550191571475 
1628, 345.550060990835 
1629, 343.208750025363 
1630, 343.03962595686 
1631, 340.99259456346 
1632, 340.457913588363 
1633, 343.216881530911 
1634, 345.049924397086 
1635, 348.521714181462 
1636, 347.887264043812 
1637, 340.665822875177 
1638, 340.304435325258 
1639, 341.904149216149 
1640, 342.886999096645 
1641, 350.486891212982 
1642, 354.78226388729 
1643, 356.029071104259 
1644, 355.729505822186 
1645, 352.619878720651 
1646, 351.830123093267 
1647, 349.795870269321 
1648, 348.919008911447 
1649, 349.908076878997 
1650, 352.276867824182 
1651, 357.569075863228 
1652, 359.200303009559 
1653, 363.036080251224 
1654, 368.165127476361 
1655, 374.450349212342 
1656, 381.767645316489 
1657, 385.429588634761 
1658, 389.080698468739 
1659, 393.624131411402 
1660, 394.738341871147 
1661, 400.001775099337 
1662, 410.673812274541 
1663, 414.106165439165 
1664, 415.010636514163 
1665, 415.388740364013 
1666, 412.38941610933 
1667, 412.444607715365 
1668, 411.965313569706 
1669, 415.429145440865 
1670, 422.714462242494 
1671, 424.143776667479 
1672, 424.572420938143 
1673, 428.169642733462 
1674, 429.612467491361 
1675, 432.767169563666 
1676, 441.307108562337 
1677, 443.782046898394 
1678, 440.054282168642 
1679, 444.294492595374 
1680, 452.582725582865 
1681, 455.79819540457 
1682, 460.714300027541 
1683, 462.731520145347 
1684, 460.143850786712 
1685, 459.07404670312 
1686, 458.065387708431 
1687, 458.77350339704 
1688, 457.539001993488 
1689, 461.089320053904 
1690, 470.298991907635 
1691, 473.273618426912 
1692, 475.053147923548 
1693, 477.492268063414 
1694, 477.774806191848 
1695, 479.054569601761 
1696, 480.490655405473 
1697, 485.407051077625 
1698, 493.162048228789 
1699, 494.300974406127 
1700, 496.121492511489 
1701, 497.020802594548 
1702, 490.169826634651 
1703, 490.550894337842 
1704, 497.745650074139 
1705, 497.06440976598 
1706, 492.775110597832 
1707, 492.853380081144 
1708, 491.416573836538 
1709, 493.187180307911 
1710, 499.307243430639 
1711, 503.586529343225 
1712, 508.172728173547 
1713, 511.260426289864 
1714, 513.40588631174 
1715, 518.967096685061 
1716, 521.331968598936 
1717, 519.840132156855 
1718, 523.79707258668 
1719, 519.66352292123 
1720, 514.608382670901 
1721, 521.599413209599 
1722, 525.049306866255 
1723, 529.727362609736 
1724, 535.77963979973 
1725, 531.845682007475 
1726, 526.596843830547 
1727, 519.763523947818 
1728, 513.635380239995 
1729, 514.040083562959 
1730, 513.630086453446 
1731, 511.301225071477 
1732, 509.02456415579 
1733, 506.700591771251 
1734, 502.772424803799 
1735, 501.390083695156 
1736, 507.719657375024 
1737, 511.41226854354 
1738, 512.713868418565 
1739, 518.960167318619 
1740, 519.558287423859 
1741, 515.339365873274 
1742, 514.084578649017 
1743, 512.352557550568 
1744, 513.675447141058 
1745, 514.833319028674 
1746, 512.042489160587 
1747, 509.207039672085 
1748, 503.600407099243 
1749, 500.130757484364 
1750, 504.828004945625 
1751, 509.095180897382 
1752, 511.609806918823 
1753, 518.259876147237 
1754, 524.365792051612 
1755, 525.47059234717 
1756, 524.080373242713 
1757, 524.34243882022 
1758, 520.765300310711 
1759, 516.594686861911 
1760, 514.248931717491 
1761, 503.421568993546 
1762, 496.69498484973 
1763, 496.708149229522 
1764, 493.890234217614 
1765, 496.127163299774 
1766, 490.975340834361 
1767, 475.286051947457 
1768, 469.326956119019 
1769, 465.730186186881 
1770, 463.060614564192 
1771, 466.65510622827 
1772, 468.235240252835 
1773, 469.522880822361 
1774, 469.34030833447 
1775, 471.435157618339 
1776, 469.275000301829 
1777, 459.704373366164 
1778, 454.342438851123 
1779, 451.714493229351 
1780, 444.661208533575 
1781, 436.776967278408 
1782, 430.518874926571 
1783, 421.31439207456 
1784, 413.632818526581 
1785, 408.511669294993 
1786, 403.456425264394 
1787, 396.198081781273 
1788, 390.186051040837 
1789, 388.696901350053 
1790, 382.100231163445 
1791, 374.924047534795 
1792, 363.887576284213 
1793, 347.718295076886 
1794, 334.739605233749 
1795, 318.737615400222 
1796, 309.183872791587 
1797, 298.16268445964 
1798, 288.670793832772 
1799, 278.998955599666 
1800, 266.325481435667 
1801, 1589.0501692481 
1802, 1514.13583218821 
1803, 1458.10211040791 
1804, 1423.30289077923 
1805, 1402.25273198897 
1806, 1376.93896607788 
1807, 1358.67580147459 
1808, 1333.39340473391 
1809, 1315.11408502319 
1810, 1279.65237328759 
1811, 1233.34903437933 
1812, 1184.33282782686 
1813, 1123.24923758863 
1814, 1074.82982360446 
1815, 1012.28330378315 
1816, 936.491292780171 
1817, 882.329102304105 
1818, 836.008807216033 
1819, 786.078907947161 
1820, 749.254548653688 
1821, 709.943710528413 
1822, 667.581501705992 
1823, 614.473248250546 
1824, 590.91137969727 
1825, 571.067867547696 
1826, 522.51991198682 
1827, 473.75256203853 
1828, 424.476442757414 
1829, 351.065894144279 
1830, 298.685899392414 
1831, 256.67309276625 
1832, 221.41704847867 
1833, 179.516348196348 
1834, 157.361828195251 
1835, 153.100869910947 
1836, 130.439960194891 
1837, 114.135530764046 
1838, 94.5557513280186 
1839, 80.7966759368411 
1840, 61.7581019343196 
1841, 63.2948893879603 
1842, 78.0755428806746 
1843, 98.2582907775683 
1844, 129.426793694703 
1845, 140.142388047672 
1846, 141.491100997725 
1847, 128.339551305601 
1848, 104.258994947757 
1849, 84.4221875036661 
1850, 70.3762064590321 
1851, 58.9879358726876 
1852, 63.04601943568 
1853, 60.9333240588319 
1854, 57.1058118606209 
1855, 74.915348155801 
1856, 93.3333820973867 
1857, 117.921659198131 
1858, 143.811930975922 
1859, 153.836962568787 
1860, 151.214714765983 
1861, 140.041482607654 
1862, 151.652427295805 
1863, 161.429866845231 
1864, 161.977927564836 
1865, 179.276427497169 
1866, 158.311165511736 
1867, 131.651290686837 
1868, 132.062200519982 
1869, 117.671387612096 
1870, 105.909689393199 
1871, 96.6893347061659 
1872, 97.7258546266371 
1873, 92.060576992432 
1874, 66.6559017662495 
1875, 64.1468373008788 
1876, 72.3654015532597 
1877, 67.1490953582824 
1878, 100.916361717947 
1879, 128.257418504205 
1880, 138.182588084572 
1881, 131.06397756545 
1882, 134.697900118026 
1883, 134.253824995648 
1884, 132.969203906751 
1885, 146.164288601283 
1886, 142.232998293871 
1887, 133.093450108422 
1888, 133.26937820965 
1889, 120.117964594694 
1890, 126.064496516448 
1891, 124.52505550701 
1892, 119.20332705517 
1893, 113.991595510309 
1894, 118.727295197456 
1895, 101.168646909298 
1896, 111.088578726922 
1897, 127.202016275036 
1898, 130.867907277262 
1899, 149.686382716401 
1900, 150.272340252712 
1901, 134.21168304562 
1902, 116.366225953062 
1903, 91.0695633294576 
1904, 64.0011793447487 
1905, 35.6387759956808 
1906, 7.31286834226748 
1907,-18.7913623401515 
1908,-21.7564380271951 
1909,-18.7331613486356 
1910,-16.1945605302537 
1911,-11.0083186785658 
1912,-5.81896545627272 
1913, 3.52602623930877 
1914, 18.3341426911092 
1915, 37.5477994372198 
1916, 37.1417642050053 
1917, 40.4189130074438 
1918, 38.592520650558 
1919, 38.0681277220298 
1920, 48.4201786975126 
1921, 61.7502262259925 
1922, 66.1250988260094 
1923, 59.4554817513429 
1924, 50.4205283294805 
1925, 33.4801955943115 
1926, 27.4506239363518 
1927, 14.4618702286615 
1928, 17.5411784854494 
1929, 44.7187396431084 
1930, 67.7424869765441 
1931, 85.6233241692236 
1932, 86.7980303371848 
1933, 81.9977613777008 
1934, 52.1395029450394 
1935, 46.7628221116907 
1936, 47.0653106385458 
1937, 45.5437279991195 
1938, 59.0356388310628 
1939, 40.1521645213704 
1940, 10.4337319137464 
1941, 4.69393441824096 
1942,-1.97615508747624 
1943,-1.09834015678607 
1944, 0.733114425280147 
1945, 8.64387050104106 
1946, 12.0919016468555 
1947, 10.9774009556782 
1948, 24.2342285773474 
1949, 53.5964336300029 
1950, 72.8184425213115 
1951, 70.6824821062306 
1952, 41.175023480479 
1953, 9.92287418031691 
1954,-22.8577851595288 
1955,-32.4816134510048 
1956,-5.36017125120628 
1957, 2.81795857192165 
1958, 14.1415786224403 
1959, 15.5217186068638 
1960, 8.50329170105515 
1961, 4.11441124877237 
1962,-1.17657223587505 
1963, 4.0129286124539 
1964, 19.3663006588891 
1965, 27.3288802199585 
1966, 34.9264923046298 
1967, 48.2016850442411 
1968, 44.7693908336292 
1969, 23.9091894340945 
1970, 19.004140596357 
1971, 8.24886016278091 
1972, 0.165645982865745 
1973,-4.12693732178712 
1974, 11.818877899115 
1975, 5.14139455854257 
1976, 14.7369751621502 
1977, 35.760432203827 
1978, 41.8460888083153 
1979, 44.0555937712888 
1980, 42.0844725956773 
1981, 35.9185652041252 
1982, 9.2547492462617 
1983, 8.46896088482357 
1984, 19.8473179656243 
1985, 30.2450595030039 
1986, 64.0570650940329 
1987, 76.1528173385938 
1988, 69.1348489839415 
1989, 74.434111320268 
1990, 78.4389281019822 
1991, 83.142040164708 
1992, 80.1214005205954 
1993, 78.8404298106718 
1994, 68.5750090698741 
1995, 36.4047755119958 
1996, 19.8098778748378 
1997, 2.64530634302861 
1998, 0.455920202714547 
1999, 13.420785888883 
2000, 17.2690003675981 
2001, 20.5504002270479 
2002, 28.026057552861 
2003, 27.9431089960472 
2004, 20.0175480803235 
2005, 16.9514578417089 
2006, 2.90207767966833 
2007, 9.71942055629191 
2008, 32.8421983151828 
2009, 41.0123869642636 
2010, 55.8278937747613 
2011, 72.1655103995829 
2012, 73.0634786141758 
2013, 59.6123525324212 
2014, 49.5233724667989 
2015, 34.8181912421386 
2016, 32.0530095583037 
2017, 27.542210390149 
2018, 27.9406043560402 
2019, 45.253140068781 
2020, 48.9231006310158 
2021, 47.3005520439255 
2022, 44.0160627292278 
2023, 34.1656520702924 
2024, 22.5964301571221 
2025, 34.7703582810757 
2026, 46.6429202429411 
2027, 55.4755464517457 
2028, 84.0439880968002 
2029, 82.9765875130103 
2030, 54.7721968405884 
2031, 50.049659364253 
2032, 47.4499739373468 
2033, 44.472095061042 
2034, 53.9965126348329 
2035, 50.8443880264675 
2036, 33.682732237294 
2037, 23.5414531839177 
2038, 16.0813465653589 
2039, 3.97896243411831 
2040, 1.37661027207148 
2041, 11.5804469331528 
2042, 12.5430979720937 
2043, 9.29647019246431 
2044, 14.6769677487495 
2045, 15.8461380716629 
2046, 16.9307041500784 
2047, 31.8506455429759 
2048, 39.6211560094064 
2049, 43.9844219326467 
2050, 47.0484441122367 
2051, 56.1500028757248 
2052, 43.6798841307474 
2053, 39.5508897421777 
2054, 29.1643262863743 
2055, 32.3388057381891 
2056, 43.2108799567905 
2057, 52.7769860999718 
2058, 79.7782127342987 
2059, 81.6746733647316 
2060, 75.1070461311187 
2061, 62.0278124074505 
2062, 19.2454529999754 
2063, 1.80679130819927 
2064,-15.5408547322735 
2065,-19.0129319358141 
2066,-1.59144399952523 
2067, 17.2159775419629 
2068, 29.5937134336695 
2069, 50.2966545727954 
2070, 56.6089761580488 
2071, 51.2374520548781 
2072, 49.894374449158 
2073, 38.5830505403037 
2074, 42.371969261402 
2075, 50.4606657914932 
2076, 63.8703041040332 
2077, 108.139715014822 
2078, 116.727371120271 
2079, 99.0431347095524 
2080, 95.9289548268352 
2081, 81.353125845351 
2082, 63.7733583513137 
2083, 59.1071447917148 
2084, 77.4294894747205 
2085, 72.5475784375208 
2086, 50.0177385066551 
2087, 49.1777991239729 
2088, 58.921049732916 
2089, 57.1226012794022 
2090, 62.5261241818561 
2091, 62.090856093788 
2092, 38.8235292166264 
2093, 36.9585134427575 
2094, 50.7591497105843 
2095, 61.3865849124976 
2096, 83.0809111201067 
2097, 95.9434443856898 
2098, 108.288086067261 
2099, 120.098957072089 
2100, 124.671775452817 
2101, 121.411056428406 
2102, 125.741106540352 
2103, 131.094696121139 
2104, 131.737732277525 
2105, 130.605550266938 
2106, 135.436556656 
2107, 134.935408865494 
2108, 140.555597627262 
2109, 166.830116192347 
2110, 174.04045161185 
2111, 167.728523337419 
2112, 162.453720929533 
2113, 164.019474317011 
2114, 177.54250999777 
2115, 186.471318820378 
2116, 219.757045197041 
2117, 213.850134813053 
2118, 177.10194736664 
2119, 163.18645613126 
2120, 132.974772476055 
2121, 128.525382103045 
2122, 149.646249370263 
2123, 163.290360408582 
2124, 190.49267700533 
2125, 204.506734017004 
2126, 211.953104632132 
2127, 220.206649290265 
2128, 224.677354496304 
2129, 222.175427695754 
2130, 227.643441515075 
2131, 233.246705945436 
2132, 249.522449939803 
2133, 272.561873824608 
2134, 294.668320869277 
2135, 333.240901260019 
2136, 349.269917258036 
2137, 346.112783755934 
2138, 359.046860351569 
2139, 375.791929842541 
2140, 383.974541610535 
2141, 399.061995126199 
2142, 408.307828714228 
2143, 402.456501837242 
2144, 398.827160284543 
2145, 392.055641538671 
2146, 395.099720038534 
2147, 389.580771843332 
2148, 396.89866460456 
2149, 404.83942553622 
2150, 417.171447947038 
2151, 437.745843529455 
2152, 467.710280346345 
2153, 490.812432122235 
2154, 530.153035624188 
2155, 544.370002141251 
2156, 534.822505511518 
2157, 539.952919124654 
2158, 543.4913271757 
2159, 543.868156581833 
2160, 548.359290028904 
2161, 551.406350133581 
2162, 537.07974960804 
2163, 541.183329623573 
2164, 562.300176736165 
2165, 581.184695537228 
2166, 593.713389790769 
2167, 610.752944566036 
2168, 624.878068987904 
2169, 626.497310088818 
2170, 643.506060318216 
2171, 675.074969567062 
2172, 693.945464996196 
2173, 712.92685569841 
2174, 726.540946782891 
2175, 729.340396390853 
2176, 741.26236702677 
2177, 758.545676044895 
2178, 769.547856944703 
2179, 785.537922620473 
2180, 791.022128786653 
2181, 784.353678288747 
2182, 781.544451781196 
2183, 771.428073363448 
2184, 771.098870249346 
2185, 767.965322259384 
2186, 756.888901973345 
2187, 758.511883729021 
2188, 757.00496177528 
2189, 776.040370960938 
2190, 814.431828943178 
2191, 843.098744525864 
2192, 893.327490937563 
2193, 907.35642274383 
2194, 902.913040700127 
2195, 895.86642229533 
2196, 849.695192288731 
2197, 846.431573510801 
2198, 863.926532465061 
2199, 877.234068004127 
2200, 916.235837882417 
2201, 939.188396075469 
2202, 944.746528967205 
2203, 959.98952876863 
2204, 971.299941342366 
2205, 1001.37506957626 
2206, 1021.13014870576 
2207, 1031.8585140771 
2208, 1051.34653740527 
2209, 1069.45267663412 
2210, 1083.63094861201 
2211, 1107.01954652384 
2212, 1116.72532662083 
2213, 1111.98171836299 
2214, 1117.03838845789 
2215, 1118.37493505244 
2216, 1125.74911665993 
2217, 1142.17535361084 
2218, 1148.89870595077 
2219, 1154.99831453252 
2220, 1160.23545790021 
2221, 1150.61378700991 
2222, 1159.04510981307 
2223, 1187.6084485052 
2224, 1197.06221938306 
2225, 1209.18782528449 
2226, 1214.21446482245 
2227, 1199.72970249817 
2228, 1189.32310281243 
2229, 1183.0655173474 
2230, 1186.64304520394 
2231, 1191.5503938531 
2232, 1203.00111203673 
2233, 1207.348292033 
2234, 1213.12970927362 
2235, 1216.65877678458 
2236, 1213.60774703565 
2237, 1218.17261367292 
2238, 1228.3424816063 
2239, 1234.74706021124 
2240, 1245.69081429435 
2241, 1246.89083727513 
2242, 1242.65336616317 
2243, 1236.74204882 
2244, 1226.79820565549 
2245, 1212.76352710684 
2246, 1191.4824990438 
2247, 1176.03269818659 
2248, 1161.66423299019 
2249, 1142.35738995972 
2250, 1122.30034092543 
2251, 1104.69752285796 
2252, 1077.55040575659 
2253, 1061.03351803788 
2254, 1056.75676296201 
2255, 1049.74195631532 
2256, 1046.10532472143 
2257, 1038.53163888905 
2258, 1027.26360174445 
2259, 1006.36017017952 
2260, 1001.79474786008 
2261, 1001.27155970191 
2262, 1002.65487945437 
2263, 1018.08866484615 
2264, 1018.17726036264 
2265, 1017.61549636097 
2266, 1002.74166305069 
2267, 975.273545347353 
2268, 950.085831160198 
2269, 909.655133811897 
2270, 882.238486072424 
2271, 854.351676348476 
2272, 840.639990926595 
2273, 845.57989536166 
2274, 838.094676619316 
2275, 838.012556203348 
2276, 828.495251284333 
2277, 807.458632807688 
2278, 784.748808955386 
2279, 752.770236887639 
2280, 729.747315145915 
2281, 694.19865987737 
2282, 690.110018030565 
2283, 679.232828931301 
2284, 677.310350688149 
2285, 680.534525647619 
2286, 660.030015620327 
2287, 645.359623179226 
2288, 624.614034195429 
2289, 598.931046868434 
2290, 561.469791702087 
2291, 536.729403129813 
2292, 506.684782950327 
2293, 497.037419575019 
2294, 505.248519960148 
2295, 504.282174001861 
2296, 517.508099128706 
2297, 509.284149136637 
2298, 482.497647719917 
2299, 468.526306760963 
2300, 450.388823618035 
2301, 438.361230807227 
2302, 436.97761841353 
2303, 432.062540749067 
2304, 426.737878895844 
2305, 417.828215526512 
2306, 409.006894446351 
2307, 397.350981730511 
2308, 371.437271329048 
2309, 363.921085901979 
2310, 375.961168472133 
2311, 370.394445730509 
2312, 371.634379790685 
2313, 360.634304606262 
2314, 322.436131512909 
2315, 299.866121074801 
2316, 288.867760880057 
2317, 275.973087558147 
2318, 280.633970003747 
2319, 269.535679016601 
2320, 257.718657089438 
2321, 251.908443910693 
2322, 240.014728677599 
2323, 239.224540752698 
2324, 231.07921102408 
2325, 215.277479723767 
2326, 211.311605053154 
2327, 204.788998421371 
2328, 201.521710622077 
2329, 202.195139352335 
2330, 208.26982117023 
2331, 219.906495886359 
2332, 227.604413194878 
2333, 245.225774153997 
2334, 241.125774060408 
2335, 216.321531210557 
2336, 209.123646930824 
2337, 199.821276148629 
2338, 194.307643551175 
2339, 211.780824691453 
2340, 197.131211632069 
2341, 152.163511287642 
2342, 138.676788455821 
2343, 119.798045817991 
2344, 118.598810116263 
2345, 151.214458479985 
2346, 161.466304467404 
2347, 164.416307741922 
2348, 167.907847691438 
2349, 178.162398923853 
2350, 168.557896147602 
2351, 146.030437534133 
2352, 129.168530637765 
2353, 88.0850909439857 
2354, 71.9879391461815 
2355, 74.3952890388807 
2356, 75.2081184141326 
2357, 94.8943142298166 
2358, 92.6441793710472 
2359, 66.1941750783556 
2360, 67.3694235686252 
2361, 79.869805939463 
2362, 84.6088936514552 
2363, 107.149918324107 
2364, 121.357346734038 
2365, 108.100225869335 
2366, 83.5129699576743 
2367, 63.6972300443837 
2368, 48.3661594815382 
2369, 37.0690440773565 
2370, 46.6524981605534 
2371, 41.2524893037832 
2372, 43.3251192763536 
2373, 58.7378713886307 
2374, 52.5318260089006 
2375, 73.8233519850745 
2376, 80.848914005573 
2377, 62.5281701558302 
2378, 64.7561115859045 
2379, 58.812260630082 
2380, 56.7645172578546 
2381, 77.8151071282678 
2382, 82.8707165874867 
2383, 80.4327107111695 
2384, 82.0307549710158 
2385, 82.7359768533079 
2386, 76.054444842678 
2387, 55.3809208779936 
2388, 55.0153668922452 
2389, 35.0569993064676 
2390, 6.81120786653114 
2391, 19.267721495325 
2392, 25.8117980141178 
2393, 33.4009149223002 
2394, 56.5069737253633 
2395, 64.8238297642545 
2396, 44.5908491677169 
2397, 27.6731799117532 
2398, 19.8968676029725 
2399, 13.3427593445389 
2400, 37.2605966254263 
2401, 64.6494034553319 
2402, 81.3794768304166 
2403, 99.2269896760454 
2404, 100.726305613739 
2405, 97.6249493804925 
2406, 86.7885974919805 
2407, 80.4438052464034 
2408, 62.8183026703513 
2409, 63.1421178267196 
2410, 72.0058764870509 
2411, 72.9738903187655 
2412, 81.914768533877 
2413, 79.7269607545346 
2414, 68.4047656146875 
2415, 71.0498095953636 
2416, 76.3659497893668 
2417, 78.2873811043636 
2418, 89.8602471955427 
2419, 84.0919591404841 
2420, 65.2711404473734 
2421, 52.1761494829861 
2422, 29.2059813077674 
2423, 18.2612197005616 
2424, 9.76227372122868 
2425, 17.4056423353727 
2426, 41.9851455160375 
2427, 47.4744536927042 
2428, 61.1886589233764 
2429, 64.4300790098823 
2430, 42.5069450368966 
2431, 54.4535208591552 
2432, 90.7137033098734 
2433, 92.9891534928046 
2434, 94.1486725818116 
2435, 85.2869542179907 
2436, 45.4581175835566 
2437, 30.8701615876114 
2438, 27.5347108711794 
2439, 29.175761573981 
2440, 42.1001542897014 
2441, 44.6310038000436 
2442, 48.8505685404498 
2443, 43.330559626227 
2444, 27.6476494475161 
2445, 16.1894787362217 
2446, 13.7843296826458 
2447, 18.7129384010991 
2448, 23.6398209835779 
2449, 41.475413432144 
2450, 34.529104151012 
2451, 44.2669243250653 
2452, 61.9746482309066 
2453, 37.9491451120998 
2454, 27.9164138130601 
2455,-1.48823928040164 
2456,-40.7925420591327 
2457,-29.4866528823415 
2458,-1.02195741394494 
2459, 26.1565091395624 
2460, 48.5170701082985 
2461, 53.5586986507987 
2462, 46.3474755692397 
2463, 46.8342213813859 
2464, 40.5872764771778 
2465, 27.5652265161456 
2466, 27.8614085416627 
2467, 16.2419506581076 
2468, 10.1022475498649 
2469, 23.6499514876814 
2470, 30.0329913980709 
2471, 33.4787617689833 
2472, 37.9409656132816 
2473, 25.9615349344316 
2474,-8.16845517386205 
2475,-9.92285235365432 
2476, 4.82115928316056 
2477, 11.7266732246679 
2478, 33.6562645667716 
2479, 34.8871188783637 
2480, 34.835839951244 
2481, 34.9799581760044 
2482, 29.46938685838 
2483, 23.9106213294473 
2484, 16.6108521762266 
2485, 23.3652358442195 
2486, 26.9202662056427 
2487, 31.7812562361431 
2488, 29.2692671265052 
2489, 15.4657445870908 
2490, 28.3547709084436 
2491, 59.0091118484748 
2492, 55.1776479786679 
2493, 59.0708909131572 
2494, 50.3535074090674 
2495, 9.71140328480448 
2496, 15.1958428472809 
2497,-11.643971987566 
2498,-30.9117256657614 
2499,-53.4068813955228 
2500,-61.629931626966 
