Wavelength,0212202100069.asd
350, 3740.56978616231 
351, 3938.55140238609 
352, 4119.51586084596 
353, 4273.97795850357 
354, 4424.59595567634 
355, 4583.75983473781 
356, 4754.38235058428 
357, 4921.16753336178 
358, 5095.21692405999 
359, 5280.54520051659 
360, 5482.16809954574 
361, 5728.66908522762 
362, 6012.55772606609 
363, 6320.66375788276 
364, 6637.53070504685 
365, 6957.05559223206 
366, 7261.58903001562 
367, 7529.4301484692 
368, 7736.17716917493 
369, 7860.87264481306 
370, 7907.74496657254 
371, 7898.74142951354 
372, 7870.39197896441 
373, 7861.97492060741 
374, 7879.52464233864 
375, 7904.52933085099 
376, 7928.71137152367 
377, 7945.88259701381 
378, 7937.76202853275 
379, 7870.47358561903 
380, 7780.16227343292 
381, 7677.08437017279 
382, 7561.27072378987 
383, 7420.20861738255 
384, 7274.46587424816 
385, 7171.99175132787 
386, 7172.31933832609 
387, 7322.22920637297 
388, 7541.51117040833 
389, 7735.66628766135 
390, 7818.85788688847 
391, 7909.41722688643 
392, 8001.00097954549 
393, 8076.21662450541 
394, 8135.27189198563 
395, 8302.85945329849 
396, 8636.09205768817 
397, 9157.0223118405 
398, 9886.8929512027 
399, 10715.8567429386 
400, 11566.470369956 
401, 12398.4332123167 
402, 13190.7745823312 
403, 13844.1265626139 
404, 14315.944481797 
405, 14682.7471723599 
406, 14974.5327825703 
407, 15234.1290692174 
408, 15514.9854239567 
409, 15901.8966733806 
410, 16366.9495017876 
411, 16881.8094843584 
412, 17419.4431858626 
413, 17946.3663222265 
414, 18471.5541126097 
415, 18984.4339222113 
416, 19427.3433339445 
417, 19848.0138902717 
418, 20282.1563511464 
419, 20737.9640030975 
420, 21130.3608300957 
421, 21527.496614628 
422, 21963.4496386588 
423, 22434.3663375625 
424, 22867.7613832582 
425, 23209.5839773791 
426, 23413.9332609176 
427, 23437.072655313 
428, 23353.6017270017 
429, 23372.774885734 
430, 23665.3907593081 
431, 24093.2079821954 
432, 24657.0144836073 
433, 25484.4006784396 
434, 26740.098803447 
435, 28075.7789290464 
436, 29099.8325950104 
437, 29730.9561752203 
438, 30398.5008787922 
439, 31087.1402075009 
440, 31735.6600879756 
441, 32318.7547456173 
442, 33080.2684602061 
443, 33883.5313142232 
444, 34621.0852743382 
445, 35225.9186259682 
446, 35712.0115783894 
447, 36148.1438052801 
448, 36610.0157238666 
449, 37181.5576878922 
450, 37667.9601612129 
451, 37933.3052134406 
452, 37924.687628081 
453, 37831.687583031 
454, 37624.9158433834 
455, 37361.9984585256 
456, 37179.8023599462 
457, 37144.1031649759 
458, 37163.7685508811 
459, 37144.7458665947 
460, 37054.1866451039 
461, 36914.2713531726 
462, 36761.4661815644 
463, 36615.0166721706 
464, 36378.4547170677 
465, 36007.302763853 
466, 35548.2785636026 
467, 35134.0275203346 
468, 34781.7483280169 
469, 34519.2021802798 
470, 34361.4718890336 
471, 34309.7859206343 
472, 34279.7073922425 
473, 34279.1923468235 
474, 34340.9638714921 
475, 34340.7972360129 
476, 34314.7883390202 
477, 34302.3688871525 
478, 34327.5458977371 
479, 34443.9273130132 
480, 34602.528763467 
481, 34715.0326625111 
482, 34686.6920553574 
483, 34431.5608475364 
484, 33894.2641023763 
485, 33086.9760516291 
486, 32302.7460407122 
487, 31747.6364102427 
488, 31586.0579261922 
489, 31957.773904109 
490, 32554.0260996388 
491, 33049.9578559306 
492, 33231.9815090342 
493, 33301.3733176388 
494, 33400.2624115017 
495, 33594.0351469185 
496, 33860.6026108906 
497, 33949.5081127437 
498, 33863.2560435413 
499, 33657.987774194 
500, 33379.9719153618 
501, 33170.8135659582 
502, 33092.1457816125 
503, 33172.3947361249 
504, 33489.123842948 
505, 33929.4312965015 
506, 34376.1248965356 
507, 34727.500411987 
508, 34995.0896339566 
509, 35205.6953154299 
510, 35402.0606824755 
511, 35664.3511712099 
512, 35849.3154627454 
513, 35887.5780212548 
514, 35758.9835246085 
515, 35468.9989075357 
516, 35077.7996699953 
517, 34693.7766890487 
518, 34471.0604779373 
519, 34763.98292221 
520, 35605.555602374 
521, 36795.8996961582 
522, 37795.3572833012 
523, 38540.8588021571 
524, 39063.4145986644 
525, 39457.2889266593 
526, 39632.7125335645 
527, 39707.9758318264 
528, 39922.3836978283 
529, 40723.7416177877 
530, 41773.7387027283 
531, 42664.5713126241 
532, 43057.4648920904 
533, 43191.3834863619 
534, 43389.4301774653 
535, 43824.4355898815 
536, 44481.6306486417 
537, 44958.9481837629 
538, 45184.8851378255 
539, 45219.8492751273 
540, 45209.5931237899 
541, 45254.6963494975 
542, 45491.1893056976 
543, 46024.5751422823 
544, 46639.651107604 
545, 47178.2281722568 
546, 47553.4768317464 
547, 47769.2008945217 
548, 47913.5586001609 
549, 48080.3198878866 
550, 48327.8450931415 
551, 48589.0718159549 
552, 48789.8552696968 
553, 48935.2806885944 
554, 49091.9587880294 
555, 49213.921239696 
556, 49178.4558165174 
557, 48917.0069824114 
558, 48473.8448089679 
559, 48094.5231506038 
560, 47925.9609281071 
561, 48021.9851014224 
562, 48251.884293337 
563, 48389.7232296365 
564, 48326.2669749581 
565, 48100.9612714691 
566, 47780.5361214606 
567, 47454.9198276639 
568, 47179.5115279259 
569, 46906.3813699051 
570, 46544.4840455015 
571, 46198.4744401739 
572, 46078.3165959167 
573, 46133.535900508 
574, 46136.120422067 
575, 45939.9800934258 
576, 45564.3549009211 
577, 45213.5904408778 
578, 45027.0807754328 
579, 45081.9309767268 
580, 45317.4376709185 
581, 45721.5651822402 
582, 46209.6145073008 
583, 46630.2961415264 
584, 46898.7904564008 
585, 46896.1936307123 
586, 46608.1655850456 
587, 46255.3086088934 
588, 45825.5622804032 
589, 45245.9251720488 
590, 44513.017394894 
591, 44259.6383151666 
592, 44475.7504365857 
593, 44860.7996913205 
594, 44840.7405598527 
595, 44612.800401551 
596, 44288.7279404494 
597, 43944.8009185979 
598, 43565.7616984875 
599, 43105.080819879 
600, 42603.9831369896 
601, 42164.690919086 
602, 41828.2763720552 
603, 41648.0790508908 
604, 41620.1190200095 
605, 41659.6542116122 
606, 41570.1367385402 
607, 41340.833048413 
608, 41045.3267744881 
609, 40754.8080606121 
610, 40478.1748472985 
611, 40228.2043170803 
612, 40020.333208265 
613, 39800.9386158796 
614, 39544.2078622502 
615, 39263.9008407539 
616, 39043.1922920182 
617, 38911.4100591432 
618, 38919.9073446228 
619, 39091.8851933872 
620, 39274.282157597 
621, 39301.0540500594 
622, 39116.5874827874 
623, 38801.6946827334 
624, 38441.3464476398 
625, 38100.3092767571 
626, 37813.9994505164 
627, 37565.0978379923 
628, 37324.5097250768 
629, 37094.1938816173 
630, 36910.8105756315 
631, 36915.4540043035 
632, 37034.2462628591 
633, 37191.7156074585 
634, 37364.0851635964 
635, 37492.1760798309 
636, 37580.8888878092 
637, 37648.3508441487 
638, 37667.9297842134 
639, 37608.6935330126 
640, 37445.0041338732 
641, 37171.0982155584 
642, 36957.8212257963 
643, 36832.604747863 
644, 36756.3539019693 
645, 36618.7419051805 
646, 36403.8606885702 
647, 36133.65738652 
648, 35856.7805932409 
649, 35629.2110119878 
650, 35445.0061095309 
651, 35338.6871167514 
652, 35375.5615139508 
653, 35294.2555553956 
654, 34903.1889286986 
655, 34166.4459691756 
656, 33313.8053570806 
657, 32695.5828507541 
658, 32694.0443666243 
659, 33508.9469483159 
660, 34354.1862260982 
661, 34843.5859164123 
662, 34944.9175016312 
663, 34996.5398617857 
664, 34964.3620813989 
665, 34910.6696876787 
666, 34890.0039613273 
667, 34901.7652096353 
668, 34892.7073458724 
669, 34861.1798496972 
670, 34829.9944648985 
671, 34762.2673073561 
672, 34682.7319826833 
673, 34631.357780047 
674, 34658.584689346 
675, 34704.213649293 
676, 34739.7368770497 
677, 34756.0016417649 
678, 34777.3522519719 
679, 34787.3220851313 
680, 34784.4604742322 
681, 34774.4539888948 
682, 34752.9120402222 
683, 34675.0370946203 
684, 34392.671721399 
685, 33625.2044627063 
686, 32272.4186340719 
687, 30460.6377723338 
688, 28632.9176642279 
689, 27874.3404304465 
690, 28440.4098900537 
691, 29832.2794339991 
692, 31102.669027035 
693, 32225.8197850212 
694, 33049.3635249917 
695, 33549.8496776865 
696, 33878.2256220242 
697, 34135.7403513341 
698, 34298.9576983397 
699, 34326.173510035 
700, 34255.1356531605 
701, 34179.4991875988 
702, 34173.6531366082 
703, 34289.6660741279 
704, 34544.917535766 
705, 34847.5164364954 
706, 35105.8824057578 
707, 35251.3506898624 
708, 35363.4887255369 
709, 35462.1010440948 
710, 35550.2129860579 
711, 35633.19374565 
712, 35688.9419332342 
713, 35702.2932973413 
714, 35654.1051944648 
715, 35492.5072776927 
716, 35079.4983405776 
717, 34350.029918611 
718, 33345.4577804432 
719, 32489.0341986347 
720, 32153.4170964725 
721, 32493.7921356426 
722, 33248.3484078393 
723, 33785.5526020909 
724, 33884.2433909029 
725, 33651.6567091576 
726, 33596.3536741847 
727, 33674.6917571901 
728, 33788.933278408 
729, 33849.3533479846 
730, 34037.891767088 
731, 34394.4239021676 
732, 34887.6459095519 
733, 35419.0238698506 
734, 35869.0209219001 
735, 36150.1680549966 
736, 36227.012754756 
737, 36183.1061884271 
738, 36113.3824965877 
739, 36042.8148777293 
740, 35941.6015917588 
741, 35898.1145525029 
742, 35932.9091746224 
743, 36036.6878772288 
744, 36175.9039737207 
745, 36275.3884013626 
746, 36322.186004192 
747, 36325.0911440895 
748, 36285.1764843624 
749, 36173.7627470515 
750, 36017.6997350557 
751, 35880.8441493021 
752, 35815.5334297358 
753, 35803.514847142 
754, 35808.7775617295 
755, 35783.0797284866 
756, 35615.9686367104 
757, 34886.4750883559 
758, 32917.1661103067 
759, 28542.9052966314 
760, 22111.3782201392 
761, 15813.9580163767 
762, 12300.9048526701 
763, 12339.8922357876 
764, 14270.7717911677 
765, 17232.1028819683 
766, 21099.4563259793 
767, 25303.3416344506 
768, 28946.2662271866 
769, 31476.4943398522 
770, 32895.21999753 
771, 33598.5294353379 
772, 33878.0951377333 
773, 33955.4820527091 
774, 33952.2595471313 
775, 33884.2312305836 
776, 33790.6557345788 
777, 33701.7690841783 
778, 33576.9578128726 
779, 33426.75273672 
780, 33275.958941009 
781, 33152.7955093573 
782, 33019.2299633808 
783, 32858.6404218885 
784, 32673.9201589865 
785, 32491.3782665691 
786, 32312.2973523145 
787, 32105.0038859879 
788, 31842.3909479409 
789, 31533.6569610218 
790, 31196.7859189146 
791, 30842.1178654459 
792, 30479.8379464769 
793, 30127.9662837763 
794, 29843.7523364919 
795, 29660.0056798052 
796, 29576.1300446328 
797, 29521.3965472744 
798, 29412.8873055034 
799, 29213.0906948651 
800, 28945.5994970946 
801, 28657.0596008826 
802, 28386.6288931541 
803, 28148.3081440335 
804, 27908.9972816347 
805, 27698.7217005161 
806, 27505.7323069233 
807, 27298.2287497028 
808, 27032.2250399888 
809, 26716.4381343113 
810, 26373.7498076801 
811, 26020.7080878665 
812, 25600.4890287288 
813, 25052.4191939854 
814, 24363.0222576149 
815, 23576.2958070405 
816, 22831.9741536634 
817, 22230.9975181692 
818, 21839.7106866392 
819, 21684.8484575992 
820, 21620.478429993 
821, 21527.9928431838 
822, 21355.4845434208 
823, 21166.8781667455 
824, 21034.5879918414 
825, 21029.8651168934 
826, 21136.0781938913 
827, 21078.6377699011 
828, 20852.099393227 
829, 20548.2849017082 
830, 20298.2783418517 
831, 20122.9259852962 
832, 19984.852032634 
833, 19867.9263951893 
834, 19778.6384957965 
835, 19724.787096943 
836, 19690.351573999 
837, 19642.2277757312 
838, 19536.0622968194 
839, 19387.5459999846 
840, 19210.9584802334 
841, 19018.5858537093 
842, 18817.5169398453 
843, 18609.6039807273 
844, 18402.9915105476 
845, 18203.5394954953 
846, 18013.7311439992 
847, 17779.4017253558 
848, 17492.7320930853 
849, 17170.8445874003 
850, 16851.7688166175 
851, 16479.045342601 
852, 16091.513735667 
853, 15766.5478497953 
854, 15526.1669850488 
855, 15333.0326980378 
856, 15245.6878638321 
857, 15348.8088018333 
858, 15509.7102047118 
859, 15554.9326923956 
860, 15451.7235815508 
861, 15293.2679628272 
862, 15101.2921626777 
863, 14851.274088089 
864, 14546.6594357083 
865, 14230.345853196 
866, 13932.0419220838 
867, 13679.4855148215 
868, 13515.6532736097 
869, 13499.9666200786 
870, 13544.101060729 
871, 13542.0679691844 
872, 13442.4711209055 
873, 13293.7101259147 
874, 13134.6456613527 
875, 12976.7029182572 
876, 12820.7817678137 
877, 12666.5979576762 
878, 12516.0935365943 
879, 12366.8170673663 
880, 12216.4026642282 
881, 12066.7056814879 
882, 11915.5874949325 
883, 11771.2265358636 
884, 11639.1447256361 
885, 11506.3864258014 
886, 11360.8033898045 
887, 11206.196065664 
888, 11052.9256189614 
889, 10905.9943260695 
890, 10760.1307975726 
891, 10598.8956133812 
892, 10402.6059544728 
893, 10161.4598334015 
894, 9884.09590893419 
895, 9577.09360845821 
896, 9248.38094463948 
897, 8914.46137326164 
898, 8595.45647483038 
899, 8325.92270414911 
900, 8139.06977394913 
901, 8025.60634883753 
902, 7968.46712744818 
903, 7941.091440619 
904, 7913.61941808261 
905, 7871.17575749419 
906, 7789.98637588592 
907, 7653.72703861307 
908, 7462.95206601893 
909, 7264.31340148249 
910, 7095.11101602443 
911, 6969.52403969416 
912, 6879.9379752042 
913, 6805.38104121941 
914, 6731.41423252099 
915, 6655.34425658598 
916, 6584.65115853236 
917, 6532.26148719863 
918, 6489.21659993203 
919, 6448.87724787003 
920, 6407.41670956093 
921, 6358.39843819261 
922, 6298.30474521148 
923, 6216.24117541585 
924, 6099.42520495724 
925, 5953.83421982976 
926, 5780.9584277993 
927, 5573.84280713581 
928, 5321.63749216988 
929, 5022.55516204762 
930, 4685.54510002829 
931, 4326.87857559058 
932, 3970.97142819906 
933, 3654.91899505323 
934, 3403.56715483797 
935, 3231.60547123368 
936, 3141.02247849137 
937, 3116.57242861531 
938, 3134.13352590361 
939, 3167.19711890817 
940, 3195.10363982186 
941, 3220.21228342665 
942, 3226.33060734313 
943, 3197.82505852691 
944, 3130.9039303168 
945, 3051.10021948554 
946, 2986.72825832934 
947, 2947.33780516191 
948, 2929.30422251071 
949, 2921.57936973409 
950, 2915.34896401653 
951, 2905.6780589261 
952, 2891.11176482451 
953, 2873.02209798622 
954, 2857.76184037601 
955, 2843.73580012715 
956, 2830.06532541122 
957, 2821.78684541941 
958, 2815.02040065471 
959, 2812.02605966174 
960, 2813.19982718392 
961, 2814.30939648878 
962, 2815.56713716938 
963, 2819.34103245503 
964, 2826.53059721665 
965, 2835.07981852476 
966, 2837.84869844664 
967, 2834.34798337043 
968, 2826.2654333483 
969, 2815.23143748267 
970, 2795.94384520801 
971, 2772.127288635 
972, 2740.59295265312 
973, 2696.26964515225 
974, 2649.65529882005 
975, 2600.68593089681 
976, 2552.71617509367 
977, 2510.01005891872 
978, 2473.65134941434 
979, 2443.18939130857 
980, 2418.4909992885 
981, 2397.17990379536 
982, 2372.20025467519 
983, 2345.36693739015 
984, 2317.43567403909 
985, 2287.70023927575 
986, 2253.73858480926 
987, 2217.91359391135 
988, 2181.25912186792 
989, 2143.23290436979 
990, 2102.51735229485 
991, 2062.76557349749 
992, 2023.01762071579 
993, 1982.72565390905 
994, 1942.27757558247 
995, 1903.10920409797 
996, 1863.57444558488 
997, 1822.23738818825 
998, 1779.19225141508 
999, 1738.11490152211 
1000, 1695.59517048586 
1001, 10838.7154171563 
1002, 10843.0333525282 
1003, 10847.3665490759 
1004, 10854.6544919453 
1005, 10866.6885899604 
1006, 10897.4651442773 
1007, 10941.0043958553 
1008, 10989.2021629589 
1009, 11046.4244272955 
1010, 11118.1176668166 
1011, 11184.839140189 
1012, 11255.5905359149 
1013, 11332.2846073125 
1014, 11399.7111582518 
1015, 11462.3955155742 
1016, 11534.3437583776 
1017, 11608.2136202986 
1018, 11686.0137484062 
1019, 11765.445198193 
1020, 11834.4734100296 
1021, 11906.1157741424 
1022, 11984.1154172842 
1023, 12064.5078824208 
1024, 12147.647855743 
1025, 12235.6510675189 
1026, 12318.4408088818 
1027, 12395.3316326087 
1028, 12468.5470214185 
1029, 12537.9213546879 
1030, 12602.4304317715 
1031, 12661.573457891 
1032, 12715.8941150121 
1033, 12769.6998010948 
1034, 12816.2537275272 
1035, 12859.8773415498 
1036, 12898.6825584246 
1037, 12938.8437109687 
1038, 12969.6728149657 
1039, 13003.6472690233 
1040, 13032.5530162894 
1041, 13046.2993027001 
1042, 13063.4219145288 
1043, 13073.6687204507 
1044, 13080.9465552331 
1045, 13095.3701018811 
1046, 13103.3683129671 
1047, 13115.059297469 
1048, 13127.8596090382 
1049, 13145.3999169353 
1050, 13159.8570289415 
1051, 13177.3001120792 
1052, 13193.481888066 
1053, 13209.7646414777 
1054, 13223.867577211 
1055, 13239.6077587891 
1056, 13258.6623758037 
1057, 13277.6483497853 
1058, 13301.9495305369 
1059, 13337.0331573758 
1060, 13385.3620834406 
1061, 13448.0468262458 
1062, 13512.3641837701 
1063, 13586.6190396842 
1064, 13666.8205638349 
1065, 13750.4348660563 
1066, 13843.4875985579 
1067, 13947.2681528186 
1068, 14063.9213893607 
1069, 14192.3655225322 
1070, 14330.2826850954 
1071, 14487.0885144397 
1072, 14650.6027458428 
1073, 14810.4279898574 
1074, 14982.034926617 
1075, 15138.5494475165 
1076, 15290.2263767362 
1077, 15434.7181124888 
1078, 15568.5919828246 
1079, 15687.8960409893 
1080, 15792.953722971 
1081, 15887.159314153 
1082, 15976.8590424598 
1083, 16062.9538401469 
1084, 16142.6957901897 
1085, 16218.2921986563 
1086, 16290.2642580742 
1087, 16361.577784077 
1088, 16417.3371330942 
1089, 16473.2783813008 
1090, 16505.9182098245 
1091, 16521.2416938728 
1092, 16521.2704598478 
1093, 16502.8219583489 
1094, 16482.0194091144 
1095, 16454.928370527 
1096, 16424.0980211309 
1097, 16401.1496201887 
1098, 16373.2793567771 
1099, 16345.5457308709 
1100, 16317.9737045569 
1101, 16287.3096782842 
1102, 16261.3891498606 
1103, 16223.0262805975 
1104, 16191.2711957558 
1105, 16131.6481173203 
1106, 16057.0843386804 
1107, 15942.4492183025 
1108, 15766.5600422152 
1109, 15540.7983703622 
1110, 15217.8459481232 
1111, 14812.8252258691 
1112, 14335.167031964 
1113, 13744.2830102013 
1114, 13158.176911182 
1115, 12468.1209926943 
1116, 11851.2631467081 
1117, 11186.506262909 
1118, 10622.0988291924 
1119, 10100.5539338348 
1120, 9634.00461542275 
1121, 9243.40808572855 
1122, 8925.32062174061 
1123, 8700.62577652357 
1124, 8551.10622159291 
1125, 8488.39405428056 
1126, 8548.18447091526 
1127, 8602.21637538648 
1128, 8734.54718566071 
1129, 8861.55423194111 
1130, 9022.65563334126 
1131, 9185.58701863206 
1132, 9353.97026471023 
1133, 9554.76412597163 
1134, 9765.68517684796 
1135, 9995.09537626924 
1136, 10322.4737851114 
1137, 10666.4369622801 
1138, 11010.6275768197 
1139, 11330.0907404411 
1140, 11547.9340133007 
1141, 11708.6574467605 
1142, 11792.0937673295 
1143, 11761.6440933077 
1144, 11757.2394384999 
1145, 11608.5422729988 
1146, 11623.9900795016 
1147, 11644.591943849 
1148, 11790.6978619012 
1149, 12056.5876408406 
1150, 12382.3847923146 
1151, 12799.4381980962 
1152, 13262.7153030916 
1153, 13746.008197662 
1154, 14299.4264033296 
1155, 14829.6359887787 
1156, 15394.0112857002 
1157, 15923.9481506042 
1158, 16462.2512758631 
1159, 16965.9873778612 
1160, 17457.3750471305 
1161, 17913.2015928327 
1162, 18352.8016152506 
1163, 18753.1801517526 
1164, 19120.2236889579 
1165, 19451.872399059 
1166, 19750.3753882053 
1167, 20012.6163013927 
1168, 20246.7126358053 
1169, 20449.3884957501 
1170, 20615.6919057078 
1171, 20749.0640405733 
1172, 20853.2074754989 
1173, 20908.4769498146 
1174, 20963.3267034362 
1175, 20989.6363468818 
1176, 21012.6400514752 
1177, 21018.494599215 
1178, 21024.4446763497 
1179, 21015.3375303922 
1180, 21012.7854984844 
1181, 21002.4371133411 
1182, 20999.3253747032 
1183, 21020.2289099601 
1184, 21041.0015679275 
1185, 21103.4370365365 
1186, 21195.1933274419 
1187, 21303.5959115425 
1188, 21445.778413231 
1189, 21587.5491886651 
1190, 21773.2382642204 
1191, 21912.5530137858 
1192, 22067.4736143098 
1193, 22167.5766638223 
1194, 22231.2237633379 
1195, 22264.3146473589 
1196, 22252.804198084 
1197, 22222.1351232949 
1198, 22178.7420014179 
1199, 22088.1789856831 
1200, 22047.9574991185 
1201, 22000.3815522237 
1202, 21990.1706666279 
1203, 22001.7701905483 
1204, 22041.0923147557 
1205, 22105.6388874933 
1206, 22187.212399425 
1207, 22307.9743608618 
1208, 22424.3612084442 
1209, 22557.1708510605 
1210, 22688.0498038927 
1211, 22834.0866266943 
1212, 22967.1442756209 
1213, 23095.5981616355 
1214, 23225.2868053663 
1215, 23338.5641538932 
1216, 23445.5620402759 
1217, 23533.3674121413 
1218, 23609.6164534994 
1219, 23670.904884979 
1220, 23707.5019156412 
1221, 23749.1479577051 
1222, 23774.1490153488 
1223, 23811.3673684757 
1224, 23850.2888645328 
1225, 23891.2463940253 
1226, 23939.3635003697 
1227, 23984.3112072046 
1228, 24033.6140272833 
1229, 24075.0021242651 
1230, 24112.3279655743 
1231, 24148.6368736379 
1232, 24175.6150680872 
1233, 24200.7257633981 
1234, 24206.259985898 
1235, 24206.4037663666 
1236, 24184.8673342179 
1237, 24140.6825766658 
1238, 24091.8586817848 
1239, 24024.4723489988 
1240, 23958.1305330232 
1241, 23880.7168204138 
1242, 23806.1836035591 
1243, 23732.6808724738 
1244, 23653.140261535 
1245, 23575.4762142073 
1246, 23488.4318184704 
1247, 23391.8555849273 
1248, 23290.3749470616 
1249, 23172.7286404235 
1250, 23049.6642227441 
1251, 22900.7801287859 
1252, 22746.8652412704 
1253, 22548.4916708294 
1254, 22326.7199274043 
1255, 22067.8962829303 
1256, 21773.1909082814 
1257, 21448.356400635 
1258, 21083.161958323 
1259, 20702.7049285216 
1260, 20271.5533491716 
1261, 19854.8572196856 
1262, 19405.7341313308 
1263, 18978.4888607315 
1264, 18614.3280205798 
1265, 18242.9947212174 
1266, 18010.1258104577 
1267, 17836.6848371483 
1268, 17786.7548956443 
1269, 17838.2834666173 
1270, 17980.8010397053 
1271, 18265.9857122059 
1272, 18551.3020775101 
1273, 18966.4589248654 
1274, 19303.5377833779 
1275, 19676.6769088371 
1276, 19978.0215170095 
1277, 20236.409909797 
1278, 20464.7416732344 
1279, 20649.8054529672 
1280, 20801.0050667335 
1281, 20939.39374849 
1282, 21073.8382278771 
1283, 21213.8887228501 
1284, 21351.2303110879 
1285, 21486.3857711741 
1286, 21630.7760558322 
1287, 21750.0021843278 
1288, 21864.2323736607 
1289, 21954.3701935004 
1290, 22027.6967387202 
1291, 22081.8860403082 
1292, 22114.7613713525 
1293, 22136.2359193879 
1294, 22136.2067761985 
1295, 22130.9411935545 
1296, 22115.3334542233 
1297, 22087.826749958 
1298, 22049.2316300932 
1299, 21998.7502811293 
1300, 21945.4592960764 
1301, 21885.9426235865 
1302, 21817.9285361583 
1303, 21747.7311329512 
1304, 21664.5154448689 
1305, 21564.8983592634 
1306, 21468.7761041283 
1307, 21367.3075186017 
1308, 21263.3595726318 
1309, 21154.8352975909 
1310, 21048.0725016002 
1311, 20934.9700667818 
1312, 20828.2901101048 
1313, 20722.5980835345 
1314, 20622.4927079457 
1315, 20521.3475734592 
1316, 20432.4325248439 
1317, 20350.6124544123 
1318, 20277.8937861462 
1319, 20217.9303986967 
1320, 20159.8103522078 
1321, 20098.1619662171 
1322, 20019.1017762847 
1323, 19894.2115858982 
1324, 19752.1484866368 
1325, 19551.3641606373 
1326, 19296.7918889377 
1327, 19020.7883729789 
1328, 18672.5872229726 
1329, 18365.9175663904 
1330, 18006.6399365759 
1331, 17739.9838900129 
1332, 17502.4563126803 
1333, 17327.2691617418 
1334, 17242.9664644827 
1335, 17153.6325422372 
1336, 17120.8185000575 
1337, 17081.7546452546 
1338, 17018.7804282025 
1339, 16884.4090475074 
1340, 16657.2215806354 
1341, 16322.7820625564 
1342, 15839.2691817694 
1343, 15234.1692651745 
1344, 14497.8165511836 
1345, 13598.4367879219 
1346, 12637.3478504504 
1347, 11515.2708489233 
1348, 10423.0839053227 
1349, 9217.04682442102 
1350, 8104.48897815827 
1351, 6949.40613765092 
1352, 5926.61337426672 
1353, 4939.75743020616 
1354, 4075.66700867784 
1355, 3307.92742755699 
1356, 2647.61917844113 
1357, 2087.21003313584 
1358, 1636.82505420496 
1359, 1276.95740627292 
1360, 1002.73384863565 
1361, 803.260851522151 
1362, 655.70375141348 
1363, 556.417891997386 
1364, 496.884340908949 
1365, 451.010260985813 
1366, 434.509713465869 
1367, 435.854737360125 
1368, 463.968497181163 
1369, 502.199872684885 
1370, 562.934832154261 
1371, 634.675616063936 
1372, 729.137518375555 
1373, 818.775579002943 
1374, 940.230346096894 
1375, 1021.22458158067 
1376, 1104.1335342339 
1377, 1142.61911386851 
1378, 1147.04951166187 
1379, 1123.42569902568 
1380, 1081.52771305087 
1381, 1033.08728334808 
1382, 998.631083962258 
1383, 992.7570116476 
1384, 1021.6230180695 
1385, 1089.42097932344 
1386, 1183.67122694549 
1387, 1310.40538825773 
1388, 1430.82765721881 
1389, 1579.02536998663 
1390, 1690.99765506372 
1391, 1806.95252097671 
1392, 1883.38524151809 
1393, 1923.67042628619 
1394, 1966.26805985095 
1395, 1971.21293175345 
1396, 2010.69431442247 
1397, 2053.25701348005 
1398, 2112.20704730763 
1399, 2191.08440295693 
1400, 2276.73912714498 
1401, 2372.54425673994 
1402, 2475.22632480695 
1403, 2585.95907537973 
1404, 2706.81180769862 
1405, 2831.63926764652 
1406, 2978.37546468534 
1407, 3156.51261057791 
1408, 3360.38559364636 
1409, 3605.63238077825 
1410, 3879.9196674463 
1411, 4159.11269912031 
1412, 4473.12225545664 
1413, 4766.95571386348 
1414, 5068.68450344274 
1415, 5352.30644260993 
1416, 5626.07462748741 
1417, 5895.33179225293 
1418, 6155.03310004037 
1419, 6412.22244729022 
1420, 6668.22103354414 
1421, 6917.3730836107 
1422, 7174.27683934422 
1423, 7398.19224028229 
1424, 7633.14237859266 
1425, 7801.43241456867 
1426, 7938.07271311217 
1427, 8016.87785329635 
1428, 8039.0896852643 
1429, 8012.98023401933 
1430, 7956.46437330866 
1431, 7873.38258539969 
1432, 7783.36991108959 
1433, 7704.0928406805 
1434, 7638.95982265946 
1435, 7607.10368121353 
1436, 7614.23488953151 
1437, 7657.9002386766 
1438, 7728.99118527219 
1439, 7842.88288100137 
1440, 7962.17281843507 
1441, 8115.28181505465 
1442, 8259.10946809026 
1443, 8417.99589707457 
1444, 8565.73932530657 
1445, 8709.85595561934 
1446, 8856.82586904369 
1447, 8990.38251008706 
1448, 9151.23342957254 
1449, 9312.68208408143 
1450, 9507.1917929966 
1451, 9735.41536954507 
1452, 9966.87390834887 
1453, 10250.8623028564 
1454, 10486.8128070056 
1455, 10725.8343489478 
1456, 10930.0636292443 
1457, 11074.8288647692 
1458, 11137.3270323169 
1459, 11123.8922006031 
1460, 11012.6589315165 
1461, 10827.4252099807 
1462, 10567.2315197803 
1463, 10257.0963963542 
1464, 9912.05385686221 
1465, 9584.92062877968 
1466, 9214.09289738826 
1467, 8919.98624351906 
1468, 8631.73655528164 
1469, 8425.39105804098 
1470, 8268.48669139369 
1471, 8170.41236654661 
1472, 8140.6891333519 
1473, 8143.42900024269 
1474, 8217.34704002694 
1475, 8281.51824320017 
1476, 8391.67009117007 
1477, 8479.70697243685 
1478, 8568.12662807556 
1479, 8653.51584742473 
1480, 8729.50626564189 
1481, 8815.83576378918 
1482, 8895.26648345338 
1483, 8997.34246004768 
1484, 9110.20916531758 
1485, 9240.2344212474 
1486, 9386.14732649107 
1487, 9551.67768469741 
1488, 9724.91005315346 
1489, 9908.46025553786 
1490, 10095.4427958376 
1491, 10274.2072240434 
1492, 10449.6858557153 
1493, 10617.5741495062 
1494, 10770.238351325 
1495, 10905.1227496353 
1496, 11022.5756986361 
1497, 11113.9619929623 
1498, 11185.399572279 
1499, 11233.3121160455 
1500, 11268.3108991986 
1501, 11269.9899746454 
1502, 11290.2629720142 
1503, 11293.8879322789 
1504, 11326.6611248453 
1505, 11368.9366525519 
1506, 11431.0370649177 
1507, 11516.2542887485 
1508, 11601.8819679609 
1509, 11712.7170053552 
1510, 11802.4269430271 
1511, 11895.5891492072 
1512, 11969.3320820612 
1513, 12027.8840384742 
1514, 12078.69820045 
1515, 12115.5757638129 
1516, 12147.4840111574 
1517, 12165.3120804662 
1518, 12188.8897631865 
1519, 12208.5413507162 
1520, 12230.0667060003 
1521, 12255.2141062232 
1522, 12279.3282714127 
1523, 12298.2420052932 
1524, 12307.163681923 
1525, 12317.4122943585 
1526, 12323.0301265228 
1527, 12329.0516832605 
1528, 12333.7426252255 
1529, 12328.3305287015 
1530, 12319.9612186253 
1531, 12306.2998677479 
1532, 12293.433844538 
1533, 12285.6214770611 
1534, 12278.5352984704 
1535, 12275.8826049148 
1536, 12276.2652630778 
1537, 12279.9065487608 
1538, 12286.6315069808 
1539, 12297.3466109851 
1540, 12312.1771298024 
1541, 12328.073361938 
1542, 12350.4897372318 
1543, 12367.0103594558 
1544, 12383.1242175735 
1545, 12397.161938566 
1546, 12409.4359114148 
1547, 12418.7470914169 
1548, 12425.8554130139 
1549, 12431.0832714385 
1550, 12434.8558937779 
1551, 12434.1126336723 
1552, 12429.9580355032 
1553, 12424.6861469815 
1554, 12412.3858156416 
1555, 12405.3478405047 
1556, 12400.6866543889 
1557, 12396.5834060954 
1558, 12398.2811081542 
1559, 12391.5889157174 
1560, 12390.6404204599 
1561, 12369.7594106032 
1562, 12339.5953353027 
1563, 12297.2212566408 
1564, 12243.6570114738 
1565, 12172.7819970134 
1566, 12082.8544701924 
1567, 11988.1456207269 
1568, 11879.1064001848 
1569, 11758.7587072909 
1570, 11638.7547325121 
1571, 11526.7522131516 
1572, 11418.6450923701 
1573, 11331.1630436786 
1574, 11274.855864403 
1575, 11248.7165095104 
1576, 11256.3477317007 
1577, 11301.7256631565 
1578, 11369.8930881277 
1579, 11459.3887902632 
1580, 11551.8822712084 
1581, 11665.3153816852 
1582, 11766.243059755 
1583, 11876.8887215974 
1584, 11966.3321295768 
1585, 12052.9614104383 
1586, 12116.9236348399 
1587, 12164.8832127494 
1588, 12200.1901796224 
1589, 12214.0331449705 
1590, 12231.4545398718 
1591, 12242.1282983238 
1592, 12243.346418904 
1593, 12245.8120259748 
1594, 12224.8260284583 
1595, 12193.3622048189 
1596, 12136.5002675259 
1597, 12054.6337714826 
1598, 11968.684814338 
1599, 11854.3107002351 
1600, 11754.9998612673 
1601, 11645.5540702074 
1602, 11558.9039195572 
1603, 11473.2363255866 
1604, 11415.9678121762 
1605, 11379.916780432 
1606, 11358.4315070166 
1607, 11358.9376788597 
1608, 11368.4557548024 
1609, 11396.0541585173 
1610, 11427.6979990899 
1611, 11472.6949568215 
1612, 11519.582988903 
1613, 11578.2787194906 
1614, 11628.9849034432 
1615, 11686.6813195323 
1616, 11731.2352540976 
1617, 11764.8283058095 
1618, 11798.1421040731 
1619, 11828.5038724211 
1620, 11851.03796358 
1621, 11874.8652664113 
1622, 11883.8529410527 
1623, 11876.6366519528 
1624, 11868.9065383843 
1625, 11855.5116695202 
1626, 11833.5981114356 
1627, 11809.8898476237 
1628, 11774.5858831167 
1629, 11728.2326755661 
1630, 11673.2297174698 
1631, 11611.011134131 
1632, 11537.6410626203 
1633, 11444.1413355143 
1634, 11357.5802383372 
1635, 11264.2615297512 
1636, 11173.9562590356 
1637, 11082.4048415201 
1638, 11000.6266215337 
1639, 10918.9649731792 
1640, 10847.4533122745 
1641, 10782.5026309177 
1642, 10732.1882747877 
1643, 10698.4675928977 
1644, 10664.6214999994 
1645, 10640.945682405 
1646, 10622.3638381277 
1647, 10605.1728183872 
1648, 10592.4182636335 
1649, 10592.2650427581 
1650, 10588.9377178765 
1651, 10589.1845256287 
1652, 10582.520739697 
1653, 10577.0156083109 
1654, 10570.4152375547 
1655, 10564.1238169686 
1656, 10557.987709712 
1657, 10545.6992515284 
1658, 10537.3841224185 
1659, 10504.9054978005 
1660, 10461.9267716295 
1661, 10406.1899734204 
1662, 10331.5894934081 
1663, 10259.9972221833 
1664, 10176.5450726056 
1665, 10107.966911287 
1666, 10033.9540441168 
1667, 9987.02470057946 
1668, 9954.79992508844 
1669, 9930.47288231183 
1670, 9924.25906356306 
1671, 9913.4540204434 
1672, 9910.67022379257 
1673, 9900.37672086011 
1674, 9895.05302215709 
1675, 9873.26813616935 
1676, 9842.24667609467 
1677, 9810.20070735484 
1678, 9767.07375118891 
1679, 9732.28235323801 
1680, 9698.14424547187 
1681, 9666.22194041696 
1682, 9634.38669350633 
1683, 9609.55260785129 
1684, 9589.61351494723 
1685, 9568.54006335083 
1686, 9552.29963141076 
1687, 9532.11828067583 
1688, 9509.1928588242 
1689, 9489.43345551151 
1690, 9473.41201988629 
1691, 9449.15983749448 
1692, 9423.34427882319 
1693, 9393.71712562089 
1694, 9359.93240441864 
1695, 9320.96870529256 
1696, 9278.89722901306 
1697, 9233.71550695176 
1698, 9178.54328617985 
1699, 9134.37472317953 
1700, 9093.31442560026 
1701, 9052.72731454694 
1702, 9016.97683431977 
1703, 8976.735600748 
1704, 8933.52525051593 
1705, 8894.91409999066 
1706, 8859.37523135163 
1707, 8817.8317304834 
1708, 8774.60311382176 
1709, 8734.75591209852 
1710, 8689.81300848175 
1711, 8655.76237659755 
1712, 8628.67152882593 
1713, 8603.42780255676 
1714, 8582.97863822997 
1715, 8562.45722893529 
1716, 8546.96832949279 
1717, 8519.00022375826 
1718, 8482.43516066817 
1719, 8436.48419270878 
1720, 8381.85277330728 
1721, 8324.06475197388 
1722, 8269.46600439037 
1723, 8207.33856078941 
1724, 8143.20687791856 
1725, 8094.71213466132 
1726, 8042.65208490491 
1727, 7999.23153572831 
1728, 7963.17534862268 
1729, 7912.5121706416 
1730, 7858.06305727978 
1731, 7796.8796506053 
1732, 7736.22828781109 
1733, 7679.53491655749 
1734, 7626.94443191141 
1735, 7582.87230136053 
1736, 7543.25342769712 
1737, 7516.32689501785 
1738, 7490.54549881631 
1739, 7469.13497763841 
1740, 7449.04266098164 
1741, 7420.67991088747 
1742, 7396.72883527945 
1743, 7370.93893083025 
1744, 7341.41844218694 
1745, 7315.10200169493 
1746, 7291.08491408426 
1747, 7264.88058372717 
1748, 7242.00789544305 
1749, 7226.9227507992 
1750, 7208.25014853066 
1751, 7190.24477125017 
1752, 7174.56106254957 
1753, 7149.68841990262 
1754, 7118.92845946228 
1755, 7090.23953462663 
1756, 7055.17868985202 
1757, 7015.67495370345 
1758, 6970.91940004201 
1759, 6913.88234472146 
1760, 6859.36296030357 
1761, 6801.62438324118 
1762, 6743.72264415112 
1763, 6680.27891951753 
1764, 6622.36712992882 
1765, 6561.65575615243 
1766, 6508.53458865655 
1767, 6470.27487097974 
1768, 6423.24985550927 
1769, 6380.66283892719 
1770, 6325.8349805832 
1771, 6263.92057734924 
1772, 6192.88654978438 
1773, 6113.87847613792 
1774, 6027.01037555915 
1775, 5924.88305801016 
1776, 5829.46017314297 
1777, 5723.32619823714 
1778, 5633.81417112927 
1779, 5551.52502327003 
1780, 5475.58907420481 
1781, 5413.02911059724 
1782, 5344.7002887437 
1783, 5280.68573356872 
1784, 5216.61395485261 
1785, 5153.73382131866 
1786, 5087.63828592981 
1787, 5029.37551989981 
1788, 4948.99030832233 
1789, 4861.39256060896 
1790, 4754.06763373464 
1791, 4627.70749421653 
1792, 4493.6374740439 
1793, 4343.94301811439 
1794, 4190.58840688771 
1795, 4029.95837135861 
1796, 3858.0843556427 
1797, 3680.1138416931 
1798, 3488.25558492327 
1799, 3290.8272384428 
1800, 3096.50275467795 
1801, 18286.7195735862 
1802, 17487.1524968436 
1803, 16782.9078284318 
1804, 16160.4513561674 
1805, 15635.044956619 
1806, 15219.473558989 
1807, 14799.3895765742 
1808, 14332.5775163037 
1809, 13950.9613729918 
1810, 13434.0443613457 
1811, 12803.7091616312 
1812, 12201.5571842772 
1813, 11574.1339040766 
1814, 10898.7017246076 
1815, 10244.9262656016 
1816, 9601.99131096239 
1817, 9008.05773928987 
1818, 8514.92682299066 
1819, 8059.65140734626 
1820, 7686.30439038067 
1821, 7329.88243316111 
1822, 7051.31712701467 
1823, 6735.71792344835 
1824, 6422.94789364596 
1825, 6073.34379926249 
1826, 5618.87550181924 
1827, 5129.14739999202 
1828, 4604.39570939825 
1829, 3965.76921006899 
1830, 3429.78399780972 
1831, 2892.68261397934 
1832, 2371.20441543213 
1833, 1951.70186557072 
1834, 1605.16009344427 
1835, 1303.31839543502 
1836, 1079.92578571287 
1837, 921.396364894239 
1838, 811.038980550803 
1839, 745.203415169435 
1840, 747.954362766864 
1841, 775.081217420125 
1842, 860.719830087756 
1843, 951.853565726952 
1844, 1037.85576955854 
1845, 1114.81865401021 
1846, 1157.28466947931 
1847, 1162.06720577191 
1848, 1154.45923680639 
1849, 1132.54054079689 
1850, 1099.03721090979 
1851, 1031.54183918033 
1852, 986.011873939891 
1853, 951.318444934478 
1854, 914.58878960588 
1855, 902.584333224438 
1856, 921.368708944865 
1857, 982.928895302343 
1858, 1078.25089532892 
1859, 1185.87746011203 
1860, 1333.14012414396 
1861, 1476.94930158853 
1862, 1614.1586054228 
1863, 1728.68916862497 
1864, 1794.87990543215 
1865, 1803.61604731241 
1866, 1731.69445670976 
1867, 1589.39530294314 
1868, 1397.12657797322 
1869, 1182.71487683854 
1870, 995.8822718805 
1871, 784.797502402326 
1872, 633.025850756804 
1873, 546.819835311197 
1874, 516.572449011879 
1875, 598.567412243074 
1876, 759.098513266505 
1877, 979.808060014466 
1878, 1277.741206309 
1879, 1595.33910460472 
1880, 1880.13595689092 
1881, 2178.59890503435 
1882, 2443.5781300788 
1883, 2642.70968699818 
1884, 2801.87309215956 
1885, 2917.82353494543 
1886, 2987.36446081317 
1887, 3043.94457125778 
1888, 3054.81682627906 
1889, 3024.3735750134 
1890, 2970.2527356139 
1891, 2900.65808757333 
1892, 2793.40344717834 
1893, 2697.66926268071 
1894, 2597.03894016414 
1895, 2483.83577656047 
1896, 2366.99168459594 
1897, 2217.39330603331 
1898, 2030.96057641755 
1899, 1824.21132367531 
1900, 1639.20514442438 
1901, 1415.58594650062 
1902, 1259.17259601355 
1903, 1125.19521070837 
1904, 1039.69699838956 
1905, 999.633141807915 
1906, 1027.83060931371 
1907, 1086.27800993215 
1908, 1169.62849135769 
1909, 1265.28008269382 
1910, 1354.84601187113 
1911, 1461.2669781175 
1912, 1560.67116693682 
1913, 1699.68808686042 
1914, 1858.90124269995 
1915, 2048.32759791833 
1916, 2255.08658305516 
1917, 2528.37518146606 
1918, 2826.07140263739 
1919, 3127.29922412551 
1920, 3442.27153812577 
1921, 3727.29155040539 
1922, 3953.56065153418 
1923, 4146.38691215641 
1924, 4281.17780475936 
1925, 4350.88870861878 
1926, 4397.80527592719 
1927, 4403.77054758255 
1928, 4412.25834339517 
1929, 4464.11035618437 
1930, 4533.58252228968 
1931, 4656.18144956121 
1932, 4839.16552871729 
1933, 5001.70584040712 
1934, 5206.87504242052 
1935, 5361.09408384231 
1936, 5507.94531983098 
1937, 5613.06155780406 
1938, 5708.140406321 
1939, 5800.27849213045 
1940, 5898.68382142827 
1941, 6013.98357650354 
1942, 6122.12421288023 
1943, 6238.38147108916 
1944, 6311.02801901104 
1945, 6382.8423814523 
1946, 6391.07352837728 
1947, 6359.47066557253 
1948, 6280.22298781823 
1949, 6158.53960911386 
1950, 5989.67673624969 
1951, 5766.24597009126 
1952, 5513.70199516278 
1953, 5215.26770668882 
1954, 4927.75066525028 
1955, 4725.01880394336 
1956, 4510.13947576775 
1957, 4435.16516486341 
1958, 4465.77676600528 
1959, 4550.69613458663 
1960, 4712.61545055268 
1961, 4962.34007734234 
1962, 5257.85530168268 
1963, 5577.15878281134 
1964, 5949.28663469874 
1965, 6340.58222054306 
1966, 6737.82351080882 
1967, 7149.81737887788 
1968, 7583.76261973816 
1969, 8028.95805898166 
1970, 8506.71721488614 
1971, 9026.48052392048 
1972, 9543.07638246156 
1973, 10101.2877045545 
1974, 10626.6619756799 
1975, 11142.6387421615 
1976, 11626.8564571358 
1977, 12028.5491797237 
1978, 12403.8823912931 
1979, 12737.8057494852 
1980, 13012.04198194 
1981, 13267.4801082336 
1982, 13510.2981329263 
1983, 13691.8844992588 
1984, 13822.0049852295 
1985, 13922.6399011231 
1986, 13987.5031640103 
1987, 14005.1885758086 
1988, 13991.104182553 
1989, 13944.9976499527 
1990, 13796.0107826224 
1991, 13632.1069571597 
1992, 13276.5888530185 
1993, 12832.2183688229 
1994, 12214.5034774953 
1995, 11413.5498125372 
1996, 10517.6764851025 
1997, 9454.00313346633 
1998, 8315.33466427772 
1999, 7078.69258911931 
2000, 5913.67820832363 
2001, 4868.77592195334 
2002, 3942.72615606582 
2003, 3259.83287344002 
2004, 2782.67957347548 
2005, 2443.85413100815 
2006, 2371.23001754983 
2007, 2289.26927026987 
2008, 2386.41465146478 
2009, 2438.07112846726 
2010, 2540.45759145949 
2011, 2626.42760304115 
2012, 2720.56884390894 
2013, 2821.34949368626 
2014, 2972.54127612617 
2015, 3104.49257833731 
2016, 3381.40000968951 
2017, 3700.71988262091 
2018, 4161.29542244258 
2019, 4764.01913058623 
2020, 5401.29470303668 
2021, 6174.51268408367 
2022, 6928.59725647058 
2023, 7754.39584380488 
2024, 8555.65277441915 
2025, 9341.06468338327 
2026, 10111.3094479359 
2027, 10797.4656305545 
2028, 11446.4178305849 
2029, 12007.0650977006 
2030, 12510.7779394013 
2031, 12928.6133911783 
2032, 13262.9606800334 
2033, 13536.8193162446 
2034, 13726.9990060087 
2035, 13871.5124662974 
2036, 13924.9037329268 
2037, 13971.318246902 
2038, 13980.1344183996 
2039, 13951.6954884715 
2040, 13892.4741567232 
2041, 13815.2337829532 
2042, 13685.7045526001 
2043, 13537.179089977 
2044, 13291.0904674216 
2045, 13005.5818400362 
2046, 12621.2479135311 
2047, 12116.8565130032 
2048, 11596.3977768657 
2049, 10937.5851089947 
2050, 10368.3758807865 
2051, 9758.91650639083 
2052, 9206.43863325309 
2053, 8763.13938713159 
2054, 8435.13432592275 
2055, 8262.10189653669 
2056, 8249.24576361076 
2057, 8286.38257151038 
2058, 8519.34660392553 
2059, 8666.04168623059 
2060, 8878.24860827601 
2061, 9031.29788220283 
2062, 9182.48839062848 
2063, 9286.64846023321 
2064, 9319.52351568411 
2065, 9395.46434658362 
2066, 9434.57425585019 
2067, 9489.33002605176 
2068, 9658.5334518565 
2069, 9885.51244080691 
2070, 10175.8902471355 
2071, 10560.478959541 
2072, 10956.6485969176 
2073, 11421.5553355536 
2074, 11867.4517371649 
2075, 12364.8438283436 
2076, 12821.3084696893 
2077, 13295.0213442694 
2078, 13710.7043856106 
2079, 14123.3159763149 
2080, 14464.916444902 
2081, 14752.6614945243 
2082, 14982.7726380268 
2083, 15180.7556014596 
2084, 15304.8873143986 
2085, 15460.182294198 
2086, 15578.9006145564 
2087, 15725.3347374035 
2088, 15877.8368326623 
2089, 16037.0582597501 
2090, 16206.892524035 
2091, 16373.1460115976 
2092, 16551.7497236794 
2093, 16715.8933282376 
2094, 16875.4750530904 
2095, 17026.2023966172 
2096, 17175.3643074569 
2097, 17310.3165461276 
2098, 17427.0586048082 
2099, 17532.4793395272 
2100, 17625.2939272186 
2101, 17690.0472596128 
2102, 17769.6034012678 
2103, 17847.1065515902 
2104, 17918.7644929622 
2105, 17987.5731833953 
2106, 18058.1700806021 
2107, 18119.8442867373 
2108, 18190.0504867888 
2109, 18272.6159170301 
2110, 18345.3749260839 
2111, 18411.5046065904 
2112, 18482.2557022922 
2113, 18556.7854598012 
2114, 18630.0980744295 
2115, 18700.5671638768 
2116, 18775.5887006847 
2117, 18846.1180263845 
2118, 18902.0781983169 
2119, 18978.2528493316 
2120, 19060.2516056965 
2121, 19153.1904448984 
2122, 19256.0858496332 
2123, 19366.0971111988 
2124, 19493.5028156671 
2125, 19613.6287227711 
2126, 19748.4612024573 
2127, 19864.5478683237 
2128, 19971.8441821973 
2129, 20070.4043990189 
2130, 20164.6931174131 
2131, 20244.8894768811 
2132, 20334.1571656841 
2133, 20423.8584342565 
2134, 20510.8519935526 
2135, 20603.2929952383 
2136, 20680.5321803874 
2137, 20750.6727324828 
2138, 20815.901333774 
2139, 20872.1433877325 
2140, 20923.3747018794 
2141, 20977.8015109181 
2142, 21012.8932518769 
2143, 21035.5637018074 
2144, 21049.967344794 
2145, 21044.5133088171 
2146, 21037.158248481 
2147, 21049.5077391174 
2148, 21031.5011358797 
2149, 21027.1165948558 
2150, 21020.6690121518 
2151, 21030.8649203613 
2152, 21029.1537718947 
2153, 21071.0539679267 
2154, 21168.4477380713 
2155, 21213.3506354286 
2156, 21276.019062572 
2157, 21299.2024500248 
2158, 21286.6059753395 
2159, 21256.4095371663 
2160, 21207.5824678163 
2161, 21142.0138435322 
2162, 21005.6057094412 
2163, 20927.8088009741 
2164, 20849.98534207 
2165, 20801.131161772 
2166, 20815.4715552356 
2167, 20878.108023336 
2168, 20980.1063855209 
2169, 21154.5164082975 
2170, 21292.8402218789 
2171, 21477.0545188932 
2172, 21605.3060635847 
2173, 21712.8114224591 
2174, 21801.9283519861 
2175, 21870.6774702886 
2176, 21921.6445185062 
2177, 21946.7814715461 
2178, 21966.9571639363 
2179, 21967.0805361656 
2180, 21964.894174709 
2181, 21939.4788273643 
2182, 21933.7125732412 
2183, 21926.0138492364 
2184, 21926.9978066948 
2185, 21957.7216498265 
2186, 21994.0286361595 
2187, 22044.0174498462 
2188, 22117.3702627866 
2189, 22172.7045527085 
2190, 22254.0078982649 
2191, 22277.3726210041 
2192, 22306.5763781175 
2193, 22246.2791088934 
2194, 22131.7591150538 
2195, 21971.665420439 
2196, 21712.654043672 
2197, 21485.7439284298 
2198, 21191.3493011936 
2199, 20974.9045226264 
2200, 20742.6123731794 
2201, 20613.1739703065 
2202, 20542.6399607456 
2203, 20545.0545221504 
2204, 20645.7907079116 
2205, 20785.5727242996 
2206, 20977.6829578375 
2207, 21200.3387556993 
2208, 21379.669775471 
2209, 21581.8382983544 
2210, 21714.3735437495 
2211, 21818.6826687654 
2212, 21873.9853630832 
2213, 21881.4095392244 
2214, 21869.6459985857 
2215, 21796.46917554 
2216, 21747.255271341 
2217, 21684.5439257756 
2218, 21622.4131000782 
2219, 21567.2510247504 
2220, 21498.7713394485 
2221, 21412.9541291805 
2222, 21333.3482809139 
2223, 21250.4932040889 
2224, 21165.6648527409 
2225, 21083.4242997938 
2226, 20996.2833514139 
2227, 20902.2443427114 
2228, 20816.0768773455 
2229, 20713.9835225208 
2230, 20602.5526254006 
2231, 20481.3240884694 
2232, 20336.8758642104 
2233, 20218.6242946733 
2234, 20105.6764119816 
2235, 19988.7227728994 
2236, 19879.4111170847 
2237, 19771.3636363422 
2238, 19655.707267518 
2239, 19549.3993871921 
2240, 19471.5214469936 
2241, 19355.3725056957 
2242, 19215.698798936 
2243, 19086.4378678569 
2244, 18935.9426113133 
2245, 18801.6395746971 
2246, 18688.5710212217 
2247, 18562.6464779378 
2248, 18438.3760785194 
2249, 18304.1301631122 
2250, 18167.5898519677 
2251, 18015.5302251975 
2252, 17854.3450725943 
2253, 17674.9408457655 
2254, 17495.0907094935 
2255, 17320.289974021 
2256, 17141.0252016054 
2257, 16981.1739910504 
2258, 16807.5263270765 
2259, 16623.9765891561 
2260, 16454.2910564396 
2261, 16283.1698304199 
2262, 16127.695164076 
2263, 15978.1569892248 
2264, 15851.8441997518 
2265, 15735.8043522846 
2266, 15638.7324432158 
2267, 15577.1391742231 
2268, 15498.5750407922 
2269, 15446.9593345654 
2270, 15352.1861185184 
2271, 15229.8305533005 
2272, 15108.7253642507 
2273, 14955.7876285281 
2274, 14821.8854933089 
2275, 14694.7600543475 
2276, 14571.8280735788 
2277, 14461.709413496 
2278, 14339.6965583541 
2279, 14216.3185333406 
2280, 14089.6048133772 
2281, 13955.0828761965 
2282, 13813.3614381008 
2283, 13687.0522534357 
2284, 13570.0896430015 
2285, 13448.3117152698 
2286, 13327.5107641721 
2287, 13194.573523389 
2288, 13046.6787056909 
2289, 12879.0078056693 
2290, 12689.5669820062 
2291, 12504.0860754523 
2292, 12294.4496511953 
2293, 12106.9761842643 
2294, 11926.1178946272 
2295, 11755.2060832002 
2296, 11591.1819340163 
2297, 11435.7057158507 
2298, 11273.0651725889 
2299, 11151.1871882274 
2300, 11043.6001706044 
2301, 10967.0098623108 
2302, 10932.8884840486 
2303, 10904.8631521349 
2304, 10890.8390495693 
2305, 10896.4727109675 
2306, 10928.9263513078 
2307, 10965.0459020597 
2308, 11061.9716957608 
2309, 11083.3039211858 
2310, 11133.7976539387 
2311, 11059.2799813359 
2312, 10893.3856496842 
2313, 10675.2808628212 
2314, 10353.8714907986 
2315, 10000.2976360122 
2316, 9631.26977603548 
2317, 9312.60088925137 
2318, 9069.71470955759 
2319, 8882.65418027895 
2320, 8806.0262763857 
2321, 8788.19705119475 
2322, 8836.54913525956 
2323, 8930.09346102878 
2324, 9009.78245106953 
2325, 9074.56540639412 
2326, 9102.5306166061 
2327, 9087.90666921718 
2328, 9038.43772974204 
2329, 8945.94684322928 
2330, 8855.61309938074 
2331, 8726.28184394104 
2332, 8611.27108688703 
2333, 8504.98121513101 
2334, 8370.34454827777 
2335, 8221.87379139724 
2336, 8058.17504785748 
2337, 7863.6751009188 
2338, 7691.00663256445 
2339, 7499.61702258056 
2340, 7347.58747037111 
2341, 7225.53778191558 
2342, 7098.92353613677 
2343, 6992.19789589492 
2344, 6878.1414188236 
2345, 6759.23135664359 
2346, 6644.20744813779 
2347, 6532.64435291376 
2348, 6423.9788577532 
2349, 6308.37719726691 
2350, 6214.84059297904 
2351, 6128.76262618167 
2352, 6062.05335003593 
2353, 6005.6730775283 
2354, 5979.4579458926 
2355, 5975.30896097977 
2356, 5983.98151968855 
2357, 6035.30724733364 
2358, 6064.85260052588 
2359, 6108.06049999778 
2360, 6131.19009469447 
2361, 6167.19141943429 
2362, 6146.70915487644 
2363, 6104.67367436426 
2364, 6017.17181260237 
2365, 5857.92468821732 
2366, 5660.04467837487 
2367, 5417.68223538071 
2368, 5171.76386179539 
2369, 4952.64528553388 
2370, 4754.14507570836 
2371, 4619.21697794271 
2372, 4539.38642589147 
2373, 4504.79849612084 
2374, 4497.6299824547 
2375, 4537.84033659864 
2376, 4584.69385751811 
2377, 4599.89127376428 
2378, 4632.10193303965 
2379, 4631.86213927311 
2380, 4593.3735134706 
2381, 4566.14592097366 
2382, 4521.60575859301 
2383, 4449.63316231874 
2384, 4381.28990579242 
2385, 4312.9175563685 
2386, 4254.16824162989 
2387, 4214.42314822536 
2388, 4188.37885797352 
2389, 4178.72326049971 
2390, 4167.52747846391 
2391, 4167.74199326218 
2392, 4168.06583103702 
2393, 4158.68872746884 
2394, 4141.8679269413 
2395, 4107.46924926048 
2396, 4066.14503355579 
2397, 4014.07942083392 
2398, 3978.2817539779 
2399, 3955.0261911873 
2400, 3927.38156464642 
2401, 3902.14551228935 
2402, 3841.86130505571 
2403, 3761.17367991096 
2404, 3682.35406236679 
2405, 3603.86437764405 
2406, 3520.90453604873 
2407, 3443.19112314244 
2408, 3365.74646260518 
2409, 3295.23409209845 
2410, 3225.82043701604 
2411, 3159.59392654814 
2412, 3108.40884612927 
2413, 3031.59947955358 
2414, 2940.67408082307 
2415, 2864.48250750244 
2416, 2768.06597000958 
2417, 2716.38115999668 
2418, 2686.18509371541 
2419, 2674.37734803058 
2420, 2694.62930843469 
2421, 2708.20525825589 
2422, 2737.2457908724 
2423, 2755.90746103773 
2424, 2773.63066269727 
2425, 2786.49637032394 
2426, 2805.49164152514 
2427, 2808.14079694183 
2428, 2813.59745634617 
2429, 2781.44224708565 
2430, 2729.79423484858 
2431, 2649.66498535998 
2432, 2518.62735682595 
2433, 2425.51808316656 
2434, 2316.50288422818 
2435, 2244.3113311218 
2436, 2194.9341521507 
2437, 2175.31128670498 
2438, 2183.32918040164 
2439, 2200.31526686662 
2440, 2270.600376962 
2441, 2269.22689355194 
2442, 2250.62888673405 
2443, 2195.1237275952 
2444, 2085.33069178606 
2445, 1977.24005643306 
2446, 1890.17468108366 
2447, 1821.05378659398 
2448, 1739.08235047982 
2449, 1657.18809743398 
2450, 1597.46397523377 
2451, 1543.63502862002 
2452, 1528.85899636969 
2453, 1559.4071220287 
2454, 1616.30946646545 
2455, 1697.14166629931 
2456, 1766.42166375254 
2457, 1818.58688289636 
2458, 1847.33600374414 
2459, 1831.85799916722 
2460, 1811.7790405729 
2461, 1807.66905682652 
2462, 1788.46798640619 
2463, 1759.39610180314 
2464, 1726.28974943825 
2465, 1676.38491347037 
2466, 1621.37089048034 
2467, 1587.39273691395 
2468, 1555.33454433534 
2469, 1483.89595425197 
2470, 1405.18281906006 
2471, 1324.26570147443 
2472, 1253.96009460577 
2473, 1233.12653205655 
2474, 1211.33632103607 
2475, 1196.62687421839 
2476, 1195.04099662905 
2477, 1159.94190137171 
2478, 1128.49205297911 
2479, 1093.88781467205 
2480, 1019.7836501614 
2481, 957.898825077063 
2482, 902.056505802183 
2483, 833.517953879826 
2484, 772.989975054363 
2485, 709.04636497113 
2486, 671.331800201041 
2487, 651.14122902168 
2488, 641.207964875383 
2489, 631.235775552399 
2490, 597.259637853407 
2491, 582.489695135628 
2492, 582.567544259768 
2493, 588.965725320515 
2494, 609.439511181569 
2495, 611.086340910629 
2496, 606.147129930633 
2497, 626.686425843974 
2498, 642.536014171843 
2499, 671.636235980236 
2500, 689.640176837018 
