Wavelength,0212202100104.asd
350, 2879.10071575657 
351, 3027.34156202377 
352, 3166.12378696357 
353, 3282.9809943181 
354, 3394.80675199113 
355, 3512.85771615778 
356, 3640.53133903904 
357, 3763.2203553504 
358, 3890.66911888463 
359, 4027.91525335223 
360, 4179.95023362179 
361, 4362.85185955589 
362, 4575.95598874047 
363, 4808.65526933231 
364, 5043.06194132741 
365, 5281.26602142325 
366, 5509.38200749879 
367, 5709.4814872036 
368, 5862.2881715625 
369, 5951.63948038458 
370, 5983.28805336156 
371, 5975.33006661841 
372, 5949.11273359008 
373, 5937.23313818424 
374, 5945.88715396871 
375, 5961.33603737743 
376, 5974.91083627276 
377, 5981.72452166952 
378, 5969.67258956739 
379, 5916.89126751315 
380, 5845.46517484899 
381, 5764.59126097282 
382, 5675.84333660316 
383, 5566.77089768192 
384, 5454.27161605342 
385, 5374.97276004724 
386, 5373.33165482738 
387, 5481.76287244996 
388, 5639.99521034954 
389, 5779.48641266183 
390, 5840.04869753269 
391, 5905.19964730195 
392, 5970.27206090563 
393, 6023.41504961404 
394, 6066.38058844329 
395, 6188.46185303612 
396, 6431.51343648092 
397, 6813.14140046938 
398, 7352.93257385359 
399, 7967.60178352527 
400, 8597.5438237196 
401, 9211.09385224757 
402, 9796.50334124488 
403, 10279.2264148087 
404, 10626.3339580201 
405, 10893.502872397 
406, 11107.1852700824 
407, 11298.3822847296 
408, 11503.9953980293 
409, 11783.7131269691 
410, 12121.863110933 
411, 12498.3664656047 
412, 12891.1098415929 
413, 13280.0822869092 
414, 13664.3525794303 
415, 14034.8820251866 
416, 14361.8530107493 
417, 14668.5006714562 
418, 14982.3222427799 
419, 15313.472703061 
420, 15597.9744521876 
421, 15886.2554357431 
422, 16202.8321138964 
423, 16543.8187644098 
424, 16855.973058535 
425, 17102.986855189 
426, 17251.1286436555 
427, 17261.8669687394 
428, 17194.4374062592 
429, 17202.7959846115 
430, 17411.8118977751 
431, 17721.5734423934 
432, 18127.0961019117 
433, 18723.5572673537 
434, 19638.1513040763 
435, 20612.2288738402 
436, 21358.504920985 
437, 21816.2332570372 
438, 22296.6502425401 
439, 22793.3284603755 
440, 23262.671178507 
441, 23684.8648363495 
442, 24232.1526782643 
443, 24810.3938417653 
444, 25342.2731823135 
445, 25776.2912987225 
446, 26123.0414715076 
447, 26432.4243774724 
448, 26760.6519502339 
449, 27172.4779053027 
450, 27522.6604182472 
451, 27711.8717729268 
452, 27701.8157390723 
453, 27628.8192068817 
454, 27471.2767535825 
455, 27271.5482333002 
456, 27130.1731779612 
457, 27095.4377045411 
458, 27101.836201848 
459, 27080.9207052292 
460, 27006.7246731176 
461, 26899.4507924238 
462, 26782.888275452 
463, 26667.4361523167 
464, 26490.1166292485 
465, 26215.4384821804 
466, 25874.6554520292 
467, 25563.0218840618 
468, 25302.5041379292 
469, 25106.1040910131 
470, 24980.0292976732 
471, 24935.9988116748 
472, 24905.9629948889 
473, 24894.5520803666 
474, 24927.3322557156 
475, 24917.2845322788 
476, 24888.2258709321 
477, 24869.3502497894 
478, 24882.8277196126 
479, 24960.8994533538 
480, 25073.5255303127 
481, 25160.2086608053 
482, 25140.5379990802 
483, 24954.6789070668 
484, 24564.260394594 
485, 23978.9202347057 
486, 23406.3231473341 
487, 22997.5182584229 
488, 22873.3623095941 
489, 23135.4893316969 
490, 23560.204148863 
491, 23912.356169819 
492, 24037.7107567392 
493, 24084.1439639374 
494, 24148.8335115278 
495, 24280.4709397656 
496, 24469.614598637 
497, 24528.3984999617 
498, 24459.3668900753 
499, 24305.0263865393 
500, 24101.3353503914 
501, 23941.9472232181 
502, 23873.5316946516 
503, 23921.9862580551 
504, 24139.7922591477 
505, 24447.8582045732 
506, 24763.9774222692 
507, 25016.4851160999 
508, 25208.7275730072 
509, 25357.6850233113 
510, 25494.8046703168 
511, 25685.0642665889 
512, 25817.9007646195 
513, 25843.8428654864 
514, 25752.1601905372 
515, 25540.662275418 
516, 25254.1114070584 
517, 24972.5269669405 
518, 24808.4215566917 
519, 25014.9865741527 
520, 25615.3508609952 
521, 26465.7512540642 
522, 27179.1976751315 
523, 27709.0911739639 
524, 28079.4317546608 
525, 28361.4426858332 
526, 28486.1453426657 
527, 28534.3034294702 
528, 28678.004831547 
529, 29247.9542102462 
530, 29996.1277892085 
531, 30630.3144772992 
532, 30909.1134366295 
533, 31001.2808151221 
534, 31138.7425964524 
535, 31447.7415813077 
536, 31921.7031422009 
537, 32263.7535149916 
538, 32423.2410670732 
539, 32445.2912736623 
540, 32433.0230616399 
541, 32459.3712253052 
542, 32622.5716052986 
543, 32998.8956942049 
544, 33434.1987101948 
545, 33816.2054938258 
546, 34083.1544446786 
547, 34237.2790059499 
548, 34338.1801348078 
549, 34456.0107673625 
550, 34635.1021136048 
551, 34818.7124288096 
552, 34960.60039201 
553, 35064.8338581577 
554, 35174.0593892467 
555, 35257.6661969679 
556, 35228.333119792 
557, 35036.9540821913 
558, 34714.7043250823 
559, 34435.7958096374 
560, 34306.9766088666 
561, 34368.6656561282 
562, 34521.2003951331 
563, 34611.2970486042 
564, 34561.4232021132 
565, 34390.1122025875 
566, 34148.0049022824 
567, 33900.4911533152 
568, 33687.3866628196 
569, 33472.2145104633 
570, 33193.9508826365 
571, 32929.432387651 
572, 32828.8575158262 
573, 32851.6104980986 
574, 32839.6779080217 
575, 32690.5036691959 
576, 32412.2235804002 
577, 32154.545636522 
578, 32017.3588406675 
579, 32055.3343002094 
580, 32225.8741498419 
581, 32525.2331345107 
582, 32889.2159811275 
583, 33198.5920259766 
584, 33395.8530639065 
585, 33396.8716977035 
586, 33189.5737302817 
587, 32923.8872850866 
588, 32593.699725465 
589, 32148.845110246 
590, 31590.9028809639 
591, 31385.6037526733 
592, 31529.1193911687 
593, 31804.1944054134 
594, 31792.3890186903 
595, 31631.4717969296 
596, 31404.8569176395 
597, 31170.5368043772 
598, 30914.0319925097 
599, 30598.0087370707 
600, 30250.4619907074 
601, 29944.7585758517 
602, 29708.1803799545 
603, 29578.4285333726 
604, 29553.811067234 
605, 29576.824503904 
606, 29511.65635945 
607, 29346.1382434887 
608, 29128.0252503919 
609, 28919.1884929058 
610, 28719.8818065756 
611, 28536.5793419914 
612, 28381.8924925903 
613, 28222.7384718943 
614, 28034.676105741 
615, 27824.4764311643 
616, 27661.698624971 
617, 27559.5804637702 
618, 27555.5768187225 
619, 27670.1742212161 
620, 27791.3725831543 
621, 27801.6793314214 
622, 27661.2978502023 
623, 27426.0678163726 
624, 27158.679450066 
625, 26902.462011743 
626, 26679.8741139315 
627, 26479.9641348685 
628, 26281.2709941698 
629, 26092.4069327678 
630, 25950.7412230942 
631, 25955.7512952618 
632, 26047.9869535866 
633, 26167.567532514 
634, 26293.9455076641 
635, 26391.4034414584 
636, 26457.8295559801 
637, 26501.0332025255 
638, 26515.2852820159 
639, 26475.0081141821 
640, 26358.4674152425 
641, 26159.0411199125 
642, 26002.7547874908 
643, 25908.6281057239 
644, 25846.6931316467 
645, 25734.7480804727 
646, 25561.7382115247 
647, 25346.0927526327 
648, 25127.0223433831 
649, 24949.5395581496 
650, 24814.4333961276 
651, 24743.210129239 
652, 24771.5679944743 
653, 24714.66732531 
654, 24442.0965911278 
655, 23929.0831995554 
656, 23323.8990461164 
657, 22883.4316647878 
658, 22880.985328806 
659, 23457.2739665546 
660, 24051.8445310084 
661, 24394.1965139863 
662, 24462.5901391339 
663, 24494.7638436125 
664, 24467.8394097361 
665, 24424.6558962764 
666, 24403.2141943106 
667, 24406.1130813914 
668, 24393.4817748535 
669, 24365.3180331629 
670, 24340.0783362554 
671, 24288.1950132004 
672, 24225.6938753733 
673, 24181.4309117307 
674, 24194.0524340291 
675, 24221.2266256693 
676, 24240.5185314908 
677, 24243.9542015024 
678, 24252.2172214776 
679, 24252.6076428902 
680, 24243.8316986015 
681, 24230.1461481423 
682, 24208.8017491457 
683, 24147.7504979688 
684, 23941.1644764487 
685, 23388.9919770941 
686, 22410.223881757 
687, 21091.2508097852 
688, 19751.9250039185 
689, 19186.1916110278 
690, 19578.0483330479 
691, 20566.3674841436 
692, 21465.450301448 
693, 22251.9122488766 
694, 22818.209603473 
695, 23157.7299637655 
696, 23399.5269807636 
697, 23607.15829243 
698, 23746.6293212584 
699, 23772.9526730868 
700, 23712.8543868267 
701, 23654.9721006981 
702, 23657.8942216984 
703, 23752.8335786784 
704, 23950.2674467529 
705, 24181.172915583 
706, 24378.7660527642 
707, 24495.51469142 
708, 24590.0488014158 
709, 24674.0736366131 
710, 24747.7279306214 
711, 24818.3199746457 
712, 24868.4467662528 
713, 24884.7133809288 
714, 24849.0153535925 
715, 24713.8930751081 
716, 24371.8947932026 
717, 23775.8417623953 
718, 22964.5166426022 
719, 22284.5850873796 
720, 22030.0260433123 
721, 22315.9126189067 
722, 22920.360180298 
723, 23344.7120629903 
724, 23411.3098098324 
725, 23205.0416722834 
726, 23150.1971750879 
727, 23216.578158506 
728, 23323.8701144924 
729, 23391.8221192956 
730, 23553.2399747585 
731, 23843.2631649397 
732, 24244.4433530683 
733, 24686.183061397 
734, 25071.7251317546 
735, 25322.152849065 
736, 25400.134529866 
737, 25380.3000453858 
738, 25346.9285030916 
739, 25319.7855418418 
740, 25267.0228277372 
741, 25253.7347968842 
742, 25289.9536421965 
743, 25367.786735372 
744, 25469.2028820863 
745, 25538.8010351225 
746, 25567.852614047 
747, 25563.3956254167 
748, 25525.1969015301 
749, 25438.4487796141 
750, 25320.3933818792 
751, 25210.6515953119 
752, 25148.5262639803 
753, 25125.7331022082 
754, 25116.5742350034 
755, 25080.8147333613 
756, 24948.6649003318 
757, 24419.5061774168 
758, 23009.1247148378 
759, 19890.8394586436 
760, 15299.575605022 
761, 10782.2207467713 
762, 8218.16198222884 
763, 8168.52022644048 
764, 9470.83509473728 
765, 11529.6120118812 
766, 14268.5266397413 
767, 17264.5824165099 
768, 19874.0380367879 
769, 21696.1509351962 
770, 22717.2065742691 
771, 23219.7223718075 
772, 23412.7811013241 
773, 23455.9467244573 
774, 23435.3920610748 
775, 23371.1719132324 
776, 23289.3543817779 
777, 23206.5629550062 
778, 23102.2340091802 
779, 22978.9132682266 
780, 22853.044335716 
781, 22747.5671898963 
782, 22638.8854658655 
783, 22510.213820089 
784, 22361.2927569447 
785, 22214.5548624505 
786, 22069.2438671508 
787, 21900.9990005363 
788, 21690.5174698566 
789, 21448.4219575571 
790, 21193.4092812077 
791, 20934.6452185985 
792, 20678.6340688732 
793, 20438.0705002353 
794, 20242.5223183448 
795, 20109.5025403652 
796, 20038.8257000208 
797, 19986.7503044578 
798, 19906.0887690872 
799, 19770.3660428835 
800, 19581.4423188491 
801, 19374.3799755543 
802, 19181.9635660953 
803, 19018.9548243355 
804, 18864.5349446885 
805, 18732.131336178 
806, 18610.2909364898 
807, 18475.577792359 
808, 18297.7646696783 
809, 18078.4092583014 
810, 17831.3026628325 
811, 17567.7080921477 
812, 17249.1379245097 
813, 16830.7944102984 
814, 16308.0513552701 
815, 15723.3151439379 
816, 15182.3724974563 
817, 14761.0112704227 
818, 14507.0031715475 
819, 14436.2110676688 
820, 14426.9600734523 
821, 14385.8479927178 
822, 14274.9829969702 
823, 14149.3770149968 
824, 14065.6460976111 
825, 14081.9344081048 
826, 14187.4846576882 
827, 14166.7344346948 
828, 14016.3007314304 
829, 13808.7989712483 
830, 13646.6213061775 
831, 13541.8113974134 
832, 13467.2804558515 
833, 13408.7634410347 
834, 13367.0772440704 
835, 13351.6399475916 
836, 13346.7925562701 
837, 13327.7738880436 
838, 13266.2785869248 
839, 13171.4943535147 
840, 13055.6529905073 
841, 12927.9929163789 
842, 12790.3208385907 
843, 12648.3835220921 
844, 12507.8935453683 
845, 12370.8253364547 
846, 12233.9268061016 
847, 12071.7149304152 
848, 11874.0907201093 
849, 11645.8949931981 
850, 11419.0935475447 
851, 11158.0878251477 
852, 10887.6902594387 
853, 10657.7760372174 
854, 10486.5058666578 
855, 10347.1901652732 
856, 10277.7515641146 
857, 10334.6318061928 
858, 10432.0679926457 
859, 10452.4688051084 
860, 10372.3202311021 
861, 10253.1896763155 
862, 10112.7983173261 
863, 9934.38576005561 
864, 9719.17950874137 
865, 9494.74473832657 
866, 9282.49861489442 
867, 9100.06822912326 
868, 8976.33326113786 
869, 8953.10604102336 
870, 8969.80596372178 
871, 8955.56281357117 
872, 8876.47491305654 
873, 8765.60728609423 
874, 8647.42509516275 
875, 8528.91838968087 
876, 8411.61221489236 
877, 8299.14929368631 
878, 8187.65226310488 
879, 8077.73798936139 
880, 7969.10624362643 
881, 7854.72445793386 
882, 7742.83729367682 
883, 7638.68114828648 
884, 7542.77614743041 
885, 7446.2067996908 
886, 7341.423864924 
887, 7230.9801427526 
888, 7121.66798816493 
889, 7017.20838470231 
890, 6913.13017759003 
891, 6797.36967280791 
892, 6656.10215731878 
893, 6483.92813756095 
894, 6284.86654338883 
895, 6063.91467524523 
896, 5828.83518549918 
897, 5594.40996134746 
898, 5373.66035560567 
899, 5190.23451878838 
900, 5066.86776581924 
901, 4994.38347175639 
902, 4963.33396949125 
903, 4953.52664496843 
904, 4940.1249310162 
905, 4912.05494978427 
906, 4859.85505546947 
907, 4771.56021225266 
908, 4642.00998737685 
909, 4505.12774929281 
910, 4389.53098774178 
911, 4306.47147650319 
912, 4250.2738156307 
913, 4202.7079405304 
914, 4156.19454439206 
915, 4109.35281528965 
916, 4066.50139125026 
917, 4038.92938030387 
918, 4021.06979134514 
919, 4004.32985177983 
920, 3981.57606987482 
921, 3960.71266751981 
922, 3930.24903870177 
923, 3879.71845081849 
924, 3802.90832670819 
925, 3703.44831278589 
926, 3584.21512763831 
927, 3441.98343383547 
928, 3270.2818508787 
929, 3068.11854531812 
930, 2840.78106465103 
931, 2599.96504337574 
932, 2363.37481902991 
933, 2155.20660889837 
934, 1988.42225862235 
935, 1875.10392533421 
936, 1820.12872443538 
937, 1805.94054494277 
938, 1819.63493191682 
939, 1844.18834211921 
940, 1865.0329674395 
941, 1883.46955754607 
942, 1891.77217954196 
943, 1878.10116282263 
944, 1837.02561775169 
945, 1785.59808567216 
946, 1742.60773343023 
947, 1716.44879969489 
948, 1706.31278379847 
949, 1702.82018853811 
950, 1699.92700273644 
951, 1696.17421281349 
952, 1690.73317126486 
953, 1679.09522586161 
954, 1669.37344348286 
955, 1661.2088074877 
956, 1654.20742613158 
957, 1652.56709908329 
958, 1649.90859270784 
959, 1646.31450870147 
960, 1644.65913820516 
961, 1648.75147974377 
962, 1650.89173198371 
963, 1655.37470944073 
964, 1662.65121796115 
965, 1666.67579511388 
966, 1670.44054786441 
967, 1671.02510564112 
968, 1666.7418723983 
969, 1658.1501589236 
970, 1647.76294666509 
971, 1631.88695443153 
972, 1609.56786509359 
973, 1582.16324819814 
974, 1549.77286903347 
975, 1514.21635391652 
976, 1479.49539980029 
977, 1449.72354716599 
978, 1426.3266064782 
979, 1405.87997125678 
980, 1388.89576328447 
981, 1374.55098452944 
982, 1355.81281478072 
983, 1338.37486096567 
984, 1318.5401046751 
985, 1295.2883940938 
986, 1274.90582344768 
987, 1251.83637621288 
988, 1227.10387895373 
989, 1201.31294157947 
990, 1173.80554677855 
991, 1147.76677390433 
992, 1121.45488967204 
993, 1094.87708493258 
994, 1069.3462226991 
995, 1044.40352835205 
996, 1018.02708054883 
997, 991.165604627095 
998, 965.174647300874 
999, 938.043398350323 
1000, 911.846908906786 
1001, 5797.01196895398 
1002, 5768.43830811277 
1003, 5747.5582975427 
1004, 5734.41055197453 
1005, 5720.26657680454 
1006, 5713.34885869257 
1007, 5718.17766712717 
1008, 5726.90393741299 
1009, 5737.87936406328 
1010, 5761.07926790794 
1011, 5778.81006547249 
1012, 5795.0335233919 
1013, 5810.1831947186 
1014, 5827.20133628844 
1015, 5847.319593693 
1016, 5868.38314593777 
1017, 5890.23736085895 
1018, 5916.23476138597 
1019, 5944.48184218163 
1020, 5974.78963509702 
1021, 6003.00654791072 
1022, 6031.63445375185 
1023, 6060.70476793801 
1024, 6090.84339518734 
1025, 6115.97080632417 
1026, 6148.56137938043 
1027, 6188.56910468796 
1028, 6224.53142351268 
1029, 6262.19203233131 
1030, 6295.91300107882 
1031, 6321.98979917075 
1032, 6349.48543905951 
1033, 6376.87783139201 
1034, 6404.49057881151 
1035, 6430.23735086181 
1036, 6456.62252296099 
1037, 6475.05348196137 
1038, 6493.24713960076 
1039, 6512.11218132708 
1040, 6528.43314380889 
1041, 6551.86574161236 
1042, 6576.34588597509 
1043, 6597.61029512126 
1044, 6622.16488990502 
1045, 6641.13177794267 
1046, 6656.14427184913 
1047, 6673.79652277708 
1048, 6691.76944930459 
1049, 6707.69934415423 
1050, 6729.14440758513 
1051, 6754.15903766324 
1052, 6775.67476582769 
1053, 6801.56243829783 
1054, 6828.34119833712 
1055, 6854.11473592483 
1056, 6888.32234821681 
1057, 6925.48626913734 
1058, 6960.24348217242 
1059, 6999.75190935908 
1060, 7045.53065920359 
1061, 7093.3399085563 
1062, 7150.20495088685 
1063, 7216.51136378166 
1064, 7283.3969720382 
1065, 7356.78874186046 
1066, 7432.06658481758 
1067, 7504.36668133997 
1068, 7590.06289943876 
1069, 7684.12189451241 
1070, 7778.36460605766 
1071, 7886.38780872463 
1072, 7992.01236377521 
1073, 8096.9148821392 
1074, 8208.09316081296 
1075, 8308.8253008574 
1076, 8404.23054983611 
1077, 8501.22704992988 
1078, 8585.56022466466 
1079, 8658.46755992048 
1080, 8723.5239724611 
1081, 8778.69759023474 
1082, 8827.40919244281 
1083, 8879.55390719575 
1084, 8936.23071566622 
1085, 8988.00653203594 
1086, 9033.86214960489 
1087, 9079.26459585936 
1088, 9112.9871718375 
1089, 9144.1044643832 
1090, 9159.86763328255 
1091, 9163.38294252273 
1092, 9161.10593351477 
1093, 9146.96720929307 
1094, 9122.12557458182 
1095, 9095.9403182285 
1096, 9061.88057425967 
1097, 9024.36096331369 
1098, 8987.94490556328 
1099, 8951.39632591584 
1100, 8915.33397732439 
1101, 8878.55605400678 
1102, 8844.8135826748 
1103, 8802.68846465474 
1104, 8763.61095621259 
1105, 8709.38190732669 
1106, 8649.13181226512 
1107, 8561.85290997309 
1108, 8439.17311065375 
1109, 8293.25129131356 
1110, 8088.86780167814 
1111, 7839.74104942585 
1112, 7550.32173067844 
1113, 7197.078087968 
1114, 6847.00461766676 
1115, 6440.41166397023 
1116, 6073.39749249787 
1117, 5676.40579478272 
1118, 5342.48580113281 
1119, 5036.33263567476 
1120, 4756.45939431128 
1121, 4532.13506256914 
1122, 4343.98978037304 
1123, 4206.9962127394 
1124, 4121.52930691309 
1125, 4076.9966636729 
1126, 4099.88923468938 
1127, 4119.02916456204 
1128, 4172.5226675592 
1129, 4237.03433093288 
1130, 4331.52899062381 
1131, 4417.88260799285 
1132, 4513.43051779846 
1133, 4620.3782476894 
1134, 4724.55673663471 
1135, 4839.02408037302 
1136, 5008.58749723744 
1137, 5185.28035223393 
1138, 5359.10859998694 
1139, 5518.63165392495 
1140, 5617.75074152649 
1141, 5679.53983482337 
1142, 5703.91773534796 
1143, 5662.03487442462 
1144, 5639.57855942412 
1145, 5547.51639039462 
1146, 5536.83097391541 
1147, 5527.58193284765 
1148, 5583.92897704225 
1149, 5700.59544674836 
1150, 5850.41311407888 
1151, 6047.08317245572 
1152, 6269.86717619101 
1153, 6497.03303740452 
1154, 6757.16283880221 
1155, 7005.64743768973 
1156, 7268.14460126995 
1157, 7514.15007354833 
1158, 7769.87816699879 
1159, 7996.20709754964 
1160, 8211.87404730555 
1161, 8405.34595188123 
1162, 8582.24072830066 
1163, 8738.18903216387 
1164, 8872.17400173039 
1165, 8989.32824281009 
1166, 9093.01188859197 
1167, 9169.06379137792 
1168, 9228.7274503406 
1169, 9271.58184004269 
1170, 9292.93121266616 
1171, 9289.73387545823 
1172, 9275.30913737914 
1173, 9237.2065701568 
1174, 9197.64058707247 
1175, 9141.14320265093 
1176, 9084.41516050531 
1177, 9020.95344639826 
1178, 8955.4197191841 
1179, 8880.78222040388 
1180, 8809.94943340688 
1181, 8732.81155388225 
1182, 8663.26109539928 
1183, 8603.1925168301 
1184, 8545.383235983 
1185, 8502.24223703648 
1186, 8468.25360295425 
1187, 8446.79417951133 
1188, 8441.07893817676 
1189, 8435.2305935185 
1190, 8452.02501870458 
1191, 8447.83728249982 
1192, 8448.11796812016 
1193, 8426.7537712496 
1194, 8390.73303994573 
1195, 8343.81427455999 
1196, 8278.44985033458 
1197, 8207.05163321899 
1198, 8130.14143679185 
1199, 8036.4461986665 
1200, 7959.65466339436 
1201, 7877.05943981511 
1202, 7812.61762158658 
1203, 7754.36344537207 
1204, 7714.12237542872 
1205, 7689.58932013407 
1206, 7670.26676833337 
1207, 7673.11520821353 
1208, 7667.59874790192 
1209, 7662.94992402561 
1210, 7661.01550443134 
1211, 7660.91425328109 
1212, 7660.98043890941 
1213, 7662.41581434102 
1214, 7669.97293671696 
1215, 7666.69406882511 
1216, 7660.76033240245 
1217, 7650.4700019184 
1218, 7633.71648488896 
1219, 7616.5781495412 
1220, 7595.67098204795 
1221, 7575.67471978135 
1222, 7551.36466147189 
1223, 7531.17036542464 
1224, 7513.7537983953 
1225, 7494.96174003008 
1226, 7476.12345332145 
1227, 7458.75978511308 
1228, 7440.92895456775 
1229, 7424.33204996179 
1230, 7408.98539468904 
1231, 7395.84360353143 
1232, 7382.52967307256 
1233, 7373.453552733 
1234, 7354.67767373626 
1235, 7333.56319827759 
1236, 7309.39004534453 
1237, 7278.63745789605 
1238, 7247.09001299327 
1239, 7215.04871224671 
1240, 7179.83847377641 
1241, 7137.31546849915 
1242, 7098.28400107514 
1243, 7059.39089225369 
1244, 7020.73158389908 
1245, 6982.69494808605 
1246, 6946.21598704881 
1247, 6905.88161000081 
1248, 6864.94999762309 
1249, 6821.19944715767 
1250, 6778.57823881308 
1251, 6724.73605862316 
1252, 6668.9886948209 
1253, 6601.24088615305 
1254, 6522.58050785207 
1255, 6438.52771983942 
1256, 6348.20754838011 
1257, 6249.27103526756 
1258, 6140.54608726896 
1259, 6027.57041173518 
1260, 5899.50071893252 
1261, 5778.419570719 
1262, 5650.95154202392 
1263, 5529.78631545308 
1264, 5424.04796240595 
1265, 5315.68755920635 
1266, 5250.53637510801 
1267, 5199.95199712298 
1268, 5190.32381667 
1269, 5215.16516698267 
1270, 5266.09960518976 
1271, 5358.67169942838 
1272, 5453.41959049008 
1273, 5587.7594708484 
1274, 5702.3352972852 
1275, 5831.86287197563 
1276, 5937.02967921291 
1277, 6032.50419998428 
1278, 6116.10450587054 
1279, 6180.88377087984 
1280, 6240.41555591985 
1281, 6296.8495445646 
1282, 6349.45776154626 
1283, 6403.23818929535 
1284, 6455.21866307685 
1285, 6506.3487902285 
1286, 6558.87175282511 
1287, 6604.53893202463 
1288, 6652.70122446622 
1289, 6686.07376617748 
1290, 6710.41965754826 
1291, 6728.56245272727 
1292, 6732.60802866212 
1293, 6739.58133374504 
1294, 6741.87533013668 
1295, 6743.8325704608 
1296, 6748.98012546687 
1297, 6744.94348800402 
1298, 6733.90426418002 
1299, 6724.28224644292 
1300, 6705.89081400967 
1301, 6679.80702279083 
1302, 6655.48223903439 
1303, 6629.43000813157 
1304, 6600.43763430404 
1305, 6568.41203018732 
1306, 6536.64434681459 
1307, 6504.29922474804 
1308, 6467.18974389479 
1309, 6426.10569960165 
1310, 6387.23570771684 
1311, 6341.52274913059 
1312, 6303.7526439113 
1313, 6271.86791529874 
1314, 6239.9730509739 
1315, 6210.9523556873 
1316, 6183.01914210099 
1317, 6157.34363050814 
1318, 6130.37997189374 
1319, 6104.19122763296 
1320, 6083.27792944935 
1321, 6062.39759151269 
1322, 6036.450505221 
1323, 5994.52081334936 
1324, 5950.96699151361 
1325, 5880.66256122272 
1326, 5785.20426220164 
1327, 5690.45868442312 
1328, 5571.33629370996 
1329, 5467.98939056198 
1330, 5354.01673270715 
1331, 5266.59601512249 
1332, 5187.25644639419 
1333, 5128.69824454056 
1334, 5100.09471181558 
1335, 5068.09456462533 
1336, 5052.93218044822 
1337, 5036.64195868847 
1338, 5009.59646664863 
1339, 4961.11708149387 
1340, 4885.2722948768 
1341, 4776.8718513629 
1342, 4619.83317639872 
1343, 4423.58554600312 
1344, 4190.50556189448 
1345, 3906.34328488008 
1346, 3604.35223928543 
1347, 3252.11330179245 
1348, 2917.76712061568 
1349, 2550.76277016818 
1350, 2215.55904554502 
1351, 1875.4962972736 
1352, 1577.72351027869 
1353, 1294.47680544851 
1354, 1046.47327828892 
1355, 829.499804287665 
1356, 647.724273461405 
1357, 497.146393963107 
1358, 378.213556965674 
1359, 291.739988942547 
1360, 228.526826984131 
1361, 177.035477691081 
1362, 137.374304826253 
1363, 108.921663307322 
1364, 89.642044110748 
1365, 78.0715961733554 
1366, 78.6048084327545 
1367, 77.9575343029961 
1368, 83.8733886932592 
1369, 93.3155586177013 
1370, 103.213122476628 
1371, 121.615504403854 
1372, 154.859023796717 
1373, 176.225889923244 
1374, 199.159854402754 
1375, 217.371865508076 
1376, 232.476729650687 
1377, 239.926135138832 
1378, 245.351410975128 
1379, 241.824544233005 
1380, 230.804767704407 
1381, 214.201629925593 
1382, 199.682851773281 
1383, 195.244719235555 
1384, 204.840125824961 
1385, 221.781613879372 
1386, 242.655989456439 
1387, 269.681708121863 
1388, 292.577913662921 
1389, 314.014698922828 
1390, 334.189614781121 
1391, 358.637167596135 
1392, 372.640913931001 
1393, 379.363796362134 
1394, 386.18135117775 
1395, 383.211295848263 
1396, 388.655884743135 
1397, 395.963871257866 
1398, 406.425428287715 
1399, 421.929810960006 
1400, 437.273588890894 
1401, 456.725382573296 
1402, 472.537327186232 
1403, 486.35499806633 
1404, 501.738400758756 
1405, 515.837959691636 
1406, 532.830350369581 
1407, 550.846057457976 
1408, 576.013148705781 
1409, 610.827637519796 
1410, 645.173148936669 
1411, 680.674000277345 
1412, 725.477254725605 
1413, 760.314831294407 
1414, 790.501395622789 
1415, 819.76381776048 
1416, 847.531556845464 
1417, 869.559041034556 
1418, 888.538730157273 
1419, 904.262868732293 
1420, 917.123031043163 
1421, 924.175298984066 
1422, 926.551026766096 
1423, 925.845329517693 
1424, 920.254213025697 
1425, 910.215714867466 
1426, 901.539104993778 
1427, 880.710113095059 
1428, 848.24574122007 
1429, 814.499617476617 
1430, 776.457225822371 
1431, 732.860499579945 
1432, 696.073218217011 
1433, 658.395563623546 
1434, 615.93963216964 
1435, 579.154907074028 
1436, 544.775320154084 
1437, 512.210135782731 
1438, 486.648532906833 
1439, 468.894694079859 
1440, 450.307547956737 
1441, 438.534199940737 
1442, 421.053813811015 
1443, 399.722754498053 
1444, 384.967951393794 
1445, 370.66507974918 
1446, 356.978728009141 
1447, 351.502037254304 
1448, 338.576295555829 
1449, 320.096038266981 
1450, 304.673432836781 
1451, 286.287034589704 
1452, 272.141694189937 
1453, 260.754379874401 
1454, 250.084938448244 
1455, 244.353109861994 
1456, 233.100639438287 
1457, 222.482321151923 
1458, 215.020127920302 
1459, 199.255312302892 
1460, 185.141504807608 
1461, 177.987212562519 
1462, 164.173154827503 
1463, 153.547778032692 
1464, 149.861392533097 
1465, 136.832808660041 
1466, 114.501772895641 
1467, 103.653233352966 
1468, 91.8505098787575 
1469, 85.4586937189926 
1470, 91.471146802053 
1471, 88.1762844389878 
1472, 83.1099093013534 
1473, 77.0689966171913 
1474, 64.0854923702746 
1475, 58.7126402758433 
1476, 54.6982334118381 
1477, 54.5651864262228 
1478, 63.8465133703978 
1479, 65.4482436274985 
1480, 64.5043616350835 
1481, 65.2448042169799 
1482, 63.4603946239653 
1483, 62.6927622657586 
1484, 64.5026247827767 
1485, 64.4841698739298 
1486, 62.5573779118652 
1487, 61.5496810372357 
1488, 58.1466148406109 
1489, 59.3806592500206 
1490, 60.3172174519336 
1491, 59.1499051073118 
1492, 56.540120746972 
1493, 54.5809216998492 
1494, 58.7755675277095 
1495, 59.4667228999782 
1496, 63.360264636886 
1497, 66.9111271025176 
1498, 68.1828256480693 
1499, 67.237208595798 
1500, 66.3147139951019 
1501, 65.3753544999414 
1502, 62.4094927167448 
1503, 53.1899654542454 
1504, 50.6572115434687 
1505, 49.9064938476425 
1506, 51.182992612318 
1507, 60.8762105743427 
1508, 63.7101360127055 
1509, 62.4510896704588 
1510, 62.711858820685 
1511, 59.7171610437502 
1512, 58.9989209278707 
1513, 60.1266265104304 
1514, 63.1804144257105 
1515, 67.9518666707539 
1516, 70.9253016960251 
1517, 78.4523435109374 
1518, 79.2835161012186 
1519, 73.3985591411756 
1520, 72.1165406235575 
1521, 69.4097247207325 
1522, 66.8628442238255 
1523, 65.8318290597809 
1524, 65.6482654277876 
1525, 72.546559878589 
1526, 74.8900449879405 
1527, 76.3146026679392 
1528, 79.8163500088612 
1529, 77.2932404516405 
1530, 73.8021047995117 
1531, 73.5758472801168 
1532, 76.1097697079313 
1533, 82.3400916413667 
1534, 82.1403687827633 
1535, 82.2573375197355 
1536, 83.8620787795441 
1537, 82.7199170307604 
1538, 74.2338354131048 
1539, 76.8279073509348 
1540, 85.4549927972851 
1541, 90.0718151033199 
1542, 100.874462141743 
1543, 103.145036427126 
1544, 96.241490760362 
1545, 97.1572172054529 
1546, 98.5268329598667 
1547, 100.903125497034 
1548, 108.593965026765 
1549, 111.982613314071 
1550, 112.981617576948 
1551, 114.410241665908 
1552, 114.416824776328 
1553, 115.865633994934 
1554, 115.93932769581 
1555, 118.616003512467 
1556, 125.982771512002 
1557, 128.808063168458 
1558, 129.925631326729 
1559, 132.907848618255 
1560, 134.006630832434 
1561, 136.066345906478 
1562, 141.52674197765 
1563, 144.326490615851 
1564, 145.400506435822 
1565, 145.919206722144 
1566, 143.69816049505 
1567, 143.866209762459 
1568, 146.376935857986 
1569, 145.446843101849 
1570, 145.568944983127 
1571, 147.79906119686 
1572, 145.401795234089 
1573, 146.550841826102 
1574, 152.02509372965 
1575, 157.384895487863 
1576, 166.496071231006 
1577, 174.188351087922 
1578, 178.174583031638 
1579, 185.659163504091 
1580, 190.271528675336 
1581, 193.719497787995 
1582, 196.377763688544 
1583, 197.678533937851 
1584, 200.008624075975 
1585, 199.307464054072 
1586, 205.380364242728 
1587, 217.212268175487 
1588, 222.382032421716 
1589, 229.080073802125 
1590, 234.227329874728 
1591, 233.293790173111 
1592, 237.413766076878 
1593, 245.685372707194 
1594, 250.884548608985 
1595, 256.032517429752 
1596, 258.446477651672 
1597, 260.449381753651 
1598, 258.583295450652 
1599, 250.234141186796 
1600, 249.130994488856 
1601, 249.563616565571 
1602, 249.781063908951 
1603, 253.273337259864 
1604, 256.026608944887 
1605, 256.697827763194 
1606, 259.114275816085 
1607, 265.265714214404 
1608, 268.621964904285 
1609, 269.86913381569 
1610, 272.500940615349 
1611, 274.829920541654 
1612, 277.975150096308 
1613, 283.962491320285 
1614, 285.908891679441 
1615, 282.32858073881 
1616, 285.936315295364 
1617, 293.394970888283 
1618, 296.906722644602 
1619, 306.288643044017 
1620, 308.747590693593 
1621, 299.567444021352 
1622, 298.577652650444 
1623, 300.069747056786 
1624, 301.102336754089 
1625, 303.932579314726 
1626, 308.929313087207 
1627, 316.707814385105 
1628, 321.4779646141 
1629, 328.235206757867 
1630, 332.877280077574 
1631, 337.01749293382 
1632, 334.853335877764 
1633, 324.482624561307 
1634, 321.031277899642 
1635, 314.185200970852 
1636, 311.145099225795 
1637, 319.44832583038 
1638, 321.668547284499 
1639, 319.003491578555 
1640, 318.601361077305 
1641, 316.410564730729 
1642, 316.172366320884 
1643, 318.4116663479 
1644, 320.895500445157 
1645, 325.216615111563 
1646, 328.544848796964 
1647, 332.851905577472 
1648, 335.285830852883 
1649, 334.915757263918 
1650, 335.85280632486 
1651, 336.414437150267 
1652, 336.730708993118 
1653, 339.269637864747 
1654, 344.082843817098 
1655, 346.198212951592 
1656, 346.968774899287 
1657, 352.915469740855 
1658, 360.231300072144 
1659, 365.78786349099 
1660, 375.713850973622 
1661, 379.195644492208 
1662, 378.352862350497 
1663, 376.701793601333 
1664, 372.686834061811 
1665, 371.551068364006 
1666, 368.927844332406 
1667, 367.361201821064 
1668, 366.738208164847 
1669, 370.024139161676 
1670, 373.953095617995 
1671, 379.107077846864 
1672, 389.83996041947 
1673, 395.899984115507 
1674, 398.815049700395 
1675, 404.503407413195 
1676, 411.85258766737 
1677, 416.059047210018 
1678, 420.293676640074 
1679, 421.180865946681 
1680, 417.918611854315 
1681, 419.376488162304 
1682, 421.873027860081 
1683, 421.481447496468 
1684, 421.74058880328 
1685, 422.367053431131 
1686, 419.711861186113 
1687, 421.357598758873 
1688, 427.668616396559 
1689, 429.051215319167 
1690, 428.635553883425 
1691, 429.166239630006 
1692, 427.3964210293 
1693, 430.899609520636 
1694, 437.855461701449 
1695, 441.490026534456 
1696, 445.51033939639 
1697, 450.807973713803 
1698, 455.884172532893 
1699, 459.665445618849 
1700, 467.152618933911 
1701, 466.574979284881 
1702, 458.04916590783 
1703, 456.592468433352 
1704, 454.962992295504 
1705, 454.280724208186 
1706, 456.767697734589 
1707, 459.181500406208 
1708, 458.919328904384 
1709, 464.426135693789 
1710, 476.156961767181 
1711, 480.703075721373 
1712, 485.681873455055 
1713, 488.291933752549 
1714, 484.630623085145 
1715, 494.175330013698 
1716, 497.757480021513 
1717, 501.54028083803 
1718, 509.027538970764 
1719, 509.922164281539 
1720, 509.178957277831 
1721, 507.07534952323 
1722, 499.322268770858 
1723, 496.186720184292 
1724, 495.475437245229 
1725, 494.818472537919 
1726, 499.427865362313 
1727, 499.113314116851 
1728, 493.941258332309 
1729, 493.68941925566 
1730, 494.159393050641 
1731, 493.080524562785 
1732, 494.001252560986 
1733, 492.652655825209 
1734, 489.890601256117 
1735, 490.296545325305 
1736, 493.138736810265 
1737, 491.4870555709 
1738, 487.831875521146 
1739, 487.591502755781 
1740, 480.498967532444 
1741, 479.7684448112 
1742, 485.808006223727 
1743, 484.634463326522 
1744, 488.200698625578 
1745, 491.321034792855 
1746, 491.644187371123 
1747, 493.247341538114 
1748, 492.973644324244 
1749, 494.553641542796 
1750, 493.35634173878 
1751, 490.131687437086 
1752, 487.702030662816 
1753, 483.051935276784 
1754, 480.584964619935 
1755, 481.480929586262 
1756, 484.609373818982 
1757, 490.860975398105 
1758, 496.119154480519 
1759, 497.271413736634 
1760, 495.773539529382 
1761, 491.121707817346 
1762, 484.927764264724 
1763, 481.294542138573 
1764, 476.054234139012 
1765, 466.47060960771 
1766, 462.35030643987 
1767, 462.476170899315 
1768, 458.764598024997 
1769, 455.014570833141 
1770, 454.36480490321 
1771, 455.089376792911 
1772, 452.116389167598 
1773, 451.4513719023 
1774, 448.169571687427 
1775, 436.608888456285 
1776, 428.361906852655 
1777, 424.846938624425 
1778, 418.250359953021 
1779, 405.281031541215 
1780, 401.817241360159 
1781, 402.354650142164 
1782, 401.12214148209 
1783, 410.908344055439 
1784, 407.545699494955 
1785, 391.115783787001 
1786, 388.249344913412 
1787, 386.105814595163 
1788, 382.500620537656 
1789, 389.395444834323 
1790, 383.146859927919 
1791, 367.842047650878 
1792, 355.385121577237 
1793, 339.818830899559 
1794, 324.948569757854 
1795, 307.479607366523 
1796, 299.364282055182 
1797, 287.904438814055 
1798, 275.891339548393 
1799, 261.04811243878 
1800, 238.946051870948 
1801, 1426.27744700717 
1802, 1391.91718378716 
1803, 1353.73983687412 
1804, 1322.74455221673 
1805, 1290.25047488718 
1806, 1268.10597526869 
1807, 1243.20607600464 
1808, 1209.53742441901 
1809, 1183.05675941028 
1810, 1133.61790456701 
1811, 1060.08503799831 
1812, 1002.53378241997 
1813, 943.700586534016 
1814, 867.728056205509 
1815, 817.394516849539 
1816, 765.852297727867 
1817, 716.488853746248 
1818, 684.736407440356 
1819, 649.461114939781 
1820, 624.586206877107 
1821, 596.308795667928 
1822, 569.236560119764 
1823, 531.829874946399 
1824, 515.485468753245 
1825, 484.862650029649 
1826, 441.794513904629 
1827, 415.229753849839 
1828, 371.30678943817 
1829, 303.519588534101 
1830, 255.242378014156 
1831, 205.069313525785 
1832, 162.299075492451 
1833, 154.342536099462 
1834, 147.283637690173 
1835, 136.710200469991 
1836, 133.996076599081 
1837, 114.355152843486 
1838, 108.820374821511 
1839, 101.842969894261 
1840, 96.1296570344633 
1841, 93.4704979811046 
1842, 98.0198265575501 
1843, 92.8044629181487 
1844, 78.3277568520329 
1845, 84.5209354480013 
1846, 82.0797532847157 
1847, 81.6223474989102 
1848, 94.8472997312623 
1849, 100.730106666021 
1850, 101.376398987111 
1851, 97.5911020346747 
1852, 85.7752316816208 
1853, 66.9276718666617 
1854, 55.2258545541846 
1855, 40.4734575239313 
1856, 28.5384209349426 
1857, 36.7165459863563 
1858, 45.7159562950851 
1859, 54.728968060601 
1860, 71.4992174428209 
1861, 88.1142950858954 
1862, 94.7002333361316 
1863, 111.601823117503 
1864, 131.45679883025 
1865, 141.395639264138 
1866, 150.789027140749 
1867, 153.135527400574 
1868, 135.75992329745 
1869, 129.508694646975 
1870, 126.671364309789 
1871, 126.838570894665 
1872, 110.078303575573 
1873, 116.925514904885 
1874, 120.230128391349 
1875, 103.005673319429 
1876, 116.74725656127 
1877, 120.465273809883 
1878, 111.653417492001 
1879, 126.976444098588 
1880, 136.222086981091 
1881, 138.008290466422 
1882, 153.348497586808 
1883, 175.538319952277 
1884, 181.260376237147 
1885, 178.493499327741 
1886, 162.613053415079 
1887, 165.887240434249 
1888, 165.823678684285 
1889, 164.833408224666 
1890, 168.980908211316 
1891, 162.363539388294 
1892, 137.197092427401 
1893, 119.114651946497 
1894, 115.598685642377 
1895, 111.42238076296 
1896, 101.882887865622 
1897, 100.264859320131 
1898, 99.3240908792639 
1899, 88.7217616244385 
1900, 80.9404360560744 
1901, 81.1836216533364 
1902, 71.6657970745899 
1903, 48.3940614866525 
1904, 42.0916523177462 
1905, 41.5917727160523 
1906, 28.1244088582853 
1907, 33.0882090551438 
1908, 46.1037714484032 
1909, 38.680772889658 
1910, 36.2247129738169 
1911, 36.6271130528234 
1912, 26.187465960354 
1913, 19.6658503485476 
1914, 16.0043953472976 
1915, 30.4635408828048 
1916, 28.3251287854753 
1917, 37.8062879500928 
1918, 56.7454703183102 
1919, 70.39312569845 
1920, 73.5925735471927 
1921, 70.6357603405921 
1922, 60.5095475626961 
1923, 21.6438967710431 
1924, 10.2979313040251 
1925, 6.99579017306941 
1926, 5.44333918358403 
1927, 19.6145897108705 
1928, 40.5809188421677 
1929, 38.1679389556071 
1930, 42.8203366264774 
1931, 57.1347748189527 
1932, 76.9869896969686 
1933, 89.7332712770021 
1934, 114.199136253046 
1935, 123.410462026242 
1936, 125.569369363895 
1937, 110.972560006309 
1938, 91.8158804747993 
1939, 84.358890636398 
1940, 72.1097255217872 
1941, 33.7368128387361 
1942, 25.417712246817 
1943, 24.8735814916633 
1944, 23.7049514416688 
1945, 40.2795369687295 
1946, 49.2214650956675 
1947, 52.0257514425543 
1948, 53.307830964476 
1949, 49.7173787051787 
1950, 48.0279132108185 
1951, 65.2027497248081 
1952, 77.7187947818264 
1953, 70.0820109497298 
1954, 65.0826485775391 
1955, 62.4082025936437 
1956, 32.2538892900235 
1957, 32.9045614404244 
1958, 79.0553915098981 
1959, 82.4987953610042 
1960, 63.1380974063712 
1961, 62.252187193889 
1962, 65.0528867258694 
1963, 51.017157781917 
1964, 58.4767759169248 
1965, 75.3089127538725 
1966, 65.1922100563671 
1967, 24.1795935191288 
1968, 11.5688296710309 
1969,-4.9996743636019 
1970,-11.9895049265093 
1971, 1.55842310254166 
1972, 1.96667440217369 
1973,-8.75793124017104 
1974,-0.460158289451924 
1975, 0.815788864054304 
1976, 13.0238672534048 
1977, 40.0187223999952 
1978, 36.7980060777254 
1979, 35.9666095004881 
1980, 31.7445240047216 
1981, 18.7121054227643 
1982,-16.2996926733272 
1983,-25.8405985811795 
1984,-28.6531328455981 
1985,-31.5576088744395 
1986,-25.4097396091586 
1987,-11.857969745933 
1988,-3.50496016547987 
1989,-0.256951162056041 
1990, 5.59429673281247 
1991, 18.0002296422386 
1992, 21.5029740274865 
1993, 15.6317110357742 
1994, 16.2400034465808 
1995, 23.3784672076074 
1996, 19.7801501194196 
1997, 3.89250037374597 
1998, 9.60008753595887 
1999,-4.82194242451645 
2000,-24.060325678868 
2001,-17.4494574077437 
2002,-24.3675671437617 
2003,-8.80500567776974 
2004, 38.7113836793993 
2005, 53.1707439965968 
2006, 71.333029119572 
2007, 72.5862773033702 
2008, 39.9912490535766 
2009, 20.8201132574884 
2010,-0.28588966607342 
2011,-19.4515933252333 
2012,-38.2136346401952 
2013,-26.7516070158285 
2014,-24.8147411185819 
2015,-12.99820746798 
2016,-7.68031663659064 
2017,-7.8843246007895 
2018,-1.58513810745472 
2019, 6.20595063064405 
2020, 17.5264576715919 
2021, 44.4961990028292 
2022, 53.6471135336965 
2023, 54.1444280758361 
2024, 56.4907090283393 
2025, 51.5924836302771 
2026, 49.707457692064 
2027, 40.2717481991904 
2028, 23.971691300222 
2029, 24.8534570591625 
2030, 14.4816959300576 
2031, 27.7894776916118 
2032, 86.9446594667852 
2033, 105.327400521862 
2034, 120.726957338136 
2035, 122.779496624288 
2036, 83.0515373705028 
2037, 68.8508253349758 
2038, 58.4512929950391 
2039, 55.9435761365051 
2040, 56.3062069132346 
2041, 76.0967277922984 
2042, 73.0561166373213 
2043, 57.8962637907803 
2044, 50.0164058150931 
2045, 34.958634541477 
2046, 29.7542223123806 
2047, 36.9144394949031 
2048, 35.583347086853 
2049, 32.4173859076125 
2050, 26.4375612777854 
2051, 7.89518635104552 
2052, 2.26268705648476 
2053, 6.07909033553745 
2054, 22.1182794957339 
2055, 32.8703306892594 
2056, 63.9042536358281 
2057, 65.1401660845056 
2058, 39.7126915802071 
2059, 37.4747943387543 
2060, 32.7145499139334 
2061, 31.3112467610835 
2062, 50.6508434140025 
2063, 57.4387075453175 
2064, 56.7222208858968 
2065, 51.7759768687875 
2066, 43.4650675394293 
2067, 28.2069046585359 
2068, 20.6759909921865 
2069, 5.88463246891745 
2070, 9.09429614727887 
2071, 26.0436115841625 
2072, 36.1178449727353 
2073, 56.045378743866 
2074, 63.3381753786126 
2075, 70.7855669247134 
2076, 66.2932629249231 
2077, 41.7594868352661 
2078, 33.463469949991 
2079, 22.369099365949 
2080, 13.9036047648652 
2081, 8.28044897108781 
2082, 15.9292644191006 
2083, 26.4924966282106 
2084, 41.7550408064093 
2085, 54.0994260576609 
2086, 79.4493861192559 
2087, 88.1995388812239 
2088, 89.4232303695152 
2089, 82.870931821446 
2090, 59.8700348895903 
2091, 52.3637390214416 
2092, 40.0862846888138 
2093, 36.3559727825106 
2094, 50.6638149505055 
2095, 57.5126707894726 
2096, 67.7459264585294 
2097, 64.955440821789 
2098, 69.7210016828827 
2099, 75.0136151800936 
2100, 83.0381373617202 
2101, 98.8544169332853 
2102, 98.7272624282797 
2103, 89.5504574336357 
2104, 87.0004915917572 
2105, 78.3238026248911 
2106, 71.859393244276 
2107, 61.4927428947871 
2108, 67.4296544005494 
2109, 81.4705283344076 
2110, 91.758074617456 
2111, 115.704827466031 
2112, 141.028338685223 
2113, 145.937494889233 
2114, 147.66763946432 
2115, 150.193591974172 
2116, 148.671343059731 
2117, 153.988503286448 
2118, 159.701345232072 
2119, 168.610606651887 
2120, 186.884387641723 
2121, 192.988285921503 
2122, 192.691562911744 
2123, 194.990972690141 
2124, 186.508451512317 
2125, 192.179373864765 
2126, 208.258145765697 
2127, 223.033677838521 
2128, 254.71762543998 
2129, 269.637381966847 
2130, 272.562864717169 
2131, 262.80700401713 
2132, 264.576064823918 
2133, 253.238358976544 
2134, 260.081280770852 
2135, 287.826158201326 
2136, 297.326301846292 
2137, 305.009899524428 
2138, 306.354142257049 
2139, 291.549008827647 
2140, 293.261822245304 
2141, 304.054784447401 
2142, 307.887116649412 
2143, 312.45229965058 
2144, 320.953604687107 
2145, 326.264062683295 
2146, 329.142624263927 
2147, 343.889664627814 
2148, 382.867383288526 
2149, 405.062174096636 
2150, 435.414719680528 
2151, 444.020434928737 
2152, 438.339322941434 
2153, 435.141979047586 
2154, 414.896098031914 
2155, 411.626178361081 
2156, 405.074247233561 
2157, 419.823023711093 
2158, 467.049086839165 
2159, 484.442809546079 
2160, 509.383322172317 
2161, 518.663360460212 
2162, 484.198031333852 
2163, 479.286890174168 
2164, 500.645696167927 
2165, 496.974952575262 
2166, 497.803580301755 
2167, 501.874027086342 
2168, 513.729523119232 
2169, 515.457464017931 
2170, 538.465427556669 
2171, 594.271666500315 
2172, 616.357071575156 
2173, 630.865347724842 
2174, 640.404061005453 
2175, 630.888780817816 
2176, 633.37051114634 
2177, 634.451136617325 
2178, 641.457751281167 
2179, 655.158502785443 
2180, 666.397604161721 
2181, 681.843928028793 
2182, 696.022979692193 
2183, 717.684008910454 
2184, 720.612053501264 
2185, 722.907244336777 
2186, 735.16250029965 
2187, 744.461777341414 
2188, 749.310123365707 
2189, 765.710786220549 
2190, 793.584267770148 
2191, 806.994323529549 
2192, 818.208371343985 
2193, 828.668385468468 
2194, 832.044035526159 
2195, 838.168431714219 
2196, 857.778972833252 
2197, 856.024079950652 
2198, 833.566443534977 
2199, 822.397344687369 
2200, 790.676580477441 
2201, 785.354007739709 
2202, 800.265332483855 
2203, 818.272881208716 
2204, 850.800128344327 
2205, 892.351862861371 
2206, 914.45507191208 
2207, 938.603259427964 
2208, 953.077517078095 
2209, 956.016211644982 
2210, 960.725826998109 
2211, 954.816184367743 
2212, 967.677835850198 
2213, 986.817289795387 
2214, 1002.92036172504 
2215, 1038.94812814633 
2216, 1051.04961311903 
2217, 1038.89959503503 
2218, 1045.51983057177 
2219, 1056.51949572781 
2220, 1061.94970100535 
2221, 1073.39475329609 
2222, 1081.70271664147 
2223, 1084.75603382653 
2224, 1084.17946047131 
2225, 1078.08819445854 
2226, 1080.34857462626 
2227, 1087.12026994696 
2228, 1081.15659320598 
2229, 1092.03402859033 
2230, 1104.66250888251 
2231, 1110.65802221314 
2232, 1109.27402576015 
2233, 1117.91246840919 
2234, 1129.98416615189 
2235, 1137.70257678862 
2236, 1155.42055908207 
2237, 1154.49985280623 
2238, 1135.39466724153 
2239, 1132.4684646085 
2240, 1132.48236332934 
2241, 1122.32271433677 
2242, 1114.51276789434 
2243, 1104.90825620951 
2244, 1080.5930398141 
2245, 1067.52972076999 
2246, 1065.84132252209 
2247, 1059.18653057442 
2248, 1045.03128337376 
2249, 1041.96805132636 
2250, 1052.28986330582 
2251, 1052.49328769708 
2252, 1058.0015718434 
2253, 1054.04922427561 
2254, 1045.36513586427 
2255, 1027.11748981632 
2256, 1009.35088285775 
2257, 997.668075004361 
2258, 981.333594334562 
2259, 959.639124756455 
2260, 942.558271773824 
2261, 925.694647206835 
2262, 913.853053806027 
2263, 909.286799552672 
2264, 893.484223111057 
2265, 873.112038122475 
2266, 857.932844615732 
2267, 829.119298344966 
2268, 822.450595352681 
2269, 848.078550686821 
2270, 841.799142613204 
2271, 832.086495981908 
2272, 814.659258549229 
2273, 765.250232059547 
2274, 737.640634344845 
2275, 716.580882039774 
2276, 700.373979216462 
2277, 698.29546268123 
2278, 688.499933338585 
2279, 685.564761230807 
2280, 672.490036664577 
2281, 644.052969048274 
2282, 624.380342081776 
2283, 610.142308439822 
2284, 589.009728470459 
2285, 598.884571876431 
2286, 614.484701003993 
2287, 608.572804615865 
2288, 599.837400506884 
2289, 588.011421122669 
2290, 555.936269446929 
2291, 541.936212260464 
2292, 543.149651739023 
2293, 528.87754722354 
2294, 508.889742811806 
2295, 494.479637775793 
2296, 474.238385047016 
2297, 462.17142253863 
2298, 452.558214481944 
2299, 448.720149064592 
2300, 452.643783175921 
2301, 451.285720589872 
2302, 461.680127651982 
2303, 457.736960967126 
2304, 437.738265924499 
2305, 428.375154106776 
2306, 413.038916656056 
2307, 408.523995803382 
2308, 423.45959593442 
2309, 419.818719021842 
2310, 423.561242319559 
2311, 404.120409474026 
2312, 344.497777301117 
2313, 312.625233476222 
2314, 283.170250799335 
2315, 255.414854278581 
2316, 236.483824130634 
2317, 236.153249765186 
2318, 234.907778619248 
2319, 221.414422162849 
2320, 215.016972083656 
2321, 221.301726677656 
2322, 217.899690108607 
2323, 212.060281472946 
2324, 204.030969769051 
2325, 188.829152534175 
2326, 182.181539517645 
2327, 173.705331301115 
2328, 178.349561833474 
2329, 204.061830141518 
2330, 209.280858618129 
2331, 208.068260578898 
2332, 215.327430514429 
2333, 222.575730354432 
2334, 225.662924847975 
2335, 237.284536048392 
2336, 232.633965191387 
2337, 205.127767558971 
2338, 200.560035417265 
2339, 202.916943007431 
2340, 204.914037203658 
2341, 222.170446772551 
2342, 217.809361858736 
2343, 199.014798164153 
2344, 186.940199577741 
2345, 167.325102712457 
2346, 159.25871716091 
2347, 163.197929824294 
2348, 157.313267922032 
2349, 144.558311331927 
2350, 141.183507089143 
2351, 145.967167511831 
2352, 133.972289334673 
2353, 112.332876277358 
2354, 108.962623557186 
2355, 93.0218157155759 
2356, 97.3582037216611 
2357, 149.435098072795 
2358, 159.071069271323 
2359, 148.72439554568 
2360, 143.534601545778 
2361, 110.776520634756 
2362, 96.808429327828 
2363, 96.658352441442 
2364, 98.1299545438665 
2365, 106.297735869806 
2366, 104.106987615682 
2367, 85.1704144828053 
2368, 81.7751873871411 
2369, 77.6563032890887 
2370, 77.2069083070063 
2371, 79.0470725169751 
2372, 63.5620756402191 
2373, 36.05668835062 
2374, 25.7422703801649 
2375, 27.7342047136891 
2376, 31.3796258322807 
2377, 48.043622761075 
2378, 50.6939421844881 
2379, 39.254265178604 
2380, 31.5990073731698 
2381, 10.3140964489495 
2382,-3.26384025252189E-02 
2383, 25.7237091265578 
2384, 42.1512549876539 
2385, 49.5916663149358 
2386, 67.0225800967854 
2387, 62.8150329020504 
2388, 72.651632269199 
2389, 122.775062677407 
2390, 154.995979992347 
2391, 161.770600682559 
2392, 160.040358464694 
2393, 142.593520660787 
2394, 108.547987727597 
2395, 81.912528676895 
2396, 77.619377584855 
2397, 56.014574259919 
2398, 35.8857073850536 
2399, 41.3805337613557 
2400, 45.8097740458138 
2401, 60.2477216244762 
2402, 69.2471902640067 
2403, 66.4436514628922 
2404, 50.8732001386996 
2405, 50.4844996297979 
2406, 56.9673310517089 
2407, 65.6037024228561 
2408, 88.5401351661201 
2409, 90.5019926629351 
2410, 75.5793188521038 
2411, 68.5008918461084 
2412, 57.6960046694105 
2413, 50.7158615618345 
2414, 55.0964090162745 
2415, 49.7715719511192 
2416, 29.8409265175634 
2417, 21.970148030871 
2418, 18.1833693132269 
2419, 13.0190017943232 
2420, 13.5816278784779 
2421, 14.8377267374677 
2422, 13.0174348326246 
2423, 16.8487945668446 
2424, 33.6485346160398 
2425, 27.9348808338249 
2426, 8.96316602538927 
2427, 4.51044950882035 
2428,-6.97325317058202 
2429,-11.2739175359603 
2430,-6.41774014253581 
2431, 5.72793651155725 
2432, 22.4130285420351 
2433, 29.7525323700347 
2434, 49.83021152479 
2435, 48.814052328044 
2436, 22.4072368693841 
2437, 15.2686706158076 
2438, 18.9834161091431 
2439, 20.7629467440576 
2440, 22.7219829741607 
2441, 29.4481580158678 
2442, 28.4005335114923 
2443, 34.4234894389415 
2444, 53.5044429680543 
2445, 44.7564101530241 
2446, 59.1690689753166 
2447, 40.9894916884337 
2448, 21.2423513034641 
2449, 25.3321510034235 
2450, 6.72175266079635E-02 
2451,-2.81618378158521 
2452, 36.6187164166005 
2453, 53.5597831668743 
2454, 79.4506100623956 
2455, 94.2932492340778 
2456, 61.958204077949 
2457, 38.5963584207074 
2458, 37.0218489272011 
2459, 41.9719037573477 
2460, 71.1014619263348 
2461, 83.4065278231121 
2462, 69.7866575830479 
2463, 64.0163133991845 
2464, 52.675888641969 
2465, 55.421195418665 
2466, 59.2997335809083 
2467, 56.3150298532839 
2468, 39.508667982241 
2469, 15.241413106266 
2470, 22.4345501861197 
2471, 27.4351643926917 
2472, 31.3423997979945 
2473, 52.908315890624 
2474, 57.3024789395964 
2475, 47.6270208875238 
2476, 41.3385755872759 
2477, 22.647094749571 
2478, 4.11862762917699 
2479, 12.8188347257382 
2480, 34.8738376982151 
2481, 46.9214770677602 
2482, 52.0411830068325 
2483, 39.896617532808 
2484, 14.7896308342853 
2485, 5.20390012491813 
2486,-0.250882017145491 
2487, 1.08566658002601 
2488,-2.71681423154079 
2489,-22.2295260925768 
2490,-26.888688157388 
2491,-29.9262957367024 
2492,-32.5372465836686 
2493,-22.8005166920705 
2494,-19.7770651490877 
2495,-16.0693662144853 
2496,-8.12910009865111 
2497,-8.71963702047589E-02 
2498, 17.4873153050599 
2499, 46.5850766293634 
2500, 56.9012312745262 
