Wavelength,0212202100102.asd
350, 2834.35301830595 
351, 2980.12862964738 
352, 3115.91431364288 
353, 3231.01191547514 
354, 3340.93306452619 
355, 3456.18684636813 
356, 3580.74717958336 
357, 3704.24958754765 
358, 3830.98697134057 
359, 3964.94003623318 
360, 4112.6827654741 
361, 4293.29203792654 
362, 4501.80806749881 
363, 4728.89473996169 
364, 4963.05669345263 
365, 5197.59848520566 
366, 5421.77280174297 
367, 5620.3016280384 
368, 5771.54961716285 
369, 5859.39947018265 
370, 5889.31742612563 
371, 5879.97264011405 
372, 5857.16118847988 
373, 5845.41468741776 
374, 5851.91521907017 
375, 5869.19200271839 
376, 5883.09053566762 
377, 5889.25288002873 
378, 5876.79237795115 
379, 5825.00660242344 
380, 5755.66597076472 
381, 5676.53464859621 
382, 5588.51380952083 
383, 5481.48936365844 
384, 5371.04673199737 
385, 5292.19922913992 
386, 5288.44913997357 
387, 5395.84468754221 
388, 5554.0635668578 
389, 5693.5584368286 
390, 5752.61029191566 
391, 5816.52861329817 
392, 5880.9891541224 
393, 5933.6083033765 
394, 5974.203869461 
395, 6094.26635055911 
396, 6335.55240267102 
397, 6713.79410449127 
398, 7242.53244576492 
399, 7846.32991961023 
400, 8468.40144898861 
401, 9074.71901313662 
402, 9651.55022913403 
403, 10126.2388041887 
404, 10467.9786065857 
405, 10734.0570067411 
406, 10943.8468814557 
407, 11130.1654937345 
408, 11333.4521524468 
409, 11610.1954222347 
410, 11945.1104506416 
411, 12317.190541506 
412, 12702.8721229036 
413, 13086.7667388189 
414, 13466.4989699933 
415, 13831.465843605 
416, 14151.4920924252 
417, 14454.8635400058 
418, 14766.1599441973 
419, 15091.8498791852 
420, 15372.1020642984 
421, 15655.8691468282 
422, 15967.4694250994 
423, 16303.9163559486 
424, 16613.5699711654 
425, 16857.4302982518 
426, 17001.1896913548 
427, 17010.0935608296 
428, 16945.4622642527 
429, 16955.8882617574 
430, 17160.9494512595 
431, 17465.4385123254 
432, 17866.6324341033 
433, 18456.8355831978 
434, 19357.7307729068 
435, 20318.3785360107 
436, 21052.810092314 
437, 21501.2796775989 
438, 21977.4409107455 
439, 22467.6110381691 
440, 22929.0365800213 
441, 23344.2995636161 
442, 23882.1539211057 
443, 24453.4253881667 
444, 24979.7916611904 
445, 25404.7445853797 
446, 25746.2673951644 
447, 26052.718699186 
448, 26377.5355439831 
449, 26782.8227256137 
450, 27127.9642450829 
451, 27314.0022411138 
452, 27302.0168727648 
453, 27230.604639602 
454, 27075.6295821275 
455, 26878.0374031466 
456, 26738.2465689112 
457, 26705.8851051551 
458, 26713.6821748818 
459, 26692.5177434988 
460, 26619.430685127 
461, 26511.0277904538 
462, 26394.4937594605 
463, 26284.1729616776 
464, 26108.2955558387 
465, 25837.1724328143 
466, 25503.7094070536 
467, 25199.5742978764 
468, 24942.476257692 
469, 24747.1817798031 
470, 24622.051598374 
471, 24578.3460766983 
472, 24545.8818832643 
473, 24532.9365720387 
474, 24569.7043569955 
475, 24560.736199773 
476, 24530.6490983984 
477, 24509.7551408036 
478, 24520.6989605973 
479, 24600.0564450424 
480, 24713.2714975475 
481, 24796.4642115582 
482, 24776.1477343369 
483, 24595.214560889 
484, 24212.9466549355 
485, 23634.0528871881 
486, 23070.4445713811 
487, 22668.6878686245 
488, 22545.7714153967 
489, 22801.7182737067 
490, 23220.354449564 
491, 23569.4400240364 
492, 23694.6139629612 
493, 23738.4352956778 
494, 23802.2286276648 
495, 23933.23115267 
496, 24116.7958463744 
497, 24175.1467721072 
498, 24109.0286397408 
499, 23957.7359687348 
500, 23755.1347684483 
501, 23599.4955616355 
502, 23534.2270425058 
503, 23580.4125311529 
504, 23795.5317594546 
505, 24100.4454690956 
506, 24412.8568091674 
507, 24661.2334946633 
508, 24846.5168762862 
509, 24992.3525607576 
510, 25132.615697728 
511, 25316.8470469624 
512, 25446.5672120068 
513, 25473.4490224323 
514, 25382.5600678404 
515, 25174.9579370483 
516, 24894.0052820702 
517, 24617.3326761616 
518, 24454.5330314296 
519, 24654.1953348318 
520, 25244.3786914932 
521, 26087.0241526431 
522, 26791.0399485506 
523, 27313.406776572 
524, 27678.6512544495 
525, 27956.0548508223 
526, 28076.701230423 
527, 28121.8453276932 
528, 28262.897016324 
529, 28827.4822722088 
530, 29565.6060035495 
531, 30190.3943946155 
532, 30466.825775558 
533, 30557.933271873 
534, 30692.890869296 
535, 30996.626061453 
536, 31462.8391627182 
537, 31800.9524814248 
538, 31959.4993234005 
539, 31981.2801913116 
540, 31968.2399922148 
541, 31994.1885261646 
542, 32154.6537635426 
543, 32522.5865677633 
544, 32952.7703021113 
545, 33330.8457203776 
546, 33593.781897965 
547, 33745.9176860516 
548, 33844.74116964 
549, 33960.3237701609 
550, 34137.5149722315 
551, 34320.128882638 
552, 34458.6487475444 
553, 34558.7801973175 
554, 34668.3742052849 
555, 34749.50319271 
556, 34718.7346886395 
557, 34530.4146454621 
558, 34214.5155381086 
559, 33939.5278857654 
560, 33811.6743177873 
561, 33873.3849528217 
562, 34026.3714534654 
563, 34115.2752373701 
564, 34063.7501119967 
565, 33895.576160491 
566, 33658.581753146 
567, 33414.2842299886 
568, 33201.2497433101 
569, 32991.1568283566 
570, 32716.3383158706 
571, 32453.5830961848 
572, 32356.5071824088 
573, 32378.1307911784 
574, 32364.7389124489 
575, 32217.0282584904 
576, 31942.3705801549 
577, 31688.2637746541 
578, 31553.9186691349 
579, 31593.5995605335 
580, 31762.6827059898 
581, 32059.4112249087 
582, 32419.8549387019 
583, 32723.5408462006 
584, 32916.4871749227 
585, 32917.0153512302 
586, 32713.4686655723 
587, 32452.2305508453 
588, 32127.7536042939 
589, 31689.4405303712 
590, 31137.8015768367 
591, 30936.7083363161 
592, 31078.4467135802 
593, 31348.4558591632 
594, 31339.3261987888 
595, 31183.6879589243 
596, 30961.3892550094 
597, 30728.7409159786 
598, 30474.753038925 
599, 30163.3673379089 
600, 29822.388202286 
601, 29523.4654750895 
602, 29288.2971415383 
603, 29159.3056343317 
604, 29137.3818686722 
605, 29161.0210770617 
606, 29095.3576436655 
607, 28931.4576398058 
608, 28719.0769000798 
609, 28512.1780248622 
610, 28313.6841385529 
611, 28132.7869964298 
612, 27983.8943806684 
613, 27825.474164353 
614, 27638.6823789145 
615, 27434.2432759371 
616, 27275.094833698 
617, 27172.8004976625 
618, 27166.0695065293 
619, 27278.3458011512 
620, 27399.4393507248 
621, 27410.2149994099 
622, 27271.1043696083 
623, 27040.8980021739 
624, 26777.1228757756 
625, 26523.3247851791 
626, 26303.2116792333 
627, 26105.5030303087 
628, 25908.9488078219 
629, 25722.522437804 
630, 25583.9006827201 
631, 25592.0284002369 
632, 25684.3398863637 
633, 25800.6761512333 
634, 25925.2271376303 
635, 26021.2126840877 
636, 26087.9151569194 
637, 26133.4076546356 
638, 26144.6563831452 
639, 26103.1346703226 
640, 25989.2821069672 
641, 25793.920672704 
642, 25639.1669591304 
643, 25546.2364391657 
644, 25487.2000308645 
645, 25379.3415503564 
646, 25209.6238177743 
647, 24997.1865225603 
648, 24782.3548198604 
649, 24607.3078786396 
650, 24473.04876085 
651, 24401.2480017217 
652, 24427.6991561152 
653, 24371.7135571556 
654, 24102.4642011437 
655, 23594.9048888538 
656, 23001.2396688828 
657, 22568.1872773686 
658, 22564.939010451 
659, 23132.9315458448 
660, 23720.8670722207 
661, 24059.4755951168 
662, 24126.2665304459 
663, 24156.8596238822 
664, 24131.4267751811 
665, 24089.7971728407 
666, 24067.5588637713 
667, 24070.8057676494 
668, 24059.8198536657 
669, 24033.5072316128 
670, 24008.6885338161 
671, 23956.0907950008 
672, 23894.4517904837 
673, 23852.8049542575 
674, 23866.2721658458 
675, 23892.0398921391 
676, 23910.1581420431 
677, 23914.5428772657 
678, 23922.553352059 
679, 23925.6598600122 
680, 23919.2033827392 
681, 23901.2417229095 
682, 23880.6518936513 
683, 23821.784336986 
684, 23617.4886574235 
685, 23072.3089069432 
686, 22105.0465501834 
687, 20803.3201426387 
688, 19483.419988822 
689, 18919.175205812 
690, 19306.7794707355 
691, 20288.6650182219 
692, 21177.2763650496 
693, 21951.6703447955 
694, 22513.028504537 
695, 22854.315889626 
696, 23089.7180538371 
697, 23294.2208682709 
698, 23433.6759335166 
699, 23460.6713231493 
700, 23403.3848564149 
701, 23347.0296993857 
702, 23349.9391169684 
703, 23444.9830367625 
704, 23641.410750084 
705, 23870.6328540539 
706, 24066.7085187394 
707, 24183.2417096176 
708, 24277.1588402502 
709, 24361.0597665135 
710, 24435.9627949299 
711, 24507.8376507112 
712, 24558.2249943057 
713, 24575.0355807827 
714, 24542.5417716604 
715, 24412.1904128932 
716, 24076.1558931684 
717, 23486.9545230017 
718, 22683.111428269 
719, 22013.3343766271 
720, 21764.1560790214 
721, 22046.2243488219 
722, 22647.7742746507 
723, 23068.7045392715 
724, 23135.4199739479 
725, 22936.638313432 
726, 22883.399102823 
727, 22949.0454697615 
728, 23055.6019205899 
729, 23122.3145609157 
730, 23283.8039749977 
731, 23573.5666287601 
732, 23972.594886701 
733, 24410.2851904564 
734, 24793.5830283703 
735, 25043.4904011583 
736, 25121.5410683953 
737, 25104.8741649336 
738, 25073.4655969301 
739, 25046.9679570003 
740, 24996.8421973685 
741, 24983.3267629223 
742, 25019.950167698 
743, 25099.8920324198 
744, 25199.5627441119 
745, 25269.7462040894 
746, 25300.3687317162 
747, 25295.8896645797 
748, 25257.5833988992 
749, 25171.9693523856 
750, 25056.4774188634 
751, 24950.0195498996 
752, 24891.0289235789 
753, 24869.3329434399 
754, 24859.624532079 
755, 24824.8282832736 
756, 24695.4969845353 
757, 24171.9540960414 
758, 22773.7865966979 
759, 19684.8726849263 
760, 15138.5565733005 
761, 10665.5319203182 
762, 8125.0358946473 
763, 8071.27412827875 
764, 9359.83126508041 
765, 11400.2124252875 
766, 14110.8775834473 
767, 17082.4906825158 
768, 19670.8282674489 
769, 21476.4176272487 
770, 22492.4824915428 
771, 22990.568652506 
772, 23179.9430146485 
773, 23222.5177617982 
774, 23204.5700801548 
775, 23140.954500067 
776, 23058.7053235463 
777, 22977.8646670416 
778, 22877.6761009445 
779, 22756.1181920889 
780, 22630.5432685035 
781, 22528.8652276612 
782, 22419.8710998603 
783, 22291.7182578547 
784, 22146.777372254 
785, 22003.8212021601 
786, 21858.3427319326 
787, 21690.3254469983 
788, 21483.7004139664 
789, 21242.7882143909 
790, 20989.2670542417 
791, 20732.7537175826 
792, 20479.3475279949 
793, 20242.6919720647 
794, 20049.7585921378 
795, 19918.2257689006 
796, 19849.7842930257 
797, 19795.8866993195 
798, 19714.0407671253 
799, 19580.2494033914 
800, 19394.3034202938 
801, 19189.968155277 
802, 19000.3552344597 
803, 18840.1781220972 
804, 18686.7345542095 
805, 18554.4236035991 
806, 18433.0662098717 
807, 18300.1922345984 
808, 18125.0215354639 
809, 17907.8282242939 
810, 17662.7703046839 
811, 17402.1603184221 
812, 17086.2327583119 
813, 16671.0009839598 
814, 16152.254667197 
815, 15572.1751568777 
816, 15035.1935244849 
817, 14618.2171313281 
818, 14368.2977217908 
819, 14297.54145815 
820, 14288.7903278643 
821, 14249.3278914641 
822, 14140.4120465807 
823, 14014.9097838809 
824, 13930.9730883434 
825, 13947.4859354223 
826, 14053.908098699 
827, 14034.1364110985 
828, 13883.6169005809 
829, 13675.8144284426 
830, 13514.8615947747 
831, 13413.1016366112 
832, 13341.2541336622 
833, 13283.8636302984 
834, 13241.9081714815 
835, 13227.5259024793 
836, 13223.2611017585 
837, 13203.8468429724 
838, 13142.6148058373 
839, 13049.4701357008 
840, 12935.1781012413 
841, 12808.4222551007 
842, 12672.7091318815 
843, 12530.901239026 
844, 12390.0537974795 
845, 12254.5195630184 
846, 12123.976481879 
847, 11959.8762041269 
848, 11759.9434684794 
849, 11538.152457016 
850, 11313.9493315435 
851, 11055.0035623835 
852, 10787.7080188698 
853, 10561.805642167 
854, 10391.2562561855 
855, 10252.1334329568 
856, 10183.4300314512 
857, 10241.144911933 
858, 10338.4614684255 
859, 10358.9256767684 
860, 10278.9949521239 
861, 10159.5536999208 
862, 10023.0076492103 
863, 9847.33934097627 
864, 9632.20258147492 
865, 9409.0051250664 
866, 9199.10115366375 
867, 9019.11781875895 
868, 8897.2162324739 
869, 8875.20016118716 
870, 8889.18203651447 
871, 8873.23999180256 
872, 8796.51422923076 
873, 8688.55942232312 
874, 8570.26250979126 
875, 8452.31051694687 
876, 8338.13533947488 
877, 8224.55072256083 
878, 8115.40338051009 
879, 8006.72719262762 
880, 7895.30906168242 
881, 7786.83210249772 
882, 7676.67211560419 
883, 7571.32772283313 
884, 7476.16084614237 
885, 7381.42526537435 
886, 7277.49754496421 
887, 7168.56327605196 
888, 7062.78315756484 
889, 6958.07628783201 
890, 6852.9668118918 
891, 6737.26874172261 
892, 6597.62920664378 
893, 6426.0654336762 
894, 6229.31554982475 
895, 6011.62439042923 
896, 5778.45972944393 
897, 5545.03053265597 
898, 5326.57399078701 
899, 5144.8366155132 
900, 5019.96330908019 
901, 4950.66816522348 
902, 4920.59402917044 
903, 4909.59913960104 
904, 4897.10904462909 
905, 4869.27159397821 
906, 4815.87109984286 
907, 4727.40190393952 
908, 4601.86326184286 
909, 4468.05476180737 
910, 4353.4257771084 
911, 4269.4920212392 
912, 4211.92592280476 
913, 4164.4250223366 
914, 4119.56102873905 
915, 4074.37825397852 
916, 4031.28188705552 
917, 4004.6464089774 
918, 3986.53660256896 
919, 3969.67437902074 
920, 3949.6318914375 
921, 3926.67577385582 
922, 3895.42689911851 
923, 3846.48114895107 
924, 3770.61738388627 
925, 3671.95974603915 
926, 3554.90061514816 
927, 3414.98066888046 
928, 3243.38570599209 
929, 3041.68814919345 
930, 2813.83788981324 
931, 2573.85959556709 
932, 2342.04441290929 
933, 2133.91931758116 
934, 1969.76266216349 
935, 1860.46466877386 
936, 1805.61876336076 
937, 1789.93902471809 
938, 1803.10674168885 
939, 1827.96056944725 
940, 1848.77466748042 
941, 1868.47247836816 
942, 1875.42213993735 
943, 1859.95869237681 
944, 1819.85980755456 
945, 1768.28440123072 
946, 1727.10330223844 
947, 1702.17392507283 
948, 1690.40473284327 
949, 1687.58314075963 
950, 1685.93517691012 
951, 1681.62765867521 
952, 1673.85929279572 
953, 1664.42899363802 
954, 1654.08895005642 
955, 1646.08827438652 
956, 1641.77634385261 
957, 1637.84773035352 
958, 1635.04901102705 
959, 1633.30214122771 
960, 1633.58543770767 
961, 1638.08836118684 
962, 1639.23260917021 
963, 1641.94961401958 
964, 1648.27747479099 
965, 1654.02187626255 
966, 1658.29975052155 
967, 1658.1322875999 
968, 1652.64505952581 
969, 1643.38823758239 
970, 1633.00930339936 
971, 1619.12404810495 
972, 1598.28038119394 
973, 1568.7234550456 
974, 1536.85248356981 
975, 1503.04072844113 
976, 1470.02008993276 
977, 1440.76699141138 
978, 1414.69610281306 
979, 1395.43645236211 
980, 1380.04621226867 
981, 1364.23167956259 
982, 1346.91724352787 
983, 1328.80318848314 
984, 1308.8149254684 
985, 1287.19899725198 
986, 1266.48953928777 
987, 1241.68291005851 
988, 1217.0995437826 
989, 1193.22476800361 
990, 1165.63445959666 
991, 1138.99554888286 
992, 1112.78170131264 
993, 1086.39918935223 
994, 1059.97890406174 
995, 1035.39398415946 
996, 1009.94676034044 
997, 983.952726077725 
998, 958.493137338129 
999, 932.115589152949 
1000, 905.609626322053 
1001, 5771.3692967711 
1002, 5743.09234557154 
1003, 5721.45166341931 
1004, 5703.18424048665 
1005, 5688.71636700561 
1006, 5684.6408396449 
1007, 5682.27267772649 
1008, 5688.5002939292 
1009, 5697.38977452132 
1010, 5708.95135100375 
1011, 5725.77894766592 
1012, 5750.20086246532 
1013, 5774.65012198651 
1014, 5797.15751443695 
1015, 5816.53153236329 
1016, 5831.83436156939 
1017, 5850.14148406656 
1018, 5876.02615975844 
1019, 5902.71804000182 
1020, 5932.09815816007 
1021, 5964.37602611343 
1022, 5995.31456961837 
1023, 6024.34474424081 
1024, 6056.19831410258 
1025, 6090.88115712534 
1026, 6125.28679684558 
1027, 6160.2572180078 
1028, 6193.44786266755 
1029, 6223.25004480984 
1030, 6252.00888781724 
1031, 6278.67771802168 
1032, 6310.29252832628 
1033, 6345.02316331062 
1034, 6374.56765659765 
1035, 6399.83691143522 
1036, 6421.21218139389 
1037, 6438.75124114638 
1038, 6457.81726450882 
1039, 6478.00951956756 
1040, 6504.19374111516 
1041, 6529.67109318935 
1042, 6547.40986308402 
1043, 6567.12639399143 
1044, 6590.97285094382 
1045, 6614.68275042367 
1046, 6638.58817889036 
1047, 6660.98643127382 
1048, 6684.37444930788 
1049, 6698.90809669222 
1050, 6715.79190876043 
1051, 6743.94330945369 
1052, 6771.64744092147 
1053, 6798.81815923482 
1054, 6828.90398454022 
1055, 6853.18889853387 
1056, 6876.2509710557 
1057, 6906.59133405102 
1058, 6941.85411771279 
1059, 6984.88806219822 
1060, 7031.25539665002 
1061, 7084.76986320571 
1062, 7140.21194813294 
1063, 7200.10218926835 
1064, 7258.79834548003 
1065, 7321.89308827534 
1066, 7392.41665421684 
1067, 7466.73984870437 
1068, 7549.49832417365 
1069, 7640.68719134106 
1070, 7738.67910126261 
1071, 7848.97388416027 
1072, 7955.54845986887 
1073, 8059.96896754727 
1074, 8171.24658911774 
1075, 8270.52733758411 
1076, 8361.89443397923 
1077, 8452.41814487043 
1078, 8536.58749045118 
1079, 8615.98057229063 
1080, 8681.06180765851 
1081, 8740.60083911233 
1082, 8796.88575909805 
1083, 8841.61618550189 
1084, 8889.7626360605 
1085, 8937.51993180366 
1086, 8978.38316894252 
1087, 9015.76674719385 
1088, 9046.57884408623 
1089, 9078.21429845236 
1090, 9093.58466506939 
1091, 9098.53808050666 
1092, 9095.77361046463 
1093, 9079.53787002816 
1094, 9046.03837628012 
1095, 9010.60257979463 
1096, 8973.94622691788 
1097, 8937.64469584456 
1098, 8907.84902859079 
1099, 8878.14569876211 
1100, 8854.85875474806 
1101, 8822.35510146254 
1102, 8788.20892251214 
1103, 8749.79576396323 
1104, 8713.0163902652 
1105, 8663.2862176156 
1106, 8603.611372553 
1107, 8523.27940786186 
1108, 8402.082782713 
1109, 8248.3826972954 
1110, 8044.76261792683 
1111, 7795.29912601195 
1112, 7504.89161033752 
1113, 7149.76151886786 
1114, 6800.32306711745 
1115, 6396.20839966556 
1116, 6030.34242169067 
1117, 5634.06628845302 
1118, 5301.38264960287 
1119, 4995.91897485636 
1120, 4717.34006355509 
1121, 4490.39674098257 
1122, 4310.39388632903 
1123, 4177.67749698855 
1124, 4086.63000158527 
1125, 4040.56339512013 
1126, 4058.02426278549 
1127, 4077.76033326784 
1128, 4141.19471985093 
1129, 4203.05365176876 
1130, 4288.9310856134 
1131, 4372.83184774639 
1132, 4455.8397376715 
1133, 4559.98309988645 
1134, 4670.41517553699 
1135, 4795.1129061734 
1136, 4974.6272439635 
1137, 5158.08288273698 
1138, 5329.51613615436 
1139, 5492.73390119304 
1140, 5595.61220090055 
1141, 5658.55302084399 
1142, 5684.48312814894 
1143, 5649.5192657118 
1144, 5627.19232879981 
1145, 5528.77846216309 
1146, 5516.39110860463 
1147, 5506.56146084714 
1148, 5562.97975673458 
1149, 5686.52811584674 
1150, 5828.05584592612 
1151, 6025.62097745076 
1152, 6244.21480017632 
1153, 6470.1935301369 
1154, 6730.0440598133 
1155, 6978.58657658424 
1156, 7243.41313545092 
1157, 7488.57479515473 
1158, 7739.68323245606 
1159, 7967.49326059374 
1160, 8184.04991491911 
1161, 8380.98351000023 
1162, 8569.73896143507 
1163, 8731.16177825974 
1164, 8870.6041435357 
1165, 8990.49503801993 
1166, 9088.49494629808 
1167, 9157.26915251907 
1168, 9212.12981078247 
1169, 9246.29120946415 
1170, 9264.58917369389 
1171, 9261.15829752533 
1172, 9248.90046062792 
1173, 9216.55718676307 
1174, 9179.58272775052 
1175, 9130.22457338126 
1176, 9075.65379022421 
1177, 9007.30969399596 
1178, 8941.29877138333 
1179, 8868.35760009521 
1180, 8796.90984897218 
1181, 8718.40604945734 
1182, 8649.26126771195 
1183, 8588.04226413055 
1184, 8524.77348606937 
1185, 8482.24770376764 
1186, 8452.55519570983 
1187, 8433.70633259421 
1188, 8435.10700226906 
1189, 8429.85590274283 
1190, 8442.54266263775 
1191, 8436.63375372011 
1192, 8430.57396279416 
1193, 8408.26134835526 
1194, 8376.63809618621 
1195, 8331.27568826154 
1196, 8269.51654485249 
1197, 8199.11551518805 
1198, 8124.27624356427 
1199, 8029.59083354295 
1200, 7958.32815507214 
1201, 7886.30658827551 
1202, 7828.02532865237 
1203, 7780.89750274021 
1204, 7742.23568857348 
1205, 7710.41198134217 
1206, 7688.29557516219 
1207, 7682.73953214745 
1208, 7675.24743573074 
1209, 7676.32070775154 
1210, 7675.2749368294 
1211, 7678.55238150562 
1212, 7677.69513273453 
1213, 7675.27263127207 
1214, 7672.0925538324 
1215, 7667.08910180985 
1216, 7661.78538407424 
1217, 7649.23645441976 
1218, 7632.83110349592 
1219, 7615.37303934039 
1220, 7589.08894703179 
1221, 7569.08925886506 
1222, 7550.76415153687 
1223, 7533.48527596503 
1224, 7515.02931469845 
1225, 7501.76211800777 
1226, 7496.71000375191 
1227, 7485.27210185899 
1228, 7474.81881923841 
1229, 7462.55608075712 
1230, 7447.79249061851 
1231, 7426.59791280214 
1232, 7409.98330251094 
1233, 7397.845770134 
1234, 7376.8827616745 
1235, 7354.87753133875 
1236, 7326.0179529631 
1237, 7288.23283951351 
1238, 7252.60360996336 
1239, 7211.91543185517 
1240, 7174.5892505604 
1241, 7136.10745710669 
1242, 7101.06682537169 
1243, 7071.3043391788 
1244, 7037.5279309943 
1245, 7006.38583648015 
1246, 6972.04116151184 
1247, 6930.63019678162 
1248, 6883.75967516248 
1249, 6835.46430806144 
1250, 6782.7141811799 
1251, 6727.41899531246 
1252, 6673.03899455543 
1253, 6607.6447864516 
1254, 6537.75075118998 
1255, 6458.63120204584 
1256, 6375.17928936674 
1257, 6276.87085879288 
1258, 6164.4814120731 
1259, 6048.79530336347 
1260, 5914.02066171737 
1261, 5786.58507655937 
1262, 5652.47763050604 
1263, 5525.20084006888 
1264, 5417.19688924398 
1265, 5308.178452524 
1266, 5239.10688718138 
1267, 5183.73362457776 
1268, 5176.7716252812 
1269, 5204.62255718146 
1270, 5259.41502410603 
1271, 5366.892560886 
1272, 5467.52250086965 
1273, 5601.75235877279 
1274, 5715.50573810454 
1275, 5840.98104591371 
1276, 5944.86098240466 
1277, 6037.02933512676 
1278, 6118.41546587335 
1279, 6184.51290333992 
1280, 6243.09259120393 
1281, 6301.39653655642 
1282, 6355.54287861843 
1283, 6407.70995938084 
1284, 6459.20028688673 
1285, 6508.9475173013 
1286, 6554.40170730679 
1287, 6598.09514170268 
1288, 6645.74155013492 
1289, 6681.20449056279 
1290, 6711.14521305669 
1291, 6732.83593669547 
1292, 6743.4575277638 
1293, 6754.27510295366 
1294, 6762.71993719523 
1295, 6762.12418374184 
1296, 6752.65715853314 
1297, 6745.31080865837 
1298, 6733.15952911136 
1299, 6717.28900422517 
1300, 6702.92431191267 
1301, 6684.3702161188 
1302, 6659.41791301839 
1303, 6623.55439600436 
1304, 6593.61107757721 
1305, 6563.58387124822 
1306, 6531.22921572101 
1307, 6498.0971832234 
1308, 6463.95966117163 
1309, 6427.69325017556 
1310, 6390.8830320629 
1311, 6352.60188913562 
1312, 6315.22771839995 
1313, 6273.83497957402 
1314, 6238.36579152295 
1315, 6204.90449266845 
1316, 6175.41172532268 
1317, 6150.49459762923 
1318, 6128.21241279988 
1319, 6107.24396540878 
1320, 6088.3870079311 
1321, 6071.43332016291 
1322, 6046.27960948206 
1323, 6005.34636722781 
1324, 5962.08054090553 
1325, 5892.4480500331 
1326, 5796.20164155401 
1327, 5701.98405111948 
1328, 5586.55033413471 
1329, 5480.35454041501 
1330, 5362.33697874762 
1331, 5268.93687093457 
1332, 5173.97895129524 
1333, 5107.74180763913 
1334, 5072.52352868373 
1335, 5037.58323320296 
1336, 5021.96608719256 
1337, 5012.42110468611 
1338, 4993.37566859103 
1339, 4951.79392063758 
1340, 4886.07697607784 
1341, 4778.59048414484 
1342, 4622.32250029714 
1343, 4423.7766739266 
1344, 4189.28837440488 
1345, 3900.10815696751 
1346, 3597.46187462815 
1347, 3248.75307826708 
1348, 2911.67275650742 
1349, 2538.11033308026 
1350, 2201.49646414511 
1351, 1857.34635060553 
1352, 1557.66282491972 
1353, 1279.03739269446 
1354, 1034.12524564512 
1355, 819.944923925927 
1356, 639.764985476518 
1357, 492.74070165555 
1358, 371.823774833685 
1359, 285.826653488636 
1360, 228.041914860597 
1361, 182.204359694193 
1362, 146.640408978027 
1363, 115.619110250165 
1364, 95.09107851188 
1365, 81.2728594397746 
1366, 76.1507010759124 
1367, 74.7589201949116 
1368, 81.5564719203351 
1369, 89.7272579652354 
1370, 100.506401054115 
1371, 119.097379312027 
1372, 151.461727441293 
1373, 173.471093051579 
1374, 197.706055299389 
1375, 217.272247494339 
1376, 233.57682341348 
1377, 241.875295729628 
1378, 248.45475560167 
1379, 246.861785845735 
1380, 235.51475262759 
1381, 219.059420862233 
1382, 207.388055962134 
1383, 202.7354638423 
1384, 206.134882914428 
1385, 216.924804128541 
1386, 234.510426403627 
1387, 260.756825208406 
1388, 282.673895493724 
1389, 309.2971791964 
1390, 331.286443712658 
1391, 354.572211379604 
1392, 366.759979307636 
1393, 370.761503987665 
1394, 378.322283871937 
1395, 375.903707806909 
1396, 382.192396497093 
1397, 396.023798428431 
1398, 408.570143884162 
1399, 422.033302083701 
1400, 436.044321310162 
1401, 452.845410054219 
1402, 466.970783768931 
1403, 475.159561741586 
1404, 492.71343496646 
1405, 512.069308515228 
1406, 536.100833701196 
1407, 568.103554132615 
1408, 598.127505453449 
1409, 629.278515714524 
1410, 663.444935980068 
1411, 698.883858678745 
1412, 739.045717666022 
1413, 774.173613021023 
1414, 811.503305633979 
1415, 840.358367953597 
1416, 863.862303360855 
1417, 885.708390326939 
1418, 904.166594091681 
1419, 918.038042438838 
1420, 929.451317855305 
1421, 936.061998979903 
1422, 937.415424518775 
1423, 935.081888900765 
1424, 930.247266409845 
1425, 919.361149575436 
1426, 902.085555183443 
1427, 882.37206274949 
1428, 860.887980722693 
1429, 830.91782038125 
1430, 792.587147228657 
1431, 754.164863970095 
1432, 713.078402130628 
1433, 671.948606301542 
1434, 637.733317095154 
1435, 601.37440442417 
1436, 562.416592967742 
1437, 526.899059985208 
1438, 498.818387605547 
1439, 476.193552866942 
1440, 455.990161034265 
1441, 443.034402714126 
1442, 429.479958972689 
1443, 418.739763178634 
1444, 404.693734770279 
1445, 392.884861161935 
1446, 377.171614290534 
1447, 356.573397801834 
1448, 339.18852428364 
1449, 318.468130471224 
1450, 304.562035053992 
1451, 296.786827937816 
1452, 285.973209193595 
1453, 278.890516576018 
1454, 270.265148079784 
1455, 259.986685263773 
1456, 247.70731446233 
1457, 237.276440078101 
1458, 224.32459488517 
1459, 211.884153131522 
1460, 196.2739907111 
1461, 181.358918358756 
1462, 171.199183017552 
1463, 158.520444021117 
1464, 147.431025849862 
1465, 137.917713246873 
1466, 130.749251595909 
1467, 119.873065929066 
1468, 108.139200625508 
1469, 98.9128344630307 
1470, 86.2744852520441 
1471, 80.0718470328971 
1472, 79.6881882257701 
1473, 77.560498993056 
1474, 78.4019370080576 
1475, 76.2297940959719 
1476, 73.4274963835229 
1477, 70.614896026335 
1478, 64.9502970662327 
1479, 62.7510528273295 
1480, 64.4588459853178 
1481, 62.2504247739285 
1482, 56.8861215090004 
1483, 55.2994789406534 
1484, 52.9700564121216 
1485, 52.2752573062648 
1486, 56.9993876267718 
1487, 59.4167063738316 
1488, 58.646310205468 
1489, 57.6262424183736 
1490, 52.2780420882684 
1491, 53.2920567209365 
1492, 56.4371071874252 
1493, 55.8014855201723 
1494, 55.8863987489922 
1495, 55.8161559010767 
1496, 52.6275804250335 
1497, 51.0751456235029 
1498, 51.4342000450858 
1499, 52.4289859125517 
1500, 55.4053264611045 
1501, 62.2040233464838 
1502, 64.7956444225141 
1503, 68.8215494074351 
1504, 68.8530313530327 
1505, 62.8515773532045 
1506, 62.9050339380697 
1507, 64.4090445155624 
1508, 64.1745028787925 
1509, 66.1712351365699 
1510, 66.712342087049 
1511, 62.726772461047 
1512, 64.4815932383702 
1513, 70.0430020324187 
1514, 74.3351124735362 
1515, 83.5929423666127 
1516, 86.2724521292563 
1517, 85.1682548703773 
1518, 84.9730733944847 
1519, 78.0640024765452 
1520, 76.9503995799399 
1521, 80.5557548155573 
1522, 82.429599772783 
1523, 84.6460105650088 
1524, 86.3096794370584 
1525, 85.6283799999957 
1526, 84.8250231014957 
1527, 84.6967005557705 
1528, 90.7666183755359 
1529, 98.9499871397055 
1530, 101.9216951792 
1531, 102.312298186108 
1532, 101.487481220672 
1533, 98.5942448443313 
1534, 98.6452187547348 
1535, 100.049639373359 
1536, 106.16692054155 
1537, 107.706261401614 
1538, 106.234716846968 
1539, 109.368413381052 
1540, 115.037580404741 
1541, 116.069438289881 
1542, 117.62772463106 
1543, 118.456673075124 
1544, 114.253273419281 
1545, 114.213475596368 
1546, 117.255576107274 
1547, 119.672005894243 
1548, 120.984601429451 
1549, 124.29648138711 
1550, 131.579645641293 
1551, 135.493118299784 
1552, 138.840215089417 
1553, 141.424054715701 
1554, 141.516248151278 
1555, 142.462578835172 
1556, 143.50264553295 
1557, 145.237211133295 
1558, 146.339822190455 
1559, 148.706601442966 
1560, 153.755156111087 
1561, 155.650848192011 
1562, 157.310243601963 
1563, 157.512379864288 
1564, 152.172887851269 
1565, 152.009653553 
1566, 156.101548411648 
1567, 157.47854637492 
1568, 158.858094570787 
1569, 161.594609180597 
1570, 166.86757005205 
1571, 167.113529114707 
1572, 166.109146205953 
1573, 171.785622400373 
1574, 176.013876963923 
1575, 177.663800564888 
1576, 182.129392647167 
1577, 185.877324726861 
1578, 188.542771394946 
1579, 191.180337743603 
1580, 196.483345059188 
1581, 206.081996944619 
1582, 211.938016718239 
1583, 217.875525652157 
1584, 221.950887548869 
1585, 223.290895347462 
1586, 227.913343128183 
1587, 231.995738443544 
1588, 237.635238834619 
1589, 247.430498421461 
1590, 252.19447062893 
1591, 254.127525643042 
1592, 258.806301557125 
1593, 264.40740338435 
1594, 265.787575705409 
1595, 267.095959955546 
1596, 266.584508693515 
1597, 261.398734140151 
1598, 258.398875564585 
1599, 255.484577761038 
1600, 254.060771500709 
1601, 250.264490925494 
1602, 251.551677888159 
1603, 257.813986721628 
1604, 262.917469879746 
1605, 272.763014271122 
1606, 276.638193512175 
1607, 276.947955145849 
1608, 278.337400536797 
1609, 274.228325110045 
1610, 276.587055939946 
1611, 283.968992782518 
1612, 289.642469861744 
1613, 299.041397741262 
1614, 304.927192932916 
1615, 308.149243245729 
1616, 311.677870918308 
1617, 315.860331409733 
1618, 316.650637967312 
1619, 313.799216469294 
1620, 313.413419705655 
1621, 310.474760725191 
1622, 310.384170245925 
1623, 312.842834953637 
1624, 316.646118806894 
1625, 325.827026824274 
1626, 328.529407282917 
1627, 326.74054735769 
1628, 328.854172307405 
1629, 329.216153270432 
1630, 329.327600804433 
1631, 334.203069822597 
1632, 336.382326958631 
1633, 335.790956440884 
1634, 333.744790158672 
1635, 329.256288347658 
1636, 327.021676437183 
1637, 322.835757803017 
1638, 320.521030489209 
1639, 323.170869842923 
1640, 323.102439472819 
1641, 317.377033915714 
1642, 318.642386639506 
1643, 325.977658140826 
1644, 329.384914945621 
1645, 337.15376687296 
1646, 341.747369730454 
1647, 337.239385859376 
1648, 338.122150920649 
1649, 342.90372761692 
1650, 346.612908502628 
1651, 350.780026263864 
1652, 357.905175413449 
1653, 363.140377396736 
1654, 368.05797319821 
1655, 370.147120975648 
1656, 371.592992180714 
1657, 372.634442432679 
1658, 370.128131111555 
1659, 371.923475391871 
1660, 376.228036398187 
1661, 378.789520030453 
1662, 380.869722802263 
1663, 385.770711186994 
1664, 393.227993536392 
1665, 394.505505996892 
1666, 395.089713411858 
1667, 395.72215746198 
1668, 390.472272494729 
1669, 392.525321229092 
1670, 399.362454035538 
1671, 404.888477378296 
1672, 412.160846176364 
1673, 416.657978177946 
1674, 421.578981461012 
1675, 423.983713742755 
1676, 423.057527470741 
1677, 424.893867631463 
1678, 426.891298935931 
1679, 429.59136795057 
1680, 433.102323315406 
1681, 436.66952211216 
1682, 440.15402838059 
1683, 444.653521491526 
1684, 451.76783841694 
1685, 453.425438762121 
1686, 452.17635901644 
1687, 455.031092314959 
1688, 457.223067003751 
1689, 456.628654044979 
1690, 459.01504999926 
1691, 457.057214444994 
1692, 446.380074739104 
1693, 448.140173626874 
1694, 455.65464387734 
1695, 460.05828302623 
1696, 469.298302866161 
1697, 472.32533852667 
1698, 471.800202938778 
1699, 471.733959549805 
1700, 469.473631410491 
1701, 469.789186582892 
1702, 468.678790898176 
1703, 472.729248285801 
1704, 481.896272884643 
1705, 485.621099119034 
1706, 489.850815548888 
1707, 492.73558226236 
1708, 492.016819740648 
1709, 493.363035225608 
1710, 496.940109449503 
1711, 497.995705357839 
1712, 498.228942647621 
1713, 495.007854375127 
1714, 486.417528957333 
1715, 487.068237582425 
1716, 492.168586668178 
1717, 495.021860804158 
1718, 506.187318063488 
1719, 511.913919023656 
1720, 507.984918304627 
1721, 506.88449998915 
1722, 505.414383470407 
1723, 501.521330265552 
1724, 498.621316639494 
1725, 498.891701056677 
1726, 497.309500374643 
1727, 497.284745187261 
1728, 498.676010451893 
1729, 500.558536855746 
1730, 506.67969737302 
1731, 506.4978226537 
1732, 503.79272927011 
1733, 499.947721472368 
1734, 493.938988672884 
1735, 493.313964773694 
1736, 492.901959395747 
1737, 495.379234996135 
1738, 499.777677055943 
1739, 500.950274102468 
1740, 502.651332031554 
1741, 501.205911008901 
1742, 496.751328408582 
1743, 492.044004151275 
1744, 488.859555335705 
1745, 491.571502799344 
1746, 491.023321056365 
1747, 489.97508659372 
1748, 496.743842439608 
1749, 498.239650264219 
1750, 500.419928459776 
1751, 507.678814409585 
1752, 508.99159224087 
1753, 509.540693749309 
1754, 510.289107629236 
1755, 509.283391807318 
1756, 506.219822069929 
1757, 502.826851631223 
1758, 501.378917703204 
1759, 500.647642488552 
1760, 500.774492856022 
1761, 495.003538249822 
1762, 490.740043632559 
1763, 487.401517740267 
1764, 482.755197069174 
1765, 481.869935815793 
1766, 480.248974353626 
1767, 473.06496240661 
1768, 471.22430974785 
1769, 476.948922466247 
1770, 475.450238986736 
1771, 473.166981749846 
1772, 469.693149167787 
1773, 460.12600907611 
1774, 453.419106123913 
1775, 449.059260635874 
1776, 443.497413559705 
1777, 436.640069829744 
1778, 432.434755699236 
1779, 426.747762647633 
1780, 422.849096787522 
1781, 422.486366621237 
1782, 420.998560875631 
1783, 423.705416755459 
1784, 419.80686969395 
1785, 411.06713144457 
1786, 404.22769956543 
1787, 392.07639382168 
1788, 385.38863139578 
1789, 387.174573342472 
1790, 380.499555835721 
1791, 368.772470933467 
1792, 360.926579443699 
1793, 351.322649064805 
1794, 338.479704869717 
1795, 329.245204309037 
1796, 314.312300112309 
1797, 298.965212158849 
1798, 286.525856062108 
1799, 264.811763741087 
1800, 249.852570135135 
1801, 1486.3872462729 
1802, 1429.10105898977 
1803, 1379.30972665446 
1804, 1354.5212038752 
1805, 1304.82635998256 
1806, 1256.49864107684 
1807, 1207.23565673163 
1808, 1154.96102848493 
1809, 1098.53282195399 
1810, 1051.0396853742 
1811, 998.903632656246 
1812, 953.425342412598 
1813, 916.207649903732 
1814, 871.90295013356 
1815, 842.429576599911 
1816, 816.001465078025 
1817, 781.776398826471 
1818, 752.905836558983 
1819, 714.582443667917 
1820, 663.069235418931 
1821, 623.689848915173 
1822, 583.75081898862 
1823, 543.562192049619 
1824, 522.697846762859 
1825, 514.550137823817 
1826, 507.600940227084 
1827, 481.266925188752 
1828, 440.086319313653 
1829, 366.344993413969 
1830, 316.56081072453 
1831, 254.73332015667 
1832, 220.240580397511 
1833, 206.330376621722 
1834, 202.130290864351 
1835, 171.321740171782 
1836, 126.363333803402 
1837, 90.2477767076869 
1838, 58.9430903184283 
1839, 40.5798852861526 
1840, 42.8418327773676 
1841, 50.1135225484228 
1842, 70.0470395693228 
1843, 82.4058895468738 
1844, 100.790368023222 
1845, 106.704593906177 
1846, 101.833227717003 
1847, 103.620235427701 
1848, 105.54945848376 
1849, 102.355871938487 
1850, 97.086077977354 
1851, 93.1378147303749 
1852, 77.9061402730362 
1853, 48.5406769022575 
1854, 37.2477059171728 
1855, 42.4458001454241 
1856, 43.6896696719604 
1857, 71.4712051040324 
1858, 106.27760586804 
1859, 120.957954564537 
1860, 124.130175758369 
1861, 138.558176651151 
1862, 145.649477007945 
1863, 136.494333326491 
1864, 149.382348743358 
1865, 146.518266551686 
1866, 102.955359470501 
1867, 75.0584574989052 
1868, 56.1701897548411 
1869, 33.2603068495568 
1870, 28.7777605395474 
1871, 52.4028665277859 
1872, 72.9439965262162 
1873, 73.9450368499157 
1874, 78.9958243579773 
1875, 72.373237719512 
1876, 58.189188040235 
1877, 54.2829822414036 
1878, 52.1379725667982 
1879, 51.8319934165772 
1880, 57.4600428109301 
1881, 69.8137966499888 
1882, 82.0502002942368 
1883, 94.8376354304413 
1884, 116.836415415468 
1885, 134.242292977581 
1886, 135.709115526009 
1887, 124.345373892962 
1888, 98.8648681425284 
1889, 79.5143401615387 
1890, 74.690828433839 
1891, 68.0499526323375 
1892, 67.7008918318739 
1893, 75.6656824246823 
1894, 89.7944381813985 
1895, 85.7789936449429 
1896, 84.2558078075134 
1897, 84.1149646531895 
1898, 67.9666488969362 
1899, 71.358584204593 
1900, 71.1769429017242 
1901, 79.8256438928111 
1902, 80.4638605515774 
1903, 83.2872979202541 
1904, 62.5215828691923 
1905, 63.6570366955781 
1906, 67.6597040615362 
1907, 50.7354071478689 
1908, 59.003085480853 
1909, 58.1459983730061 
1910, 32.9214694174088 
1911, 25.7013282466753 
1912, 33.1294036039628 
1913, 25.9928978574401 
1914, 3.39218299045318 
1915, 19.1486177048695 
1916, 20.2049842374444 
1917, 19.2425280835447 
1918, 37.3839868993783 
1919, 43.3591188554849 
1920, 41.68953278832 
1921, 35.9566651856239 
1922, 30.9287907768489 
1923, 15.1860882135007 
1924, 9.01617037288617 
1925, 4.02702463964649 
1926, 7.10134838181355 
1927, 22.7818359170247 
1928, 30.454464592732 
1929, 30.2847508698255 
1930, 51.3376373103177 
1931, 57.9053458470238 
1932, 57.4651823543434 
1933, 62.6757648109815 
1934, 73.2208095853171 
1935, 69.9684262851058 
1936, 58.4592389820116 
1937, 54.1739366692461 
1938, 46.9446160107685 
1939, 59.2053659811092 
1940, 65.1358584145131 
1941, 58.0354928951298 
1942, 49.2744436123656 
1943, 30.492752621269 
1944, 35.3555669287651 
1945, 70.0763964950823 
1946, 85.6895858065407 
1947, 116.698071794682 
1948, 121.279919281327 
1949, 110.944794118062 
1950, 71.1900707052576 
1951, 53.7848168644714 
1952, 35.8178932683583 
1953, 27.7551477272299 
1954, 47.3354327212572 
1955, 47.1546067622264 
1956, 37.7803142487316 
1957, 39.6877178670875 
1958, 40.9527104405132 
1959, 35.9820905587901 
1960, 31.0989142331951 
1961, 38.9473341737507 
1962, 21.2254614643555 
1963, 32.8241251213379 
1964, 46.2119912544729 
1965, 52.4396517448087 
1966, 58.6998916839996 
1967, 70.4553108169904 
1968, 64.1296206269233 
1969, 44.5464449986885 
1970, 30.7343383424792 
1971,-4.80457133898333 
1972,-13.3936113202511 
1973,-4.57017195639438 
1974, 7.96326916833817 
1975, 24.3553335811034 
1976, 38.0307436011482 
1977, 28.7607048454358 
1978, 27.8298101194148 
1979, 21.8163655986781 
1980, 0.237493185672793 
1981, 0.204976845249327 
1982, 10.9525558344558 
1983, 17.8875260285048 
1984, 46.4181904490908 
1985, 56.8813783327241 
1986, 59.9239691452049 
1987, 46.9272868597321 
1988, 39.8111698080354 
1989, 35.6666629343311 
1990, 41.9735366567552 
1991, 68.3645828416728 
1992, 70.8487763376295 
1993, 70.1854017496235 
1994, 64.8780742519294 
1995, 37.1753229253941 
1996, 29.9883862577297 
1997, 28.9058361420649 
1998, 37.7390273476035 
1999, 41.2468689051301 
2000, 39.1366782597627 
2001, 54.7609952043503 
2002, 33.0266381215297 
2003, 32.993117891635 
2004, 45.1357458990665 
2005, 47.5461457935749 
2006, 49.0199776719546 
2007, 53.6186919707732 
2008, 57.525937041676 
2009, 55.9920374696189 
2010, 55.0467994142136 
2011, 45.5015364622819 
2012, 37.5970292610924 
2013, 42.8074421761427 
2014, 42.5556507673573 
2015, 54.7179230303199 
2016, 44.7910361460408 
2017, 12.3426464784032 
2018,-0.909483912753998 
2019,-15.1265398180878 
2020,-24.3131149835053 
2021,-16.3537802621344 
2022,-16.9163873213234 
2023,-22.1961528138432 
2024,-31.4823806062643 
2025,-40.1518616232645 
2026,-35.2643801594008 
2027,-23.8704726026322 
2028,-4.49344533964121 
2029, 13.8179997731707 
2030, 45.1736816648313 
2031, 61.9368415677397 
2032, 77.5452025914798 
2033, 87.208984496418 
2034, 90.3163821604699 
2035, 89.7105800474026 
2036, 86.8199173691366 
2037, 73.8112338573783 
2038, 43.5605915793684 
2039, 22.2948199844891 
2040, 11.0432053430546 
2041,-2.62425627119954 
2042,-3.72877290764752 
2043, 12.2381208478381 
2044, 24.6344087222412 
2045, 45.2726314345679 
2046, 54.3200106219584 
2047, 71.7294219275716 
2048, 69.0217383926713 
2049, 35.4736310753539 
2050, 25.9300810701067 
2051, 14.2004048815659 
2052, 13.5496074220237 
2053, 28.812044508178 
2054, 28.7775313136836 
2055, 31.5886164263869 
2056, 23.9048984596053 
2057, 30.9790488522198 
2058, 44.2877374506774 
2059, 60.1043797336155 
2060, 92.9812187826715 
2061, 106.162189493309 
2062, 114.286215795095 
2063, 117.541889038768 
2064, 105.080831508946 
2065, 98.095784964475 
2066, 90.6256991318622 
2067, 84.8676445009721 
2068, 76.3501419341009 
2069, 61.8474772023354 
2070, 59.4711644655886 
2071, 62.9848499034141 
2072, 63.9395639607886 
2073, 79.1664653178363 
2074, 74.4731999340667 
2075, 51.4673748472447 
2076, 41.1011278495838 
2077, 15.4868756088374 
2078, 14.0415425307902 
2079, 45.0551010562679 
2080, 54.7979020678449 
2081, 50.4882098251234 
2082, 73.6234524524211 
2083, 88.2030729690866 
2084, 94.7110721042176 
2085, 100.031842304254 
2086, 119.966159913559 
2087, 117.896815540445 
2088, 86.9651121323437 
2089, 81.9185218419465 
2090, 80.9389176823531 
2091, 83.659401054474 
2092, 109.724692331039 
2093, 113.543951861363 
2094, 103.356303843981 
2095, 99.9322668747915 
2096, 96.8483306782984 
2097, 75.8611101052636 
2098, 70.1689384112587 
2099, 72.3060305327247 
2100, 72.9515918918393 
2101, 70.9063555615835 
2102, 78.948666655697 
2103, 98.1857743753834 
2104, 109.003573111511 
2105, 125.723081153338 
2106, 133.173307136637 
2107, 134.867428674843 
2108, 132.412228605185 
2109, 115.524861833133 
2110, 111.276733439599 
2111, 115.319825777808 
2112, 106.620848444596 
2113, 104.229845889997 
2114, 128.226749722989 
2115, 138.892531270338 
2116, 150.966307352127 
2117, 156.834451430311 
2118, 154.534023070483 
2119, 166.175746394524 
2120, 181.85116528361 
2121, 195.805663722189 
2122, 225.695006495928 
2123, 239.544823378762 
2124, 239.685405368773 
2125, 243.067307431075 
2126, 240.104403870661 
2127, 241.96156343363 
2128, 246.08243904995 
2129, 248.233747909906 
2130, 255.431114945064 
2131, 270.122899710696 
2132, 273.807907832305 
2133, 270.402406177154 
2134, 278.565063112366 
2135, 290.625186582529 
2136, 294.083919820621 
2137, 302.005332188451 
2138, 307.267998348563 
2139, 293.799492112429 
2140, 300.473245526962 
2141, 326.146091382273 
2142, 340.790065941431 
2143, 360.889115255184 
2144, 373.004985816339 
2145, 373.520744512459 
2146, 380.90481421057 
2147, 378.652246345792 
2148, 382.255746305276 
2149, 383.418375877194 
2150, 377.21926510326 
2151, 386.886255401865 
2152, 402.974212771015 
2153, 422.205564552206 
2154, 463.781011067477 
2155, 477.218233346432 
2156, 476.737836079021 
2157, 481.440384781405 
2158, 466.667772703808 
2159, 470.454237848357 
2160, 491.755366910068 
2161, 503.690288067449 
2162, 519.638462866047 
2163, 530.144349543403 
2164, 529.167169949453 
2165, 536.365285009766 
2166, 546.893404037265 
2167, 560.474962112402 
2168, 569.384332512239 
2169, 584.224855247195 
2170, 589.182243660076 
2171, 582.901155631376 
2172, 586.496699662973 
2173, 589.479589611966 
2174, 597.279153144953 
2175, 604.300188216408 
2176, 624.367991540617 
2177, 659.928209398705 
2178, 682.258661047891 
2179, 714.670897033289 
2180, 734.227589308139 
2181, 738.834391443111 
2182, 744.014429599372 
2183, 749.84543795363 
2184, 743.556335992685 
2185, 735.995311095348 
2186, 731.657328634928 
2187, 738.818751620642 
2188, 754.558205197234 
2189, 768.393490576739 
2190, 795.647625014252 
2191, 804.133291670312 
2192, 799.87801628145 
2193, 804.334661189561 
2194, 803.18418135413 
2195, 809.381951005272 
2196, 822.169575981488 
2197, 836.165651970712 
2198, 857.197866688263 
2199, 869.52242404535 
2200, 884.663598739101 
2201, 892.014124317079 
2202, 879.488403946187 
2203, 882.043253089226 
2204, 894.305757048344 
2205, 899.119554198273 
2206, 914.278612626318 
2207, 928.722941507869 
2208, 932.206226379535 
2209, 923.557633490238 
2210, 926.566212332865 
2211, 923.032669905581 
2212, 936.255779796555 
2213, 961.444484390112 
2214, 986.494750461269 
2215, 1028.77892478946 
2216, 1049.71391137016 
2217, 1064.84267718641 
2218, 1075.87961174043 
2219, 1072.43053145166 
2220, 1074.47354088495 
2221, 1074.57492733504 
2222, 1078.5588586167 
2223, 1080.95033880328 
2224, 1086.4875011976 
2225, 1095.44066232629 
2226, 1108.00845453488 
2227, 1124.85979037161 
2228, 1144.77134401782 
2229, 1162.98935729081 
2230, 1173.35239460648 
2231, 1166.1838368079 
2232, 1138.75229987089 
2233, 1125.50177095613 
2234, 1099.86710117659 
2235, 1092.75919265976 
2236, 1098.33121127121 
2237, 1103.55338477002 
2238, 1120.3187707743 
2239, 1123.36497889634 
2240, 1120.04917152437 
2241, 1123.89243343953 
2242, 1124.74237497445 
2243, 1126.87340584554 
2244, 1142.8248652788 
2245, 1144.36396136743 
2246, 1139.8826454818 
2247, 1125.85358309174 
2248, 1090.0041017309 
2249, 1071.56618650358 
2250, 1050.20070703276 
2251, 1037.06783806645 
2252, 1037.82482653361 
2253, 1045.98952803243 
2254, 1042.87672717297 
2255, 1039.74791993414 
2256, 1036.4009493669 
2257, 1037.53753499474 
2258, 1028.21781371801 
2259, 1018.40357508238 
2260, 1000.67457645669 
2261, 966.241132116529 
2262, 948.201795919382 
2263, 934.771915654447 
2264, 920.503519161196 
2265, 912.191383696392 
2266, 902.569013999853 
2267, 894.375864558264 
2268, 879.920551373079 
2269, 861.873739544399 
2270, 847.692778645699 
2271, 824.583910375418 
2272, 814.098029629175 
2273, 825.298092495396 
2274, 818.306051830851 
2275, 809.372489544925 
2276, 792.140151016144 
2277, 756.798587464818 
2278, 726.673771612728 
2279, 685.683829472613 
2280, 662.854283641559 
2281, 654.832450536054 
2282, 641.596578370549 
2283, 634.491869095609 
2284, 624.955187275195 
2285, 586.102287662136 
2286, 565.28502145246 
2287, 555.046100183627 
2288, 534.111254532671 
2289, 530.56520376139 
2290, 546.393001561115 
2291, 545.269606310938 
2292, 547.408744144881 
2293, 538.070545163509 
2294, 517.445982598658 
2295, 495.204687679879 
2296, 463.624288535852 
2297, 439.465159176513 
2298, 410.889632900499 
2299, 393.814052696851 
2300, 387.963771651855 
2301, 379.419276111676 
2302, 372.938522587255 
2303, 367.381909498443 
2304, 363.492381570294 
2305, 356.797176690011 
2306, 351.709424137502 
2307, 351.604960397658 
2308, 354.24158899613 
2309, 347.578231036188 
2310, 342.387248333365 
2311, 330.150986612776 
2312, 295.369469596414 
2313, 281.641334119511 
2314, 273.07418317224 
2315, 280.766820108283 
2316, 282.915474964826 
2317, 289.997768673853 
2318, 290.344875483357 
2319, 269.896653379777 
2320, 257.911266975572 
2321, 255.82384650811 
2322, 252.486987924278 
2323, 241.413593275622 
2324, 238.128416051568 
2325, 241.768488954751 
2326, 230.619097318414 
2327, 223.263966048266 
2328, 219.527035595388 
2329, 207.081262349496 
2330, 205.324411758272 
2331, 220.523875281413 
2332, 221.477274754165 
2333, 211.798847136653 
2334, 218.144556075039 
2335, 241.861519355875 
2336, 230.582459481105 
2337, 202.455146014933 
2338, 191.857295576023 
2339, 161.190604973389 
2340, 145.640194853154 
2341, 157.86505252299 
2342, 160.809230153482 
2343, 156.883608820839 
2344, 156.63847469098 
2345, 165.202889911395 
2346, 165.996003474512 
2347, 161.239938712522 
2348, 148.526961572744 
2349, 130.580682936679 
2350, 116.49841440171 
2351, 89.1687635399167 
2352, 79.0519479208352 
2353, 79.5036550729819 
2354, 87.2413688543227 
2355, 114.661602236186 
2356, 124.046415653538 
2357, 135.714406395126 
2358, 134.120571653774 
2359, 108.093938537365 
2360, 93.1347591533154 
2361, 73.1441862222284 
2362, 67.1525576635582 
2363, 68.6602043527366 
2364, 80.0362066845277 
2365, 91.4221665134471 
2366, 104.050475173355 
2367, 100.892546085197 
2368, 91.2002411624156 
2369, 80.1098918202206 
2370, 65.1821613589524 
2371, 70.78830931657 
2372, 82.2950184996327 
2373, 106.163940375232 
2374, 117.553417638393 
2375, 95.1995831608701 
2376, 73.4344144110611 
2377, 53.4008573965731 
2378, 38.8175073519126 
2379, 46.8007750094747 
2380, 65.1116130036433 
2381, 77.519298425614 
2382, 84.2490711294976 
2383, 80.5134349528221 
2384, 64.0067054845394 
2385, 42.2402888376622 
2386, 34.2267616683121 
2387, 43.5495439650265 
2388, 50.5705965195621 
2389, 45.429610283946 
2390, 51.9053467479383 
2391, 46.7583572772814 
2392, 31.179628221761 
2393, 39.3784432352645 
2394, 36.8486984621501 
2395, 27.8800187404208 
2396, 30.7852681051364 
2397, 51.6166788174027 
2398, 67.6305888500186 
2399, 76.4151187743843 
2400, 103.675716064144 
2401, 107.253043297466 
2402, 80.6372518154729 
2403, 62.7960885295674 
2404, 52.8673549631632 
2405, 41.869855023262 
2406, 30.3436518666019 
2407, 28.0599847346024 
2408, 28.7064961333367 
2409, 29.3087224598866 
2410, 44.4467649654556 
2411, 36.2950682103702 
2412, 10.1019934218217 
2413, 6.83444714939144 
2414,-3.01746382834158 
2415, 2.09032800393953 
2416, 37.8531389567907 
2417, 45.4924474765538 
2418, 37.5924544596683 
2419, 47.2868516617016 
2420, 57.4037421436411 
2421, 71.4362575729092 
2422, 102.506555275995 
2423, 102.734566420899 
2424, 88.4331709813501 
2425, 74.2783405013388 
2426, 38.7403663378267 
2427, 34.423364472644 
2428, 44.3915398088352 
2429, 47.3431820697475 
2430, 70.6661924888475 
2431, 60.6472231027637 
2432, 23.7456602421242 
2433, 13.2282266043046 
2434,-3.32933954079508 
2435,-7.84210409569507 
2436, 5.12574621486591 
2437, 11.1224958163046 
2438, 16.2720783978695 
2439, 25.9709783196244 
2440, 52.4872115702204 
2441, 53.8453697526455 
2442, 36.8901623600437 
2443, 30.1935145883801 
2444, 9.05462457815162 
2445, 20.3091911843466 
2446, 44.6030655180322 
2447, 67.0409406353848 
2448, 66.8843262866503 
2449, 62.9111296347041 
2450, 71.1896478214712 
2451, 55.2861264752917 
2452, 43.53725583859 
2453, 41.4371467909833 
2454, 20.1584381186482 
2455, 23.4673527133459 
2456, 28.2862645953793 
2457, 27.435236573347 
2458, 34.4122007577814 
2459, 34.5772562331681 
2460, 43.6043958667298 
2461, 45.0543450646949 
2462, 38.3462794376672 
2463, 18.6258317735515 
2464, 11.9195936327825 
2465, 22.6353026963155 
2466, 21.9944444402122 
2467, 22.9441180598142 
2468, 7.61923386821719 
2469,-10.8778485102027 
2470,-11.4484358340187 
2471,-4.21852372013843 
2472, 8.37137075539071 
2473, 28.785401448615 
2474, 38.2274004864097 
2475, 32.4659386389477 
2476, 34.5469895912468 
2477, 34.724270416947 
2478, 26.1043473803044 
2479, 36.4436538500745 
2480, 56.7315938507798 
2481, 46.217541718505 
2482, 32.9296400091589 
2483, 8.67497339690056 
2484,-35.5709209273159 
2485,-54.4585099160247 
2486,-66.3000830667548 
2487,-66.4270465494873 
2488,-40.9465137406821 
2489,-4.10677554479122 
2490, 34.479165015271 
2491, 63.8545422415363 
2492, 78.451507821235 
2493, 61.5224014018302 
2494, 49.2083794908978 
2495, 52.2176601895158 
2496, 42.7965481575949 
2497, 38.1729366856918 
2498, 34.8046962297772 
2499, 28.1549254511368 
2500, 25.2211575877358 
