Wavelength,0212202100003.asd
350, 3645.87301011588 
351, 3826.06604841534 
352, 3992.42253152555 
353, 4138.78188092702 
354, 4289.4965546698 
355, 4445.64182076897 
356, 4603.01689247814 
357, 4761.87383287681 
358, 4928.32735011598 
359, 5110.22095445806 
360, 5317.19338199331 
361, 5564.41494300009 
362, 5838.32475791086 
363, 6127.24110068733 
364, 6423.95222569907 
365, 6726.37712967657 
366, 7012.23393135864 
367, 7256.72826876604 
368, 7438.33267642315 
369, 7540.11666979344 
370, 7575.48025586235 
371, 7572.16844947233 
372, 7556.76055153913 
373, 7553.99732366727 
374, 7568.98704871354 
375, 7591.87635347294 
376, 7618.39154594065 
377, 7628.81594184206 
378, 7603.46470335187 
379, 7525.82960583863 
380, 7435.71254525853 
381, 7337.31137714095 
382, 7225.4944478798 
383, 7092.70657134819 
384, 6968.19561047281 
385, 6897.18443697529 
386, 6926.64050052099 
387, 7076.03021405894 
388, 7259.63676808621 
389, 7410.21371285529 
390, 7496.40738412048 
391, 7596.61052605765 
392, 7680.34296272857 
393, 7734.38586046982 
394, 7820.87051800579 
395, 8024.5711347687 
396, 8385.36231924873 
397, 8914.65989297925 
398, 9617.55274265614 
399, 10407.1457416508 
400, 11217.0119755862 
401, 12004.0618197685 
402, 12727.0017863713 
403, 13323.0225715816 
404, 13771.44566392 
405, 14126.531098508 
406, 14408.5078064511 
407, 14667.7533567929 
408, 14963.1539229499 
409, 15348.6858097703 
410, 15799.6865123993 
411, 16293.0702707414 
412, 16808.2889755389 
413, 17322.0778913964 
414, 17824.0373461813 
415, 18300.029201701 
416, 18722.6620114652 
417, 19139.1640981271 
418, 19565.7252692783 
419, 19995.8559658868 
420, 20375.9283469412 
421, 20766.4173642106 
422, 21190.3371592729 
423, 21633.2167009946 
424, 22035.9142131748 
425, 22352.3779500839 
426, 22533.3657629511 
427, 22511.5250599909 
428, 22447.5624550036 
429, 22518.3044818989 
430, 22836.4628704959 
431, 23261.9860200916 
432, 23849.7158530291 
433, 24707.8906762797 
434, 25928.8827742142 
435, 27134.0340401618 
436, 28056.2635857402 
437, 28672.8447722797 
438, 29323.3921957487 
439, 29981.4616196939 
440, 30610.8358110209 
441, 31204.5405000673 
442, 31938.4857832407 
443, 32687.3039230814 
444, 33367.4222427992 
445, 33940.5799314299 
446, 34401.1600930667 
447, 34829.643722573 
448, 35297.0583395283 
449, 35845.8907538488 
450, 36272.6841419473 
451, 36481.4010901166 
452, 36461.3147967346 
453, 36363.5160838645 
454, 36168.4132955709 
455, 35931.5058264552 
456, 35774.7401190267 
457, 35738.4952022369 
458, 35747.7783506673 
459, 35724.2433787834 
460, 35632.0182920617 
461, 35498.003775776 
462, 35349.6418659392 
463, 35195.5444197727 
464, 34949.2362660381 
465, 34581.940827331 
466, 34143.308275457 
467, 33755.1194172231 
468, 33422.1026875355 
469, 33180.3484278575 
470, 33047.4503345763 
471, 32999.1279743295 
472, 32969.7308330656 
473, 32968.0032525959 
474, 33020.2737371497 
475, 33004.337273595 
476, 32974.0453990725 
477, 32970.0741691357 
478, 32996.0247644543 
479, 33116.3475922925 
480, 33271.7342916356 
481, 33366.5441271322 
482, 33324.4956020055 
483, 33038.8310287034 
484, 32471.7521926314 
485, 31675.4006006322 
486, 30957.5605755084 
487, 30484.3696633091 
488, 30388.4793804278 
489, 30804.9466702224 
490, 31366.0913951565 
491, 31796.156260259 
492, 31949.0703891392 
493, 32013.649333345 
494, 32119.7472208915 
495, 32315.8136531686 
496, 32561.9470185483 
497, 32619.2275055392 
498, 32510.8887576787 
499, 32303.0324696414 
500, 32026.1034622776 
501, 31834.1139812881 
502, 31778.0711808078 
503, 31871.1091098141 
504, 32206.8586878305 
505, 32638.2292100887 
506, 33048.3974596963 
507, 33375.23653768 
508, 33618.3954514889 
509, 33815.7978418278 
510, 34014.0417966829 
511, 34267.4865577932 
512, 34428.1649627986 
513, 34443.036057735 
514, 34313.6378392163 
515, 34003.4836724 
516, 33600.48502765 
517, 33234.4095250481 
518, 33060.9043607684 
519, 33421.0955791377 
520, 34299.8997077947 
521, 35457.8576802808 
522, 36377.9951065419 
523, 37061.1715987446 
524, 37545.9658179938 
525, 37890.4444741361 
526, 38016.6559004155 
527, 38076.7691223299 
528, 38321.382814251 
529, 39164.7250649409 
530, 40196.1597351804 
531, 41005.9204757877 
532, 41298.3729069169 
533, 41401.6729067703 
534, 41618.1185997179 
535, 42080.9993555612 
536, 42726.6914447445 
537, 43162.4626281922 
538, 43341.679952873 
539, 43348.2046267288 
540, 43333.3007692632 
541, 43389.0601569897 
542, 43646.7318309413 
543, 44203.8412513284 
544, 44796.7204272057 
545, 45295.2217267771 
546, 45635.1853555629 
547, 45819.2570658044 
548, 45949.6145039119 
549, 46117.5302377631 
550, 46369.4307968903 
551, 46613.3826499591 
552, 46798.2107323781 
553, 46936.414176063 
554, 47087.3691482277 
555, 47203.7815889709 
556, 47148.7504973752 
557, 46853.8670020184 
558, 46397.0993488236 
559, 46033.9718576549 
560, 45902.4871459939 
561, 46033.8784785144 
562, 46263.943539391 
563, 46378.9631355457 
564, 46287.8463580255 
565, 46049.500036824 
566, 45715.822419705 
567, 45394.506438513 
568, 45146.1438221428 
569, 44865.6403672226 
570, 44484.0575914177 
571, 44129.0217619844 
572, 44030.245704938 
573, 44124.942248015 
574, 44127.980640872 
575, 43880.879679681 
576, 43472.1419021533 
577, 43133.8951301573 
578, 42974.1416273806 
579, 43030.3140636828 
580, 43277.4933145251 
581, 43708.2015322528 
582, 44219.1658517609 
583, 44623.2034744587 
584, 44862.8921591803 
585, 44828.0232435377 
586, 44516.0434425149 
587, 44178.7778066229 
588, 43764.2428306108 
589, 43167.1681108857 
590, 42387.030950917 
591, 42270.984075819 
592, 42591.300293119 
593, 42943.8577766687 
594, 42847.3682386696 
595, 42587.2684983306 
596, 42273.2501348229 
597, 41949.5652341274 
598, 41573.8387713306 
599, 41113.8095349286 
600, 40621.3853528427 
601, 40203.6730567951 
602, 39872.4617593127 
603, 39713.2706201637 
604, 39726.5075149755 
605, 39767.0265035251 
606, 39653.9342607123 
607, 39406.5338939668 
608, 39122.9831070503 
609, 38839.3584582469 
610, 38570.6539583365 
611, 38335.0233675299 
612, 38149.5587442732 
613, 37933.8142995693 
614, 37672.8174902933 
615, 37394.0544021535 
616, 37183.7309489924 
617, 37046.7196955596 
618, 37061.5228747558 
619, 37282.5380099541 
620, 37444.9004521873 
621, 37434.3091312115 
622, 37226.3574222886 
623, 36888.5956703558 
624, 36527.7851496117 
625, 36195.8682125301 
626, 35914.8726036064 
627, 35688.6784118773 
628, 35428.6652517172 
629, 35164.6909028788 
630, 35007.7654867083 
631, 35045.5690487618 
632, 35184.9060504989 
633, 35345.6664444575 
634, 35516.3345478652 
635, 35637.5826810254 
636, 35716.1094577795 
637, 35774.8188605419 
638, 35805.342884686 
639, 35744.6238397021 
640, 35561.1488678469 
641, 35268.5447965905 
642, 35071.1182011568 
643, 34973.0973819517 
644, 34910.1137400419 
645, 34762.3170081819 
646, 34537.8790017342 
647, 34269.1184059228 
648, 34004.5624909018 
649, 33776.9132965422 
650, 33591.4140355139 
651, 33498.8605493122 
652, 33579.931316558 
653, 33493.5693540565 
654, 33088.5661863315 
655, 32352.9647610445 
656, 31415.7122215206 
657, 30805.5767203443 
658, 30940.432354729 
659, 31938.4485624706 
660, 32679.7984870543 
661, 33042.1435534802 
662, 33120.7424296828 
663, 33152.2051487305 
664, 33097.4375161992 
665, 33038.2557036468 
666, 33036.0570813413 
667, 33034.6930585598 
668, 33016.5593018251 
669, 32988.3727288243 
670, 32963.6363496796 
671, 32882.5730395114 
672, 32792.6877202433 
673, 32746.8314645143 
674, 32788.2444787358 
675, 32827.1698755946 
676, 32849.7270761194 
677, 32864.7077836671 
678, 32882.191706237 
679, 32886.9834079027 
680, 32877.5928134519 
681, 32860.0264314598 
682, 32838.4728223099 
683, 32762.6402514941 
684, 32484.9195127087 
685, 31737.5532565375 
686, 30372.4691900442 
687, 28462.4786349995 
688, 26505.6278012026 
689, 26028.5975771906 
690, 26811.4209409378 
691, 28233.8552340904 
692, 29473.3075047141 
693, 30541.1853157213 
694, 31293.0131545685 
695, 31723.3909449764 
696, 32024.6938493422 
697, 32278.5764839377 
698, 32431.6251053074 
699, 32427.4510038553 
700, 32352.7275623085 
701, 32282.3024547556 
702, 32286.1423608361 
703, 32419.9570609191 
704, 32694.2951127148 
705, 32997.9516561791 
706, 33236.7683136376 
707, 33364.3642135609 
708, 33476.3245018359 
709, 33579.0847135215 
710, 33663.9422519069 
711, 33762.0496983328 
712, 33822.1550864994 
713, 33836.386941574 
714, 33809.6785071005 
715, 33667.9008454282 
716, 33266.8502176962 
717, 32540.3507387704 
718, 31533.3062240285 
719, 30721.0599589885 
720, 30483.8783382421 
721, 30948.2065436267 
722, 31772.2145979549 
723, 32259.1657984985 
724, 32260.9641631345 
725, 32014.5195209912 
726, 32018.5374233236 
727, 32134.9960719717 
728, 32239.1349323634 
729, 32296.8980524194 
730, 32506.3273637206 
731, 32886.2723278336 
732, 33386.7118780858 
733, 33917.994302632 
734, 34356.5548832418 
735, 34611.2499619042 
736, 34652.3672153624 
737, 34611.9645014053 
738, 34552.1621091965 
739, 34483.1262113049 
740, 34380.887035654 
741, 34347.6156627543 
742, 34392.9726775572 
743, 34499.9748927365 
744, 34640.9680612282 
745, 34722.8037158826 
746, 34748.5916762947 
747, 34744.1302856029 
748, 34690.9026096439 
749, 34564.9520932836 
750, 34397.8218754443 
751, 34256.73100306 
752, 34188.8581540601 
753, 34173.4116325005 
754, 34169.5110933037 
755, 34121.9762624236 
756, 33952.8974371414 
757, 33237.5725477696 
758, 31251.0455515647 
759, 26670.9728242222 
760, 20122.6367714238 
761, 14027.9088727097 
762, 11084.3715189186 
763, 11440.7208935845 
764, 13426.5711701678 
765, 16314.6857660709 
766, 20176.5326668321 
767, 24244.4083499013 
768, 27660.1026697559 
769, 29946.5205921322 
770, 31178.8793067106 
771, 31763.6834372994 
772, 31976.2812841749 
773, 32012.9084671062 
774, 31976.3822835684 
775, 31887.29599223 
776, 31777.6106113816 
777, 31667.893833122 
778, 31522.755010866 
779, 31354.5360042241 
780, 31190.5470228243 
781, 31060.8780552047 
782, 30916.0301424826 
783, 30741.5009327066 
784, 30545.000272928 
785, 30358.1427698405 
786, 30173.9805849438 
787, 29959.752841547 
788, 29690.5017559684 
789, 29380.1807933534 
790, 29049.5415033354 
791, 28706.4311925001 
792, 28357.0037449275 
793, 28021.4276904654 
794, 27755.3968750044 
795, 27587.7272804199 
796, 27512.3002450584 
797, 27453.9371861106 
798, 27340.4142346783 
799, 27142.1254877571 
800, 26883.7679194518 
801, 26608.8121716867 
802, 26356.0031138514 
803, 26138.6745245154 
804, 25921.5675097069 
805, 25730.8263023698 
806, 25553.3951166792 
807, 25358.8303950554 
808, 25108.8301821902 
809, 24814.0841167737 
810, 24497.4233908589 
811, 24173.1881289725 
812, 23778.0583777265 
813, 23254.3126562204 
814, 22598.2758468193 
815, 21866.8159717859 
816, 21186.9398652285 
817, 20650.5131912774 
818, 20315.4848525052 
819, 20201.0327483333 
820, 20148.8876787756 
821, 20061.8541553531 
822, 19905.88041779 
823, 19734.1241249551 
824, 19628.857843484 
825, 19645.9469405761 
826, 19752.3782686976 
827, 19682.3839537506 
828, 19460.8561981113 
829, 19181.5248052975 
830, 18960.030012209 
831, 18805.3184373751 
832, 18682.7042884368 
833, 18577.4807714582 
834, 18496.1389371375 
835, 18451.0388200294 
836, 18421.2140391464 
837, 18373.3866393878 
838, 18269.594118738 
839, 18123.8713550823 
840, 17953.6214286497 
841, 17771.0073961928 
842, 17576.6552410381 
843, 17374.5317996455 
844, 17176.8429580813 
845, 16988.7985561718 
846, 16799.230464484 
847, 16565.1090093039 
848, 16286.800798389 
849, 15982.0996490575 
850, 15667.9435900982 
851, 15305.6284704095 
852, 14938.8442766912 
853, 14639.1331755334 
854, 14406.8444539132 
855, 14221.9920304024 
856, 14140.9856217699 
857, 14233.5051903982 
858, 14360.9901238569 
859, 14376.3797012179 
860, 14258.8010458685 
861, 14096.1990293375 
862, 13898.2432393668 
863, 13648.7267552358 
864, 13353.2002359074 
865, 13047.1305242371 
866, 12763.2612060245 
867, 12525.3946713921 
868, 12369.6471614905 
869, 12346.8371751433 
870, 12368.0200808593 
871, 12341.5232605761 
872, 12228.3119987101 
873, 12079.116757511 
874, 11920.8590368039 
875, 11761.365904355 
876, 11602.3239388149 
877, 11448.1698260754 
878, 11298.1632730756 
879, 11150.9945444669 
880, 11004.0174251129 
881, 10851.3694441689 
882, 10702.106081359 
883, 10561.5040227776 
884, 10429.6088569846 
885, 10296.5748899779 
886, 10155.5102822861 
887, 10008.0917675021 
888, 9860.72442573733 
889, 9721.26954591316 
890, 9579.71642205789 
891, 9423.26696505112 
892, 9238.56768050745 
893, 9014.69362876742 
894, 8757.78312165795 
895, 8476.34911453167 
896, 8180.93737725615 
897, 7881.72995861259 
898, 7602.8581861619 
899, 7370.20259960782 
900, 7204.18351820397 
901, 7103.60120362647 
902, 7051.01854652957 
903, 7023.40892595285 
904, 6996.29870943538 
905, 6954.15251938296 
906, 6876.56647554054 
907, 6752.22564364841 
908, 6585.00407833294 
909, 6412.46251812267 
910, 6265.02815308516 
911, 6154.96983431863 
912, 6076.71760038773 
913, 6010.30964615301 
914, 5947.44761618705 
915, 5883.59235538085 
916, 5819.73591910976 
917, 5773.50209080275 
918, 5735.30555841535 
919, 5698.98721891347 
920, 5662.3019311583 
921, 5620.72585329785 
922, 5565.7665051621 
923, 5489.1337447637 
924, 5384.42426386181 
925, 5250.95393848431 
926, 5091.81207195544 
927, 4903.1991794449 
928, 4677.25177533703 
929, 4410.78070876748 
930, 4114.39355034087 
931, 3802.29187013598 
932, 3494.3290187792 
933, 3225.47709652668 
934, 3009.74554491644 
935, 2859.57104545053 
936, 2780.30823422693 
937, 2757.36669633666 
938, 2770.4412150932 
939, 2797.51193665109 
940, 2820.83039440735 
941, 2838.88592992649 
942, 2841.52862003899 
943, 2816.49462803551 
944, 2759.32905902656 
945, 2687.7141205307 
946, 2630.21809337893 
947, 2594.98913583442 
948, 2577.37312709249 
949, 2567.46222505218 
950, 2559.02912983434 
951, 2548.22558561995 
952, 2534.09441999106 
953, 2518.95034385574 
954, 2501.81694053986 
955, 2485.07276408798 
956, 2471.49321848617 
957, 2462.54295706068 
958, 2455.02889030049 
959, 2448.31902665127 
960, 2443.37733864813 
961, 2442.16820426321 
962, 2440.11596581654 
963, 2439.80024693633 
964, 2441.45361382387 
965, 2441.1700501644 
966, 2438.79890282414 
967, 2430.94491067258 
968, 2417.6795140843 
969, 2401.91085522355 
970, 2381.51877746295 
971, 2354.85149505211 
972, 2321.0040467772 
973, 2280.18345749703 
974, 2234.124737883 
975, 2186.66251888091 
976, 2140.3409516718 
977, 2097.51779351205 
978, 2063.13247788117 
979, 2032.16239756196 
980, 2004.24305961252 
981, 1978.84226351636 
982, 1951.21240962002 
983, 1922.50218123557 
984, 1894.06492457301 
985, 1865.57010985427 
986, 1834.01727661048 
987, 1797.69996057476 
988, 1760.60842443529 
989, 1723.97363188872 
990, 1685.47578838297 
991, 1649.0893225141 
992, 1611.91184708589 
993, 1574.49416780933 
994, 1539.28709175354 
995, 1503.25713358595 
996, 1466.13217080914 
997, 1427.90666836403 
998, 1389.46785711588 
999, 1353.73513022817 
1000, 1318.58619727972 
1001, 8141.39766719255 
1002, 8113.00855895277 
1003, 8086.6081865705 
1004, 8068.96857606203 
1005, 8054.15713772136 
1006, 8044.35234366565 
1007, 8044.00765670153 
1008, 8052.78520798741 
1009, 8069.96198599675 
1010, 8104.53133538958 
1011, 8132.07491101381 
1012, 8164.44367788824 
1013, 8193.48861651507 
1014, 8222.49286734787 
1015, 8250.9941703853 
1016, 8283.66575157163 
1017, 8322.14440865482 
1018, 8358.63901497223 
1019, 8397.53611920197 
1020, 8442.0888460943 
1021, 8485.83031557697 
1022, 8531.50185188442 
1023, 8580.50995276546 
1024, 8628.00318918781 
1025, 8676.06541532281 
1026, 8733.20185523118 
1027, 8787.48703804448 
1028, 8839.71321662185 
1029, 8888.80667008159 
1030, 8925.88532534578 
1031, 8955.73729864572 
1032, 8985.62862346678 
1033, 9021.22517793343 
1034, 9058.81940472805 
1035, 9095.63506778628 
1036, 9136.91266757158 
1037, 9177.60271753951 
1038, 9209.08910379214 
1039, 9235.47860380915 
1040, 9264.20869040702 
1041, 9283.73171174813 
1042, 9302.8525046159 
1043, 9336.11291204509 
1044, 9360.38018982483 
1045, 9380.56081165471 
1046, 9409.33835375901 
1047, 9438.60133059321 
1048, 9462.75409462656 
1049, 9492.68911161058 
1050, 9529.40660350513 
1051, 9559.17416277639 
1052, 9584.28575316586 
1053, 9612.30397057638 
1054, 9646.64404057791 
1055, 9682.29078278203 
1056, 9721.13237935511 
1057, 9765.28584958259 
1058, 9812.93304143878 
1059, 9866.99940783576 
1060, 9927.53664565223 
1061, 9996.45530437287 
1062, 10068.6320947215 
1063, 10143.5075636434 
1064, 10226.7239951457 
1065, 10322.0544923091 
1066, 10417.1130333992 
1067, 10522.7598394722 
1068, 10639.2604219152 
1069, 10764.6718893111 
1070, 10901.0722724398 
1071, 11042.8314526047 
1072, 11185.9973064166 
1073, 11329.8037799586 
1074, 11480.0738289452 
1075, 11618.612041384 
1076, 11755.3080423184 
1077, 11890.3174955362 
1078, 12005.9436305726 
1079, 12105.5473435929 
1080, 12196.6926029151 
1081, 12276.4618009108 
1082, 12351.6058085745 
1083, 12426.2820550711 
1084, 12497.3358467967 
1085, 12566.6281109993 
1086, 12629.2744383983 
1087, 12692.8734815901 
1088, 12739.8331283915 
1089, 12780.0840330121 
1090, 12806.3985335287 
1091, 12819.6973765574 
1092, 12821.7495265191 
1093, 12811.7175741495 
1094, 12791.4265147678 
1095, 12762.905467866 
1096, 12729.3144709345 
1097, 12693.9044315471 
1098, 12655.6102632511 
1099, 12623.7773954779 
1100, 12593.8930018443 
1101, 12564.0948530485 
1102, 12548.6610552599 
1103, 12512.7009142304 
1104, 12475.499973854 
1105, 12421.1336237919 
1106, 12353.2755546562 
1107, 12250.9565391402 
1108, 12100.5459635184 
1109, 11905.7011555033 
1110, 11638.0970933622 
1111, 11308.3363270609 
1112, 10928.2186587632 
1113, 10470.5222433729 
1114, 10009.8646452539 
1115, 9467.43879552258 
1116, 8985.81231335734 
1117, 8465.76322205139 
1118, 8027.87500485085 
1119, 7630.07636280595 
1120, 7269.56573663851 
1121, 6970.5974508264 
1122, 6729.15221652724 
1123, 6556.08094531005 
1124, 6439.68326558042 
1125, 6388.10743403074 
1126, 6428.69805817831 
1127, 6464.4188388121 
1128, 6558.61875119835 
1129, 6649.30758548852 
1130, 6765.96629404269 
1131, 6880.74265897591 
1132, 6998.12201156801 
1133, 7141.21624609267 
1134, 7289.59073910436 
1135, 7454.78766154213 
1136, 7695.67054630585 
1137, 7941.31487356016 
1138, 8185.31055269684 
1139, 8413.76343751563 
1140, 8562.26189862426 
1141, 8667.90014086069 
1142, 8708.95666028637 
1143, 8656.32543136669 
1144, 8630.58669468151 
1145, 8496.14899723285 
1146, 8486.5607091237 
1147, 8493.82162697443 
1148, 8578.00440194938 
1149, 8744.34760034981 
1150, 8949.49138883578 
1151, 9215.37018489402 
1152, 9519.39052513075 
1153, 9833.49184497987 
1154, 10202.7206027506 
1155, 10541.592296782 
1156, 10896.1407419219 
1157, 11225.144566921 
1158, 11556.9013764356 
1159, 11855.2290633949 
1160, 12140.6108700825 
1161, 12395.0189190257 
1162, 12623.2527351996 
1163, 12828.6656790173 
1164, 13009.3332741541 
1165, 13163.1044822405 
1166, 13300.1401955003 
1167, 13411.8427830426 
1168, 13494.3316387625 
1169, 13552.3463001502 
1170, 13583.9289623111 
1171, 13579.4199617593 
1172, 13567.2145177752 
1173, 13530.7958364696 
1174, 13485.653226385 
1175, 13418.5493794727 
1176, 13352.7181808337 
1177, 13273.9683474085 
1178, 13193.6929945217 
1179, 13104.660384212 
1180, 13020.8006461541 
1181, 12928.7725898957 
1182, 12843.8977707226 
1183, 12774.2359906863 
1184, 12710.0617635424 
1185, 12664.2255750943 
1186, 12630.3243515627 
1187, 12612.7724221806 
1188, 12617.4780509758 
1189, 12620.0998469595 
1190, 12652.5616546315 
1191, 12654.6783422914 
1192, 12659.5942636455 
1193, 12637.5068703504 
1194, 12597.5887512037 
1195, 12538.0976591916 
1196, 12453.419079604 
1197, 12355.7145356864 
1198, 12258.0867740535 
1199, 12136.1327116939 
1200, 12041.0825685065 
1201, 11946.8263554832 
1202, 11871.2724758161 
1203, 11802.249259305 
1204, 11755.5207929895 
1205, 11730.5600809214 
1206, 11709.3311764109 
1207, 11708.8984672741 
1208, 11706.4752586649 
1209, 11708.8815236397 
1210, 11714.8381646892 
1211, 11727.7679575585 
1212, 11741.2850270163 
1213, 11757.0515734876 
1214, 11781.3423646765 
1215, 11787.929348317 
1216, 11793.8134813908 
1217, 11786.7372168314 
1218, 11764.5568657114 
1219, 11743.0677919676 
1220, 11715.1348191467 
1221, 11686.0738601521 
1222, 11645.8500321207 
1223, 11616.7018163334 
1224, 11586.2756606241 
1225, 11564.4863712307 
1226, 11555.3572453483 
1227, 11542.3122517585 
1228, 11536.419346104 
1229, 11524.2461000379 
1230, 11509.1052041397 
1231, 11491.774840733 
1232, 11470.2889296885 
1233, 11443.6309024423 
1234, 11417.4246878382 
1235, 11392.8776688144 
1236, 11357.188632603 
1237, 11318.5233387157 
1238, 11272.0876348372 
1239, 11211.2592954497 
1240, 11155.5364878357 
1241, 11094.5342434101 
1242, 11037.9747243288 
1243, 10984.585454532 
1244, 10929.6731477489 
1245, 10875.6926126681 
1246, 10824.1102557071 
1247, 10764.5711148172 
1248, 10701.9474774966 
1249, 10636.7125123476 
1250, 10572.227622683 
1251, 10492.0826385505 
1252, 10410.8395685932 
1253, 10309.6552037974 
1254, 10194.7275415189 
1255, 10065.0551836309 
1256, 9920.6362477891 
1257, 9765.10577491615 
1258, 9591.16790733935 
1259, 9411.75895523958 
1260, 9215.77555767484 
1261, 9022.32334898715 
1262, 8809.83209684696 
1263, 8609.8001334409 
1264, 8442.67377256529 
1265, 8270.38817944584 
1266, 8172.21375690699 
1267, 8108.83864678055 
1268, 8103.31315775833 
1269, 8152.90716184941 
1270, 8238.68909650335 
1271, 8392.29707396245 
1272, 8541.01414087133 
1273, 8743.58324712008 
1274, 8914.42207647189 
1275, 9100.09066328685 
1276, 9255.44843080847 
1277, 9396.21794680632 
1278, 9520.2160956967 
1279, 9620.86016890814 
1280, 9711.61140771469 
1281, 9796.81188840235 
1282, 9875.20292719016 
1283, 9953.66532047139 
1284, 10029.6018267407 
1285, 10102.9086406434 
1286, 10173.151542044 
1287, 10240.3911216897 
1288, 10310.8287727572 
1289, 10364.7533992958 
1290, 10414.0008797629 
1291, 10448.383827385 
1292, 10465.9697523619 
1293, 10481.1783535564 
1294, 10486.7364002309 
1295, 10486.9573177738 
1296, 10478.3437530199 
1297, 10468.8360214021 
1298, 10454.853538694 
1299, 10435.7988400326 
1300, 10415.337662976 
1301, 10392.249232804 
1302, 10363.5924231247 
1303, 10327.4783255879 
1304, 10293.726705133 
1305, 10259.0135524032 
1306, 10220.4450463147 
1307, 10182.7145103365 
1308, 10136.045673791 
1309, 10080.5607695322 
1310, 10027.3578467157 
1311, 9965.2096027666 
1312, 9912.06260878635 
1313, 9861.84300399649 
1314, 9814.60436022843 
1315, 9767.99199881526 
1316, 9729.54051131937 
1317, 9695.80367815136 
1318, 9669.13852345253 
1319, 9645.95152896623 
1320, 9629.80603963517 
1321, 9607.78252469209 
1322, 9568.28213242818 
1323, 9505.58027647508 
1324, 9427.99622745435 
1325, 9326.9814114523 
1326, 9198.00796837471 
1327, 9062.33338438974 
1328, 8896.5056582237 
1329, 8748.29452884548 
1330, 8573.30314557302 
1331, 8443.37141096438 
1332, 8328.10004877802 
1333, 8243.25866362527 
1334, 8200.39122719704 
1335, 8159.75639914508 
1336, 8152.43284662504 
1337, 8136.65860478385 
1338, 8105.74476859794 
1339, 8041.59404013352 
1340, 7927.187209276 
1341, 7754.99519076272 
1342, 7514.33496993315 
1343, 7214.82083913204 
1344, 6855.04255959375 
1345, 6415.90926598363 
1346, 5951.5447044176 
1347, 5412.42051302179 
1348, 4890.62770255668 
1349, 4317.48123658029 
1350, 3789.44206210535 
1351, 3244.31928240678 
1352, 2763.74607847816 
1353, 2301.49151305425 
1354, 1897.77228720555 
1355, 1545.03069334098 
1356, 1239.14400922922 
1357, 977.30597840975 
1358, 769.697215747979 
1359, 606.776806859953 
1360, 476.937468958662 
1361, 379.942448372409 
1362, 308.933039497462 
1363, 262.150729037346 
1364, 230.708810025481 
1365, 207.181150689209 
1366, 200.791818062886 
1367, 199.545501132189 
1368, 205.093989527105 
1369, 224.404937116679 
1370, 259.001754970352 
1371, 297.507855218824 
1372, 354.660707344949 
1373, 399.498684498916 
1374, 452.742963800958 
1375, 488.369192023561 
1376, 518.470745355702 
1377, 532.990173780503 
1378, 533.535822495415 
1379, 524.168077300784 
1380, 502.699625590923 
1381, 480.056293639409 
1382, 463.863812414526 
1383, 457.802005930673 
1384, 470.825469544046 
1385, 502.537303593532 
1386, 546.048416459432 
1387, 602.989355938376 
1388, 655.575410792404 
1389, 721.332164019928 
1390, 766.02123792112 
1391, 808.396091847671 
1392, 833.909914929415 
1393, 840.553899058556 
1394, 849.292484814103 
1395, 839.649853095594 
1396, 848.941930171262 
1397, 863.869205121969 
1398, 880.867215634755 
1399, 910.415733528408 
1400, 934.75568624126 
1401, 950.39919740306 
1402, 977.387596453461 
1403, 1009.26222304445 
1404, 1045.43378269543 
1405, 1086.90716342982 
1406, 1136.60108730741 
1407, 1182.49812988212 
1408, 1231.17923781273 
1409, 1290.16466807683 
1410, 1355.39876848583 
1411, 1422.90097204377 
1412, 1501.68529686526 
1413, 1570.43969836004 
1414, 1643.77855123711 
1415, 1700.12240179935 
1416, 1747.93163178161 
1417, 1790.26109437517 
1418, 1820.5613263812 
1419, 1848.30286432101 
1420, 1873.48183919949 
1421, 1892.06367198978 
1422, 1906.07987724734 
1423, 1911.0508196604 
1424, 1914.50772519363 
1425, 1900.4981800648 
1426, 1872.59099619756 
1427, 1836.25772434874 
1428, 1787.28627442982 
1429, 1729.07941455113 
1430, 1660.75898212959 
1431, 1586.04390033307 
1432, 1509.69043767231 
1433, 1432.24638187699 
1434, 1362.08027754807 
1435, 1298.92723229075 
1436, 1238.17569995214 
1437, 1188.06322945886 
1438, 1142.74900573256 
1439, 1105.04351011418 
1440, 1070.51117337285 
1441, 1044.68754635564 
1442, 1016.51551110243 
1443, 993.801732332666 
1444, 966.192061429447 
1445, 935.856516466913 
1446, 905.68397860991 
1447, 873.162956538655 
1448, 843.235560905893 
1449, 814.019711065683 
1450, 786.63609377556 
1451, 759.113740386949 
1452, 734.600962159198 
1453, 714.601232861729 
1454, 692.701382393861 
1455, 670.352892684307 
1456, 652.571920706525 
1457, 630.992378962911 
1458, 607.459083545801 
1459, 582.75656910212 
1460, 549.445858162936 
1461, 511.814533409648 
1462, 469.782017909756 
1463, 431.249334851384 
1464, 399.981248787022 
1465, 369.606658841781 
1466, 344.989158758109 
1467, 319.698842766415 
1468, 292.92823486783 
1469, 272.98183562573 
1470, 257.240884902353 
1471, 243.615170352454 
1472, 233.500845775826 
1473, 226.198451468702 
1474, 224.518241382133 
1475, 218.543468482312 
1476, 213.844280946193 
1477, 209.411152281559 
1478, 201.67845595829 
1479, 196.48580459282 
1480, 195.126539048169 
1481, 191.487377274575 
1482, 186.277643417512 
1483, 182.731838956119 
1484, 179.527229532396 
1485, 176.09653821613 
1486, 173.338557510142 
1487, 169.918364475783 
1488, 165.484715988241 
1489, 169.309895289617 
1490, 174.952675821684 
1491, 180.802609781911 
1492, 188.241579607226 
1493, 189.731789654374 
1494, 193.786554888947 
1495, 199.533455600551 
1496, 202.797084022246 
1497, 209.214916935613 
1498, 209.331584145187 
1499, 203.114670591922 
1500, 202.361103109399 
1501, 200.41831967859 
1502, 200.169978819187 
1503, 202.678606891701 
1504, 205.286117828612 
1505, 205.937225856204 
1506, 211.448666026 
1507, 224.280965982013 
1508, 230.842881613516 
1509, 237.482247192865 
1510, 242.099692179541 
1511, 241.837371597793 
1512, 242.324687296079 
1513, 243.51548182609 
1514, 242.547493737599 
1515, 236.987314995217 
1516, 237.23619174687 
1517, 238.436237881344 
1518, 241.773870393976 
1519, 253.850726252466 
1520, 257.726843691481 
1521, 255.831212423212 
1522, 257.498917887773 
1523, 259.566123396386 
1524, 261.415696211829 
1525, 267.976204316671 
1526, 278.527501643882 
1527, 284.775676710781 
1528, 287.677047670004 
1529, 290.261050495768 
1530, 285.189529319363 
1531, 285.277797707331 
1532, 289.996105069459 
1533, 290.473075172672 
1534, 293.827316582638 
1535, 296.020619437093 
1536, 292.90281299237 
1537, 296.510517108747 
1538, 305.540287955014 
1539, 312.42525664819 
1540, 320.199983758819 
1541, 326.241279299413 
1542, 332.881380469171 
1543, 338.264173043184 
1544, 342.203418894866 
1545, 345.838137523015 
1546, 347.13564134762 
1547, 351.143106840442 
1548, 355.904143726476 
1549, 361.536718346844 
1550, 371.2022848014 
1551, 376.754565102997 
1552, 380.100793484548 
1553, 384.098235763793 
1554, 383.924911207206 
1555, 388.88307947348 
1556, 398.160438426622 
1557, 404.703258493191 
1558, 413.250254146343 
1559, 420.006994012082 
1560, 425.975044390456 
1561, 429.155659239747 
1562, 427.381702219636 
1563, 431.202900661724 
1564, 436.047904760228 
1565, 440.406151910187 
1566, 450.595133528267 
1567, 456.573835271817 
1568, 457.786199967697 
1569, 459.782788586806 
1570, 465.441091546979 
1571, 471.095217153238 
1572, 474.86664075346 
1573, 477.663123830249 
1574, 480.950839797129 
1575, 484.898240088978 
1576, 488.87687687333 
1577, 499.325652897912 
1578, 511.75420444311 
1579, 521.274665031018 
1580, 535.025833394575 
1581, 554.83855906051 
1582, 569.560663616832 
1583, 583.437507503774 
1584, 595.712491743779 
1585, 606.456404887726 
1586, 617.833687231015 
1587, 628.88496381672 
1588, 638.352412589191 
1589, 645.949107019369 
1590, 655.945061605816 
1591, 666.353853984184 
1592, 674.522240460683 
1593, 685.662512967917 
1594, 691.636547614775 
1595, 691.93807104096 
1596, 694.346202680775 
1597, 696.473263499024 
1598, 697.639021988022 
1599, 698.841737746905 
1600, 697.509891493397 
1601, 690.768023860951 
1602, 691.336612771361 
1603, 694.425702911698 
1604, 697.39146092536 
1605, 705.356524541789 
1606, 710.436550908296 
1607, 710.446492083503 
1608, 716.81531356067 
1609, 727.519542416853 
1610, 737.538218249365 
1611, 752.994299957695 
1612, 762.5679919102 
1613, 769.331156143639 
1614, 774.788314857567 
1615, 775.820289614064 
1616, 778.898743819258 
1617, 781.794207887264 
1618, 785.035575507943 
1619, 788.325765421973 
1620, 792.537704698892 
1621, 796.811429466744 
1622, 802.452191714682 
1623, 810.521195244167 
1624, 816.877719140557 
1625, 824.128948805127 
1626, 829.118072164709 
1627, 834.192191293311 
1628, 835.708146806581 
1629, 831.061687038518 
1630, 830.914920219738 
1631, 833.091704150795 
1632, 830.977269681239 
1633, 830.272868377896 
1634, 827.346464593811 
1635, 814.373345407581 
1636, 809.532331352134 
1637, 811.046315378901 
1638, 810.389230009844 
1639, 810.665846905348 
1640, 813.584444435326 
1641, 817.135153847882 
1642, 820.617287717805 
1643, 829.714468454516 
1644, 834.867533818547 
1645, 836.104624461981 
1646, 837.692735208143 
1647, 834.676673258316 
1648, 836.693508062222 
1649, 841.511497306398 
1650, 847.234897837747 
1651, 857.002595004355 
1652, 866.498770726251 
1653, 877.69982246499 
1654, 890.452493654945 
1655, 899.490821268483 
1656, 910.119913856432 
1657, 914.579177914494 
1658, 912.622341980742 
1659, 916.992803607045 
1660, 921.677063753108 
1661, 925.529817804946 
1662, 931.511951072165 
1663, 935.876106694338 
1664, 938.863935280284 
1665, 939.622499968804 
1666, 939.936472783026 
1667, 940.791522400721 
1668, 937.37376873014 
1669, 940.751087428883 
1670, 949.252444169009 
1671, 953.864667924897 
1672, 959.717970358514 
1673, 963.094850810776 
1674, 963.255465749126 
1675, 967.529506708883 
1676, 973.814660509433 
1677, 976.150204391673 
1678, 976.91495182497 
1679, 983.134297350012 
1680, 988.902964857312 
1681, 996.196171787948 
1682, 1010.05068083684 
1683, 1017.43416912846 
1684, 1021.34192309401 
1685, 1024.36045424047 
1686, 1025.78717439248 
1687, 1028.99945892701 
1688, 1029.38139561407 
1689, 1034.65839724945 
1690, 1045.93088261797 
1691, 1047.99397530197 
1692, 1047.0205158554 
1693, 1049.34629957823 
1694, 1047.62490982462 
1695, 1049.72633987992 
1696, 1055.86963390982 
1697, 1061.00461127262 
1698, 1066.64017977786 
1699, 1069.33905841468 
1700, 1074.61766696416 
1701, 1072.56918214752 
1702, 1062.93025465958 
1703, 1059.91689216473 
1704, 1054.36074243865 
1705, 1056.32413069443 
1706, 1064.7141229694 
1707, 1067.12104779188 
1708, 1072.30074821388 
1709, 1073.09043782161 
1710, 1066.72528787925 
1711, 1071.72536652241 
1712, 1082.59435894537 
1713, 1084.71670161949 
1714, 1089.29358684898 
1715, 1085.54479596573 
1716, 1079.98285858402 
1717, 1084.25136264775 
1718, 1088.29878136245 
1719, 1090.24107198963 
1720, 1089.98414461209 
1721, 1081.56941096358 
1722, 1071.50539385351 
1723, 1062.67784515562 
1724, 1059.02770878502 
1725, 1063.19851414697 
1726, 1068.59155045371 
1727, 1072.79848999585 
1728, 1075.0496530335 
1729, 1078.2612683307 
1730, 1079.83288794079 
1731, 1077.85651594579 
1732, 1072.48182355055 
1733, 1059.0727581478 
1734, 1049.01321789588 
1735, 1046.91765408052 
1736, 1049.18050293756 
1737, 1053.03596447426 
1738, 1053.99803215723 
1739, 1055.91819941971 
1740, 1052.15064573914 
1741, 1051.4062859515 
1742, 1061.19484215783 
1743, 1066.49453879613 
1744, 1073.43019955416 
1745, 1075.4785718811 
1746, 1070.54925431969 
1747, 1068.98887836667 
1748, 1067.85408785884 
1749, 1074.59421293982 
1750, 1079.56664247017 
1751, 1076.69421588856 
1752, 1072.52349778062 
1753, 1068.10664776924 
1754, 1063.36557865151 
1755, 1059.17822072923 
1756, 1055.22758414307 
1757, 1044.04048594193 
1758, 1037.88720600217 
1759, 1040.30546638383 
1760, 1038.11413761719 
1761, 1037.93687626416 
1762, 1035.15626984743 
1763, 1022.94915856889 
1764, 1013.85932443646 
1765, 1001.64569308701 
1766, 992.827958760859 
1767, 985.439602366141 
1768, 978.957817611585 
1769, 976.094977168365 
1770, 973.144411670142 
1771, 974.477135602339 
1772, 969.763260922814 
1773, 963.538571750042 
1774, 954.680549669946 
1775, 939.355239667233 
1776, 923.492439975952 
1777, 903.052756110479 
1778, 888.152223669807 
1779, 872.725716004028 
1780, 864.305888937241 
1781, 863.892424635981 
1782, 859.621380560915 
1783, 860.379453533941 
1784, 853.560635697503 
1785, 841.201998048789 
1786, 831.379768749452 
1787, 818.078280370415 
1788, 806.70244319634 
1789, 800.155057409861 
1790, 784.959455640151 
1791, 765.042357947253 
1792, 746.156923682098 
1793, 724.568397732417 
1794, 703.475345988738 
1795, 687.1318943002 
1796, 658.995184927701 
1797, 621.344563699491 
1798, 588.297942145228 
1799, 552.747528572787 
1800, 524.215605227154 
1801, 3054.27179874393 
1802, 2941.03267086847 
1803, 2836.87550053474 
1804, 2744.29798778772 
1805, 2656.02762017054 
1806, 2596.40800752194 
1807, 2540.47578609098 
1808, 2462.66870069906 
1809, 2387.21056354992 
1810, 2308.28142375128 
1811, 2203.33095506496 
1812, 2108.86652824589 
1813, 2026.36257729366 
1814, 1940.02401307114 
1815, 1830.27584269542 
1816, 1737.21697612075 
1817, 1635.77653110149 
1818, 1534.87403336757 
1819, 1460.09171712018 
1820, 1404.78376582708 
1821, 1345.85978643563 
1822, 1302.75641995002 
1823, 1273.86513837331 
1824, 1210.71422233732 
1825, 1130.19019233813 
1826, 1058.27250337931 
1827, 971.03253435019 
1828, 869.010169122329 
1829, 747.521779365544 
1830, 651.099992323778 
1831, 549.297299340214 
1832, 436.68963522169 
1833, 377.447093695221 
1834, 334.897063463546 
1835, 273.74299043862 
1836, 245.376239544626 
1837, 233.049490553542 
1838, 209.207708305999 
1839, 190.438188173772 
1840, 179.974579520529 
1841, 174.301745336739 
1842, 160.633805509121 
1843, 170.257849629619 
1844, 197.487140482103 
1845, 225.580909296884 
1846, 252.270155273558 
1847, 263.420021903069 
1848, 249.2814541294 
1849, 232.391094989504 
1850, 219.714547594362 
1851, 197.968051022049 
1852, 180.733141956787 
1853, 171.860773243484 
1854, 163.905960818729 
1855, 168.266434320213 
1856, 174.183890835524 
1857, 189.200690502943 
1858, 217.99455144925 
1859, 236.384013351459 
1860, 246.141969922728 
1861, 265.424372394738 
1862, 311.888196117147 
1863, 325.343640783584 
1864, 333.039805713733 
1865, 336.544490743179 
1866, 293.66510309007 
1867, 263.246395382196 
1868, 226.042534276439 
1869, 188.689291620382 
1870, 162.948870862548 
1871, 141.930984758394 
1872, 107.804274846614 
1873, 110.264075175526 
1874, 113.735667645781 
1875, 106.832317734751 
1876, 141.216230707559 
1877, 167.622934614903 
1878, 167.140494003032 
1879, 187.145490157135 
1880, 208.678567555016 
1881, 226.356555249713 
1882, 234.93814815066 
1883, 265.66194092673 
1884, 288.376310697268 
1885, 278.39495337664 
1886, 275.337390455129 
1887, 277.646752340753 
1888, 267.30481230698 
1889, 274.738634667244 
1890, 273.890835246182 
1891, 265.751065030267 
1892, 247.795687988737 
1893, 242.844412011497 
1894, 225.206433162832 
1895, 213.140280316328 
1896, 207.439070558027 
1897, 181.870485265547 
1898, 168.202923266359 
1899, 151.224237207725 
1900, 129.814983507651 
1901, 113.921103460668 
1902, 93.6800710381909 
1903, 54.5298630225575 
1904, 40.0515499733707 
1905, 42.7519457002793 
1906, 28.6677508160913 
1907, 53.0261957055109 
1908, 58.6861372414563 
1909, 58.6340819373355 
1910, 73.5736949435606 
1911, 71.2040078500471 
1912, 48.5712660138579 
1913, 42.5789496229355 
1914, 29.9521544707256 
1915, 38.2794375778744 
1916, 46.5461235873017 
1917, 61.5269352506305 
1918, 82.1618902554714 
1919, 79.3866065778309 
1920, 60.8600083022165 
1921, 43.4656242745189 
1922, 43.0411292525341 
1923, 48.8074331234684 
1924, 44.9237134124573 
1925, 50.1847061601374 
1926, 63.2403966980964 
1927, 40.8967241104263 
1928, 17.0844437377038 
1929, 16.9757903190871 
1930, 23.7394530470986 
1931, 38.8487714311096 
1932, 52.2045061541481 
1933, 60.183744154634 
1934, 60.8234414850692 
1935, 65.2991634296913 
1936, 65.3784594832337 
1937, 80.828649267163 
1938, 77.0254596450739 
1939, 57.1363545163903 
1940, 49.9183494260638 
1941, 39.2116321261819 
1942, 50.7996602108178 
1943, 80.8117020468056 
1944, 89.5112409280429 
1945, 97.3363026094001 
1946, 93.0904370205157 
1947, 64.9106217421818 
1948, 51.2174782825948 
1949, 41.5620632456683 
1950, 20.7826169174275 
1951, 13.2608460733724 
1952, 23.1402585626969 
1953, 27.5775780105149 
1954, 32.5752699621807 
1955, 27.7687413823042 
1956, 10.881427712599 
1957, 0.939969079833376 
1958,-15.0358632277879 
1959,-23.0408281284779 
1960,-29.2684835117322 
1961,-22.1458050280025 
1962,-15.7267911300397 
1963,-16.075077140406 
1964, 0.518120920106926 
1965, 11.281730179207 
1966, 16.1776017146432 
1967, 20.906415909003 
1968, 25.3925208419936 
1969, 20.0026376105093 
1970, 23.0937070738229 
1971, 30.9734139186556 
1972, 39.6938015750285 
1973, 63.4713570806962 
1974, 58.9799550503722 
1975, 54.3500573534978 
1976, 45.828109552616 
1977, 30.2179355379637 
1978, 29.0314671959345 
1979, 31.467866144723 
1980, 52.5818225980161 
1981, 57.4537069800973 
1982, 48.3244162460778 
1983, 55.7536296078461 
1984, 79.2609392017008 
1985, 85.5792096266043 
1986, 88.8122956088876 
1987, 94.9831617298095 
1988, 104.365630658192 
1989, 88.3008618298649 
1990, 88.6168773230546 
1991, 109.185835630898 
1992, 113.669327864721 
1993, 114.056077668837 
1994, 103.880074664102 
1995, 71.3589233500898 
1996, 63.1550054453577 
1997, 61.5695131401071 
1998, 54.1495339365972 
1999, 69.6305760247651 
2000, 73.757858262634 
2001, 49.2633241009326 
2002, 31.521508373763 
2003, 14.7980100740368 
2004,-9.26624123217718 
2005,-22.4986736367028 
2006,-30.9900786100705 
2007,-33.4332692925725 
2008,-31.1838396131541 
2009,-24.1743967117866 
2010,-3.0209179435923 
2011, 11.6094022293478 
2012, 10.5201400821918 
2013, 9.81096838868923 
2014, 3.21065857664615 
2015,-23.2890759403971 
2016,-28.0674389822894 
2017,-26.2603355750433 
2018,-19.5140543032982 
2019,-0.221421573629317 
2020, 10.4741084926537 
2021, 19.6060311697376 
2022, 30.2842748016807 
2023, 37.0307840650511 
2024, 54.0688866987803 
2025, 54.4273415238509 
2026, 63.6434174971876 
2027, 67.7775474579285 
2028, 63.610568275426 
2029, 61.632858776864 
2030, 59.6672345108054 
2031, 63.6432582722992 
2032, 75.2152725642787 
2033, 70.8959394506489 
2034, 62.5103697797011 
2035, 56.8467272293144 
2036, 30.998579945612 
2037, 24.0600545636943 
2038, 30.7454862044678 
2039, 42.3732646454583 
2040, 51.2733100007603 
2041, 70.6282372570782 
2042, 66.3974965834808 
2043, 48.3850081248062 
2044, 40.1799474496303 
2045, 16.9525717477746 
2046, 11.9005182091 
2047, 27.9665430771557 
2048, 31.0587288346082 
2049, 29.1533985187288 
2050, 33.8475231573048 
2051, 44.7416871707924 
2052, 43.7207644254432 
2053, 44.6050053303367 
2054, 48.0971301372356 
2055, 47.2599344582451 
2056, 32.6643480883433 
2057, 34.2932296938157 
2058, 47.3841297378524 
2059, 51.0446829502676 
2060, 57.4320412509823 
2061, 62.1457664562455 
2062, 63.3496403516501 
2063, 62.7355096052323 
2064, 61.184177963191 
2065, 60.2230660079729 
2066, 50.2679939084216 
2067, 47.2426846756917 
2068, 56.3149027821871 
2069, 71.8405335154427 
2070, 88.5210028649995 
2071, 124.386723601089 
2072, 137.577271913533 
2073, 140.948317416086 
2074, 149.061139662136 
2075, 149.361451764441 
2076, 151.202288503519 
2077, 156.254898401179 
2078, 159.027282345044 
2079, 160.244874569627 
2080, 158.565229060533 
2081, 148.218722376461 
2082, 151.706113487152 
2083, 151.687489305484 
2084, 143.153022676054 
2085, 151.706654391225 
2086, 176.464727638083 
2087, 188.170356771149 
2088, 206.876538073095 
2089, 213.645244653111 
2090, 212.523408250566 
2091, 205.018641068069 
2092, 183.01082558182 
2093, 174.071614684936 
2094, 151.978109315044 
2095, 150.926185956962 
2096, 178.778013909158 
2097, 192.129339937724 
2098, 206.333247511576 
2099, 233.302196281444 
2100, 240.41776833574 
2101, 227.287395992759 
2102, 232.673850093376 
2103, 238.684280619739 
2104, 248.707740606384 
2105, 264.795227778931 
2106, 284.115067034313 
2107, 307.255246689845 
2108, 327.774388842678 
2109, 364.163279525032 
2110, 382.313017812098 
2111, 385.314217069491 
2112, 388.707586523007 
2113, 400.984626062247 
2114, 400.64085224255 
2115, 403.920031578589 
2116, 413.722845690446 
2117, 417.490463119092 
2118, 404.615057411795 
2119, 414.50008774133 
2120, 436.973137308651 
2121, 459.023458339374 
2122, 495.547008042519 
2123, 521.817438276903 
2124, 551.236669863196 
2125, 568.432788645206 
2126, 563.329839104762 
2127, 578.03194506941 
2128, 595.560163121237 
2129, 616.405983373481 
2130, 639.100989035812 
2131, 681.68172263605 
2132, 697.391427748743 
2133, 693.757113761789 
2134, 707.124209431079 
2135, 713.362643438349 
2136, 737.196634929589 
2137, 788.635332419296 
2138, 810.651104599582 
2139, 821.621103428962 
2140, 839.06508822653 
2141, 845.332631885796 
2142, 855.106927693759 
2143, 872.860733821015 
2144, 890.773124604681 
2145, 909.65246187374 
2146, 914.164854286412 
2147, 941.129580124147 
2148, 966.990848101149 
2149, 990.202775819943 
2150, 1011.41413154068 
2151, 1039.01086647486 
2152, 1075.89693735719 
2153, 1094.08484064047 
2154, 1111.59802023136 
2155, 1120.54373483417 
2156, 1097.78035742275 
2157, 1106.31881049177 
2158, 1134.70860956157 
2159, 1150.00655352667 
2160, 1179.01459584876 
2161, 1194.23006079843 
2162, 1178.69481070933 
2163, 1188.6651724956 
2164, 1205.59092601645 
2165, 1229.03584536067 
2166, 1266.09408425686 
2167, 1329.13687072553 
2168, 1367.49490885496 
2169, 1408.67443180308 
2170, 1436.3153917068 
2171, 1446.19892158845 
2172, 1465.27567184724 
2173, 1479.3091759363 
2174, 1500.65021690898 
2175, 1528.81500357274 
2176, 1553.37971938067 
2177, 1585.09420616164 
2178, 1605.63276967611 
2179, 1612.96986831191 
2180, 1628.86645641905 
2181, 1629.04673027013 
2182, 1653.32900147011 
2183, 1700.55142015281 
2184, 1750.17251587366 
2185, 1774.40513326908 
2186, 1819.06317208911 
2187, 1839.64749756949 
2188, 1829.30384865484 
2189, 1844.67840447354 
2190, 1874.63320609891 
2191, 1883.55460282504 
2192, 1891.39955496639 
2193, 1890.3451713079 
2194, 1862.78282595504 
2195, 1864.5126468397 
2196, 1874.08123469707 
2197, 1887.00961720607 
2198, 1922.69849961904 
2199, 1941.45548710173 
2200, 1951.15102970298 
2201, 1965.28931731212 
2202, 1968.6861214535 
2203, 1985.78549203407 
2204, 2001.72629079796 
2205, 2042.51155704305 
2206, 2084.47074533641 
2207, 2119.14722359003 
2208, 2152.77373585699 
2209, 2187.68566364253 
2210, 2210.60134894238 
2211, 2223.90270135232 
2212, 2245.56619283439 
2213, 2256.27956212941 
2214, 2285.41960225089 
2215, 2341.29761401002 
2216, 2364.02946318694 
2217, 2378.96426889663 
2218, 2392.86979756045 
2219, 2389.42814636416 
2220, 2387.11025189827 
2221, 2381.65174172977 
2222, 2384.23945665115 
2223, 2376.24726439345 
2224, 2380.57049922766 
2225, 2413.72059264664 
2226, 2425.14599593683 
2227, 2418.4283629068 
2228, 2431.32586858093 
2229, 2423.64629651521 
2230, 2425.45494678271 
2231, 2421.45224619506 
2232, 2419.5872770315 
2233, 2413.84610626362 
2234, 2404.32513040179 
2235, 2389.3020840355 
2236, 2367.95912706942 
2237, 2360.03096510421 
2238, 2347.57177608949 
2239, 2347.54610672756 
2240, 2374.89106090864 
2241, 2373.32809614962 
2242, 2366.25833424171 
2243, 2348.71104348978 
2244, 2310.76405079156 
2245, 2279.85260180284 
2246, 2234.18495824843 
2247, 2207.73086076763 
2248, 2186.4761568033 
2249, 2175.12272278996 
2250, 2189.22993960397 
2251, 2190.95871137823 
2252, 2197.26280028578 
2253, 2197.80675135997 
2254, 2174.98180514421 
2255, 2152.87495664625 
2256, 2110.55449766855 
2257, 2061.3936078487 
2258, 2025.28826366144 
2259, 1990.33965935507 
2260, 1956.59872716059 
2261, 1927.03633863824 
2262, 1901.70342208351 
2263, 1871.08741346064 
2264, 1854.44135713796 
2265, 1862.95571470867 
2266, 1847.10472323993 
2267, 1819.61544944481 
2268, 1802.98763482778 
2269, 1778.67912764287 
2270, 1759.82195129529 
2271, 1763.06412508116 
2272, 1744.81689179158 
2273, 1710.56267750323 
2274, 1681.13294457202 
2275, 1637.1979084784 
2276, 1608.32617681939 
2277, 1590.56423284472 
2278, 1569.39502204954 
2279, 1564.19085040409 
2280, 1542.25519583499 
2281, 1509.90610317636 
2282, 1475.09765763864 
2283, 1429.46567504918 
2284, 1381.46340779007 
2285, 1338.3238501646 
2286, 1300.10622686508 
2287, 1277.91110706849 
2288, 1250.4269954758 
2289, 1221.00234574795 
2290, 1196.41928793711 
2291, 1165.30567558992 
2292, 1120.30891520653 
2293, 1094.65470569189 
2294, 1077.81200816151 
2295, 1056.70971420087 
2296, 1045.06814586526 
2297, 1027.88308502787 
2298, 1014.09001253218 
2299, 985.765270829405 
2300, 939.189931960947 
2301, 914.162738064575 
2302, 876.657332872965 
2303, 863.433204182784 
2304, 893.287562878544 
2305, 890.807466057102 
2306, 878.430565330635 
2307, 872.814380431925 
2308, 864.965135689724 
2309, 846.443694479338 
2310, 830.08957597245 
2311, 807.643023675092 
2312, 762.778230113937 
2313, 727.437766889211 
2314, 699.625303065927 
2315, 670.422153844475 
2316, 623.728741650668 
2317, 591.515397625976 
2318, 562.022659125269 
2319, 524.144178544233 
2320, 517.135696597331 
2321, 506.262318585365 
2322, 490.373240428805 
2323, 486.677760027932 
2324, 483.28350870156 
2325, 481.139501839287 
2326, 482.908399754751 
2327, 498.292397023177 
2328, 499.996616071887 
2329, 498.860790270288 
2330, 486.349353351933 
2331, 459.627211219223 
2332, 445.72513200246 
2333, 431.14416152405 
2334, 418.74842891236 
2335, 413.614125205832 
2336, 404.591978441754 
2337, 387.620227180521 
2338, 376.490817830482 
2339, 375.525885124473 
2340, 369.814167614313 
2341, 362.213849466349 
2342, 351.696440648913 
2343, 343.940986355776 
2344, 323.478984232085 
2345, 291.747392778134 
2346, 268.682607494509 
2347, 228.168425240111 
2348, 216.463692659182 
2349, 225.646236760613 
2350, 226.711307902289 
2351, 252.807786571882 
2352, 254.30778167404 
2353, 226.901645026936 
2354, 226.291059306937 
2355, 228.408199471552 
2356, 234.577233094023 
2357, 268.044330216026 
2358, 282.95204843258 
2359, 289.020771771052 
2360, 291.954484754505 
2361, 286.833981306631 
2362, 275.335118541546 
2363, 260.94330311921 
2364, 234.893668853743 
2365, 216.626154316878 
2366, 206.622481561594 
2367, 186.019160827857 
2368, 169.725701894088 
2369, 147.488871290196 
2370, 128.066052606169 
2371, 118.980641017616 
2372, 119.77056481509 
2373, 125.711696522975 
2374, 126.412770685303 
2375, 134.329664724521 
2376, 132.021655328509 
2377, 124.06016866757 
2378, 129.313542864451 
2379, 124.94186916351 
2380, 127.257406968973 
2381, 119.944259610163 
2382, 109.609548515444 
2383, 121.731269639541 
2384, 124.832491882559 
2385, 128.001647557263 
2386, 120.883707977147 
2387, 110.905643471979 
2388, 107.843589627619 
2389, 109.752335753436 
2390, 129.187261765208 
2391, 140.706133683691 
2392, 148.070120298999 
2393, 147.196915618042 
2394, 141.6727621656 
2395, 149.013683007807 
2396, 141.803001086869 
2397, 130.939002069966 
2398, 131.270805799974 
2399, 130.613368015032 
2400, 131.192927287554 
2401, 120.391691998316 
2402, 102.268616832636 
2403, 86.103497328105 
2404, 58.2216194039994 
2405, 52.6442398562772 
2406, 74.7002127833319 
2407, 81.6201119828475 
2408, 93.9588714077951 
2409, 94.0269504919691 
2410, 83.5724838688468 
2411, 83.1752058081774 
2412, 73.5415097898749 
2413, 74.0520078981691 
2414, 97.9677826794663 
2415, 93.5404808435113 
2416, 76.1753354491643 
2417, 61.3123934096647 
2418, 27.3870133652424 
2419, 11.991247398998 
2420, 2.47472604047162 
2421, 8.05798495278507 
2422, 32.8598969086249 
2423, 41.85237072342 
2424, 53.9165478686282 
2425, 57.0555758105441 
2426, 48.5917141379374 
2427, 44.7038859119281 
2428, 45.9989670467485 
2429, 44.9651988033908 
2430, 27.1774608855051 
2431, 39.188358174735 
2432, 77.8283688866452 
2433, 79.1300284855652 
2434, 86.3025521551887 
2435, 82.8818378082081 
2436, 43.5528051607911 
2437, 20.7382177271288 
2438, 3.87543918479223 
2439,-4.40280177496124 
2440,-15.6505994641378 
2441,-6.63492477376301 
2442, 27.6734897152513 
2443, 37.8759958826528 
2444, 41.5493298920344 
2445, 31.312840095469 
2446, 45.112951204492 
2447, 53.9748857157732 
2448, 58.9862444269721 
2449, 43.9986405754 
2450, 19.427654160106 
2451, 0.976351351792377 
2452,-6.03661244496012 
2453, 9.68912480306219 
2454, 19.4867563339444 
2455, 23.6574924957761 
2456, 27.1438166749853 
2457, 31.2697158672267 
2458, 51.4141223407933 
2459, 70.9108933061663 
2460, 82.6193858898195 
2461, 84.4199815375172 
2462, 64.8907486262069 
2463, 48.6325245938011 
2464, 28.886129251235 
2465, 0.395255136489635 
2466,-7.78503834311096 
2467,-5.11573757781048 
2468, 0.197859287339277 
2469, 17.3485224565376 
2470, 34.9363185402731 
2471, 41.2219148325987 
2472, 33.4261603390518 
2473, 12.6868732139405 
2474,-16.4507108902834 
2475,-41.9495503978525 
2476,-35.3460103493469 
2477,-16.9621481351412 
2478, 0.332502348136478 
2479, 32.0972901175648 
2480, 40.4658485384039 
2481, 41.4097610535221 
2482, 53.3872195417969 
2483, 34.1928818441189 
2484, 28.9352612316121 
2485, 46.9874212206556 
2486, 45.9338528626729 
2487, 63.4946645293196 
2488, 54.5354396804843 
2489, 6.6535900481845 
2490,-3.20705070855017 
2491,-9.19241865804417 
2492,-16.0808122334181 
2493, 5.69236847994293 
2494, 11.9963203137681 
2495, 0.769851661023466 
2496, 11.243438975956 
2497,-4.90000692641545 
2498,-7.85522622598061 
2499,-13.880638804006 
2500,-20.258681164877 
