Wavelength,0212202100091.asd
350, 2653.12686189086 
351, 2790.38659883945 
352, 2917.16683726256 
353, 3025.55471727325 
354, 3130.10071310236 
355, 3240.34942136797 
356, 3359.10081638627 
357, 3474.18123391862 
358, 3593.11607752428 
359, 3720.25519467868 
360, 3861.04967063591 
361, 4034.39778259775 
362, 4233.00347729485 
363, 4446.6714824438 
364, 4664.94901959373 
365, 4885.99832759054 
366, 5097.66844061814 
367, 5284.25993990068 
368, 5427.8549581125 
369, 5512.28675603661 
370, 5542.66590792606 
371, 5536.07742643218 
372, 5513.33365217632 
373, 5502.39242346978 
374, 5510.21593696821 
375, 5526.92314968307 
376, 5539.74645924444 
377, 5547.70296255741 
378, 5539.28848744072 
379, 5487.70712922125 
380, 5423.44223346261 
381, 5351.25311974455 
382, 5268.10726672357 
383, 5165.66369355729 
384, 5062.09161020915 
385, 4989.48873802578 
386, 4986.25639272223 
387, 5088.4299919583 
388, 5236.64714644612 
389, 5366.5230524662 
390, 5424.73072899865 
391, 5485.32089988404 
392, 5545.92163709863 
393, 5596.673287673 
394, 5636.00610805806 
395, 5748.76657008917 
396, 5974.53890759532 
397, 6329.46091406818 
398, 6828.97775171136 
399, 7399.44529274505 
400, 7985.82724144136 
401, 8555.84610159284 
402, 9097.44840831157 
403, 9544.72510797247 
404, 9868.79528260624 
405, 10118.7889402029 
406, 10316.63765498 
407, 10491.7032139788 
408, 10680.4910257731 
409, 10941.9107564543 
410, 11257.4488283305 
411, 11606.9120991432 
412, 11970.3885066659 
413, 12329.5670776624 
414, 12684.8971514136 
415, 13028.5298030117 
416, 13331.7671986271 
417, 13617.730328218 
418, 13909.2845176158 
419, 14214.1941418877 
420, 14480.9291465322 
421, 14748.4249375801 
422, 15039.6110806184 
423, 15356.6052966466 
424, 15646.6573290254 
425, 15874.7860097113 
426, 16010.5531625891 
427, 16022.1993434065 
428, 15962.044173214 
429, 15970.9809320949 
430, 16164.2595586205 
431, 16452.9602763597 
432, 16830.2950330897 
433, 17385.2245593628 
434, 18237.9021294047 
435, 19142.9441114527 
436, 19834.6644780873 
437, 20258.762286807 
438, 20706.5243638354 
439, 21169.2991867327 
440, 21605.8785933901 
441, 21998.0516151564 
442, 22506.7285217646 
443, 23045.7129434139 
444, 23541.4885346431 
445, 23942.9966016519 
446, 24267.4769118308 
447, 24557.1386968487 
448, 24861.5231312081 
449, 25244.1038557561 
450, 25570.3775004158 
451, 25746.8831726194 
452, 25736.8162942121 
453, 25668.3872777521 
454, 25523.5948496837 
455, 25340.3161233388 
456, 25207.9104494246 
457, 25177.24605245 
458, 25185.0368470979 
459, 25165.9977953311 
460, 25099.4199419019 
461, 24999.2238318807 
462, 24889.6270537292 
463, 24784.0824167938 
464, 24621.1254974684 
465, 24366.9667891797 
466, 24051.2699117175 
467, 23764.244698515 
468, 23519.8514083533 
469, 23335.9395801306 
470, 23222.0389585287 
471, 23181.1584860067 
472, 23152.4604075169 
473, 23141.922577229 
474, 23174.2214779821 
475, 23165.5075214585 
476, 23139.3638579005 
477, 23123.3284929372 
478, 23136.6630413166 
479, 23212.3973752566 
480, 23318.4090780071 
481, 23396.1410575131 
482, 23380.1646189906 
483, 23210.3117343101 
484, 22849.1975236765 
485, 22305.917569366 
486, 21773.7600829676 
487, 21395.7240509688 
488, 21284.1116020928 
489, 21528.8033627177 
490, 21925.1156083387 
491, 22254.6009377205 
492, 22373.1300799914 
493, 22417.49748591 
494, 22479.9046692289 
495, 22605.3226125668 
496, 22782.934383732 
497, 22837.7622107991 
498, 22774.7291425331 
499, 22633.8206928693 
500, 22442.8466794477 
501, 22298.2940598165 
502, 22240.9173731885 
503, 22288.6782138754 
504, 22493.8068778441 
505, 22782.2499853254 
506, 23077.5849752441 
507, 23313.9244618556 
508, 23493.0889937198 
509, 23632.4533636183 
510, 23762.0161308794 
511, 23938.7935885975 
512, 24062.3245780252 
513, 24086.5743042379 
514, 24000.6666621987 
515, 23805.3545280458 
516, 23541.1607483115 
517, 23280.9758544312 
518, 23127.8990587779 
519, 23320.6107060874 
520, 23880.7198187097 
521, 24673.8891597889 
522, 25340.5357718568 
523, 25838.7459730734 
524, 26187.1876355369 
525, 26445.7594872176 
526, 26561.8682698814 
527, 26609.8794769901 
528, 26747.2809663589 
529, 27279.6779414041 
530, 27977.6659200378 
531, 28569.6705677358 
532, 28831.0761796414 
533, 28918.9334596261 
534, 29050.676967094 
535, 29342.4403528659 
536, 29783.6742170723 
537, 30102.3454747511 
538, 30252.4780917329 
539, 30275.849181392 
540, 30266.2863355078 
541, 30293.5214318582 
542, 30448.6738558266 
543, 30801.5361280205 
544, 31211.2397761252 
545, 31569.9587460194 
546, 31819.7067083673 
547, 31967.5154906509 
548, 32064.3776122686 
549, 32174.7350013108 
550, 32340.8051824476 
551, 32513.0779630873 
552, 32647.4465124533 
553, 32746.9864664129 
554, 32851.0711062165 
555, 32930.7339229456 
556, 32904.1155739064 
557, 32725.7571351597 
558, 32426.5081341772 
559, 32170.0398207074 
560, 32054.0443469787 
561, 32113.7193937507 
562, 32259.4160999878 
563, 32345.467963842 
564, 32299.5872486704 
565, 32142.7526683761 
566, 31919.0354851849 
567, 31689.9573977753 
568, 31493.9651063486 
569, 31298.1805583294 
570, 31042.5524766676 
571, 30797.7238847583 
572, 30704.5820973371 
573, 30729.1814018914 
574, 30719.9259875126 
575, 30579.9440227559 
576, 30322.6601059956 
577, 30083.3754287097 
578, 29957.5818794166 
579, 29998.9302542156 
580, 30162.1307519963 
581, 30442.9290417295 
582, 30782.6194401674 
583, 31072.7323386559 
584, 31260.7432855005 
585, 31265.4530304092 
586, 31074.8496409534 
587, 30835.2934977892 
588, 30533.8457714169 
589, 30125.2482671044 
590, 29615.1340277368 
591, 29431.0239980326 
592, 29568.6647492879 
593, 29827.1001208007 
594, 29819.9356692041 
595, 29671.2022687203 
596, 29459.1267282054 
597, 29239.5184504587 
598, 29000.1880826482 
599, 28706.8581947023 
600, 28383.2597961125 
601, 28094.5091098045 
602, 27874.7196420317 
603, 27755.8195375999 
604, 27734.3134687442 
605, 27760.3287025625 
606, 27702.8442630142 
607, 27550.5315322897 
608, 27348.9750121979 
609, 27153.6371167381 
610, 26969.1223225007 
611, 26802.1785434505 
612, 26661.55862304 
613, 26515.6393014142 
614, 26344.0446620718 
615, 26153.8045910505 
616, 26004.6586118329 
617, 25910.6830786392 
618, 25909.4690753438 
619, 26022.5665292302 
620, 26142.8397431536 
621, 26157.8412049815 
622, 26030.3031348193 
623, 25815.5068173048 
624, 25570.7626564159 
625, 25337.2352018047 
626, 25135.9106642635 
627, 24952.7089139059 
628, 24772.686305007 
629, 24602.3327808052 
630, 24472.0972071769 
631, 24486.4003047252 
632, 24579.7739358294 
633, 24692.9822234664 
634, 24819.0322228788 
635, 24915.620029515 
636, 24982.5823499278 
637, 25030.4528102199 
638, 25048.7221903353 
639, 25015.5648825692 
640, 24911.684693051 
641, 24730.7780658562 
642, 24590.1583840828 
643, 24506.030328199 
644, 24451.2812354951 
645, 24355.8462495277 
646, 24202.6915994148 
647, 24008.4203216028 
648, 23810.9293748153 
649, 23650.7967129302 
650, 23527.853154626 
651, 23462.8391304936 
652, 23491.2843165848 
653, 23442.8622318287 
654, 23188.4400640017 
655, 22701.7632417545 
656, 22133.3902318077 
657, 21722.5411068128 
658, 21724.6055005846 
659, 22270.8914208412 
660, 22837.4121146375 
661, 23166.9266380502 
662, 23236.4204319289 
663, 23268.0245082571 
664, 23247.5510164697 
665, 23212.7572535093 
666, 23196.3927281922 
667, 23204.098349575 
668, 23197.9685903918 
669, 23177.0838618388 
670, 23157.5820062232 
671, 23110.5912271122 
672, 23055.1913719861 
673, 23020.059453915 
674, 23039.0451546951 
675, 23070.841186704 
676, 23094.6490655338 
677, 23103.908172866 
678, 23119.3592210368 
679, 23124.8095318375 
680, 23120.7951783194 
681, 23115.9682644997 
682, 23103.0802072693 
683, 23051.3619319297 
684, 22860.0748444126 
685, 22338.4218370282 
686, 21409.385760789 
687, 20158.9304374895 
688, 18893.0512428426 
689, 18357.139635455 
690, 18739.9314483996 
691, 19697.8876792733 
692, 20570.2122121299 
693, 21337.610027506 
694, 21897.98435042 
695, 22241.3847501001 
696, 22481.6622855851 
697, 22684.9894306882 
698, 22824.4760767192 
699, 22860.667899434 
700, 22815.3714915259 
701, 22771.6760909044 
702, 22785.1658791142 
703, 22886.1320225058 
704, 23084.7235248701 
705, 23313.9305023584 
706, 23510.2845200008 
707, 23630.8617527615 
708, 23730.0791811729 
709, 23820.1818261116 
710, 23901.7533644468 
711, 23978.1094242668 
712, 24034.2864781185 
713, 24059.1707350877 
714, 24036.8114212062 
715, 23920.1052346432 
716, 23609.5928223347 
717, 23060.6176944499 
718, 22306.496526887 
719, 21674.2059938285 
720, 21440.8042822927 
721, 21715.493986232 
722, 22291.7130164552 
723, 22699.3192156765 
724, 22770.9246427216 
725, 22586.3861689047 
726, 22544.8254302287 
727, 22613.1835788057 
728, 22716.1381183562 
729, 22783.9945046176 
730, 22942.5593649796 
731, 23223.7847315986 
732, 23609.409975666 
733, 24030.8799590459 
734, 24397.9327398482 
735, 24637.558918007 
736, 24715.8986256988 
737, 24703.4621022881 
738, 24675.8540307357 
739, 24651.8943015009 
740, 24605.3538025847 
741, 24598.569795965 
742, 24640.7754435112 
743, 24724.387930924 
744, 24833.1357455881 
745, 24910.311679542 
746, 24947.7990171009 
747, 24954.3511465162 
748, 24933.8293542262 
749, 24862.6411674641 
750, 24758.4019262376 
751, 24666.1825273082 
752, 24621.8077122128 
753, 24617.0708418619 
754, 24625.26473688 
755, 24603.739660193 
756, 24491.0794079323 
757, 23986.4739966116 
758, 22609.7770500785 
759, 19553.700161518 
760, 15049.1005311175 
761, 10616.5776486831 
762, 8103.93463918389 
763, 8064.74671222515 
764, 9359.51665795084 
765, 11404.249365288 
766, 14123.5947637388 
767, 17101.663843303 
768, 19702.1898410859 
769, 21527.5681865876 
770, 22561.2446661239 
771, 23078.7804839508 
772, 23289.9969464324 
773, 23356.018453492 
774, 23361.1431868602 
775, 23317.3713222604 
776, 23254.5848978927 
777, 23196.1434089496 
778, 23111.619047427 
779, 23006.2515743245 
780, 22899.4174047105 
781, 22815.7878749469 
782, 22725.1680606698 
783, 22613.8771315165 
784, 22483.595472199 
785, 22354.6422112124 
786, 22225.45786382 
787, 22074.2309287947 
788, 21882.5293602063 
789, 21654.7750665839 
790, 21412.1183202759 
791, 21164.0350152274 
792, 20916.6497088522 
793, 20682.8070220788 
794, 20494.2127328787 
795, 20369.9863776418 
796, 20310.1762873255 
797, 20264.5527038507 
798, 20187.7706819048 
799, 20055.46838556 
800, 19870.3482566296 
801, 19668.0438474873 
802, 19478.2722904623 
803, 19314.3259731885 
804, 19159.1941538421 
805, 19025.6228392832 
806, 18901.9553436859 
807, 18764.4580036381 
808, 18581.5447152719 
809, 18360.362659539 
810, 18114.3846521118 
811, 17851.6056455974 
812, 17535.774884933 
813, 17121.0175643874 
814, 16600.2245382968 
815, 16012.9420815691 
816, 15469.5998926953 
817, 15045.8488528681 
818, 14786.9682612499 
819, 14704.3528405138 
820, 14687.246865013 
821, 14640.5447799678 
822, 14523.4722243837 
823, 14393.0644900521 
824, 14304.2720930472 
825, 14315.8514760767 
826, 14417.7817213149 
827, 14392.9028809499 
828, 14237.7140479277 
829, 14024.8831227365 
830, 13857.28489212 
831, 13748.9171137734 
832, 13671.7858153673 
833, 13610.503671022 
834, 13564.8817116308 
835, 13543.7191680727 
836, 13535.8245606198 
837, 13516.9765378086 
838, 13454.4303214911 
839, 13359.8299993533 
840, 13245.33789166 
841, 13119.2701293843 
842, 12981.8542479605 
843, 12843.243066485 
844, 12706.5064401586 
845, 12572.2733490711 
846, 12444.5425526066 
847, 12283.015047621 
848, 12085.099880851 
849, 11865.1812348296 
850, 11644.3481213267 
851, 11386.0099459948 
852, 11118.0758108363 
853, 10894.1724139758 
854, 10728.651324268 
855, 10597.5181752963 
856, 10538.9865854578 
857, 10608.1666870495 
858, 10720.2502328212 
859, 10751.8940529039 
860, 10679.4500617152 
861, 10569.2826686831 
862, 10438.4291903501 
863, 10266.2125695363 
864, 10054.0013228879 
865, 9834.13564339049 
866, 9625.19393707158 
867, 9450.15936821048 
868, 9338.29148961201 
869, 9323.45313395448 
870, 9351.89984542797 
871, 9350.16140610323 
872, 9281.05816351925 
873, 9176.83543590156 
874, 9066.74029500716 
875, 8956.50215504358 
876, 8845.60877834887 
877, 8737.57904385051 
878, 8632.94529819198 
879, 8529.27611048801 
880, 8424.13367649061 
881, 8317.80505298257 
882, 8211.96878769602 
883, 8110.99465913633 
884, 8017.1909758021 
885, 7924.96306777343 
886, 7823.6382084829 
887, 7715.70782383993 
888, 7608.73027528877 
889, 7504.93964982082 
890, 7402.05472296941 
891, 7285.92228768934 
892, 7140.35378595931 
893, 6965.97658363257 
894, 6761.25806201826 
895, 6532.23020286786 
896, 6290.22709920212 
897, 6046.17951188162 
898, 5814.80499170095 
899, 5621.784600175 
900, 5491.65497177478 
901, 5415.91480892183 
902, 5383.07720275116 
903, 5372.60069359073 
904, 5359.80006075922 
905, 5329.43472898795 
906, 5273.12296897347 
907, 5179.60410857352 
908, 5043.93284564135 
909, 4900.42497962663 
910, 4778.58460248312 
911, 4689.71635253994 
912, 4627.9442397359 
913, 4577.56398136031 
914, 4527.47383664296 
915, 4476.99525488705 
916, 4433.47673598229 
917, 4403.70402801409 
918, 4380.9000914301 
919, 4359.33272278824 
920, 4335.83248272879 
921, 4312.1423189608 
922, 4277.29729010185 
923, 4221.92285630141 
924, 4140.52649110522 
925, 4035.02801900329 
926, 3910.09280833754 
927, 3760.39145129972 
928, 3575.74482369566 
929, 3358.26968951255 
930, 3113.28902875387 
931, 2854.50201317366 
932, 2602.04663760964 
933, 2377.57827848906 
934, 2199.73152791938 
935, 2079.58356310497 
936, 2018.37760131112 
937, 2003.37235963323 
938, 2017.76978649541 
939, 2044.1835991912 
940, 2068.72697838809 
941, 2089.26585119024 
942, 2096.72080089864 
943, 2080.42052069555 
944, 2036.91683376655 
945, 1983.45407015261 
946, 1938.6856736358 
947, 1911.14441603131 
948, 1900.46789765876 
949, 1898.50560458238 
950, 1895.97237115972 
951, 1891.61291960267 
952, 1886.09828291308 
953, 1876.40959243573 
954, 1867.59033060401 
955, 1859.9975405376 
956, 1853.88671543157 
957, 1851.85558752005 
958, 1851.95001305676 
959, 1851.98754981228 
960, 1852.61357038199 
961, 1858.12703537694 
962, 1860.87435991072 
963, 1867.09499444777 
964, 1878.57120634594 
965, 1888.8373356041 
966, 1895.44032182295 
967, 1896.95679118706 
968, 1894.45028596035 
969, 1890.02166881896 
970, 1879.24499999379 
971, 1864.62734377069 
972, 1845.22748328651 
973, 1818.27459012947 
974, 1785.29215551826 
975, 1751.46477453072 
976, 1718.71371309302 
977, 1688.11989770949 
978, 1664.63825269826 
979, 1646.25757900697 
980, 1631.58893817143 
981, 1618.51122719841 
982, 1603.2530287562 
983, 1584.48374647829 
984, 1565.30402333942 
985, 1546.75208548804 
986, 1524.84498213472 
987, 1500.45531121458 
988, 1475.24323028652 
989, 1449.42595896781 
990, 1421.84740867367 
991, 1394.69252067905 
992, 1368.48413885033 
993, 1341.57945382679 
994, 1312.31013348024 
995, 1285.37878165525 
996, 1257.15989761788 
997, 1227.7171200747 
998, 1198.64458117287 
999, 1169.873842599 
1000, 1142.96807300354 
1001, 7262.46905007387 
1002, 7253.13169451205 
1003, 7245.75645400162 
1004, 7247.94133828307 
1005, 7255.48082402809 
1006, 7272.42193241053 
1007, 7300.53600938732 
1008, 7338.08236469291 
1009, 7374.79243965476 
1010, 7419.0565890243 
1011, 7459.49502005446 
1012, 7499.39809758677 
1013, 7538.06801219395 
1014, 7583.22181121364 
1015, 7623.92378895083 
1016, 7665.0085306007 
1017, 7712.74352357173 
1018, 7767.04103198846 
1019, 7814.59235846346 
1020, 7860.21759245075 
1021, 7914.642354979 
1022, 7964.48834639267 
1023, 8006.1339024729 
1024, 8057.50133507429 
1025, 8116.97377106725 
1026, 8165.42018243514 
1027, 8220.84065719638 
1028, 8274.19817025872 
1029, 8318.60128120135 
1030, 8364.93599490265 
1031, 8402.42519850721 
1032, 8436.80863839329 
1033, 8471.91575326238 
1034, 8504.77227756544 
1035, 8534.17191189074 
1036, 8561.97106366308 
1037, 8582.15922094694 
1038, 8601.4115462322 
1039, 8617.01829730443 
1040, 8629.69373420857 
1041, 8649.13460318824 
1042, 8668.39818627741 
1043, 8681.7368291409 
1044, 8693.03564230272 
1045, 8706.10326176398 
1046, 8721.24080762585 
1047, 8732.18795732584 
1048, 8742.84889835245 
1049, 8755.17887369171 
1050, 8762.37944016666 
1051, 8764.81215538039 
1052, 8776.8694155033 
1053, 8793.00997171591 
1054, 8809.03904116596 
1055, 8828.81651300453 
1056, 8847.69506146368 
1057, 8866.30186173601 
1058, 8894.18441006991 
1059, 8926.9131287451 
1060, 8964.63756528999 
1061, 9011.05650471685 
1062, 9059.94305591754 
1063, 9111.30987194393 
1064, 9168.30443138903 
1065, 9232.79969931739 
1066, 9297.59766438408 
1067, 9370.22473845267 
1068, 9451.92225551073 
1069, 9542.03377190308 
1070, 9649.20856905374 
1071, 9766.19453623984 
1072, 9878.58818749799 
1073, 9992.83428631313 
1074, 10113.1227169826 
1075, 10222.1896585676 
1076, 10326.6075037803 
1077, 10435.3277607582 
1078, 10529.9299848234 
1079, 10618.8479073225 
1080, 10695.0005524792 
1081, 10757.134200021 
1082, 10812.194893875 
1083, 10863.2366148163 
1084, 10920.1036189846 
1085, 10978.7774275521 
1086, 11028.572239642 
1087, 11079.1120026159 
1088, 11115.6188591623 
1089, 11144.7322758162 
1090, 11163.8902009905 
1091, 11173.6209789556 
1092, 11175.2018148636 
1093, 11166.0912656312 
1094, 11145.3205763467 
1095, 11119.0092182508 
1096, 11092.2630089038 
1097, 11059.0613280633 
1098, 11022.5497346873 
1099, 10992.7559117698 
1100, 10964.009823831 
1101, 10934.0490858746 
1102, 10916.8546235151 
1103, 10881.1397380021 
1104, 10842.394505979 
1105, 10789.7278474085 
1106, 10725.6195642854 
1107, 10632.1808391302 
1108, 10497.0348169924 
1109, 10321.836507097 
1110, 10074.8840933776 
1111, 9774.82189492463 
1112, 9428.69527278558 
1113, 9007.55560659129 
1114, 8588.70936719878 
1115, 8104.3879746707 
1116, 7664.67230624822 
1117, 7185.72890741976 
1118, 6782.01983666676 
1119, 6409.22505611484 
1120, 6071.11304838633 
1121, 5797.70002556341 
1122, 5573.78439302561 
1123, 5412.68178580726 
1124, 5306.39030126006 
1125, 5254.36678214582 
1126, 5281.71408636516 
1127, 5311.17050063698 
1128, 5390.35430557152 
1129, 5474.95520903017 
1130, 5592.65275256225 
1131, 5705.17896349009 
1132, 5821.96137004961 
1133, 5963.80903154291 
1134, 6113.43438703297 
1135, 6273.77890604352 
1136, 6503.34781569958 
1137, 6742.73653327801 
1138, 6971.72484211699 
1139, 7180.82022395641 
1140, 7321.06932645665 
1141, 7417.28984966534 
1142, 7466.18351689447 
1143, 7439.64257067177 
1144, 7428.47651187586 
1145, 7320.49554053191 
1146, 7323.69790632163 
1147, 7329.09402995713 
1148, 7419.95560494799 
1149, 7592.7426526338 
1150, 7804.61275807418 
1151, 8078.88283870136 
1152, 8389.22691816321 
1153, 8718.73975842128 
1154, 9103.71240328234 
1155, 9467.3647517639 
1156, 9858.74820589824 
1157, 10220.8013687956 
1158, 10582.8698704283 
1159, 10924.4349417676 
1160, 11255.5065099315 
1161, 11566.4228630536 
1162, 11873.9619433307 
1163, 12145.4349636334 
1164, 12395.6206874672 
1165, 12611.1552203489 
1166, 12805.497564025 
1167, 12971.1987751858 
1168, 13113.4117273795 
1169, 13231.8633269791 
1170, 13328.5209522302 
1171, 13395.7485091357 
1172, 13449.0302138436 
1173, 13478.9833086057 
1174, 13498.7319489362 
1175, 13496.116560509 
1176, 13487.9982264164 
1177, 13460.7999397696 
1178, 13437.3337510016 
1179, 13401.7954654127 
1180, 13372.0380179965 
1181, 13336.3271320034 
1182, 13311.9417177982 
1183, 13300.9777909145 
1184, 13289.0056067351 
1185, 13306.9352467134 
1186, 13346.5122798293 
1187, 13396.0159294527 
1188, 13470.8822854775 
1189, 13539.9109364852 
1190, 13633.1520126095 
1191, 13699.9790594312 
1192, 13776.1795006858 
1193, 13816.5384383307 
1194, 13836.995345743 
1195, 13834.6312602848 
1196, 13799.7642201351 
1197, 13751.6976384496 
1198, 13698.8770814715 
1199, 13617.5150910057 
1200, 13565.6883737506 
1201, 13507.9163306664 
1202, 13478.4770613606 
1203, 13463.0275332375 
1204, 13466.3285596358 
1205, 13491.7310804739 
1206, 13523.6909869143 
1207, 13575.425313215 
1208, 13629.317095503 
1209, 13696.9150679994 
1210, 13761.4769193999 
1211, 13839.6518565963 
1212, 13905.2211490939 
1213, 13965.4716074148 
1214, 14021.4914013382 
1215, 14073.4370917036 
1216, 14121.8100050317 
1217, 14157.6837105493 
1218, 14186.4984708888 
1219, 14211.3095785771 
1220, 14221.4495867537 
1221, 14236.2940280585 
1222, 14248.7735125032 
1223, 14264.1027699548 
1224, 14278.1695086829 
1225, 14293.0252321428 
1226, 14313.3017216741 
1227, 14329.0101070299 
1228, 14342.9535987029 
1229, 14354.1506820979 
1230, 14363.0302698113 
1231, 14370.9081452984 
1232, 14373.2481826295 
1233, 14375.1704440579 
1234, 14365.5234467068 
1235, 14350.8988827733 
1236, 14326.3066947084 
1237, 14289.4745516371 
1238, 14251.3505509757 
1239, 14204.2351816084 
1240, 14158.0095864233 
1241, 14107.0978870106 
1242, 14057.4570705188 
1243, 14008.0697956836 
1244, 13956.0243679684 
1245, 13905.093110999 
1246, 13851.0781761863 
1247, 13788.2107913756 
1248, 13723.5121760406 
1249, 13644.8083319464 
1250, 13559.6648327791 
1251, 13459.0415569044 
1252, 13350.7050226218 
1253, 13221.6663610279 
1254, 13078.9699049458 
1255, 12917.2827339278 
1256, 12740.7867063186 
1257, 12542.1299411165 
1258, 12319.0255070823 
1259, 12086.8147965559 
1260, 11819.2342195955 
1261, 11565.9123523128 
1262, 11299.8151398123 
1263, 11042.2043499938 
1264, 10823.0427711337 
1265, 10600.5018413902 
1266, 10465.1454048213 
1267, 10363.9823919382 
1268, 10341.8189416482 
1269, 10388.8154168842 
1270, 10484.7384525479 
1271, 10665.3618749423 
1272, 10845.7524289771 
1273, 11101.0027201926 
1274, 11313.3651770709 
1275, 11548.3824711612 
1276, 11741.2867053139 
1277, 11914.9452568816 
1278, 12064.913153503 
1279, 12185.5884432868 
1280, 12286.7159717062 
1281, 12379.183606207 
1282, 12463.69114429 
1283, 12556.5281724486 
1284, 12649.4567330566 
1285, 12740.234345702 
1286, 12838.5429107507 
1287, 12919.0589446717 
1288, 12997.7173933077 
1289, 13056.4199225893 
1290, 13100.8678148314 
1291, 13134.0909378916 
1292, 13145.4840706678 
1293, 13161.1018926313 
1294, 13176.30494284 
1295, 13175.245034003 
1296, 13166.1353080576 
1297, 13149.9016503825 
1298, 13118.3553514551 
1299, 13081.6809943806 
1300, 13043.2198444486 
1301, 12999.7952698609 
1302, 12953.9247300816 
1303, 12902.953511886 
1304, 12848.6596681933 
1305, 12791.7162355707 
1306, 12731.8497483667 
1307, 12666.1446339625 
1308, 12599.22525163 
1309, 12530.2718594226 
1310, 12460.3495299395 
1311, 12383.5464263864 
1312, 12312.8632885962 
1313, 12242.1687924134 
1314, 12176.5232691347 
1315, 12112.2954126008 
1316, 12055.3591504242 
1317, 12004.0292133799 
1318, 11957.7104175332 
1319, 11915.9073221832 
1320, 11877.6450036164 
1321, 11832.8102933614 
1322, 11770.8833226323 
1323, 11685.9551243614 
1324, 11591.7219924796 
1325, 11458.5573152803 
1326, 11292.7868570279 
1327, 11114.5467886555 
1328, 10887.03972467 
1329, 10690.9479933355 
1330, 10468.1955121796 
1331, 10299.2356503295 
1332, 10150.3139336256 
1333, 10037.3357526332 
1334, 9975.66802145024 
1335, 9915.04314695319 
1336, 9887.43237056408 
1337, 9862.39757608567 
1338, 9826.47240265652 
1339, 9745.57180789917 
1340, 9613.17614585098 
1341, 9410.27627300145 
1342, 9111.59519955648 
1343, 8732.09840573065 
1344, 8280.37819331208 
1345, 7723.69651589396 
1346, 7141.22253900954 
1347, 6468.95569422618 
1348, 5819.01285886081 
1349, 5103.38117060938 
1350, 4450.60681740239 
1351, 3779.38477648867 
1352, 3192.01916092845 
1353, 2637.45981045727 
1354, 2150.0701065879 
1355, 1722.41894922521 
1356, 1357.27294249077 
1357, 1048.17290554125 
1358, 805.93570097334 
1359, 622.094779890887 
1360, 481.337799115935 
1361, 377.575045811897 
1362, 301.981171196607 
1363, 247.682383426529 
1364, 216.57839623403 
1365, 194.414001445354 
1366, 189.400285799106 
1367, 193.054727303777 
1368, 215.911391298284 
1369, 234.497473793451 
1370, 258.510731409617 
1371, 291.756564258131 
1372, 332.847837501242 
1373, 373.729268920341 
1374, 434.325206248614 
1375, 473.265688751594 
1376, 508.935551610011 
1377, 527.357067266389 
1378, 531.686972942478 
1379, 525.335982496514 
1380, 503.690084117447 
1381, 476.217385153893 
1382, 457.186342225568 
1383, 446.472717777961 
1384, 453.110655322886 
1385, 484.201176747725 
1386, 532.462155890871 
1387, 596.535860274391 
1388, 655.42160581318 
1389, 733.570972841589 
1390, 787.176260078002 
1391, 833.152323064252 
1392, 868.63194352571 
1393, 889.234251842694 
1394, 911.576476442403 
1395, 921.568779877113 
1396, 940.716825613346 
1397, 955.056279287302 
1398, 985.157392619729 
1399, 1026.83847676454 
1400, 1068.66442642438 
1401, 1120.94457359087 
1402, 1171.99343416335 
1403, 1219.96791652045 
1404, 1274.06583953455 
1405, 1335.70486987208 
1406, 1403.56829247043 
1407, 1484.03687747489 
1408, 1575.62133202905 
1409, 1681.60417975897 
1410, 1802.88733181068 
1411, 1931.04036395485 
1412, 2079.79070967105 
1413, 2215.0918692586 
1414, 2359.39747192478 
1415, 2484.93066772954 
1416, 2597.80670866604 
1417, 2711.22517258598 
1418, 2818.86352717182 
1419, 2920.49247529654 
1420, 3022.01869634566 
1421, 3113.68863367883 
1422, 3202.82993687567 
1423, 3273.89274821983 
1424, 3342.15860024093 
1425, 3383.13199399058 
1426, 3405.2559581275 
1427, 3403.95657999309 
1428, 3380.67742268034 
1429, 3335.83612395585 
1430, 3270.08032290658 
1431, 3196.63491201862 
1432, 3114.32940194998 
1433, 3035.73851655787 
1434, 2964.2319613088 
1435, 2900.86294982542 
1436, 2849.21508836347 
1437, 2810.93710655419 
1438, 2783.16166510209 
1439, 2769.46695786541 
1440, 2759.06370441972 
1441, 2764.08195385684 
1442, 2758.86628478359 
1443, 2757.52488364689 
1444, 2748.6698668544 
1445, 2733.66455538129 
1446, 2721.65823394511 
1447, 2705.30073004847 
1448, 2693.57459749199 
1449, 2682.21312670171 
1450, 2675.70772449019 
1451, 2673.09253787097 
1452, 2671.51044209183 
1453, 2679.62398699679 
1454, 2679.05660179279 
1455, 2680.44226775419 
1456, 2672.65969236974 
1457, 2655.25155656059 
1458, 2614.6202852277 
1459, 2554.53571213555 
1460, 2482.25126263236 
1461, 2389.69521730739 
1462, 2284.27000963577 
1463, 2170.40443433264 
1464, 2047.52635273013 
1465, 1935.3494854826 
1466, 1818.26828693085 
1467, 1718.58992038489 
1468, 1624.97281919657 
1469, 1548.00699111474 
1470, 1483.75049235528 
1471, 1430.9385192302 
1472, 1392.96179134434 
1473, 1361.77908397704 
1474, 1342.75390522218 
1475, 1328.09622913039 
1476, 1325.31865325623 
1477, 1320.29448383516 
1478, 1321.94265732418 
1479, 1319.91120942299 
1480, 1319.23312526524 
1481, 1315.67308469228 
1482, 1303.38112084928 
1483, 1302.41605332399 
1484, 1304.9619709326 
1485, 1310.4040412641 
1486, 1323.12459568129 
1487, 1340.20485533878 
1488, 1355.29530323068 
1489, 1368.96721526766 
1490, 1384.36190413517 
1491, 1402.83985690725 
1492, 1425.72800387745 
1493, 1447.20165240997 
1494, 1466.55298313401 
1495, 1484.7388516149 
1496, 1495.83930149394 
1497, 1503.34701058288 
1498, 1515.49233290902 
1499, 1531.68938291836 
1500, 1541.02165416425 
1501, 1549.80601202889 
1502, 1555.36133498258 
1503, 1552.30554679618 
1504, 1558.78724228341 
1505, 1565.6448072193 
1506, 1578.82697050565 
1507, 1600.45392163238 
1508, 1616.93735274438 
1509, 1635.82913996742 
1510, 1653.14366724302 
1511, 1669.25874364722 
1512, 1683.96098991315 
1513, 1699.64435587597 
1514, 1711.60573998442 
1515, 1716.59491699335 
1516, 1728.01683357898 
1517, 1740.42375664306 
1518, 1753.89871380016 
1519, 1774.33285733841 
1520, 1788.09347598517 
1521, 1799.62769633734 
1522, 1807.66819460302 
1523, 1814.36403764619 
1524, 1824.03314256953 
1525, 1832.39096639427 
1526, 1847.81469652763 
1527, 1862.40279652593 
1528, 1871.68722514874 
1529, 1883.0401016978 
1530, 1889.07619766872 
1531, 1891.60494698642 
1532, 1898.78553057914 
1533, 1909.68929013938 
1534, 1920.93836804452 
1535, 1932.69960494358 
1536, 1948.30945144885 
1537, 1961.58468273315 
1538, 1975.30447965767 
1539, 1984.89069270465 
1540, 1992.17143291727 
1541, 2000.69587043934 
1542, 2001.63571362216 
1543, 2014.54369585392 
1544, 2036.52605441878 
1545, 2054.70175046783 
1546, 2078.5021670624 
1547, 2096.42136257851 
1548, 2109.40013264565 
1549, 2125.07930322356 
1550, 2141.20329053402 
1551, 2155.82548278582 
1552, 2169.4764714413 
1553, 2184.18174176444 
1554, 2198.47407018021 
1555, 2212.94731084834 
1556, 2227.54990245903 
1557, 2243.02174053627 
1558, 2260.54063063426 
1559, 2274.61209439876 
1560, 2289.26825868887 
1561, 2302.45498258126 
1562, 2312.32800752453 
1563, 2320.9263758543 
1564, 2330.7668792427 
1565, 2334.9668096836 
1566, 2334.98957701806 
1567, 2333.63388000469 
1568, 2327.32436876137 
1569, 2322.04043693701 
1570, 2317.04849050985 
1571, 2307.37670706924 
1572, 2300.73625509558 
1573, 2303.79191906295 
1574, 2313.55083550399 
1575, 2331.08568325062 
1576, 2354.70444788003 
1577, 2380.3926930272 
1578, 2412.38686727254 
1579, 2450.95625580394 
1580, 2490.48688082265 
1581, 2537.57223716685 
1582, 2579.90313467001 
1583, 2624.66679113621 
1584, 2659.59336187205 
1585, 2691.43573064758 
1586, 2718.97349164807 
1587, 2738.718159281 
1588, 2759.49810161984 
1589, 2777.4311527065 
1590, 2796.91941007873 
1591, 2815.24159835857 
1592, 2832.92586530317 
1593, 2855.15393521421 
1594, 2866.51780590886 
1595, 2871.83401226172 
1596, 2875.36711670897 
1597, 2874.21391738417 
1598, 2869.41368025005 
1599, 2860.54867902074 
1600, 2851.34458691562 
1601, 2833.13663757584 
1602, 2824.51458841731 
1603, 2817.56792069054 
1604, 2817.28771277935 
1605, 2823.16753878036 
1606, 2831.43780898017 
1607, 2846.66930782478 
1608, 2860.35767429912 
1609, 2876.62005357591 
1610, 2891.89836550925 
1611, 2903.49966556906 
1612, 2922.34617016172 
1613, 2948.39020067454 
1614, 2968.58088556162 
1615, 2990.15076281461 
1616, 3011.48892542205 
1617, 3030.80476141369 
1618, 3047.27038461465 
1619, 3067.99093765861 
1620, 3080.45791753249 
1621, 3080.01159923676 
1622, 3086.63971544317 
1623, 3095.19688681704 
1624, 3100.87112004517 
1625, 3111.98516509489 
1626, 3114.65196181156 
1627, 3107.38522405313 
1628, 3103.75122195075 
1629, 3101.81040724625 
1630, 3093.30755591017 
1631, 3083.05528340955 
1632, 3070.11648196149 
1633, 3046.25233468596 
1634, 3028.42419261372 
1635, 3014.54896887248 
1636, 2998.84559929525 
1637, 2983.44939903484 
1638, 2969.10467422491 
1639, 2950.80273476424 
1640, 2938.61312569129 
1641, 2928.8765629067 
1642, 2924.02216444022 
1643, 2926.64816247004 
1644, 2928.92482252045 
1645, 2933.4884219393 
1646, 2940.35081020194 
1647, 2949.47603265711 
1648, 2958.5946512929 
1649, 2971.78186367675 
1650, 2982.78464889671 
1651, 2991.90629756343 
1652, 3000.20857092608 
1653, 3011.87299027348 
1654, 3023.99498709812 
1655, 3037.27884016504 
1656, 3054.73478795427 
1657, 3065.0415858116 
1658, 3074.00890837655 
1659, 3078.05866434941 
1660, 3078.53000873725 
1661, 3074.35907368146 
1662, 3065.01999250385 
1663, 3057.18222783223 
1664, 3045.55750582044 
1665, 3035.60984825434 
1666, 3024.49771247572 
1667, 3020.20536962939 
1668, 3015.61965456351 
1669, 3018.6170572327 
1670, 3030.86955327681 
1671, 3037.52550397917 
1672, 3046.93017100722 
1673, 3050.99838331345 
1674, 3051.23471952275 
1675, 3055.04433233223 
1676, 3059.72842812325 
1677, 3058.661252098 
1678, 3056.62653483177 
1679, 3055.08094179919 
1680, 3047.54110291614 
1681, 3046.284314314 
1682, 3050.19458696983 
1683, 3051.55984708493 
1684, 3052.95981054979 
1685, 3052.41177962276 
1686, 3050.50198725558 
1687, 3051.9631038311 
1688, 3052.71200053742 
1689, 3056.01397734493 
1690, 3065.49702525141 
1691, 3066.4486097263 
1692, 3062.72549336996 
1693, 3062.57435386869 
1694, 3060.98923817493 
1695, 3059.42472033035 
1696, 3062.23987642336 
1697, 3056.44507267171 
1698, 3043.76561035374 
1699, 3035.61587700198 
1700, 3024.73977409171 
1701, 3018.11128594283 
1702, 3016.44335483004 
1703, 3009.22550713046 
1704, 2999.52903660704 
1705, 2994.70855193161 
1706, 2989.15319112037 
1707, 2985.59186621861 
1708, 2987.13397853154 
1709, 2984.04452330175 
1710, 2977.05957902776 
1711, 2976.54138575461 
1712, 2978.77891055849 
1713, 2978.62834477626 
1714, 2980.84136158184 
1715, 2983.02504946177 
1716, 2980.04729058192 
1717, 2976.24617222416 
1718, 2971.93253230098 
1719, 2961.61996224706 
1720, 2951.68811533257 
1721, 2939.9048487943 
1722, 2928.22885273505 
1723, 2916.55372200941 
1724, 2901.44577724163 
1725, 2884.77602200407 
1726, 2869.60104665086 
1727, 2854.29962531179 
1728, 2839.97108880012 
1729, 2829.6332179935 
1730, 2815.78491377411 
1731, 2803.17016656852 
1732, 2789.76040298456 
1733, 2774.70624690157 
1734, 2766.65536972923 
1735, 2751.82925241521 
1736, 2742.80047404054 
1737, 2745.87124445699 
1738, 2741.06309779692 
1739, 2745.97943362856 
1740, 2748.3052246136 
1741, 2734.0649699587 
1742, 2724.34102494466 
1743, 2712.95758631535 
1744, 2703.95639746131 
1745, 2702.41540628155 
1746, 2698.33084143248 
1747, 2694.07533694729 
1748, 2689.04997140521 
1749, 2685.70059164555 
1750, 2687.44849640332 
1751, 2690.164807506 
1752, 2688.60351169521 
1753, 2683.81922774288 
1754, 2675.77705592516 
1755, 2664.62341569756 
1756, 2652.39106351957 
1757, 2633.61046279653 
1758, 2618.49643589049 
1759, 2606.21522079948 
1760, 2593.03699516333 
1761, 2579.99287789224 
1762, 2556.49285683366 
1763, 2524.36343044748 
1764, 2501.22365464174 
1765, 2483.97999351661 
1766, 2468.4009354104 
1767, 2458.69716888779 
1768, 2445.07703957275 
1769, 2433.55596238411 
1770, 2415.98736610751 
1771, 2395.80777603797 
1772, 2371.77036622508 
1773, 2340.34180354871 
1774, 2309.75359083184 
1775, 2274.67432064875 
1776, 2243.0537164764 
1777, 2212.7131050912 
1778, 2182.5213507935 
1779, 2153.49296024932 
1780, 2127.9336582572 
1781, 2104.55623823658 
1782, 2079.78372584326 
1783, 2057.36047163766 
1784, 2031.36746821874 
1785, 2002.9964599759 
1786, 1975.45846666184 
1787, 1948.98708523464 
1788, 1920.05201673466 
1789, 1891.85132471947 
1790, 1853.82248987936 
1791, 1812.77827941825 
1792, 1765.33457014339 
1793, 1711.70001037838 
1794, 1651.39659940695 
1795, 1583.68459924593 
1796, 1512.14833869201 
1797, 1433.40346827901 
1798, 1361.96344585613 
1799, 1291.46386997458 
1800, 1217.33588540699 
1801, 7135.17721143229 
1802, 6814.47304485781 
1803, 6539.17365163632 
1804, 6308.22654194254 
1805, 6097.20048601185 
1806, 5925.66047984033 
1807, 5769.38833359393 
1808, 5591.7200393022 
1809, 5445.74364869251 
1810, 5250.76299412641 
1811, 5021.1600968085 
1812, 4792.94637396065 
1813, 4548.87797685692 
1814, 4286.82445895633 
1815, 4038.44318376062 
1816, 3788.30488386793 
1817, 3538.34514471691 
1818, 3330.88734417191 
1819, 3150.94276549837 
1820, 2998.10196265932 
1821, 2860.25428286553 
1822, 2772.87092967399 
1823, 2673.98383125833 
1824, 2529.88454377805 
1825, 2389.1116344721 
1826, 2208.53671725851 
1827, 1965.89587157924 
1828, 1743.52193083617 
1829, 1496.51449989688 
1830, 1271.19199646159 
1831, 1031.54787284138 
1832, 836.088248188702 
1833, 664.893711962446 
1834, 539.617255598763 
1835, 431.806888903888 
1836, 365.354337404672 
1837, 330.095846607395 
1838, 295.17275639578 
1839, 278.319582825519 
1840, 290.958370614804 
1841, 298.835245267511 
1842, 319.911671840682 
1843, 339.367557805033 
1844, 342.144238308139 
1845, 372.068451426895 
1846, 394.185155163717 
1847, 401.706488503214 
1848, 414.38256016521 
1849, 410.701961781571 
1850, 397.653233664407 
1851, 364.28691378465 
1852, 333.29734098343 
1853, 296.047992268278 
1854, 256.374167976703 
1855, 242.538940722277 
1856, 252.155760203968 
1857, 290.799217639276 
1858, 353.602352268996 
1859, 402.492818504769 
1860, 457.126898088845 
1861, 501.138258422247 
1862, 537.009215318151 
1863, 575.390889057934 
1864, 606.631780572382 
1865, 621.456345070273 
1866, 620.036348664365 
1867, 586.233529751911 
1868, 525.78097853065 
1869, 449.884652300466 
1870, 382.943112215421 
1871, 303.204857799961 
1872, 234.904476873244 
1873, 191.039164705375 
1874, 173.641913039586 
1875, 197.943849325355 
1876, 257.682856507317 
1877, 330.715246513144 
1878, 418.394426032028 
1879, 505.020168511851 
1880, 584.000209130655 
1881, 657.054228606513 
1882, 735.227146172515 
1883, 796.307250332819 
1884, 841.212673185634 
1885, 889.195146280658 
1886, 896.720076886371 
1887, 899.938454077239 
1888, 897.789494507489 
1889, 862.240009949766 
1890, 843.318729110786 
1891, 818.521055995565 
1892, 789.779032862067 
1893, 763.06594650973 
1894, 736.612937969266 
1895, 682.924993420548 
1896, 612.176737154222 
1897, 536.460004653488 
1898, 471.36483828281 
1899, 407.424582150709 
1900, 358.577502140933 
1901, 346.203266994986 
1902, 301.721519630753 
1903, 238.183008902483 
1904, 191.307427533029 
1905, 160.181137778234 
1906, 145.976677245272 
1907, 175.34695757401 
1908, 229.15548580448 
1909, 268.036187989764 
1910, 299.445058284343 
1911, 325.286815459091 
1912, 340.126709498782 
1913, 350.138691504481 
1914, 351.968335785218 
1915, 355.935983850549 
1916, 359.554504728021 
1917, 403.216063687628 
1918, 462.888210505016 
1919, 510.610483733674 
1920, 563.974102632156 
1921, 593.313858966517 
1922, 606.831321679773 
1923, 592.60193720787 
1924, 594.578585154886 
1925, 584.729784468702 
1926, 581.753961360439 
1927, 596.008508597078 
1928, 612.035349286147 
1929, 628.342317150228 
1930, 629.984449992306 
1931, 626.559214671228 
1932, 619.634669485909 
1933, 611.585013459917 
1934, 598.858284353774 
1935, 591.506857440591 
1936, 577.969089004998 
1937, 577.282672868046 
1938, 598.508591043341 
1939, 596.853061588069 
1940, 598.174072552486 
1941, 615.412693513798 
1942, 595.072958902321 
1943, 575.063003873002 
1944, 565.582934776662 
1945, 557.775591038194 
1946, 541.427402097632 
1947, 533.023624432667 
1948, 520.494025645893 
1949, 505.98007560963 
1950, 473.503837685979 
1951, 450.266451236611 
1952, 436.767262678644 
1953, 394.9260489745 
1954, 364.787226680582 
1955, 338.667851877798 
1956, 299.499144008247 
1957, 278.643827216537 
1958, 270.585537080579 
1959, 276.67163600116 
1960, 289.389918977261 
1961, 328.412621401513 
1962, 372.415705012948 
1963, 391.537494146548 
1964, 412.903922398888 
1965, 435.794743361644 
1966, 462.399600977195 
1967, 497.306393182627 
1968, 521.8849219382 
1969, 539.385212104933 
1970, 561.229109155126 
1971, 574.611309846137 
1972, 601.712445650623 
1973, 635.036605265055 
1974, 686.951452938728 
1975, 719.375279783497 
1976, 734.393401008978 
1977, 756.634519953868 
1978, 770.615495512256 
1979, 784.849862173556 
1980, 804.03710316104 
1981, 820.444404811122 
1982, 828.317286083955 
1983, 837.600871129814 
1984, 855.190160408255 
1985, 864.851334263524 
1986, 864.927048547916 
1987, 872.277830895266 
1988, 875.36538624471 
1989, 868.323228829274 
1990, 850.354684246739 
1991, 823.90093814937 
1992, 790.099015426483 
1993, 739.363421797714 
1994, 696.678979910641 
1995, 652.970737356162 
1996, 603.958864900497 
1997, 555.499283751367 
1998, 501.099349719722 
1999, 434.244398433506 
2000, 370.913844957784 
2001, 314.022351590434 
2002, 247.245072752134 
2003, 198.831680487254 
2004, 161.380889921607 
2005, 128.510869192574 
2006, 95.6864109650461 
2007, 87.6775655426458 
2008, 95.4159326703214 
2009, 107.414483013577 
2010, 139.363646709466 
2011, 179.297365266511 
2012, 206.155459982807 
2013, 213.902617174465 
2014, 224.863705045727 
2015, 222.405450062344 
2016, 232.036501477511 
2017, 241.165742011528 
2018, 263.782283014273 
2019, 295.762491481651 
2020, 330.038065165778 
2021, 361.12531425351 
2022, 412.700957229701 
2023, 488.334409591297 
2024, 546.31470478428 
2025, 618.401803223548 
2026, 698.098569443503 
2027, 755.453163264295 
2028, 800.53756475267 
2029, 839.422006871649 
2030, 872.512456345823 
2031, 890.674297815813 
2032, 887.412450236096 
2033, 893.774281562188 
2034, 887.563394115507 
2035, 893.589023385272 
2036, 906.805283124389 
2037, 921.754093799647 
2038, 944.68694928938 
2039, 966.411546093221 
2040, 978.02921242591 
2041, 991.051452627238 
2042, 989.775612733698 
2043, 972.192635846579 
2044, 960.799613994428 
2045, 953.013882090648 
2046, 929.564274129964 
2047, 897.315595006363 
2048, 864.999513717196 
2049, 810.71820775036 
2050, 772.061719478305 
2051, 739.903474379959 
2052, 716.29526851856 
2053, 686.990145719674 
2054, 650.706512349759 
2055, 628.856139509585 
2056, 597.201388544644 
2057, 603.120216392167 
2058, 638.099711899397 
2059, 666.9721914224 
2060, 722.527653058937 
2061, 755.226824321056 
2062, 778.853752345801 
2063, 804.200606772774 
2064, 826.513309817878 
2065, 846.35244251112 
2066, 864.346133999265 
2067, 877.241184734613 
2068, 896.472452127044 
2069, 913.115473555148 
2070, 936.504863399921 
2071, 958.629544925588 
2072, 998.942390444203 
2073, 1046.47368720149 
2074, 1102.28854483027 
2075, 1190.88116301482 
2076, 1248.75028847342 
2077, 1292.93752730947 
2078, 1342.81634387618 
2079, 1375.5978845922 
2080, 1421.09466569988 
2081, 1477.43702791652 
2082, 1538.52314467338 
2083, 1590.18859354848 
2084, 1645.08912698222 
2085, 1681.72183240084 
2086, 1698.63259770194 
2087, 1735.43965776313 
2088, 1774.39334275765 
2089, 1808.83358380155 
2090, 1847.3696384491 
2091, 1890.90950845935 
2092, 1932.89699037114 
2093, 1969.03487524051 
2094, 2015.67530312618 
2095, 2055.04964729003 
2096, 2075.18280070368 
2097, 2106.78139339643 
2098, 2137.01828773867 
2099, 2169.62213633332 
2100, 2203.07234075659 
2101, 2232.25943058085 
2102, 2273.20857335939 
2103, 2326.67504844242 
2104, 2370.92139834262 
2105, 2414.92813408586 
2106, 2462.20948182671 
2107, 2503.79824761472 
2108, 2551.53126845273 
2109, 2611.75067361442 
2110, 2664.34025922569 
2111, 2715.24599826933 
2112, 2765.98425057428 
2113, 2804.20966614035 
2114, 2838.41383557413 
2115, 2887.91561156704 
2116, 2935.48450693596 
2117, 2996.76618005661 
2118, 3082.46288220797 
2119, 3148.12546165166 
2120, 3215.4149407058 
2121, 3268.76257147895 
2122, 3309.07732158069 
2123, 3351.94674283323 
2124, 3369.53608222215 
2125, 3420.95055160043 
2126, 3491.30463728045 
2127, 3558.74955692079 
2128, 3641.27864738302 
2129, 3730.93262845938 
2130, 3813.94303368507 
2131, 3898.05553561101 
2132, 3963.45660113653 
2133, 4025.36077021455 
2134, 4079.76559923893 
2135, 4104.27688657792 
2136, 4160.96330954911 
2137, 4234.67359628664 
2138, 4300.30982559596 
2139, 4380.31695068835 
2140, 4443.59638634176 
2141, 4494.54387173705 
2142, 4546.55578319193 
2143, 4586.20048321511 
2144, 4637.67890333076 
2145, 4692.75485900386 
2146, 4756.52153036336 
2147, 4811.46630372492 
2148, 4852.64588224636 
2149, 4888.75236323546 
2150, 4901.63818909049 
2151, 4937.99302665223 
2152, 4979.96431790013 
2153, 5023.02982221474 
2154, 5077.23131327149 
2155, 5122.38963840014 
2156, 5165.71391878597 
2157, 5206.67485560383 
2158, 5249.11381486374 
2159, 5282.3847096131 
2160, 5310.35974308178 
2161, 5334.28508412993 
2162, 5338.59612013143 
2163, 5360.33338147425 
2164, 5387.00168349403 
2165, 5411.69548170964 
2166, 5462.35940915328 
2167, 5532.05263160138 
2168, 5604.64243336758 
2169, 5700.72774300164 
2170, 5775.36822255158 
2171, 5848.05205346304 
2172, 5917.80097771435 
2173, 5977.02385997263 
2174, 6040.43193018242 
2175, 6108.39443489261 
2176, 6170.87975764245 
2177, 6234.28429656278 
2178, 6288.95777321726 
2179, 6347.01816343457 
2180, 6386.81154948121 
2181, 6407.33953139945 
2182, 6428.82374664182 
2183, 6429.93401370057 
2184, 6434.33580711613 
2185, 6483.68698004477 
2186, 6545.60891612033 
2187, 6607.99997493488 
2188, 6710.52601216969 
2189, 6766.65691051334 
2190, 6801.93614275538 
2191, 6837.31152485021 
2192, 6868.86482867948 
2193, 6878.26932411045 
2194, 6878.58151666942 
2195, 6859.66443710592 
2196, 6806.31847110925 
2197, 6768.43387646091 
2198, 6705.14836227114 
2199, 6677.7592704555 
2200, 6672.05111575237 
2201, 6667.84603324782 
2202, 6679.23592741497 
2203, 6701.22709791631 
2204, 6722.80312084427 
2205, 6753.1889389016 
2206, 6835.11373978992 
2207, 6927.39430017119 
2208, 7024.1867439461 
2209, 7162.4961750516 
2210, 7245.61797861303 
2211, 7313.91891416502 
2212, 7368.20432574461 
2213, 7393.26759265292 
2214, 7423.06254057298 
2215, 7455.42545878698 
2216, 7461.24794999393 
2217, 7440.32762419316 
2218, 7433.65256738665 
2219, 7409.6052596098 
2220, 7397.59932651977 
2221, 7397.79812712596 
2222, 7397.8393028832 
2223, 7404.69347240249 
2224, 7403.10131581144 
2225, 7406.84381151019 
2226, 7399.9558459453 
2227, 7380.96119189385 
2228, 7355.78273601036 
2229, 7324.85502952315 
2230, 7313.07530534607 
2231, 7299.41043841271 
2232, 7290.76866030118 
2233, 7273.78826436987 
2234, 7264.97484264975 
2235, 7234.47150100109 
2236, 7185.89745547017 
2237, 7152.75097309165 
2238, 7108.56135510042 
2239, 7081.44142279571 
2240, 7084.7144468338 
2241, 7049.90253906394 
2242, 6998.2724161073 
2243, 6954.86693411684 
2244, 6892.9642125123 
2245, 6840.77749876967 
2246, 6802.00495597937 
2247, 6757.83572624305 
2248, 6706.41433741931 
2249, 6657.97808899351 
2250, 6617.02657736568 
2251, 6570.20046103096 
2252, 6520.22833048446 
2253, 6468.540055339 
2254, 6407.31172287286 
2255, 6357.63868685387 
2256, 6306.1294423455 
2257, 6240.85535051426 
2258, 6168.11676753073 
2259, 6086.12091250636 
2260, 6006.49655157362 
2261, 5908.65004070723 
2262, 5835.07380963128 
2263, 5773.04348717375 
2264, 5712.40778064803 
2265, 5665.26716724527 
2266, 5614.17428542229 
2267, 5557.07242014422 
2268, 5513.97957799033 
2269, 5485.19321153375 
2270, 5442.61369336697 
2271, 5409.94121972315 
2272, 5362.00276530608 
2273, 5294.57916962605 
2274, 5234.00478012492 
2275, 5173.28344052131 
2276, 5108.45392954716 
2277, 5044.50641937628 
2278, 4973.17214993916 
2279, 4884.09662503822 
2280, 4810.14449346042 
2281, 4738.16661271546 
2282, 4669.39355138627 
2283, 4623.96382952479 
2284, 4583.82796702212 
2285, 4537.6129005516 
2286, 4491.58176120609 
2287, 4412.78730313688 
2288, 4338.17855291945 
2289, 4263.18711470081 
2290, 4178.88283625563 
2291, 4097.07742452076 
2292, 4016.07266626737 
2293, 3937.78496630458 
2294, 3856.58806479642 
2295, 3780.35981607502 
2296, 3713.4870539899 
2297, 3643.33563013787 
2298, 3564.92401668289 
2299, 3500.50943161034 
2300, 3434.49359759017 
2301, 3389.48693275778 
2302, 3363.42988231705 
2303, 3335.53791760895 
2304, 3313.9160389097 
2305, 3309.87440124717 
2306, 3326.41270535681 
2307, 3324.48368703659 
2308, 3340.77352553183 
2309, 3331.01780241954 
2310, 3304.36705609194 
2311, 3260.24947262651 
2312, 3211.95751507466 
2313, 3132.64970886765 
2314, 3021.03717206078 
2315, 2891.88139341408 
2316, 2758.91018168699 
2317, 2642.02465632529 
2318, 2549.29203836304 
2319, 2497.2275833989 
2320, 2460.37072773416 
2321, 2431.21647360517 
2322, 2430.3315788967 
2323, 2428.14068167756 
2324, 2427.72391103437 
2325, 2437.14733979814 
2326, 2437.49705609486 
2327, 2409.50195121876 
2328, 2379.30419370588 
2329, 2335.85354606765 
2330, 2296.95138678708 
2331, 2255.01578387669 
2332, 2202.947366483 
2333, 2148.98384167979 
2334, 2097.18145901676 
2335, 2027.33186819617 
2336, 1973.96473483359 
2337, 1927.54973305158 
2338, 1888.49392367358 
2339, 1861.46265259005 
2340, 1824.77171582061 
2341, 1794.61743237459 
2342, 1758.06192427658 
2343, 1702.28471382358 
2344, 1670.3680829639 
2345, 1659.24283782625 
2346, 1630.16513118951 
2347, 1609.25344800525 
2348, 1569.46468265044 
2349, 1499.82733795108 
2350, 1455.33029142249 
2351, 1407.13407458434 
2352, 1378.950955264 
2353, 1384.75088187705 
2354, 1365.66088837805 
2355, 1328.33528766317 
2356, 1319.47667493143 
2357, 1311.56922304431 
2358, 1314.92129124454 
2359, 1356.44696380886 
2360, 1375.41269651011 
2361, 1396.13099592716 
2362, 1395.29305421759 
2363, 1380.28610900829 
2364, 1358.8312222133 
2365, 1318.2661522466 
2366, 1250.14861351069 
2367, 1179.9658949127 
2368, 1117.18839258337 
2369, 1072.35271947365 
2370, 1036.44149053749 
2371, 991.058625843568 
2372, 969.129098261099 
2373, 971.265937416039 
2374, 974.038438141548 
2375, 1006.43065119086 
2376, 1045.53309649471 
2377, 1038.19165204891 
2378, 1026.96689841404 
2379, 1032.75570525696 
2380, 1018.69436191843 
2381, 1012.37381364059 
2382, 997.040605260013 
2383, 948.644355785164 
2384, 905.658111025277 
2385, 860.246122907349 
2386, 831.339199950786 
2387, 836.22832167631 
2388, 842.573977764194 
2389, 840.675725382816 
2390, 850.489681805432 
2391, 860.17621121534 
2392, 852.932005212666 
2393, 861.980395004853 
2394, 856.579001658135 
2395, 810.345603532743 
2396, 779.515191551919 
2397, 766.249127315416 
2398, 751.180235730405 
2399, 766.960690213106 
2400, 792.027271232152 
2401, 789.975515099266 
2402, 778.790484942995 
2403, 754.157109119432 
2404, 732.29015475014 
2405, 715.580184685315 
2406, 700.10178730857 
2407, 686.34439290779 
2408, 681.949975157697 
2409, 656.943541174804 
2410, 618.685219509026 
2411, 602.186682617003 
2412, 583.463001873276 
2413, 572.163775904426 
2414, 580.725584738896 
2415, 568.346489142629 
2416, 543.230817771969 
2417, 531.153019136843 
2418, 516.55256568437 
2419, 517.561909786791 
2420, 531.348961470864 
2421, 536.512683180219 
2422, 546.409365686001 
2423, 556.758888922778 
2424, 567.874188875003 
2425, 571.447750450048 
2426, 580.247925141583 
2427, 572.965494165421 
2428, 543.646858522795 
2429, 528.363750859575 
2430, 512.387395637626 
2431, 504.180977894253 
2432, 511.550077883287 
2433, 502.478624153577 
2434, 490.65983959084 
2435, 468.813841441071 
2436, 419.353169202016 
2437, 405.06495933586 
2438, 407.11275520723 
2439, 403.041227933957 
2440, 416.745906796812 
2441, 421.686096640869 
2442, 416.309098668171 
2443, 410.693553241415 
2444, 413.148588762865 
2445, 384.831994368733 
2446, 368.41985291359 
2447, 353.675641210936 
2448, 336.841204082799 
2449, 339.131612414944 
2450, 331.46077756631 
2451, 331.238587149266 
2452, 333.506194654749 
2453, 310.771724105447 
2454, 300.782469072053 
2455, 291.819070053789 
2456, 275.369701128155 
2457, 293.832700748867 
2458, 315.347277534726 
2459, 328.148437090906 
2460, 359.484443949617 
2461, 370.756221478151 
2462, 355.968361878858 
2463, 332.19262165688 
2464, 302.1130945967 
2465, 276.665989159544 
2466, 270.26345927508 
2467, 285.967373069439 
2468, 300.126484159638 
2469, 307.358837171304 
2470, 297.989251008855 
2471, 277.442158115562 
2472, 256.134335826514 
2473, 237.158678052812 
2474, 234.996924172451 
2475, 230.699615118314 
2476, 221.22894684689 
2477, 215.596035925116 
2478, 206.894980286607 
2479, 199.956762590228 
2480, 198.664479093452 
2481, 195.901352537992 
2482, 187.105997003515 
2483, 182.902806615479 
2484, 166.198926177584 
2485, 127.658093169558 
2486, 94.2189823599838 
2487, 69.9296370534088 
2488, 58.1232942558561 
2489, 79.3389380334349 
2490, 109.669064147464 
2491, 128.439748920733 
2492, 137.155066019194 
2493, 129.415060912705 
2494, 122.29173359288 
2495, 117.202298547718 
2496, 118.101443775236 
2497, 125.233766862441 
2498, 138.014644005302 
2499, 165.743682201715 
2500, 174.488284692038 
