Wavelength,0212202100064.asd
350, 4016.24153122246 
351, 4225.82921791687 
352, 4421.56697243379 
353, 4585.8160028067 
354, 4745.33349413778 
355, 4913.26371712097 
356, 5092.98558082421 
357, 5271.4322927569 
358, 5455.21913242932 
359, 5650.71399897045 
360, 5867.4712766331 
361, 6129.90151397224 
362, 6432.66312101885 
363, 6761.23603003759 
364, 7095.59850822745 
365, 7435.7321727221 
366, 7760.33317348538 
367, 8044.48794941707 
368, 8265.00314238056 
369, 8396.91080740655 
370, 8445.59453588166 
371, 8435.36722001857 
372, 8401.56390450316 
373, 8389.0395446316 
374, 8405.85762410385 
375, 8432.65517566642 
376, 8460.28512531059 
377, 8477.49655930467 
378, 8464.81969602114 
379, 8392.89365642238 
380, 8296.75418608586 
381, 8187.06130544095 
382, 8063.7047947682 
383, 7911.36882936375 
384, 7754.7995368538 
385, 7645.63156150038 
386, 7646.3628571592 
387, 7804.63180202477 
388, 8035.96265768732 
389, 8241.49438384131 
390, 8331.90057333748 
391, 8430.36143139009 
392, 8528.15840755841 
393, 8606.61358423356 
394, 8669.17335870415 
395, 8848.59883090201 
396, 9205.01620558726 
397, 9761.22888524083 
398, 10541.2348767982 
399, 11427.8941915492 
400, 12337.1832082188 
401, 13223.913552614 
402, 14069.3075618132 
403, 14767.0230231903 
404, 15271.2373068909 
405, 15664.3071704982 
406, 15976.7460975522 
407, 16255.2815713616 
408, 16558.1029896966 
409, 16973.4467658844 
410, 17473.8457622134 
411, 18027.1144973443 
412, 18600.1149474595 
413, 19166.0171049917 
414, 19728.2058502955 
415, 20274.1830632627 
416, 20753.798890899 
417, 21204.7757219305 
418, 21666.5455199054 
419, 22153.3106809397 
420, 22577.1126805433 
421, 23003.8467795789 
422, 23469.2110939611 
423, 23972.9745394623 
424, 24437.3555564093 
425, 24802.8674928386 
426, 25020.3764426341 
427, 25046.3126595787 
428, 24954.8147514615 
429, 24973.6228427493 
430, 25289.4625077927 
431, 25747.0560924462 
432, 26349.0619308479 
433, 27232.8335525702 
434, 28574.8335655485 
435, 30005.056163327 
436, 31100.3472496447 
437, 31772.4336824881 
438, 32485.9845280875 
439, 33221.3635690941 
440, 33915.1662665229 
441, 34541.9611287599 
442, 35355.8170754387 
443, 36214.1574637912 
444, 37003.0013062184 
445, 37649.3598953471 
446, 38168.1371496541 
447, 38633.2552742666 
448, 39125.6418779747 
449, 39733.8675164286 
450, 40254.1792633768 
451, 40538.7926089104 
452, 40528.1963919421 
453, 40432.6040443153 
454, 40212.1637339004 
455, 39927.5637464832 
456, 39731.077567001 
457, 39690.7859430459 
458, 39711.7022373702 
459, 39693.8440157707 
460, 39597.3772900518 
461, 39445.5425463802 
462, 39280.3282990762 
463, 39125.4241268569 
464, 38872.092786786 
465, 38477.2753633882 
466, 37990.0059067286 
467, 37545.5851374869 
468, 37170.5761186793 
469, 36892.1088439284 
470, 36723.8957319323 
471, 36671.4681230258 
472, 36637.4113883124 
473, 36635.6497161964 
474, 36709.4825579796 
475, 36711.172111242 
476, 36681.7828385525 
477, 36668.1789676992 
478, 36701.3287180129 
479, 36826.1879691443 
480, 36992.6230318622 
481, 37110.6745989051 
482, 37077.9258595191 
483, 36802.2491497508 
484, 36225.7130685087 
485, 35362.9508298781 
486, 34523.5698601972 
487, 33927.2767703756 
488, 33751.4405571113 
489, 34149.9816712047 
490, 34786.6181641566 
491, 35315.0549614551 
492, 35509.0144475488 
493, 35580.3095646343 
494, 35683.5099778416 
495, 35889.1817305457 
496, 36172.6756162555 
497, 36266.4038372953 
498, 36173.5541665823 
499, 35954.0300835259 
500, 35655.669131661 
501, 35430.8391221783 
502, 35347.3749140813 
503, 35436.5574870248 
504, 35774.3835554618 
505, 36242.9675882729 
506, 36719.967422488 
507, 37098.7786667933 
508, 37387.105339613 
509, 37610.2460696406 
510, 37814.6091901664 
511, 38096.8956890041 
512, 38296.3019994085 
513, 38337.3960394707 
514, 38200.6376639386 
515, 37891.2493881383 
516, 37473.1302203249 
517, 37062.8334371857 
518, 36827.4297069704 
519, 37143.5990717426 
520, 38043.9343801975 
521, 39313.9142210683 
522, 40383.0553410709 
523, 41182.7949017151 
524, 41743.9595520008 
525, 42164.802229268 
526, 42355.5899295029 
527, 42439.7032463342 
528, 42670.7365771084 
529, 43530.2896836187 
530, 44653.263259003 
531, 45606.1980570957 
532, 46030.3055452747 
533, 46175.9003833517 
534, 46387.6339876189 
535, 46851.8365663264 
536, 47556.3224730713 
537, 48067.7065012042 
538, 48309.7963327006 
539, 48348.0565009475 
540, 48338.4266699969 
541, 48388.8018809731 
542, 48644.5642602398 
543, 49217.9847925925 
544, 49877.0168997215 
545, 50453.2710840184 
546, 50855.4061924676 
547, 51089.7230427866 
548, 51245.6395213161 
549, 51424.999925373 
550, 51692.5232396399 
551, 51972.943300152 
552, 52188.7210058813 
553, 52346.7403392701 
554, 52518.89272481 
555, 52650.9846924374 
556, 52613.2850683152 
557, 52334.222813129 
558, 51860.1451447184 
559, 51458.9253834765 
560, 51284.5309068963 
561, 51388.7197913838 
562, 51634.0187930066 
563, 51783.1518479975 
564, 51720.0320441408 
565, 51483.1135748137 
566, 51145.417295762 
567, 50800.7487271402 
568, 50507.0823242669 
569, 50217.8487671526 
570, 49836.5626070728 
571, 49471.4713198207 
572, 49341.8899955793 
573, 49403.8394055034 
574, 49409.6672602221 
575, 49201.4137361464 
576, 48804.8435958025 
577, 48432.4140536903 
578, 48233.7176220384 
579, 48292.6592213765 
580, 48538.760501272 
581, 48966.6058617603 
582, 49487.6273882086 
583, 49936.5030473554 
584, 50221.550369297 
585, 50217.907320105 
586, 49911.7228867964 
587, 49536.9111127677 
588, 49079.2792625261 
589, 48462.5119289186 
590, 47684.7465998267 
591, 47413.742691601 
592, 47643.8803347697 
593, 48056.5513737644 
594, 48036.041920973 
595, 47793.844347555 
596, 47446.8617192405 
597, 47075.2145609854 
598, 46667.2833017235 
599, 46174.143020208 
600, 45637.8554248754 
601, 45164.4833060886 
602, 44803.7855384675 
603, 44611.2317439574 
604, 44580.5595790468 
605, 44620.0319799012 
606, 44524.1477261783 
607, 44278.55997554 
608, 43958.1015226934 
609, 43643.5414756152 
610, 43346.4938499342 
611, 43079.5968105529 
612, 42855.612848835 
613, 42617.8317413035 
614, 42339.0929577874 
615, 42035.2812370008 
616, 41798.7318882528 
617, 41653.9695500735 
618, 41657.0551451217 
619, 41837.344106412 
620, 42030.8722106184 
621, 42058.6119914099 
622, 41859.1870835111 
623, 41516.843349352 
624, 41127.9183112343 
625, 40762.9230013866 
626, 40458.8525141255 
627, 40194.0357514894 
628, 39935.3949783769 
629, 39686.0363003085 
630, 39487.8300132305 
631, 39490.3050295586 
632, 39611.1727760624 
633, 39769.9115077116 
634, 39947.0463873016 
635, 40082.9953347398 
636, 40174.9199565829 
637, 40235.4173912546 
638, 40251.9388380977 
639, 40186.9460287248 
640, 40009.7901827195 
641, 39712.9908917618 
642, 39483.4044049988 
643, 39348.2385385785 
644, 39264.4509563391 
645, 39116.7900517893 
646, 38889.442561535 
647, 38603.4796440456 
648, 38307.766515523 
649, 38063.8650677709 
650, 37866.3054397175 
651, 37752.2452851743 
652, 37791.1464986542 
653, 37704.0588503099 
654, 37285.9824975808 
655, 36497.9858276667 
656, 35584.5012581398 
657, 34922.0295033867 
658, 34919.8347976527 
659, 35791.2876028781 
660, 36695.733565495 
661, 37218.7007930827 
662, 37325.5550402113 
663, 37379.6867120812 
664, 37346.4971531609 
665, 37289.7432350383 
666, 37265.9674758397 
667, 37279.6546832497 
668, 37269.5711153423 
669, 37235.1998222571 
670, 37204.3400912946 
671, 37132.7987867743 
672, 37046.4758902432 
673, 36989.3736434959 
674, 37018.4557373537 
675, 37066.4954326864 
676, 37102.8011635977 
677, 37118.1681122567 
678, 37139.401120735 
679, 37148.4019239501 
680, 37143.5844360875 
681, 37131.3975298658 
682, 37108.4116734302 
683, 37024.8404101089 
684, 36722.7527438477 
685, 35906.503585711 
686, 34467.9555837526 
687, 32543.8893120941 
688, 30606.134715657 
689, 29799.5722147208 
690, 30402.2533519526 
691, 31881.0198580513 
692, 33221.7851296534 
693, 34408.7210292951 
694, 35280.8989234316 
695, 35809.7831878635 
696, 36147.3084164408 
697, 36415.3188764754 
698, 36586.5691065882 
699, 36611.7179709216 
700, 36534.2976941105 
701, 36451.305737054 
702, 36441.2516635011 
703, 36560.1728120575 
704, 36825.5362187122 
705, 37142.9793649649 
706, 37415.8891444742 
707, 37567.6992753936 
708, 37683.1612932551 
709, 37784.9871857833 
710, 37878.0162535192 
711, 37968.1429854213 
712, 38027.9741501706 
713, 38042.9815429644 
714, 37996.8212492074 
715, 37829.3460476475 
716, 37399.3476760302 
717, 36638.7155609973 
718, 35585.4660187268 
719, 34687.8076936573 
720, 34338.2085485475 
721, 34700.2723701483 
722, 35500.2161818345 
723, 36073.0086782696 
724, 36184.8476384569 
725, 35947.6131369301 
726, 35898.9370287938 
727, 35988.1636292483 
728, 36111.6836032637 
729, 36179.2085449756 
730, 36382.7907775161 
731, 36764.2830332325 
732, 37288.6516746819 
733, 37845.163556195 
734, 38321.216208199 
735, 38621.2258028131 
736, 38700.1800122785 
737, 38653.5617839979 
738, 38576.4204532113 
739, 38495.7805034984 
740, 38385.8002148277 
741, 38336.5693739488 
742, 38367.3171002217 
743, 38469.495259484 
744, 38615.3788231009 
745, 38717.7415911625 
746, 38760.9074757013 
747, 38754.7057495032 
748, 38702.3279079488 
749, 38578.1487638893 
750, 38407.3941241448 
751, 38250.782414635 
752, 38168.7528107318 
753, 38145.9101438019 
754, 38142.8891594891 
755, 38101.6499822424 
756, 37915.7911862058 
757, 37132.5986566452 
758, 35029.2028254739 
759, 30379.095778169 
760, 23548.7948242222 
761, 16865.6565445136 
762, 13143.6443574041 
763, 13192.465903213 
764, 15238.8034342119 
765, 18365.6153674912 
766, 22444.8042404657 
767, 26865.1977484115 
768, 30684.356240524 
769, 33326.9188587773 
770, 34800.6174825813 
771, 35515.0115468182 
772, 35783.2846372771 
773, 35843.4374295017 
774, 35814.0006274336 
775, 35719.631854343 
776, 35600.4969179213 
777, 35484.2725705838 
778, 35332.0440243428 
779, 35152.9999489977 
780, 34973.4477775076 
781, 34825.0747132502 
782, 34666.1251014147 
783, 34478.1694508062 
784, 34264.6503964078 
785, 34055.3987654904 
786, 33852.528083776 
787, 33620.7053362903 
788, 33330.0423219014 
789, 32992.5769175243 
790, 32629.2834109469 
791, 32247.3678439348 
792, 31853.3148464454 
793, 31472.3875868398 
794, 31162.994177508 
795, 30959.9977025855 
796, 30864.3097096177 
797, 30795.0970683776 
798, 30671.7719161893 
799, 30458.1412060603 
800, 30175.5445963625 
801, 29866.19516263 
802, 29576.800246534 
803, 29326.313193421 
804, 29075.0310566283 
805, 28850.5491874535 
806, 28643.2288176564 
807, 28424.0829605067 
808, 28147.4948253225 
809, 27820.1601705166 
810, 27464.6367472551 
811, 27098.5947413835 
812, 26669.0506967954 
813, 26104.8976808713 
814, 25392.2488811733 
815, 24584.4071566127 
816, 23817.4879935715 
817, 23195.3728173531 
818, 22788.1546950845 
819, 22625.9123017103 
820, 22556.5811032648 
821, 22459.373161636 
822, 22281.6993688736 
823, 22087.555204642 
824, 21951.9316532175 
825, 21947.2368557217 
826, 22055.3894234177 
827, 21994.2818140403 
828, 21758.0406215698 
829, 21441.8746286357 
830, 21181.5629413608 
831, 20997.38533302 
832, 20851.774337354 
833, 20726.0961578323 
834, 20624.2174735734 
835, 20565.779589707 
836, 20529.0002726669 
837, 20475.4454702289 
838, 20359.0124744925 
839, 20196.7983351824 
840, 20007.7890703798 
841, 19804.3650138655 
842, 19585.2947745411 
843, 19361.3407413619 
844, 19140.9492194456 
845, 18927.3421384003 
846, 18718.9105394326 
847, 18465.0503529087 
848, 18158.648010093 
849, 17816.3475775399 
850, 17475.1409287695 
851, 17078.9212436542 
852, 16667.3499563877 
853, 16319.019172704 
854, 16057.4702471343 
855, 15845.9190342159 
856, 15744.6437551846 
857, 15839.5267997475 
858, 15992.3896425028 
859, 16025.1857856698 
860, 15904.0759414396 
861, 15724.8682937735 
862, 15516.8448855369 
863, 15247.2125019505 
864, 14917.7400377853 
865, 14578.8671584291 
866, 14257.339512299 
867, 13984.2369830976 
868, 13803.0377508254 
869, 13768.7011824601 
870, 13801.6930425746 
871, 13786.3480816002 
872, 13667.01423692 
873, 13504.3467966131 
874, 13327.8665619009 
875, 13150.1680939434 
876, 12975.282554635 
877, 12804.1930229741 
878, 12637.7344196598 
879, 12474.8814036159 
880, 12312.7310194891 
881, 12144.8985692003 
882, 11978.6682009761 
883, 11820.8083492338 
884, 11673.9891954856 
885, 11531.1149868214 
886, 11375.1224166851 
887, 11209.81664249 
888, 11046.7895363782 
889, 10888.1051919253 
890, 10733.3226589865 
891, 10565.6606362862 
892, 10363.3479547278 
893, 10119.6535110007 
894, 9837.03870841896 
895, 9524.7875858091 
896, 9196.18749442034 
897, 8860.1832009381 
898, 8540.94195470907 
899, 8270.7582306567 
900, 8078.75839642622 
901, 7964.33277088181 
902, 7904.85333853893 
903, 7874.1059020386 
904, 7845.56033110307 
905, 7797.90847637101 
906, 7713.95893037606 
907, 7579.18062323421 
908, 7391.41048891644 
909, 7193.77335936663 
910, 7025.21572797209 
911, 6900.38408195352 
912, 6811.15483948021 
913, 6737.6441360897 
914, 6664.34249322353 
915, 6587.98943943762 
916, 6516.34389354136 
917, 6464.44322618207 
918, 6420.9940082433 
919, 6377.73190492799 
920, 6331.45368318688 
921, 6284.2126688713 
922, 6224.62894833134 
923, 6141.02096130581 
924, 6025.13683438601 
925, 5881.12068309147 
926, 5711.30732793378 
927, 5508.02513221945 
928, 5258.97149595055 
929, 4963.17410737397 
930, 4631.77505187264 
931, 4280.36485963877 
932, 3930.93799063913 
933, 3620.02857866326 
934, 3371.30873703678 
935, 3200.36449784932 
936, 3110.53822904116 
937, 3084.02526991839 
938, 3099.43014031944 
939, 3131.89350763419 
940, 3160.01636681283 
941, 3178.97724327399 
942, 3182.36588868712 
943, 3154.95300037901 
944, 3088.74257870742 
945, 3006.59212894768 
946, 2940.02721590375 
947, 2900.29423611697 
948, 2883.08258650517 
949, 2871.97528666975 
950, 2861.83478139015 
951, 2849.45213930101 
952, 2833.25335049535 
953, 2811.8036767094 
954, 2792.7555547157 
955, 2775.25813560643 
956, 2758.41445774212 
957, 2746.10037269528 
958, 2737.98608523407 
959, 2730.62739716959 
960, 2723.59906206133 
961, 2721.63072414886 
962, 2717.65701184329 
963, 2716.47922142838 
964, 2719.28113519279 
965, 2720.44691276529 
966, 2717.77099022736 
967, 2708.91684744776 
968, 2693.46367422578 
969, 2672.98454303278 
970, 2650.85282683688 
971, 2622.28998472751 
972, 2584.49090729993 
973, 2537.75638705173 
974, 2485.53126754714 
975, 2433.05477852626 
976, 2381.90673797741 
977, 2333.38722312327 
978, 2295.45555929431 
979, 2259.71318917405 
980, 2228.44261070967 
981, 2202.67395515711 
982, 2171.70215820199 
983, 2140.34666916331 
984, 2107.93894842716 
985, 2072.94367096805 
986, 2034.78552060582 
987, 1995.57632043427 
988, 1956.69101491201 
989, 1917.02938721638 
990, 1874.00283219148 
991, 1832.25734880878 
992, 1791.22691205922 
993, 1750.15830411931 
994, 1708.80218703456 
995, 1667.63583898977 
996, 1628.56195637248 
997, 1588.50677389157 
998, 1545.02415883053 
999, 1504.2846911221 
1000, 1464.49573508031 
1001, 9280.93505539701 
1002, 9257.1400570752 
1003, 9234.42615290623 
1004, 9214.11519634209 
1005, 9199.45645162772 
1006, 9195.3050878945 
1007, 9197.71124054827 
1008, 9212.4659618594 
1009, 9235.53030933482 
1010, 9272.01460272326 
1011, 9307.09523613696 
1012, 9351.55597549218 
1013, 9393.62430268665 
1014, 9432.56496165382 
1015, 9466.08763455401 
1016, 9500.99982396544 
1017, 9538.73615564227 
1018, 9579.72929376494 
1019, 9625.76397431901 
1020, 9672.73994413718 
1021, 9722.98483291771 
1022, 9774.83305713261 
1023, 9829.31616715426 
1024, 9881.85161159995 
1025, 9939.46168408071 
1026, 10000.6946586361 
1027, 10057.9698649811 
1028, 10114.698622934 
1029, 10167.1262883569 
1030, 10213.7739284831 
1031, 10260.4954642122 
1032, 10307.4457368584 
1033, 10352.5136616294 
1034, 10393.3308650998 
1035, 10434.5027704593 
1036, 10474.3715762436 
1037, 10514.9872006142 
1038, 10549.8105731489 
1039, 10582.6867453657 
1040, 10614.6343342096 
1041, 10637.2014632628 
1042, 10661.9358587805 
1043, 10692.3314311401 
1044, 10720.8766260521 
1045, 10750.3655175204 
1046, 10781.6989370268 
1047, 10811.0829235926 
1048, 10838.3797676543 
1049, 10866.3937183902 
1050, 10898.2289610649 
1051, 10933.6176854035 
1052, 10971.7813875969 
1053, 11007.88888415 
1054, 11047.5796924718 
1055, 11090.4272557478 
1056, 11133.9280334361 
1057, 11185.4208336917 
1058, 11240.0573982537 
1059, 11298.0694030815 
1060, 11365.0743205915 
1061, 11439.1143015414 
1062, 11520.1847962668 
1063, 11609.4131862804 
1064, 11702.6220367244 
1065, 11807.434736024 
1066, 11919.3069919993 
1067, 12029.2951408236 
1068, 12152.8519673849 
1069, 12288.5885762825 
1070, 12430.846767339 
1071, 12592.2386174251 
1072, 12757.1936679415 
1073, 12919.5877222564 
1074, 13089.9097814806 
1075, 13246.1610958405 
1076, 13400.7445434845 
1077, 13546.7921063962 
1078, 13669.9342059024 
1079, 13778.7069048124 
1080, 13875.0180488129 
1081, 13959.856907931 
1082, 14041.097137231 
1083, 14125.2588946728 
1084, 14205.8945263732 
1085, 14281.872773396 
1086, 14353.2991455795 
1087, 14428.5084289787 
1088, 14482.0121606772 
1089, 14529.4775206172 
1090, 14559.2162321275 
1091, 14571.9242996265 
1092, 14572.5357355427 
1093, 14558.0848619354 
1094, 14532.9123122002 
1095, 14503.6652025095 
1096, 14469.0707619805 
1097, 14437.6290093514 
1098, 14407.4592141125 
1099, 14376.0628101312 
1100, 14344.0581696924 
1101, 14311.5549307254 
1102, 14284.5929450443 
1103, 14243.2299623741 
1104, 14206.4126011532 
1105, 14149.6911331979 
1106, 14069.3661274787 
1107, 13954.7565338552 
1108, 13788.5209091657 
1109, 13571.4987213297 
1110, 13271.0898264934 
1111, 12909.6044173668 
1112, 12485.0463277476 
1113, 11962.168522326 
1114, 11446.3622928402 
1115, 10848.0645165578 
1116, 10308.9768186655 
1117, 9728.36894717539 
1118, 9234.02181928783 
1119, 8778.06397560576 
1120, 8362.25169404142 
1121, 8017.80503837069 
1122, 7736.36978415648 
1123, 7532.05971569639 
1124, 7391.05402729294 
1125, 7324.53375661862 
1126, 7357.53050699533 
1127, 7395.36386860434 
1128, 7506.97637551789 
1129, 7609.98212008378 
1130, 7747.23029534958 
1131, 7878.97542273983 
1132, 8008.08475723873 
1133, 8169.94249175578 
1134, 8341.40427761044 
1135, 8526.35790329373 
1136, 8800.4301982541 
1137, 9085.815868364 
1138, 9362.20090311412 
1139, 9625.63631566139 
1140, 9795.35108602003 
1141, 9910.38576547872 
1142, 9961.82312833739 
1143, 9912.73507797624 
1144, 9888.62806853994 
1145, 9748.20899197792 
1146, 9739.16406989689 
1147, 9736.78657027502 
1148, 9832.30010741416 
1149, 10024.013796902 
1150, 10254.8189422842 
1151, 10566.3521148054 
1152, 10911.5657339075 
1153, 11270.4560803367 
1154, 11689.2142488743 
1155, 12078.1544656765 
1156, 12487.5712355109 
1157, 12865.7968688789 
1158, 13244.1903186138 
1159, 13591.5915696798 
1160, 13926.6976858789 
1161, 14227.5105754962 
1162, 14509.5461772694 
1163, 14755.8872765877 
1164, 14970.2711632435 
1165, 15151.3276883861 
1166, 15305.472249081 
1167, 15428.4978620754 
1168, 15524.4506098248 
1169, 15589.8713483365 
1170, 15632.2151504013 
1171, 15646.1372570873 
1172, 15637.3983078121 
1173, 15593.3533754819 
1174, 15547.2506750495 
1175, 15473.5569622962 
1176, 15402.4510241799 
1177, 15325.9035097465 
1178, 15242.4703022499 
1179, 15142.6803797862 
1180, 15051.2723579988 
1181, 14955.1248263655 
1182, 14858.3382771396 
1183, 14783.7525652813 
1184, 14714.1230771874 
1185, 14670.3276820131 
1186, 14644.589182762 
1187, 14634.3249213506 
1188, 14652.0574870773 
1189, 14662.998330486 
1190, 14703.45287463 
1191, 14711.4458132134 
1192, 14721.1885071775 
1193, 14702.577243883 
1194, 14664.1348671772 
1195, 14605.203366549 
1196, 14519.1659753613 
1197, 14422.4896474196 
1198, 14316.0313536902 
1199, 14178.3022007956 
1200, 14073.3845987191 
1201, 13962.3773705246 
1202, 13879.2731214933 
1203, 13811.193375306 
1204, 13762.2505385689 
1205, 13734.6661312053 
1206, 13714.047209392 
1207, 13714.3660615125 
1208, 13717.3233295845 
1209, 13732.0560537366 
1210, 13746.4243382526 
1211, 13773.426708307 
1212, 13793.8565403964 
1213, 13812.6090227048 
1214, 13832.1555308064 
1215, 13843.3168011014 
1216, 13854.4749638227 
1217, 13850.5968837274 
1218, 13838.458271204 
1219, 13817.721288077 
1220, 13777.0931266324 
1221, 13749.0606554358 
1222, 13715.148410816 
1223, 13689.8980196959 
1224, 13671.9718924301 
1225, 13655.2539829844 
1226, 13643.6051858483 
1227, 13630.7539096835 
1228, 13626.4943723176 
1229, 13612.7044308374 
1230, 13594.4729901331 
1231, 13572.0932660135 
1232, 13548.2808112572 
1233, 13519.8318418 
1234, 13487.5287193593 
1235, 13457.2841957555 
1236, 13414.5582044596 
1237, 13360.5412053448 
1238, 13306.8470795685 
1239, 13246.5395897757 
1240, 13185.3445543814 
1241, 13117.3050436436 
1242, 13055.3480938264 
1243, 12996.5975365585 
1244, 12933.5875959895 
1245, 12870.8710091981 
1246, 12810.4290299981 
1247, 12744.9069203456 
1248, 12675.9707604224 
1249, 12600.5019800727 
1250, 12527.2048872958 
1251, 12438.4478616138 
1252, 12343.8402938843 
1253, 12231.6645344355 
1254, 12112.8054699473 
1255, 11971.0844998939 
1256, 11811.8082016197 
1257, 11635.25907892 
1258, 11433.5333339963 
1259, 11228.0382201058 
1260, 10996.6431476393 
1261, 10775.5025072613 
1262, 10542.411001667 
1263, 10318.31848321 
1264, 10128.7419494 
1265, 9935.39833346536 
1266, 9818.78242704186 
1267, 9734.35610316105 
1268, 9718.01870298701 
1269, 9761.13906987399 
1270, 9847.90689436792 
1271, 10006.1764583582 
1272, 10171.2065875269 
1273, 10406.2359119921 
1274, 10602.3934083829 
1275, 10826.1395579333 
1276, 11005.8589168439 
1277, 11162.013880375 
1278, 11299.5432512946 
1279, 11407.845867689 
1280, 11504.0077766671 
1281, 11593.5547721478 
1282, 11675.8132755309 
1283, 11762.2277334007 
1284, 11848.1050695519 
1285, 11930.4100975819 
1286, 12014.2888304032 
1287, 12088.385273717 
1288, 12162.5453051567 
1289, 12219.0895054308 
1290, 12263.6150549326 
1291, 12301.5808516266 
1292, 12330.2389774926 
1293, 12346.8990683434 
1294, 12353.6747671512 
1295, 12354.0589957616 
1296, 12335.8795663863 
1297, 12321.4842382062 
1298, 12307.8587515255 
1299, 12287.258537044 
1300, 12260.4962197315 
1301, 12228.7672311175 
1302, 12194.9330592111 
1303, 12154.2010040663 
1304, 12112.0478543991 
1305, 12070.4590366441 
1306, 12021.295939256 
1307, 11964.5294203255 
1308, 11909.0421989429 
1309, 11850.3184531203 
1310, 11789.9943627678 
1311, 11723.9430705278 
1312, 11663.2367232819 
1313, 11599.8882524087 
1314, 11543.9363170234 
1315, 11492.3203942435 
1316, 11445.6906851399 
1317, 11403.5428762968 
1318, 11366.3292329775 
1319, 11333.4558074895 
1320, 11307.2338203532 
1321, 11283.0073318113 
1322, 11242.4722775316 
1323, 11174.3497470629 
1324, 11096.3417349434 
1325, 10982.5699299716 
1326, 10829.2111348448 
1327, 10674.4739410435 
1328, 10483.4556827369 
1329, 10313.8254668036 
1330, 10122.6865669479 
1331, 9975.79103279362 
1332, 9838.58433686796 
1333, 9739.4099211062 
1334, 9691.20650519719 
1335, 9636.76625886992 
1336, 9611.81849128655 
1337, 9586.18889213163 
1338, 9541.86941899272 
1339, 9457.80853786713 
1340, 9331.39474338354 
1341, 9141.35823145325 
1342, 8866.96236084607 
1343, 8525.38427967415 
1344, 8111.03041077424 
1345, 7604.23582894132 
1346, 7063.23380254734 
1347, 6433.09357356997 
1348, 5820.35893061961 
1349, 5142.68771663237 
1350, 4517.52246481013 
1351, 3870.57891009422 
1352, 3298.06918980262 
1353, 2745.75192118486 
1354, 2260.07840421112 
1355, 1825.94031629845 
1356, 1456.85505392023 
1357, 1142.96968011187 
1358, 893.940301292078 
1359, 703.318003405511 
1360, 554.941358085211 
1361, 445.632068065853 
1362, 365.145620735523 
1363, 306.648427888618 
1364, 272.708193590251 
1365, 244.028397219238 
1366, 230.834696735627 
1367, 225.909572051455 
1368, 231.701441186267 
1369, 249.389257107279 
1370, 279.915767752196 
1371, 317.606091591155 
1372, 373.125248613034 
1373, 423.658365523378 
1374, 492.046125872778 
1375, 537.545997935369 
1376, 582.771499343979 
1377, 605.051939715618 
1378, 610.592499592472 
1379, 595.735885173697 
1380, 574.032715723651 
1381, 547.708805083334 
1382, 521.334442408013 
1383, 515.439288486233 
1384, 525.224827523033 
1385, 555.463396682929 
1386, 607.086910062786 
1387, 674.241594660049 
1388, 736.926219668908 
1389, 818.395093243646 
1390, 872.389601991924 
1391, 921.491782962103 
1392, 952.636578644809 
1393, 959.85596135201 
1394, 974.700229225806 
1395, 975.438179389823 
1396, 989.825001999462 
1397, 1007.27024276139 
1398, 1030.58473894926 
1399, 1061.69511299778 
1400, 1094.8256803377 
1401, 1134.36136299212 
1402, 1172.1247402344 
1403, 1210.64691808019 
1404, 1250.58650410625 
1405, 1291.06670571053 
1406, 1338.21377770203 
1407, 1396.17692242198 
1408, 1459.62047411888 
1409, 1531.96462678181 
1410, 1617.30538540027 
1411, 1700.94308147901 
1412, 1793.62402567766 
1413, 1879.62107182026 
1414, 1970.20176926257 
1415, 2045.39454045737 
1416, 2116.58910603538 
1417, 2175.16764286096 
1418, 2219.72839247625 
1419, 2262.88419377264 
1420, 2300.87221863672 
1421, 2331.1427624591 
1422, 2359.40046245754 
1423, 2374.16002715873 
1424, 2382.29936670178 
1425, 2373.73355111125 
1426, 2354.55815275906 
1427, 2317.00290675025 
1428, 2263.99313023713 
1429, 2191.77755997814 
1430, 2107.35428121599 
1431, 2021.31315043726 
1432, 1931.25702044955 
1433, 1845.21207632679 
1434, 1762.50451120688 
1435, 1685.9791659334 
1436, 1616.15463190486 
1437, 1556.12012044825 
1438, 1505.37627558238 
1439, 1466.03094354511 
1440, 1427.91880542385 
1441, 1402.10543947771 
1442, 1369.27177031604 
1443, 1336.68096906244 
1444, 1304.53824939763 
1445, 1273.73362862411 
1446, 1239.31441401122 
1447, 1201.33713931757 
1448, 1167.8976435181 
1449, 1126.50633439826 
1450, 1099.00864328129 
1451, 1087.94471577018 
1452, 1068.11972875064 
1453, 1054.13642260247 
1454, 1034.78146902278 
1455, 1010.12610277662 
1456, 981.317838782128 
1457, 954.199995284699 
1458, 923.483863550678 
1459, 883.187926603282 
1460, 836.216394114418 
1461, 789.637883952637 
1462, 742.914011447208 
1463, 693.956201096411 
1464, 645.282286423364 
1465, 599.068263432557 
1466, 547.917592805689 
1467, 506.614967856582 
1468, 471.646454383257 
1469, 441.097326836139 
1470, 413.398115796598 
1471, 394.453735595896 
1472, 384.488143301566 
1473, 374.12298116424 
1474, 371.101596708492 
1475, 364.778393145171 
1476, 357.982181978159 
1477, 352.791268057111 
1478, 350.161762789734 
1479, 346.156857116912 
1480, 342.015977711451 
1481, 336.451495801415 
1482, 327.860552622808 
1483, 322.331860689786 
1484, 315.358592662761 
1485, 314.643745402033 
1486, 320.613590885577 
1487, 323.623100081918 
1488, 326.121273228354 
1489, 332.30671323408 
1490, 336.394912712355 
1491, 340.208810582847 
1492, 348.878539378276 
1493, 358.296481835618 
1494, 366.330931625785 
1495, 373.315896503675 
1496, 382.614646244291 
1497, 386.648707254562 
1498, 389.333532845289 
1499, 390.266066854134 
1500, 391.424251591127 
1501, 389.284858555991 
1502, 390.405377997731 
1503, 392.7951603239 
1504, 395.063471116794 
1505, 397.632739161875 
1506, 399.991776289953 
1507, 401.089650615978 
1508, 405.765858036458 
1509, 412.298085602722 
1510, 419.796050872722 
1511, 431.373811494867 
1512, 440.00554598793 
1513, 450.192190881299 
1514, 455.279559799545 
1515, 455.746448161456 
1516, 458.611430915066 
1517, 455.643738543992 
1518, 458.393347413798 
1519, 469.654664623728 
1520, 474.625731103521 
1521, 477.199728463377 
1522, 482.532159928935 
1523, 484.753278056027 
1524, 484.978011141099 
1525, 489.928239169523 
1526, 494.505895254403 
1527, 497.673257724001 
1528, 502.900386303231 
1529, 507.04601237217 
1530, 510.772626450444 
1531, 519.109304479011 
1532, 523.25461260291 
1533, 521.979809507616 
1534, 523.902802417834 
1535, 528.380272885751 
1536, 530.771395663518 
1537, 537.584175905907 
1538, 552.464737181223 
1539, 559.938714728271 
1540, 564.279004477332 
1541, 570.214173459532 
1542, 574.270123096682 
1543, 580.512399238362 
1544, 588.481076033116 
1545, 595.542290833929 
1546, 602.905666716428 
1547, 611.030759149422 
1548, 618.313831776032 
1549, 626.381639293785 
1550, 637.776990073932 
1551, 644.730981740736 
1552, 647.302167083632 
1553, 656.084445159394 
1554, 665.5842495824 
1555, 673.828834752078 
1556, 687.129449494177 
1557, 697.417313617252 
1558, 704.147653314019 
1559, 711.820072584892 
1560, 719.592902210742 
1561, 727.400555512568 
1562, 737.39366819646 
1563, 742.62985460998 
1564, 745.516156317575 
1565, 747.314868165344 
1566, 740.941389421073 
1567, 740.910546996882 
1568, 741.634284790701 
1569, 749.864827767388 
1570, 759.88052912689 
1571, 767.43993569768 
1572, 770.92277310524 
1573, 773.898570638163 
1574, 776.886007947891 
1575, 782.073633857987 
1576, 789.92741841928 
1577, 800.867258825839 
1578, 815.474150326903 
1579, 829.877715823456 
1580, 847.667865675129 
1581, 870.076319821708 
1582, 891.165857839563 
1583, 913.610675632912 
1584, 934.969827608058 
1585, 958.508847960171 
1586, 976.117761828426 
1587, 990.952574043701 
1588, 1004.83894226181 
1589, 1015.67303274797 
1590, 1025.53787617724 
1591, 1033.8940684891 
1592, 1042.94376462887 
1593, 1049.11375386928 
1594, 1058.35105245731 
1595, 1071.8239885327 
1596, 1078.9274137766 
1597, 1087.13432347978 
1598, 1087.13676287004 
1599, 1077.99910257693 
1600, 1073.75170417004 
1601, 1063.82184324756 
1602, 1061.87178807334 
1603, 1064.79715436599 
1604, 1068.56072135022 
1605, 1075.47376626249 
1606, 1083.28313605141 
1607, 1094.0026300355 
1608, 1103.69219078092 
1609, 1116.49456162844 
1610, 1124.98046438996 
1611, 1127.45736698048 
1612, 1137.00178684388 
1613, 1147.73484755579 
1614, 1159.57497001284 
1615, 1180.99660753002 
1616, 1192.77715154851 
1617, 1198.29184134915 
1618, 1205.34675384044 
1619, 1207.67766928689 
1620, 1212.51050351528 
1621, 1220.34300101099 
1622, 1225.4873203096 
1623, 1228.69144464524 
1624, 1233.4246811462 
1625, 1237.98346303552 
1626, 1242.54447125175 
1627, 1251.20031362514 
1628, 1253.89397084011 
1629, 1251.16808530949 
1630, 1250.47842405903 
1631, 1246.74475627011 
1632, 1244.24987800559 
1633, 1243.918252525 
1634, 1243.17563868502 
1635, 1242.17502470507 
1636, 1240.80927969338 
1637, 1241.78275527409 
1638, 1239.27122361044 
1639, 1230.25884099064 
1640, 1227.02594320058 
1641, 1223.75600103002 
1642, 1223.29997487375 
1643, 1230.45736748216 
1644, 1235.07305016195 
1645, 1238.19237321475 
1646, 1242.84665245617 
1647, 1246.9603055043 
1648, 1252.74233389279 
1649, 1259.89626633424 
1650, 1268.65396409457 
1651, 1280.46373006066 
1652, 1291.94025089925 
1653, 1299.08137990708 
1654, 1305.09783644271 
1655, 1312.04140914529 
1656, 1314.57980444486 
1657, 1323.67644318512 
1658, 1339.70179453836 
1659, 1343.98691274435 
1660, 1346.40436875929 
1661, 1344.35474446782 
1662, 1332.24170421009 
1663, 1331.80985614695 
1664, 1335.0685894961 
1665, 1334.82907144418 
1666, 1336.76099791058 
1667, 1339.09131271176 
1668, 1338.52436561644 
1669, 1341.58623775529 
1670, 1349.20020103373 
1671, 1354.55876126512 
1672, 1358.25575872201 
1673, 1364.11810648611 
1674, 1372.04840016253 
1675, 1378.71363062882 
1676, 1386.4737399074 
1677, 1390.2668069817 
1678, 1391.2860692552 
1679, 1395.90260718106 
1680, 1398.62268778978 
1681, 1404.84908282536 
1682, 1417.69646970458 
1683, 1420.25736223848 
1684, 1419.69482265519 
1685, 1417.82838436516 
1686, 1407.39778240883 
1687, 1409.61641784986 
1688, 1415.70885641579 
1689, 1423.63200685168 
1690, 1439.20683636916 
1691, 1448.75697587192 
1692, 1459.11939777454 
1693, 1462.15657161543 
1694, 1461.29137137324 
1695, 1460.33522550943 
1696, 1452.96215246795 
1697, 1452.27659485208 
1698, 1455.11365692696 
1699, 1454.42821845371 
1700, 1453.17634191136 
1701, 1453.13223308368 
1702, 1452.70567874118 
1703, 1452.03194161321 
1704, 1452.92814027068 
1705, 1453.03203401468 
1706, 1449.08645398135 
1707, 1454.07810489436 
1708, 1463.82881450828 
1709, 1471.46561836427 
1710, 1485.05210809137 
1711, 1487.91052238089 
1712, 1484.69856049245 
1713, 1485.45471209793 
1714, 1483.60036759158 
1715, 1482.29400324801 
1716, 1483.87832331862 
1717, 1489.30183815326 
1718, 1489.301762907 
1719, 1488.32271606247 
1720, 1486.45056056989 
1721, 1477.9193231627 
1722, 1473.01633018474 
1723, 1470.67219428312 
1724, 1467.28611689332 
1725, 1462.01079590049 
1726, 1457.29822178951 
1727, 1454.88990977354 
1728, 1453.03774775094 
1729, 1453.77671759834 
1730, 1448.47474332767 
1731, 1440.16704546418 
1732, 1438.0941408487 
1733, 1437.90950660162 
1734, 1435.93568872523 
1735, 1436.55580522276 
1736, 1433.33500205673 
1737, 1423.41752110068 
1738, 1420.96742140962 
1739, 1420.98839214367 
1740, 1417.39471588545 
1741, 1418.43462009541 
1742, 1419.33600252789 
1743, 1416.0021793469 
1744, 1416.58935807775 
1745, 1420.14898929323 
1746, 1420.67958296909 
1747, 1419.45040006301 
1748, 1417.52610698572 
1749, 1413.30650336402 
1750, 1411.49060326954 
1751, 1412.31677116301 
1752, 1416.52931010051 
1753, 1420.07388947237 
1754, 1412.47356440077 
1755, 1407.13047624584 
1756, 1401.03024010949 
1757, 1392.2574922453 
1758, 1391.74151190293 
1759, 1387.19296981582 
1760, 1378.60074967184 
1761, 1366.67730960961 
1762, 1351.65386060432 
1763, 1343.02746748785 
1764, 1332.65532083061 
1765, 1323.33637248076 
1766, 1316.73309159316 
1767, 1310.63524547208 
1768, 1302.09883847213 
1769, 1294.08914025027 
1770, 1285.68029175277 
1771, 1278.16589542526 
1772, 1265.25753222999 
1773, 1251.77621756879 
1774, 1237.77020645483 
1775, 1215.19180554986 
1776, 1197.19463238626 
1777, 1181.80953891359 
1778, 1166.66751093742 
1779, 1152.06735658315 
1780, 1140.08939507824 
1781, 1130.49384095017 
1782, 1121.45066556635 
1783, 1113.5940205295 
1784, 1106.08720235974 
1785, 1101.44189533752 
1786, 1093.29794962754 
1787, 1086.66035811358 
1788, 1071.10147784542 
1789, 1050.62969696648 
1790, 1025.64476112131 
1791, 992.637809851504 
1792, 965.77628602842 
1793, 939.448192183263 
1794, 909.315454866428 
1795, 882.105439989727 
1796, 840.154908762265 
1797, 795.983716207717 
1798, 759.116443977569 
1799, 718.04922156334 
1800, 677.652492312841 
1801, 4049.61106948603 
1802, 3893.94026998834 
1803, 3757.444203297 
1804, 3650.21561552515 
1805, 3549.98241392201 
1806, 3453.44351988471 
1807, 3353.0483486542 
1808, 3252.0270947426 
1809, 3164.21035700391 
1810, 3052.70167742344 
1811, 2933.27002114931 
1812, 2804.90476905789 
1813, 2659.57283035739 
1814, 2505.3911990718 
1815, 2366.46094266626 
1816, 2227.07641616188 
1817, 2100.01605458185 
1818, 1984.89786764246 
1819, 1870.96813939056 
1820, 1746.91808428837 
1821, 1656.14371576364 
1822, 1586.99379767531 
1823, 1522.45036166201 
1824, 1472.25211065218 
1825, 1419.64227489009 
1826, 1326.41722610045 
1827, 1223.71695203245 
1828, 1101.4671112009 
1829, 931.390818531821 
1830, 797.801881665545 
1831, 665.471493728964 
1832, 532.38937934171 
1833, 423.582018291914 
1834, 346.056090207179 
1835, 290.216612692999 
1836, 237.056378324872 
1837, 196.736664388138 
1838, 189.139583471136 
1839, 174.617115927051 
1840, 158.550581979692 
1841, 160.847010789296 
1842, 181.66275683014 
1843, 189.1479275428 
1844, 210.633240206508 
1845, 239.492398833642 
1846, 248.597460514067 
1847, 249.542343817398 
1848, 251.336249958502 
1849, 248.954168013134 
1850, 241.898651038153 
1851, 228.902343248855 
1852, 220.181013425791 
1853, 228.699885517575 
1854, 220.623609138109 
1855, 209.607864900034 
1856, 216.729890197506 
1857, 201.205906627386 
1858, 206.162003041944 
1859, 218.174281476153 
1860, 247.865113273147 
1861, 266.14956222208 
1862, 293.328907497979 
1863, 306.883161356326 
1864, 318.018942025691 
1865, 323.824793473648 
1866, 300.781077364576 
1867, 267.708129357303 
1868, 238.032012059146 
1869, 205.801191677075 
1870, 176.860156098226 
1871, 153.324946135084 
1872, 140.215777083753 
1873, 116.958752314547 
1874, 100.427893834834 
1875, 106.825053325168 
1876, 112.65159157699 
1877, 133.704340669164 
1878, 158.828272905429 
1879, 172.911223528424 
1880, 205.615867695902 
1881, 252.425664973018 
1882, 297.424140353049 
1883, 333.062937438645 
1884, 382.270180705738 
1885, 420.579633029381 
1886, 427.690013972556 
1887, 423.010180295125 
1888, 400.32779377292 
1889, 363.345059264395 
1890, 341.136664715015 
1891, 317.870533672832 
1892, 302.213594500856 
1893, 287.421590064928 
1894, 270.1161482194 
1895, 242.070305838699 
1896, 206.945137589397 
1897, 182.028397012729 
1898, 154.322638816832 
1899, 126.377484143019 
1900, 105.571913131332 
1901, 93.876871455522 
1902, 72.418627829082 
1903, 45.0740119221155 
1904, 31.4168824609673 
1905, 24.6376487295482 
1906, 32.2560387772941 
1907, 60.6068574371081 
1908, 69.2704144392009 
1909, 57.3487716376238 
1910, 55.4655824112747 
1911, 49.5007165389414 
1912, 33.1209985550567 
1913, 33.3250148845704 
1914, 44.8464075029236 
1915, 42.1753471463988 
1916, 60.6689916230344 
1917, 58.2891521020289 
1918, 45.4110383630049 
1919, 59.862815078093 
1920, 58.4453445306323 
1921, 46.0651774075641 
1922, 40.4892960101205 
1923, 31.5893972330636 
1924, 26.4928341110927 
1925, 14.6186292617308 
1926, 29.1722246120298 
1927, 53.9094703352781 
1928, 64.0872317828944 
1929, 71.5877780114332 
1930, 85.6265764163405 
1931, 89.9721268530293 
1932, 106.231571375996 
1933, 113.628709826914 
1934, 123.316308691246 
1935, 120.894699708559 
1936, 110.434865440692 
1937, 91.8258254862537 
1938, 76.9650919509965 
1939, 85.6937890141568 
1940, 95.208160707453 
1941, 90.0937185574653 
1942, 75.8744290922421 
1943, 58.1556043571504 
1944, 55.0008084277486 
1945, 57.2564440216518 
1946, 60.5011612034707 
1947, 83.9631149635074 
1948, 90.6693987701406 
1949, 81.1387367520387 
1950, 79.6167687386656 
1951, 95.2895674316149 
1952, 93.9393219066731 
1953, 107.525883991982 
1954, 127.648842221602 
1955, 123.495298587147 
1956, 97.2117855958903 
1957, 83.5455768342299 
1958, 52.2389247663107 
1959, 39.9626080225859 
1960, 30.9313268041093 
1961, 51.0097943410645 
1962, 61.7187222969224 
1963, 61.8710614369447 
1964, 72.4961089122095 
1965, 60.4205833707184 
1966, 54.0553320062367 
1967, 46.8202509334061 
1968, 39.2978236405481 
1969, 15.4767736360357 
1970, 20.992301817779 
1971, 43.2698075030709 
1972, 64.9315717918401 
1973, 111.820656901965 
1974, 147.615541660134 
1975, 147.111222280991 
1976, 131.99892645373 
1977, 102.7793198393 
1978, 63.3379848301874 
1979, 60.5898654109526 
1980, 89.9199547195649 
1981, 104.579413906595 
1982, 144.223942687926 
1983, 158.900869882265 
1984, 154.268702887087 
1985, 149.06728512728 
1986, 124.935333463376 
1987, 120.291275020185 
1988, 126.389125708287 
1989, 126.742132417013 
1990, 130.487814810654 
1991, 148.466701882806 
1992, 153.187080569368 
1993, 153.668826582412 
1994, 149.456907353846 
1995, 143.903083129135 
1996, 124.674826652189 
1997, 85.9959978688161 
1998, 58.1640685059455 
1999, 23.683228318536 
2000, 22.3127155763185 
2001, 34.4681779923138 
2002, 38.3597327522381 
2003, 45.0425162324027 
2004, 58.3460046695822 
2005, 59.6980479797703 
2006, 54.7242105904923 
2007, 54.9504719350587 
2008, 51.1273993672096 
2009, 49.565058230098 
2010, 53.4827984919986 
2011, 51.724881896732 
2012, 58.4200726948856 
2013, 58.3804704890058 
2014, 59.4084292846762 
2015, 67.7095880652027 
2016, 67.0773364560407 
2017, 54.0939902494337 
2018, 53.5607079708594 
2019, 58.9448537573749 
2020, 57.4887505455421 
2021, 55.1694152901864 
2022, 57.1937630524596 
2023, 58.5151219923818 
2024, 54.818781868902 
2025, 65.165993072764 
2026, 91.4706078641397 
2027, 102.862864348343 
2028, 109.172617719136 
2029, 126.08512521452 
2030, 144.05242107946 
2031, 157.050507107137 
2032, 187.130623824359 
2033, 195.481235156094 
2034, 183.835469332741 
2035, 178.510543529479 
2036, 160.731034370689 
2037, 151.361765210238 
2038, 144.21876346755 
2039, 143.736283915247 
2040, 142.580783333914 
2041, 146.08947726078 
2042, 147.433792414517 
2043, 145.708185915753 
2044, 151.48590889546 
2045, 165.464620038115 
2046, 170.329982107154 
2047, 187.773830911979 
2048, 182.337241798889 
2049, 149.133326436207 
2050, 132.206089444515 
2051, 109.509177662026 
2052, 86.86339836446 
2053, 87.9737499317384 
2054, 98.230372583631 
2055, 105.550891305384 
2056, 123.428932893795 
2057, 127.685869920882 
2058, 127.610874358585 
2059, 129.495694615393 
2060, 122.591359325852 
2061, 124.418775269707 
2062, 130.24222653886 
2063, 135.850759956032 
2064, 152.696941488834 
2065, 157.142838490789 
2066, 150.293189781243 
2067, 152.269744502814 
2068, 153.376019461864 
2069, 141.147921831841 
2070, 152.295750068058 
2071, 188.05575520221 
2072, 196.592929590575 
2073, 204.638530323657 
2074, 208.331412022729 
2075, 184.554900306072 
2076, 188.655442974983 
2077, 211.905726310197 
2078, 225.103763862159 
2079, 239.952151204026 
2080, 259.329497868627 
2081, 269.674634747026 
2082, 299.005825148877 
2083, 323.138976540412 
2084, 363.439849727626 
2085, 378.925883834282 
2086, 377.17058363776 
2087, 389.919613342582 
2088, 403.016618852211 
2089, 410.156716211487 
2090, 427.707828719289 
2091, 430.260955309282 
2092, 400.582280852561 
2093, 399.179133684558 
2094, 411.648098127997 
2095, 420.788700833684 
2096, 435.095277891854 
2097, 469.312074178271 
2098, 478.604359305925 
2099, 476.91421762562 
2100, 473.79082421881 
2101, 454.52439149802 
2102, 458.726311862153 
2103, 467.722223851748 
2104, 481.167083203278 
2105, 507.40055384747 
2106, 531.92463773647 
2107, 562.887285702425 
2108, 584.8452046399 
2109, 617.263840293395 
2110, 634.25842459356 
2111, 631.232866947031 
2112, 627.458490055356 
2113, 650.696008029533 
2114, 652.605779408148 
2115, 675.562888316142 
2116, 724.57744447754 
2117, 746.711143265804 
2118, 756.765780422323 
2119, 778.402186872962 
2120, 798.57539495496 
2121, 815.534599713972 
2122, 839.91224027487 
2123, 856.140551646137 
2124, 847.924783550455 
2125, 866.920377565663 
2126, 904.542787360591 
2127, 934.926109300143 
2128, 979.914352048971 
2129, 1016.63122848358 
2130, 1050.06629473293 
2131, 1072.01898856209 
2132, 1103.41135665048 
2133, 1141.05540129034 
2134, 1172.43204812374 
2135, 1204.85875121086 
2136, 1231.16323906441 
2137, 1249.9921002122 
2138, 1270.64272186544 
2139, 1281.05465385751 
2140, 1306.70770708636 
2141, 1346.3313781906 
2142, 1378.01573313879 
2143, 1419.25002534704 
2144, 1449.86177192758 
2145, 1477.90902013827 
2146, 1485.80888709771 
2147, 1501.88145348086 
2148, 1510.2300286869 
2149, 1535.73686850463 
2150, 1567.76897491268 
2151, 1597.3862035731 
2152, 1634.91275189961 
2153, 1674.0285055214 
2154, 1714.27424514059 
2155, 1751.26472510234 
2156, 1799.96514202101 
2157, 1831.5656872715 
2158, 1851.47669570681 
2159, 1868.37611890857 
2160, 1867.82455636838 
2161, 1882.44891109966 
2162, 1910.4952942638 
2163, 1921.26828437699 
2164, 1914.1676175355 
2165, 1933.01895520402 
2166, 1955.88808182392 
2167, 1967.6855675496 
2168, 2002.61016003513 
2169, 2074.51044787252 
2170, 2110.11750416805 
2171, 2135.32935631467 
2172, 2161.32320629745 
2173, 2175.29721091423 
2174, 2197.54953175751 
2175, 2217.17119177683 
2176, 2246.2804999043 
2177, 2283.79939700989 
2178, 2317.38648266702 
2179, 2360.35358479848 
2180, 2392.92558163254 
2181, 2420.67566815688 
2182, 2442.45703059725 
2183, 2454.13791031032 
2184, 2468.72168675077 
2185, 2484.70518828702 
2186, 2501.17982153031 
2187, 2528.18659087851 
2188, 2566.89011167885 
2189, 2602.67392006875 
2190, 2650.2419623515 
2191, 2677.90919423064 
2192, 2700.24873226532 
2193, 2715.05572443722 
2194, 2715.81370447361 
2195, 2716.82080142484 
2196, 2710.08182557112 
2197, 2710.72862380066 
2198, 2707.01583544494 
2199, 2709.76912631099 
2200, 2713.11756256983 
2201, 2729.77153295909 
2202, 2752.77988744078 
2203, 2782.9111103153 
2204, 2838.4215230972 
2205, 2876.55329918371 
2206, 2919.38838226242 
2207, 2947.08635904922 
2208, 2979.44005232001 
2209, 3007.1670630195 
2210, 3035.91782360655 
2211, 3070.03321939801 
2212, 3091.10400383665 
2213, 3103.76159173958 
2214, 3115.05081938769 
2215, 3107.89505377117 
2216, 3124.0789652847 
2217, 3151.79435138092 
2218, 3177.03843590103 
2219, 3228.17760306551 
2220, 3249.27667297387 
2221, 3251.5485790491 
2222, 3251.92919701291 
2223, 3223.82826009311 
2224, 3219.01758788261 
2225, 3230.59900408486 
2226, 3234.64089623187 
2227, 3239.9799743445 
2228, 3255.91802406038 
2229, 3264.95942462475 
2230, 3262.70118252868 
2231, 3256.46608213987 
2232, 3248.48468698722 
2233, 3237.94747194671 
2234, 3212.81641947992 
2235, 3203.12686998447 
2236, 3203.98330126794 
2237, 3196.72689640113 
2238, 3188.73029533515 
2239, 3182.4525715787 
2240, 3179.18591523462 
2241, 3166.71204624268 
2242, 3154.29173568438 
2243, 3135.33566678111 
2244, 3097.3695336204 
2245, 3076.33395586629 
2246, 3057.35577705592 
2247, 3045.49206795489 
2248, 3059.9528928776 
2249, 3048.92610405298 
2250, 3032.60768327275 
2251, 3008.30000350205 
2252, 2965.5993321627 
2253, 2914.49872397727 
2254, 2882.79875526771 
2255, 2849.74531365513 
2256, 2823.49037783492 
2257, 2793.41713311678 
2258, 2756.74358959916 
2259, 2711.8898530911 
2260, 2669.03851713713 
2261, 2618.84754661726 
2262, 2585.52808035972 
2263, 2555.08189255498 
2264, 2533.96978630986 
2265, 2523.67504999488 
2266, 2515.16048327232 
2267, 2523.21513534785 
2268, 2509.57872408144 
2269, 2499.68669583412 
2270, 2470.94819095965 
2271, 2413.58228264532 
2272, 2369.31179583027 
2273, 2313.14884664375 
2274, 2274.71963418221 
2275, 2254.81870623018 
2276, 2223.0481808135 
2277, 2204.16019718685 
2278, 2167.16046219796 
2279, 2101.49559107094 
2280, 2052.81932625686 
2281, 2003.02075411398 
2282, 1956.78964985295 
2283, 1929.53635947511 
2284, 1915.81873794545 
2285, 1881.54146602981 
2286, 1847.74024602514 
2287, 1811.88494746554 
2288, 1765.49547390268 
2289, 1727.13286423015 
2290, 1698.88374771973 
2291, 1655.17183591215 
2292, 1608.14567881709 
2293, 1553.38095426475 
2294, 1479.41433084519 
2295, 1430.85632654665 
2296, 1384.88946127354 
2297, 1343.27097308956 
2298, 1316.05925194874 
2299, 1289.63964675281 
2300, 1263.86740088702 
2301, 1243.59534668736 
2302, 1240.46789048994 
2303, 1220.94246061255 
2304, 1186.21074015247 
2305, 1166.2189442561 
2306, 1139.39871518037 
2307, 1129.7952909527 
2308, 1146.83597128257 
2309, 1149.5129985422 
2310, 1161.7897689682 
2311, 1157.04514044896 
2312, 1144.64561718077 
2313, 1115.43354938388 
2314, 1062.70596657261 
2315, 1020.82492106869 
2316, 959.664570160126 
2317, 901.522679806738 
2318, 870.687043974067 
2319, 835.18570491474 
2320, 809.103311468366 
2321, 806.463354781038 
2322, 796.282857974582 
2323, 765.56229450255 
2324, 748.361586248442 
2325, 734.506358470168 
2326, 713.870950439727 
2327, 721.998863216838 
2328, 715.341437857269 
2329, 706.495505207088 
2330, 694.263237753781 
2331, 679.088043511658 
2332, 663.161825586015 
2333, 645.060182488686 
2334, 627.260211033657 
2335, 608.944168580985 
2336, 596.970073909998 
2337, 586.835758028153 
2338, 576.535382673756 
2339, 571.128495162931 
2340, 554.464835518793 
2341, 527.547796038681 
2342, 517.537984808098 
2343, 513.899842776654 
2344, 507.253960483594 
2345, 515.937382706187 
2346, 498.979940979863 
2347, 455.122506152618 
2348, 434.911218088098 
2349, 417.957032629545 
2350, 399.441880687635 
2351, 392.527122926935 
2352, 383.07454056783 
2353, 363.169123164239 
2354, 356.196068269438 
2355, 358.158123505706 
2356, 360.059085398561 
2357, 375.972579523904 
2358, 372.283401051146 
2359, 357.01598859999 
2360, 354.147482741354 
2361, 339.701684542653 
2362, 335.104937188948 
2363, 351.280807802749 
2364, 354.41171322899 
2365, 347.363025475977 
2366, 339.289704780968 
2367, 317.258607600719 
2368, 293.205056503958 
2369, 272.021130443472 
2370, 248.127986556947 
2371, 243.875325860213 
2372, 257.521526300816 
2373, 256.525518772293 
2374, 261.058504103257 
2375, 267.738856855093 
2376, 262.298940784217 
2377, 244.67467924618 
2378, 228.323464657196 
2379, 216.678186800677 
2380, 188.61365137127 
2381, 190.742331658124 
2382, 205.578831492484 
2383, 201.046130319119 
2384, 200.230003597175 
2385, 195.124326856724 
2386, 186.46971610501 
2387, 181.973816691321 
2388, 184.631851076064 
2389, 199.515895232469 
2390, 214.48839273272 
2391, 221.456047582657 
2392, 219.173252893966 
2393, 202.585427676465 
2394, 182.313874601026 
2395, 168.025412845805 
2396, 161.123518140919 
2397, 155.369951434828 
2398, 157.829484497681 
2399, 170.198997901091 
2400, 180.62658404079 
2401, 181.231298401087 
2402, 178.583276850159 
2403, 162.708090865648 
2404, 142.07605462523 
2405, 133.953811904662 
2406, 130.55986519523 
2407, 129.63827667901 
2408, 135.149435559058 
2409, 139.915523159029 
2410, 149.790556454292 
2411, 148.832881791974 
2412, 144.176245050659 
2413, 149.006013559324 
2414, 154.310710787981 
2415, 155.265988384899 
2416, 165.230253199074 
2417, 160.603453023503 
2418, 130.474143583712 
2419, 126.942072355824 
2420, 137.941503843472 
2421, 135.508726124286 
2422, 142.5992816993 
2423, 138.977957829707 
2424, 118.566957732649 
2425, 114.260615408212 
2426, 110.164490676113 
2427, 117.045455668703 
2428, 144.260050492228 
2429, 138.508773070513 
2430, 126.071387006975 
2431, 113.781264298577 
2432, 72.9776434803588 
2433, 59.7148150793657 
2434, 70.5627709777156 
2435, 64.2197664284191 
2436, 47.112368898716 
2437, 50.2729921676768 
2438, 56.6132911500923 
2439, 61.7509793037097 
2440, 84.1783488233541 
2441, 100.427078139627 
2442, 114.731881389031 
2443, 122.66150620674 
2444, 137.619469546443 
2445, 135.939905646892 
2446, 102.542366162095 
2447, 79.5206975487281 
2448, 63.5803464094727 
2449, 39.8616383528331 
2450, 30.642894492222 
2451, 39.9518697439644 
2452, 34.5953217618617 
2453, 35.1647061725264 
2454, 48.9361265035499 
2455, 46.6094041149102 
2456, 48.5336299615699 
2457, 62.8787310314269 
2458, 57.0269696408823 
2459, 43.4032424223206 
2460, 24.9170180140955 
2461, 6.899942577329 
2462, 9.53571017314355 
2463, 14.0119343237649 
2464, 30.0132110309869 
2465, 33.1269745053705 
2466, 32.6981293596946 
2467, 31.4507290459577 
2468, 27.3701811086371 
2469, 52.90679730097 
2470, 55.4992084886959 
2471, 59.8545411765358 
2472, 81.615056146593 
2473, 68.1333918018506 
2474, 50.7970159127225 
2475, 39.8386081464144 
2476, 21.0270933900782 
2477, 6.73147658220613 
2478,-0.910567239736823 
2479, 13.5738838485266 
2480, 25.6627769464361 
2481, 40.2815836818946 
2482, 75.5228659562744 
2483, 72.600025965054 
2484, 63.1189508885618 
2485, 58.8036839148484 
2486, 32.5470982002378 
2487, 21.150533244369 
2488, 21.4126486615299 
2489, 19.8593951868262 
2490, 12.6163922374037 
2491, 10.6390559669538 
2492, 9.54507315498045 
2493,-5.01296533007717 
2494,-3.03500755638938 
2495, 4.13228338678287 
2496,-7.40984941852752 
2497,-21.3353590019255 
2498,-17.3214900905002 
2499,-6.60114963105529 
2500, 1.80338984969179 
