Wavelength,0212202100113.asd
350, 2888.96099578457 
351, 3039.22344799554 
352, 3179.66771600369 
353, 3299.05797204109 
354, 3414.73673147302 
355, 3535.90532452754 
356, 3665.03746137561 
357, 3791.94895310276 
358, 3924.80637943875 
359, 4066.57294329332 
360, 4220.85634428919 
361, 4408.0491312687 
362, 4624.76854074541 
363, 4861.10393247861 
364, 5103.12305554975 
365, 5347.1365492799 
366, 5579.6956113358 
367, 5784.13651188971 
368, 5941.78131593911 
369, 6036.58455043103 
370, 6071.35437945515 
371, 6063.00902879565 
372, 6042.69417052817 
373, 6034.01954695538 
374, 6043.17911959168 
375, 6062.06587892229 
376, 6078.65345333156 
377, 6088.91937425696 
378, 6079.89369091314 
379, 6026.0660518909 
380, 5957.01516172438 
381, 5879.08353344935 
382, 5790.27848810157 
383, 5679.97879463799 
384, 5567.32133488093 
385, 5488.66255207438 
386, 5487.6936316166 
387, 5601.68255532042 
388, 5766.07356051802 
389, 5909.64352247995 
390, 5972.19214160994 
391, 6040.18241824861 
392, 6109.09324287067 
393, 6166.05343925694 
394, 6210.08543147859 
395, 6336.64066430883 
396, 6588.82870890808 
397, 6982.91615477214 
398, 7534.97050000959 
399, 8165.28288602274 
400, 8813.73107301118 
401, 9444.4551290328 
402, 10046.1182763117 
403, 10542.7243971059 
404, 10900.9467302556 
405, 11178.617196398 
406, 11397.035890705 
407, 11591.5710562516 
408, 11805.3965946391 
409, 12098.0741883509 
410, 12448.4596923764 
411, 12835.7461846725 
412, 13240.7312217341 
413, 13641.6528938187 
414, 14037.8594199981 
415, 14420.0782323457 
416, 14756.7586410346 
417, 15075.7923958822 
418, 15402.0411505258 
419, 15742.5071990798 
420, 16037.6998364812 
421, 16336.1792228475 
422, 16663.1152196231 
423, 17016.9123152033 
424, 17343.8236002476 
425, 17601.7163293901 
426, 17754.4036418361 
427, 17767.4342482868 
428, 17701.5313423858 
429, 17714.6333816873 
430, 17934.4111704651 
431, 18256.8300942811 
432, 18679.8561646197 
433, 19300.2855699749 
434, 20245.2530606702 
435, 21252.7663620192 
436, 22025.0924088622 
437, 22499.4764766718 
438, 23000.7167750701 
439, 23517.4982798774 
440, 24004.0464210808 
441, 24441.5869667754 
442, 25014.2328421509 
443, 25616.5420017816 
444, 26167.9562332689 
445, 26620.4676425105 
446, 26982.4461366342 
447, 27309.0117130865 
448, 27657.6819005127 
449, 28085.475656185 
450, 28448.4639775437 
451, 28646.4950146112 
452, 28640.4676166411 
453, 28567.6740887123 
454, 28409.5968886835 
455, 28209.3864772889 
456, 28066.5459595474 
457, 28033.8073674335 
458, 28044.4435100441 
459, 28027.9678364798 
460, 27957.443021574 
461, 27848.1942941848 
462, 27728.124793924 
463, 27613.211044334 
464, 27432.6707870506 
465, 27151.7828505262 
466, 26803.6733035717 
467, 26485.9265904968 
468, 26218.3879964163 
469, 26017.7828114761 
470, 25892.460987798 
471, 25849.5444671942 
472, 25821.4352348143 
473, 25813.8345629509 
474, 25853.0268858903 
475, 25847.9830589532 
476, 25820.9621941011 
477, 25802.7415133721 
478, 25820.5031359826 
479, 25908.6273915742 
480, 26029.0395789231 
481, 26115.0710194201 
482, 26094.6209587556 
483, 25905.6697098643 
484, 25505.1252876881 
485, 24898.543834512 
486, 24307.8496458532 
487, 23887.3889752526 
488, 23762.0083936795 
489, 24041.3425781754 
490, 24486.8765316164 
491, 24855.7514174658 
492, 24990.4753279611 
493, 25042.2214105141 
494, 25114.6967928281 
495, 25257.1070692346 
496, 25455.4249882065 
497, 25520.1550264302 
498, 25453.4787528718 
499, 25297.3895449953 
500, 25085.0132623609 
501, 24922.7874424853 
502, 24857.0231283314 
503, 24909.6518939731 
504, 25141.8946657574 
505, 25467.5750218851 
506, 25798.9026982388 
507, 26061.6840409858 
508, 26264.4707109577 
509, 26423.248025475 
510, 26568.5626984616 
511, 26769.2808563784 
512, 26908.9161423623 
513, 26937.1540846899 
514, 26844.8900518537 
515, 26627.1176073951 
516, 26329.8210576807 
517, 26037.3606330568 
518, 25870.018984761 
519, 26087.9651872799 
520, 26715.7753354664 
521, 27604.9323804702 
522, 28351.3931566656 
523, 28909.3946381007 
524, 29300.8953284166 
525, 29593.3974751175 
526, 29722.3338215367 
527, 29774.3821057046 
528, 29928.7560604145 
529, 30526.3714768621 
530, 31309.3857299538 
531, 31973.7674075041 
532, 32267.98809518 
533, 32364.5717323512 
534, 32511.0844318423 
535, 32838.5877896035 
536, 33332.5226617181 
537, 33692.4683074895 
538, 33862.0710314143 
539, 33885.0998807824 
540, 33874.9291513396 
541, 33905.4308592966 
542, 34078.1556657321 
543, 34472.6554875013 
544, 34929.760467894 
545, 35332.4183712989 
546, 35615.3659026253 
547, 35778.9933771332 
548, 35887.9305260991 
549, 36013.0167210909 
550, 36199.0285655122 
551, 36395.4340721347 
552, 36545.6216522916 
553, 36653.8883045718 
554, 36771.755261862 
555, 36862.7722501408 
556, 36835.0282126707 
557, 36637.403643338 
558, 36303.1450080179 
559, 36014.4546716388 
560, 35882.0396516503 
561, 35947.6918565359 
562, 36112.4036425292 
563, 36210.0696206732 
564, 36159.069865334 
565, 35985.3734161959 
566, 35737.8760412008 
567, 35483.2308676153 
568, 35262.9206304576 
569, 35041.4304207363 
570, 34757.1926296592 
571, 34488.7514046903 
572, 34389.3001433697 
573, 34420.1165435191 
574, 34414.4204365152 
575, 34263.6068357701 
576, 33976.052638245 
577, 33712.3145707399 
578, 33574.5807721734 
579, 33616.9103031124 
580, 33798.8189794884 
581, 34112.5431803209 
582, 34491.976592095 
583, 34817.8449478421 
584, 35025.9767009488 
585, 35029.2805173656 
586, 34815.9096267105 
587, 34541.015924511 
588, 34198.7417289455 
589, 33735.944544055 
590, 33153.7984612037 
591, 32943.5363989226 
592, 33100.4401256312 
593, 33394.908737168 
594, 33385.4899203051 
595, 33220.9715990687 
596, 32986.7049982345 
597, 32741.7358651328 
598, 32476.2538390759 
599, 32148.2382855555 
600, 31786.2053050072 
601, 31467.7734037437 
602, 31222.4152115913 
603, 31089.8965619247 
604, 31068.7660059289 
605, 31099.7156621005 
606, 31035.1623172188 
607, 30866.7472821682 
608, 30648.5669073154 
609, 30430.5163827261 
610, 30222.8998566878 
611, 30036.8569498089 
612, 29883.1461074454 
613, 29720.5354919053 
614, 29528.8577042924 
615, 29318.4450400369 
616, 29153.7239841856 
617, 29053.1019030898 
618, 29056.1828514545 
619, 29183.320820708 
620, 29318.9240698799 
621, 29338.8295683011 
622, 29200.1764110931 
623, 28960.5291249405 
624, 28685.8002726129 
625, 28424.0348458034 
626, 28200.1213331183 
627, 27997.5962393676 
628, 27798.2868336907 
629, 27610.9175101405 
630, 27471.5173687692 
631, 27484.7629609423 
632, 27587.1043156332 
633, 27716.9102024013 
634, 27858.120740392 
635, 27964.5481329741 
636, 28037.801440934 
637, 28091.4305662676 
638, 28113.5625895021 
639, 28077.0808223643 
640, 27959.465173562 
641, 27754.5036109809 
642, 27595.651803353 
643, 27502.6358954636 
644, 27443.7893089901 
645, 27333.3715331988 
646, 27158.727923814 
647, 26939.0657622434 
648, 26715.4341262208 
649, 26532.9981680714 
650, 26395.0072851369 
651, 26325.1532250291 
652, 26360.3119871041 
653, 26305.0279942703 
654, 26019.6113581238 
655, 25477.7238713717 
656, 24840.8937540013 
657, 24378.684433694 
658, 24381.8475506334 
659, 25001.6367455567 
660, 25641.3920757569 
661, 26012.7583648401 
662, 26092.3246914988 
663, 26133.1103383015 
664, 26109.3927375193 
665, 26067.2301550862 
666, 26048.2989392342 
667, 26057.3445698407 
668, 26050.5449513319 
669, 26027.8285388372 
670, 26008.8169978468 
671, 25956.3327083276 
672, 25895.0439275742 
673, 25857.3028653801 
674, 25875.9728872406 
675, 25911.4840964678 
676, 25938.7268041433 
677, 25947.8875120765 
678, 25965.0437187219 
679, 25974.1912838729 
680, 25972.7283185247 
681, 25964.9691346939 
682, 25949.1273291624 
683, 25890.4709149928 
684, 25676.293470556 
685, 25094.7496051314 
686, 24056.7309786713 
687, 22656.1682766197 
688, 21236.6854831748 
689, 20645.5669967778 
690, 21076.2956674606 
691, 22140.8754642209 
692, 23105.7243971434 
693, 23947.3267076582 
694, 24558.0602968157 
695, 24930.4012976319 
696, 25189.3372740447 
697, 25416.3780267063 
698, 25573.3218638631 
699, 25607.7965260285 
700, 25551.9690791022 
701, 25494.48724774 
702, 25501.1375668782 
703, 25612.7242810687 
704, 25830.0048541636 
705, 26084.0770935497 
706, 26304.3820210493 
707, 26432.6347782931 
708, 26539.7064853739 
709, 26636.1569043096 
710, 26719.3561387547 
711, 26801.3424166099 
712, 26857.4246090988 
713, 26875.0606536492 
714, 26840.2933894515 
715, 26697.3554672885 
716, 26331.9542019058 
717, 25692.8425358643 
718, 24818.3243262775 
719, 24088.6926144997 
720, 23818.3805128273 
721, 24128.0051645167 
722, 24778.6175752274 
723, 25235.8905109619 
724, 25307.7795184398 
725, 25084.3263387053 
726, 25029.1854655514 
727, 25101.4868066666 
728, 25214.2060140765 
729, 25289.7301266505 
730, 25463.1800989399 
731, 25775.5737880392 
732, 26210.3507574907 
733, 26686.3418201547 
734, 27100.2192533995 
735, 27369.9870712711 
736, 27458.2992175085 
737, 27442.968285278 
738, 27411.0007604329 
739, 27384.2226070396 
740, 27332.2959093193 
741, 27322.4198548022 
742, 27368.2414182448 
743, 27462.110997416 
744, 27580.5694623847 
745, 27665.6133869688 
746, 27707.4136355203 
747, 27713.3345865491 
748, 27686.1731080523 
749, 27603.237922431 
750, 27486.1637307886 
751, 27385.1900765238 
752, 27335.0963706044 
753, 27324.9409309685 
754, 27329.4329568394 
755, 27311.7832781654 
756, 27187.2348934835 
757, 26627.5539453363 
758, 25105.924333452 
759, 21721.2113246823 
760, 16729.2527343518 
761, 11822.7659086888 
762, 9056.52066227619 
763, 9034.19295875653 
764, 10483.9744654298 
765, 12754.9989271979 
766, 15764.90095889 
767, 19054.4148825107 
768, 21918.1874622432 
769, 23919.2696492335 
770, 25048.761332256 
771, 25613.8656723111 
772, 25843.2105618581 
773, 25911.147276739 
774, 25911.0008299837 
775, 25861.6250174805 
776, 25793.08775711 
777, 25725.8022807691 
778, 25630.5337054553 
779, 25514.4987302439 
780, 25397.3418902866 
781, 25302.4908986953 
782, 25199.7482400804 
783, 25075.4495386116 
784, 24931.3813499656 
785, 24788.0635147342 
786, 24643.5621022339 
787, 24472.4176148008 
788, 24254.4699533982 
789, 23999.5324164056 
790, 23728.7746682503 
791, 23453.5366520428 
792, 23181.477377556 
793, 22921.5015602173 
794, 22713.1273748873 
795, 22576.7890706694 
796, 22508.2695997687 
797, 22456.8088044705 
798, 22372.0141501497 
799, 22225.625966592 
800, 22018.8919506607 
801, 21791.2553238087 
802, 21581.287618261 
803, 21404.7245460946 
804, 21230.4599926097 
805, 21082.4480302475 
806, 20948.0814302668 
807, 20798.1583772527 
808, 20596.0253729305 
809, 20345.9473621971 
810, 20067.8634234912 
811, 19776.99837984 
812, 19415.6997775726 
813, 18941.6987458932 
814, 18352.6554260136 
815, 17692.7654376545 
816, 17083.4954479156 
817, 16607.5540000661 
818, 16317.4341707839 
819, 16232.6813374151 
820, 16219.6766575429 
821, 16172.4530642207 
822, 16045.8285311035 
823, 15897.7143160834 
824, 15798.035545559 
825, 15813.2946725138 
826, 15930.1404098103 
827, 15903.5505312439 
828, 15731.7105526024 
829, 15495.3411272321 
830, 15308.3299723393 
831, 15190.2527481824 
832, 15105.4400436643 
833, 15037.2806212051 
834, 14990.0257023081 
835, 14972.2504681926 
836, 14967.1558113081 
837, 14947.9521492525 
838, 14883.4589646452 
839, 14779.2242363918 
840, 14651.8237300052 
841, 14513.4352330833 
842, 14363.7328740428 
843, 14206.9065588912 
844, 14052.3607022738 
845, 13905.5269821345 
846, 13763.6165429414 
847, 13587.8623822605 
848, 13371.4513424051 
849, 13126.101141978 
850, 12881.5932926671 
851, 12594.9396001842 
852, 12297.3731702658 
853, 12049.4463275877 
854, 11865.8668849578 
855, 11718.7389168935 
856, 11653.3720606586 
857, 11734.3067394794 
858, 11855.9183888412 
859, 11891.6479609177 
860, 11815.6275995456 
861, 11692.7581671331 
862, 11546.0767329363 
863, 11355.4926842122 
864, 11121.6954092789 
865, 10876.4624208882 
866, 10648.1288988973 
867, 10455.4432337618 
868, 10328.8074339303 
869, 10313.4830221068 
870, 10345.3746800469 
871, 10343.3879583383 
872, 10267.3205953608 
873, 10153.3153940194 
874, 10033.6737916483 
875, 9912.27172888008 
876, 9788.11280233525 
877, 9670.63930174188 
878, 9553.0191567419 
879, 9437.19597981124 
880, 9324.41914828996 
881, 9206.70972327165 
882, 9089.41862570735 
883, 8977.85395576974 
884, 8874.12687685204 
885, 8771.72374676064 
886, 8660.50529895938 
887, 8541.36751437267 
888, 8421.04179835543 
889, 8307.38313241589 
890, 8191.26106489537 
891, 8060.67507576522 
892, 7902.75906306153 
893, 7706.39993249314 
894, 7476.26778240128 
895, 7220.12412631869 
896, 6948.51452883987 
897, 6672.83109568224 
898, 6415.08451941722 
899, 6201.47361631455 
900, 6054.24278559156 
901, 5972.84859406976 
902, 5939.82994046843 
903, 5929.85289120321 
904, 5915.86580299872 
905, 5885.58444644446 
906, 5823.02214851147 
907, 5716.36561909736 
908, 5565.28453353385 
909, 5403.65440445826 
910, 5266.8766446023 
911, 5168.72985236323 
912, 5101.9621719072 
913, 5045.65183523834 
914, 4991.86807957239 
915, 4937.85383344809 
916, 4886.6969875418 
917, 4854.57435791625 
918, 4831.42712225167 
919, 4809.80433697945 
920, 4786.35954388308 
921, 4759.92181944142 
922, 4721.44445157446 
923, 4660.71979532819 
924, 4569.86322550462 
925, 4453.14562811072 
926, 4311.59674590277 
927, 4141.15087088022 
928, 3935.24045969337 
929, 3691.65455542313 
930, 3417.86752184512 
931, 3128.06116932795 
932, 2843.417151949 
933, 2595.6083224451 
934, 2398.80314186049 
935, 2264.35332411322 
936, 2196.31934253325 
937, 2181.37272623665 
938, 2198.79740773387 
939, 2228.87777557238 
940, 2256.85383675581 
941, 2281.1300195892 
942, 2290.11374896515 
943, 2271.06590825805 
944, 2220.8163292424 
945, 2162.97217057662 
946, 2114.98610632525 
947, 2085.48355359435 
948, 2074.27911719128 
949, 2072.43077594802 
950, 2070.71603666251 
951, 2066.82451611655 
952, 2060.65550524751 
953, 2049.85211103921 
954, 2040.9361569622 
955, 2033.49474787399 
956, 2027.15266042336 
957, 2025.47996151536 
958, 2025.96034140806 
959, 2027.10621111618 
960, 2029.53515810974 
961, 2036.19930640976 
962, 2041.76493071411 
963, 2050.1004854154 
964, 2063.10200011539 
965, 2077.57291873178 
966, 2085.39702217483 
967, 2088.42373508859 
968, 2087.41625622674 
969, 2081.16315789958 
970, 2071.94888252669 
971, 2058.15789560892 
972, 2036.99365321043 
973, 2006.49471550286 
974, 1969.64153271662 
975, 1932.24953794509 
976, 1896.24991046401 
977, 1862.80770919196 
978, 1838.41016523569 
979, 1819.67870546856 
980, 1803.51256222147 
981, 1787.58701769515 
982, 1771.35851824294 
983, 1753.43635179299 
984, 1733.69748950466 
985, 1712.85152396775 
986, 1691.81523847342 
987, 1663.48713009456 
988, 1635.82109618879 
989, 1609.9582611586 
990, 1578.36457507678 
991, 1548.48682170524 
992, 1518.19043166111 
993, 1487.59707680073 
994, 1458.36802402818 
995, 1428.2664940665 
996, 1397.61955361989 
997, 1365.90967097595 
998, 1333.09748400205 
999, 1301.58252780967 
1000, 1270.79387961493 
1001, 8104.31951079577 
1002, 8100.15819037506 
1003, 8095.89281859335 
1004, 8099.47901285342 
1005, 8108.86780683107 
1006, 8124.70905906888 
1007, 8149.51829530742 
1008, 8182.22893067658 
1009, 8221.02715087203 
1010, 8269.32948477822 
1011, 8317.6303701685 
1012, 8371.91312264218 
1013, 8430.37943113286 
1014, 8482.15903751023 
1015, 8531.84777269375 
1016, 8588.84823753541 
1017, 8636.48761067997 
1018, 8681.44220964916 
1019, 8736.93261128265 
1020, 8788.14910182411 
1021, 8837.6614937969 
1022, 8893.51616858858 
1023, 8956.28744681742 
1024, 9016.49261811218 
1025, 9074.94076000863 
1026, 9133.18642856878 
1027, 9185.27567240165 
1028, 9237.60891106409 
1029, 9286.20464843116 
1030, 9334.76476290346 
1031, 9384.35622220128 
1032, 9428.36727240863 
1033, 9470.59368170786 
1034, 9502.93659877154 
1035, 9534.79132119784 
1036, 9562.53997727851 
1037, 9589.67619555124 
1038, 9612.06525589025 
1039, 9637.08039678793 
1040, 9657.71359251071 
1041, 9671.80229502473 
1042, 9685.17877057749 
1043, 9696.74948380639 
1044, 9711.05518013424 
1045, 9725.74096801818 
1046, 9739.16225052465 
1047, 9752.67024476585 
1048, 9768.38801115882 
1049, 9779.21022473652 
1050, 9788.75830527301 
1051, 9801.26380303981 
1052, 9814.84021977131 
1053, 9829.34838407261 
1054, 9845.37709875144 
1055, 9864.33641784921 
1056, 9882.14093032875 
1057, 9906.02844196737 
1058, 9935.05851181436 
1059, 9966.43600737492 
1060, 10006.5925049026 
1061, 10055.450629198 
1062, 10103.8874261913 
1063, 10155.2189746098 
1064, 10216.7151268899 
1065, 10280.0896893756 
1066, 10354.997056657 
1067, 10438.3626393046 
1068, 10527.5461657149 
1069, 10625.1132667679 
1070, 10733.5307811829 
1071, 10862.0805237723 
1072, 10989.9670058575 
1073, 11115.2870222594 
1074, 11250.7906760304 
1075, 11371.5212309502 
1076, 11484.5380403049 
1077, 11596.2558902764 
1078, 11695.6138710969 
1079, 11781.0562408882 
1080, 11851.3277752672 
1081, 11914.3530924443 
1082, 11975.4654808441 
1083, 12032.4764451045 
1084, 12091.5914101662 
1085, 12152.0640261683 
1086, 12208.5887613999 
1087, 12269.7428465843 
1088, 12314.6431061096 
1089, 12361.7274974201 
1090, 12381.1835264163 
1091, 12380.4853451511 
1092, 12367.5102186062 
1093, 12342.0137741252 
1094, 12313.5687387853 
1095, 12283.9686133953 
1096, 12253.4500360981 
1097, 12219.634294654 
1098, 12183.7600792993 
1099, 12148.3905946501 
1100, 12112.9712476731 
1101, 12075.1496926505 
1102, 12040.2072162989 
1103, 11995.88067852 
1104, 11957.549460877 
1105, 11898.7034810892 
1106, 11819.5422122055 
1107, 11710.0909352428 
1108, 11552.3370768196 
1109, 11352.1652453468 
1110, 11087.1126114895 
1111, 10759.4723187769 
1112, 10369.7459894541 
1113, 9888.07497255316 
1114, 9414.85328761037 
1115, 8860.02874353355 
1116, 8364.60736226454 
1117, 7834.88560269548 
1118, 7383.16068908091 
1119, 6965.75457731395 
1120, 6586.35340615075 
1121, 6277.13911289727 
1122, 6028.48252729931 
1123, 5849.72856421783 
1124, 5727.30349040104 
1125, 5668.71669841911 
1126, 5696.40517402153 
1127, 5732.65038097739 
1128, 5833.77443829067 
1129, 5930.04996028557 
1130, 6059.2228828353 
1131, 6185.01175416582 
1132, 6309.90745942086 
1133, 6466.0441766481 
1134, 6635.04762479568 
1135, 6816.67069419112 
1136, 7071.13603513277 
1137, 7333.40753407869 
1138, 7584.06613692284 
1139, 7821.8025970916 
1140, 7978.92513042698 
1141, 8089.72095729718 
1142, 8140.81591390015 
1143, 8101.08492818125 
1144, 8086.35152749749 
1145, 7963.40115088212 
1146, 7967.29553836448 
1147, 7980.64133486928 
1148, 8086.10636871622 
1149, 8279.54434911711 
1150, 8519.25936380696 
1151, 8836.09533336521 
1152, 9194.13616421813 
1153, 9567.04422005192 
1154, 10000.7746520003 
1155, 10412.8647843966 
1156, 10847.2833950203 
1157, 11259.0238190465 
1158, 11683.4593358577 
1159, 12074.6428178812 
1160, 12454.4777622715 
1161, 12807.4418084601 
1162, 13143.785086901 
1163, 13451.1186657559 
1164, 13736.059537851 
1165, 13989.3485700754 
1166, 14217.1213183667 
1167, 14414.131579503 
1168, 14584.7098580314 
1169, 14726.3564954389 
1170, 14842.7434625976 
1171, 14929.2993037044 
1172, 14996.7696065601 
1173, 15030.1636394853 
1174, 15059.0407939405 
1175, 15067.5340856195 
1176, 15068.3669174768 
1177, 15049.6207683416 
1178, 15034.3612134119 
1179, 15005.4981421458 
1180, 14981.7358519537 
1181, 14950.6267357653 
1182, 14931.2340720831 
1183, 14928.8803416019 
1184, 14926.0691546423 
1185, 14955.3381238062 
1186, 15011.1767055869 
1187, 15073.7354749109 
1188, 15158.1476204613 
1189, 15243.2816443814 
1190, 15356.8620601933 
1191, 15441.6815295177 
1192, 15544.2409082126 
1193, 15600.7553233608 
1194, 15628.8084160289 
1195, 15635.9747953098 
1196, 15609.0320457186 
1197, 15564.7383318264 
1198, 15514.986504723 
1199, 15436.1596835012 
1200, 15387.0820141391 
1201, 15326.9832510601 
1202, 15300.8871560595 
1203, 15290.6877316157 
1204, 15302.4914878583 
1205, 15339.2804018822 
1206, 15383.8884733068 
1207, 15451.8468529009 
1208, 15522.1629768194 
1209, 15606.7936957456 
1210, 15689.5583566442 
1211, 15787.0856368675 
1212, 15873.818826143 
1213, 15956.6493265379 
1214, 16038.8525845092 
1215, 16110.2006201508 
1216, 16178.3519278853 
1217, 16229.6311809187 
1218, 16270.9242413915 
1219, 16301.9086108918 
1220, 16312.3270136212 
1221, 16329.514040106 
1222, 16335.959027071 
1223, 16351.9312604061 
1224, 16370.0689299456 
1225, 16390.9009381712 
1226, 16418.1988884921 
1227, 16443.608538502 
1228, 16474.3134059394 
1229, 16498.2941658827 
1230, 16519.1638433298 
1231, 16538.6739096642 
1232, 16553.2847183042 
1233, 16568.1055555865 
1234, 16566.1134029609 
1235, 16561.771971711 
1236, 16537.5750439298 
1237, 16488.6734866768 
1238, 16445.9622255952 
1239, 16390.5885978425 
1240, 16340.7075118649 
1241, 16293.6705030438 
1242, 16242.5386833581 
1243, 16193.4585373015 
1244, 16136.0926289516 
1245, 16074.5416524018 
1246, 16007.9388261631 
1247, 15934.6544422047 
1248, 15857.3024227759 
1249, 15766.7868012378 
1250, 15670.6193604151 
1251, 15560.3372274757 
1252, 15443.5063238837 
1253, 15302.3516306435 
1254, 15153.8614306362 
1255, 14973.3785932901 
1256, 14768.2117732587 
1257, 14540.6738917608 
1258, 14280.9217691185 
1259, 14013.5407242747 
1260, 13710.2517595545 
1261, 13420.2730318538 
1262, 13112.4190832434 
1263, 12816.9421171289 
1264, 12565.7117031653 
1265, 12310.1554532344 
1266, 12152.1898481058 
1267, 12033.6503412119 
1268, 12005.58200729 
1269, 12055.0813616624 
1270, 12159.6943353135 
1271, 12361.7257075 
1272, 12563.5174811372 
1273, 12846.6457146445 
1274, 13086.4117179699 
1275, 13357.8920905701 
1276, 13577.6756147687 
1277, 13774.9195625519 
1278, 13945.7368178689 
1279, 14084.1875120677 
1280, 14197.9293648304 
1281, 14297.4496134911 
1282, 14388.7014971762 
1283, 14487.2074417086 
1284, 14577.9545715074 
1285, 14677.1660815611 
1286, 14791.0245998271 
1287, 14880.1593275379 
1288, 14969.0155655736 
1289, 15034.9070906726 
1290, 15081.5249180629 
1291, 15118.7736724142 
1292, 15142.7421890006 
1293, 15154.5616629691 
1294, 15149.7788475189 
1295, 15141.0204637978 
1296, 15118.2256784246 
1297, 15092.8087917699 
1298, 15063.128380344 
1299, 15028.0142599559 
1300, 14981.344419286 
1301, 14937.3282567807 
1302, 14882.2157279134 
1303, 14819.0411270791 
1304, 14752.3527236481 
1305, 14677.1788887308 
1306, 14602.1077676763 
1307, 14525.2770936898 
1308, 14441.7896418586 
1309, 14352.6739414896 
1310, 14263.8594049827 
1311, 14163.5847198538 
1312, 14074.687366056 
1313, 13986.4451240855 
1314, 13907.3523545813 
1315, 13840.0099035609 
1316, 13771.3464791237 
1317, 13703.314399022 
1318, 13644.0638646028 
1319, 13592.2053597276 
1320, 13539.9414889314 
1321, 13488.2860623399 
1322, 13422.0623677439 
1323, 13323.9071605237 
1324, 13211.0201936016 
1325, 13055.0589418971 
1326, 12861.166237005 
1327, 12653.7565567117 
1328, 12391.666107121 
1329, 12161.700698865 
1330, 11898.5824369235 
1331, 11700.0860463222 
1332, 11518.1740254967 
1333, 11387.8443470697 
1334, 11328.0988733992 
1335, 11261.9201453271 
1336, 11239.1490392176 
1337, 11211.1490094694 
1338, 11156.2836136244 
1339, 11058.8316722662 
1340, 10898.6386141174 
1341, 10657.7371711456 
1342, 10313.6470884791 
1343, 9884.4962977654 
1344, 9364.55451736417 
1345, 8726.91628453309 
1346, 8053.21268984483 
1347, 7266.24561071604 
1348, 6515.15643258763 
1349, 5688.31698043583 
1350, 4939.36576868398 
1351, 4179.54184402892 
1352, 3509.52819800293 
1353, 2873.21436662918 
1354, 2321.91721565795 
1355, 1839.73323807886 
1356, 1433.22306018896 
1357, 1101.53585721476 
1358, 841.152719635482 
1359, 646.834221057992 
1360, 499.010604732706 
1361, 386.7174154335 
1362, 306.059382255374 
1363, 247.057263416721 
1364, 209.882909826234 
1365, 185.688273277131 
1366, 184.454296612278 
1367, 184.858195457486 
1368, 199.457052083078 
1369, 220.60613557493 
1370, 249.762231441957 
1371, 286.849597077034 
1372, 341.861785255951 
1373, 387.182780135676 
1374, 442.438841601305 
1375, 481.91485174305 
1376, 520.643972703114 
1377, 539.706588473014 
1378, 546.504650376678 
1379, 536.785943510017 
1380, 514.841866413532 
1381, 490.567307523056 
1382, 467.157512977488 
1383, 462.258026116757 
1384, 476.668175959656 
1385, 506.288917939398 
1386, 555.7680537811 
1387, 621.022951771947 
1388, 681.415167123443 
1389, 757.624501881033 
1390, 811.812276608805 
1391, 863.159310930284 
1392, 897.52414826625 
1393, 909.614018804263 
1394, 931.066359287186 
1395, 938.061730757216 
1396, 964.288286790604 
1397, 998.309663827715 
1398, 1039.48622635957 
1399, 1095.78175880073 
1400, 1147.60470798446 
1401, 1199.36343429216 
1402, 1257.5589804079 
1403, 1317.50856889484 
1404, 1379.77250576928 
1405, 1451.49965697556 
1406, 1534.03006860975 
1407, 1625.84839086029 
1408, 1733.64377366088 
1409, 1859.48292709068 
1410, 2000.76767548814 
1411, 2148.23493926858 
1412, 2314.89936688255 
1413, 2471.86534110596 
1414, 2637.9139184937 
1415, 2789.77209677696 
1416, 2935.75739268385 
1417, 3078.08249991526 
1418, 3214.39431135204 
1419, 3346.17567909653 
1420, 3476.16955739681 
1421, 3599.81565836383 
1422, 3725.30747349455 
1423, 3829.74568872605 
1424, 3937.75770833178 
1425, 4006.03288410782 
1426, 4048.2539492279 
1427, 4065.87288457732 
1428, 4055.78461960703 
1429, 4018.6477108742 
1430, 3958.57793008999 
1431, 3885.55590332159 
1432, 3802.63074417977 
1433, 3723.27462596593 
1434, 3658.37862939821 
1435, 3609.37731447254 
1436, 3574.24331124881 
1437, 3551.72012710684 
1438, 3540.21885495594 
1439, 3543.04492350477 
1440, 3552.4286763046 
1441, 3580.28020198332 
1442, 3597.33294974338 
1443, 3619.51869097523 
1444, 3636.4626683614 
1445, 3644.84659367488 
1446, 3659.47543134118 
1447, 3676.26639030323 
1448, 3694.13384523803 
1449, 3710.19789693263 
1450, 3734.88656632617 
1451, 3763.91229162951 
1452, 3796.55206737213 
1453, 3845.44813551255 
1454, 3881.07407256321 
1455, 3918.34924363027 
1456, 3948.51725489749 
1457, 3952.42023926975 
1458, 3925.16468174597 
1459, 3874.39384764363 
1460, 3780.90808514115 
1461, 3661.84548920404 
1462, 3527.25220778934 
1463, 3375.44323415892 
1464, 3212.48988471639 
1465, 3060.40348107954 
1466, 2901.08056802526 
1467, 2763.50062513522 
1468, 2627.58827190868 
1469, 2523.34465204975 
1470, 2436.22753135625 
1471, 2371.42598080276 
1472, 2333.33778248404 
1473, 2305.67913863635 
1474, 2303.64360934827 
1475, 2300.91488343684 
1476, 2313.97221674793 
1477, 2322.21256206841 
1478, 2335.13811816449 
1479, 2342.37055544397 
1480, 2346.81904635839 
1481, 2354.32592977681 
1482, 2357.1812406343 
1483, 2368.85051063113 
1484, 2383.80871184915 
1485, 2405.50745177173 
1486, 2433.2514131991 
1487, 2466.06002347155 
1488, 2502.21871863856 
1489, 2544.9231253993 
1490, 2590.91318403707 
1491, 2635.82360905401 
1492, 2685.2361573581 
1493, 2735.98324403223 
1494, 2775.87763277534 
1495, 2813.22750061331 
1496, 2842.39385172448 
1497, 2863.3079293253 
1498, 2884.62269769272 
1499, 2903.16434600597 
1500, 2916.4904454874 
1501, 2923.73694471735 
1502, 2934.68215044932 
1503, 2941.89991006761 
1504, 2953.94136289464 
1505, 2965.89729880019 
1506, 2986.85197568073 
1507, 3011.78800055875 
1508, 3039.88404677392 
1509, 3080.09296125534 
1510, 3112.09324360238 
1511, 3143.89170920901 
1512, 3172.31887909918 
1513, 3197.96699212908 
1514, 3221.39589507952 
1515, 3241.01560723682 
1516, 3259.64151238017 
1517, 3275.97959851592 
1518, 3292.2131980869 
1519, 3306.81090331782 
1520, 3321.93304415782 
1521, 3337.77311382795 
1522, 3350.76658622081 
1523, 3363.52639704612 
1524, 3379.57775370942 
1525, 3392.93827039447 
1526, 3403.69622640122 
1527, 3413.47518634875 
1528, 3418.66988541915 
1529, 3426.87157322928 
1530, 3435.36041861027 
1531, 3441.4583937106 
1532, 3454.95952930178 
1533, 3465.34431462221 
1534, 3475.32749281398 
1535, 3489.99343105174 
1536, 3509.51312247466 
1537, 3523.51701027242 
1538, 3536.59501664178 
1539, 3553.0549961981 
1540, 3568.53363604561 
1541, 3586.58008940264 
1542, 3610.00446186573 
1543, 3630.38650954104 
1544, 3650.90409326791 
1545, 3665.37981163954 
1546, 3676.15348025462 
1547, 3688.78094291385 
1548, 3696.69363220839 
1549, 3709.5615163081 
1550, 3726.86576201434 
1551, 3742.79582084007 
1552, 3759.84400347743 
1553, 3774.49891816022 
1554, 3787.93841845016 
1555, 3802.85168412216 
1556, 3815.14880157398 
1557, 3830.21134314873 
1558, 3850.10130898848 
1559, 3866.34666133415 
1560, 3883.2334150249 
1561, 3897.52016874868 
1562, 3911.84668808286 
1563, 3919.80739324218 
1564, 3929.72164206097 
1565, 3926.39514938808 
1566, 3908.51713114017 
1567, 3892.8561123806 
1568, 3870.9803411593 
1569, 3843.21821219937 
1570, 3822.65203017812 
1571, 3807.98716230318 
1572, 3795.49416869817 
1573, 3790.32940047918 
1574, 3793.06826822547 
1575, 3804.56030655577 
1576, 3827.63983369774 
1577, 3861.5239492649 
1578, 3901.72149158152 
1579, 3950.22267290247 
1580, 3997.82131522335 
1581, 4048.93834983833 
1582, 4100.47276076413 
1583, 4156.47646651419 
1584, 4205.79034259501 
1585, 4256.8761340461 
1586, 4298.17675024293 
1587, 4332.91331867306 
1588, 4365.75983578812 
1589, 4393.7684508476 
1590, 4417.45620518793 
1591, 4438.23408483737 
1592, 4454.22298099569 
1593, 4465.21664682619 
1594, 4471.99203166943 
1595, 4475.8501937015 
1596, 4473.16581567216 
1597, 4465.66584751145 
1598, 4450.65529820466 
1599, 4425.08700963727 
1600, 4404.18820233629 
1601, 4375.81973556425 
1602, 4355.47418153228 
1603, 4337.76381020101 
1604, 4326.01986965577 
1605, 4314.73373797026 
1606, 4314.88682070879 
1607, 4325.15786543152 
1608, 4337.9668247047 
1609, 4359.68968893633 
1610, 4381.41283257654 
1611, 4406.36770005857 
1612, 4432.41859794417 
1613, 4461.25898781455 
1614, 4491.20653278268 
1615, 4530.110170336 
1616, 4555.49763418797 
1617, 4575.51765397862 
1618, 4593.62292751881 
1619, 4599.836972867 
1620, 4611.07330574996 
1621, 4624.31364809938 
1622, 4637.49587227313 
1623, 4655.7147373293 
1624, 4664.00274254208 
1625, 4669.9735232258 
1626, 4670.93981786479 
1627, 4663.30772251436 
1628, 4652.87579326967 
1629, 4639.59023765156 
1630, 4623.03086115176 
1631, 4599.43180265109 
1632, 4576.55619146896 
1633, 4551.21218018167 
1634, 4526.39807711335 
1635, 4500.18122760811 
1636, 4475.37724582424 
1637, 4451.33369970165 
1638, 4427.69773273311 
1639, 4401.88551071935 
1640, 4381.37228934121 
1641, 4362.0814396955 
1642, 4347.45442323413 
1643, 4336.41034825214 
1644, 4331.31881466984 
1645, 4334.76704576731 
1646, 4336.34836401763 
1647, 4342.5651108159 
1648, 4348.0764590496 
1649, 4350.09243046619 
1650, 4355.27525985031 
1651, 4365.35173548397 
1652, 4372.66748620137 
1653, 4380.29561265024 
1654, 4388.53037641515 
1655, 4396.70102228623 
1656, 4403.77434875091 
1657, 4411.90419687806 
1658, 4424.47678100269 
1659, 4423.57691703771 
1660, 4419.80617235204 
1661, 4406.15572499281 
1662, 4379.16034150765 
1663, 4361.37112834934 
1664, 4339.83893151517 
1665, 4325.66348014572 
1666, 4316.01127193414 
1667, 4306.93888603425 
1668, 4299.40052416265 
1669, 4295.72411183108 
1670, 4293.89711705024 
1671, 4297.19263497087 
1672, 4307.19249843947 
1673, 4311.38688189419 
1674, 4319.62936767756 
1675, 4317.74630907227 
1676, 4307.68415033975 
1677, 4303.68445128406 
1678, 4296.53915742664 
1679, 4294.19049317019 
1680, 4299.17028954873 
1681, 4293.10342702961 
1682, 4281.32768932471 
1683, 4276.45406207392 
1684, 4267.15149438516 
1685, 4266.02942500242 
1686, 4274.7187549748 
1687, 4275.94597496038 
1688, 4276.26669876313 
1689, 4276.09180301027 
1690, 4274.72591869607 
1691, 4272.52125440487 
1692, 4269.93510903361 
1693, 4265.46385989669 
1694, 4260.26332887109 
1695, 4251.58801187491 
1696, 4241.27718602761 
1697, 4229.16762207801 
1698, 4212.05540570336 
1699, 4200.40983546595 
1700, 4189.49632160425 
1701, 4178.63399962195 
1702, 4170.96345368158 
1703, 4159.73917135431 
1704, 4146.33818847694 
1705, 4134.32786299169 
1706, 4121.55140785083 
1707, 4110.77883499174 
1708, 4102.36114167249 
1709, 4090.1472453898 
1710, 4074.51672248484 
1711, 4067.96254562643 
1712, 4062.52789690911 
1713, 4058.35395051701 
1714, 4062.52849330992 
1715, 4057.83789191578 
1716, 4051.75851220001 
1717, 4045.37618505957 
1718, 4036.67870769449 
1719, 4018.29178883764 
1720, 3998.3672454566 
1721, 3976.48482934676 
1722, 3949.705168779 
1723, 3926.36202478893 
1724, 3908.26174556028 
1725, 3892.34361254242 
1726, 3877.16480534592 
1727, 3861.71036963704 
1728, 3841.98767667829 
1729, 3822.87318430598 
1730, 3807.71211287714 
1731, 3788.9333010064 
1732, 3768.73089674569 
1733, 3744.93282662805 
1734, 3716.61630527154 
1735, 3691.83737493795 
1736, 3677.49921913876 
1737, 3670.21395013889 
1738, 3663.93575144109 
1739, 3660.4523269577 
1740, 3653.01045235355 
1741, 3643.48172677673 
1742, 3634.39122083963 
1743, 3626.43891843188 
1744, 3620.6761630653 
1745, 3613.23732243207 
1746, 3603.76754085399 
1747, 3594.60485338739 
1748, 3587.74201182413 
1749, 3582.95401921613 
1750, 3576.37147567758 
1751, 3569.78744343403 
1752, 3563.80101906012 
1753, 3555.61744189524 
1754, 3544.11902698723 
1755, 3523.01691349473 
1756, 3502.18643490879 
1757, 3484.64731712293 
1758, 3462.18468049837 
1759, 3439.01636682986 
1760, 3415.3083707801 
1761, 3382.60408718075 
1762, 3347.15906727089 
1763, 3317.17388921102 
1764, 3290.59466069825 
1765, 3265.87045193086 
1766, 3243.64070075771 
1767, 3228.94675953329 
1768, 3210.02803448927 
1769, 3190.47264035205 
1770, 3166.66328714196 
1771, 3143.77418335366 
1772, 3110.31850074897 
1773, 3069.52840542887 
1774, 3027.46334555028 
1775, 2976.16876332895 
1776, 2927.71641076799 
1777, 2876.57736589522 
1778, 2831.07839974049 
1779, 2786.25209839948 
1780, 2747.6412634774 
1781, 2714.10591248547 
1782, 2679.47211240137 
1783, 2648.68039526605 
1784, 2615.91155913972 
1785, 2585.56857224944 
1786, 2554.38864597749 
1787, 2526.63172272464 
1788, 2487.70890684184 
1789, 2448.21896855459 
1790, 2392.46665177509 
1791, 2319.02213569699 
1792, 2249.43218628405 
1793, 2174.20017366134 
1794, 2094.96556666003 
1795, 2018.69652966069 
1796, 1924.51228287559 
1797, 1828.26261521569 
1798, 1729.76128000184 
1799, 1628.77180789517 
1800, 1532.6676164757 
1801, 9059.23759288963 
1802, 8621.88306006183 
1803, 8240.38854171736 
1804, 7914.12144839159 
1805, 7624.694852515 
1806, 7400.40690916644 
1807, 7190.37274662241 
1808, 6952.81342313889 
1809, 6786.40872147142 
1810, 6525.16445484804 
1811, 6185.99361243225 
1812, 5866.9700896993 
1813, 5529.26083655576 
1814, 5155.19226879395 
1815, 4834.18805559951 
1816, 4529.82389230588 
1817, 4253.30215556834 
1818, 4023.73855426274 
1819, 3792.58851679178 
1820, 3566.08424228648 
1821, 3376.29629833121 
1822, 3229.12429915055 
1823, 3060.23539745111 
1824, 2905.04122397375 
1825, 2744.51065868939 
1826, 2524.03424458602 
1827, 2278.82442538918 
1828, 2026.80830427157 
1829, 1717.84516722169 
1830, 1461.47722697522 
1831, 1198.30553553987 
1832, 981.332025832556 
1833, 822.497210774786 
1834, 684.321202342233 
1835, 554.809560373984 
1836, 468.479079040297 
1837, 400.777798928458 
1838, 347.025840974381 
1839, 322.108379486628 
1840, 355.914471367243 
1841, 367.001165972062 
1842, 381.127444922254 
1843, 412.751984896436 
1844, 438.8530477446 
1845, 439.393559277116 
1846, 430.904005840671 
1847, 406.815186561985 
1848, 385.653768832362 
1849, 381.970952438422 
1850, 374.158627243422 
1851, 367.471774834475 
1852, 369.057735012649 
1853, 371.126580477184 
1854, 367.116325536246 
1855, 365.506042014343 
1856, 371.100870641124 
1857, 391.917986073464 
1858, 427.944811973882 
1859, 471.598286300507 
1860, 531.999722951558 
1861, 600.691843728352 
1862, 661.251198917144 
1863, 705.012425693574 
1864, 744.78635499932 
1865, 751.564889692305 
1866, 716.814535976247 
1867, 657.894325878392 
1868, 564.487079728509 
1869, 466.610176893161 
1870, 385.149456699095 
1871, 303.029684401619 
1872, 235.75612635727 
1873, 206.0311810304 
1874, 208.876284331051 
1875, 250.236478883946 
1876, 325.341192394923 
1877, 406.123843067767 
1878, 506.655191670618 
1879, 613.512636400866 
1880, 707.7482363807 
1881, 797.625480769589 
1882, 908.49881187272 
1883, 1000.61516831272 
1884, 1051.78291520394 
1885, 1110.61907073685 
1886, 1142.61341208784 
1887, 1146.25792956458 
1888, 1142.83962402736 
1889, 1112.26572129444 
1890, 1072.6213742823 
1891, 1035.56232905241 
1892, 982.979723835353 
1893, 943.759531386651 
1894, 917.688187998644 
1895, 880.348576156243 
1896, 831.617566658404 
1897, 760.234708761735 
1898, 697.983801343399 
1899, 628.020870103685 
1900, 553.661609531337 
1901, 475.172297245819 
1902, 415.137281049755 
1903, 347.985925097955 
1904, 286.742264596679 
1905, 275.415574471281 
1906, 277.459474598733 
1907, 297.656320763669 
1908, 333.881467367161 
1909, 370.590820179652 
1910, 393.934581760456 
1911, 415.917419952119 
1912, 424.091328201137 
1913, 452.383446178238 
1914, 486.528136713415 
1915, 520.735963237991 
1916, 563.585079613896 
1917, 635.5357081171 
1918, 697.315469050573 
1919, 760.440255251867 
1920, 845.120013780355 
1921, 913.158742151944 
1922, 959.046258745757 
1923, 989.985314339321 
1924, 1021.40727843481 
1925, 1039.96669707852 
1926, 1037.32941156001 
1927, 1048.1182381455 
1928, 1040.6952288559 
1929, 1024.97280613232 
1930, 1033.71633937307 
1931, 1041.50504876889 
1932, 1058.40685631052 
1933, 1075.78858454019 
1934, 1092.82812439157 
1935, 1110.15695983077 
1936, 1130.82715478932 
1937, 1157.27177964044 
1938, 1178.99638646877 
1939, 1191.44861227219 
1940, 1192.39113708332 
1941, 1200.04378310661 
1942, 1199.58043252319 
1943, 1195.01089303042 
1944, 1197.85378829099 
1945, 1208.85064267617 
1946, 1208.18740980994 
1947, 1213.6274109473 
1948, 1208.87923230167 
1949, 1199.31925356652 
1950, 1176.12717217888 
1951, 1144.64302408984 
1952, 1085.26836242993 
1953, 1023.87952531241 
1954, 957.560815384663 
1955, 910.971628772291 
1956, 874.77352622548 
1957, 845.056574964336 
1958, 811.22246401646 
1959, 811.217905766437 
1960, 827.939899958811 
1961, 856.87974870602 
1962, 915.830540021491 
1963, 1006.42814363908 
1964, 1068.59298205802 
1965, 1134.23246362239 
1966, 1199.52880429712 
1967, 1246.85048828813 
1968, 1315.68325677659 
1969, 1403.58315568209 
1970, 1477.9000876195 
1971, 1561.39002833898 
1972, 1641.46657642686 
1973, 1709.25776817409 
1974, 1785.51624985024 
1975, 1874.76678140051 
1976, 1941.98363384217 
1977, 2024.61007650738 
1978, 2108.74504632741 
1979, 2168.65337045476 
1980, 2217.53381523086 
1981, 2262.98156802289 
1982, 2294.10094273194 
1983, 2315.85875050034 
1984, 2327.3926862383 
1985, 2338.44750527512 
1986, 2340.5171937194 
1987, 2329.84370588663 
1988, 2340.26058041859 
1989, 2343.04813209379 
1990, 2323.50120288637 
1991, 2308.38780083065 
1992, 2248.51385999618 
1993, 2159.09599145056 
1994, 2054.38004293894 
1995, 1914.69032010637 
1996, 1763.48092602216 
1997, 1587.68956706934 
1998, 1410.92346374569 
1999, 1210.21338615048 
2000, 1026.18749670589 
2001, 873.781189465171 
2002, 724.418703802432 
2003, 606.58039832243 
2004, 511.446334304072 
2005, 446.030781633188 
2006, 404.986713140771 
2007, 386.143100623517 
2008, 413.205295189736 
2009, 430.506643820429 
2010, 465.591961545947 
2011, 504.526338994466 
2012, 511.202557308965 
2013, 529.997367887734 
2014, 550.236606776458 
2015, 545.468019297312 
2016, 585.745317281582 
2017, 641.086879736468 
2018, 726.393646628646 
2019, 842.716002175417 
2020, 968.738202624519 
2021, 1140.65555977763 
2022, 1282.90854631569 
2023, 1423.55943156024 
2024, 1566.50298600578 
2025, 1687.39408844475 
2026, 1809.21750275678 
2027, 1922.60242206422 
2028, 2034.42048751724 
2029, 2132.54359626783 
2030, 2220.99961994515 
2031, 2296.77518689476 
2032, 2363.73430453173 
2033, 2418.92484153127 
2034, 2463.20797558371 
2035, 2497.39797828877 
2036, 2517.26903141607 
2037, 2531.09847988505 
2038, 2526.04307332549 
2039, 2529.08851261675 
2040, 2526.40762308738 
2041, 2524.39161333446 
2042, 2503.74057955835 
2043, 2476.35552255159 
2044, 2437.98214696543 
2045, 2387.83043460316 
2046, 2327.08181289844 
2047, 2261.01129329133 
2048, 2179.45446461802 
2049, 2066.28646353059 
2050, 1968.49244108096 
2051, 1855.6521893184 
2052, 1760.88673599624 
2053, 1691.89531854483 
2054, 1628.59510199921 
2055, 1605.9837564229 
2056, 1618.80093249827 
2057, 1639.32330112524 
2058, 1700.9048146393 
2059, 1741.99646971853 
2060, 1797.04095219391 
2061, 1831.95320559409 
2062, 1859.74296480103 
2063, 1878.79590612462 
2064, 1866.00222124857 
2065, 1883.84744140662 
2066, 1906.23363417459 
2067, 1936.33437879582 
2068, 1983.03143605408 
2069, 2047.11858528865 
2070, 2126.42940497376 
2071, 2221.16411975974 
2072, 2314.93678894665 
2073, 2437.80847148946 
2074, 2538.95900835598 
2075, 2626.27874525344 
2076, 2725.16100017397 
2077, 2828.26729242821 
2078, 2925.65558887545 
2079, 3038.90302105033 
2080, 3125.54494841814 
2081, 3202.17601337709 
2082, 3258.35236412871 
2083, 3310.08091305609 
2084, 3331.86973257724 
2085, 3388.1962737107 
2086, 3448.97309482585 
2087, 3519.83999497703 
2088, 3620.16161432431 
2089, 3693.49658855908 
2090, 3755.19152107256 
2091, 3822.85322409825 
2092, 3874.92045788646 
2093, 3944.19409451672 
2094, 4031.60235172763 
2095, 4109.79442936803 
2096, 4185.73254307396 
2097, 4277.29061500802 
2098, 4344.19497827158 
2099, 4399.37673149289 
2100, 4457.34932982206 
2101, 4507.91447547827 
2102, 4553.5698080162 
2103, 4589.54578478092 
2104, 4637.6686144063 
2105, 4686.96967471888 
2106, 4732.71127752101 
2107, 4782.87490914935 
2108, 4838.00149014011 
2109, 4888.4906438694 
2110, 4941.90298676698 
2111, 5002.38894671273 
2112, 5064.94343916208 
2113, 5138.41707911789 
2114, 5198.33124079564 
2115, 5270.36251143303 
2116, 5360.67558112771 
2117, 5429.4319961327 
2118, 5481.00180272518 
2119, 5554.00743994484 
2120, 5628.24527875274 
2121, 5705.18111795455 
2122, 5801.83998390002 
2123, 5883.84560382245 
2124, 5954.06476056001 
2125, 6031.30651705733 
2126, 6112.46761183629 
2127, 6188.47743412461 
2128, 6268.10415677584 
2129, 6333.27090360013 
2130, 6412.11218620272 
2131, 6491.04942706532 
2132, 6565.50318126225 
2133, 6648.13171724662 
2134, 6721.77089919659 
2135, 6784.04441196235 
2136, 6853.23255972999 
2137, 6925.94582269255 
2138, 6994.76757690298 
2139, 7058.34788547042 
2140, 7125.9897470152 
2141, 7201.39663522681 
2142, 7265.60824909315 
2143, 7328.59199283491 
2144, 7387.24407489931 
2145, 7444.28379209546 
2146, 7480.24876826989 
2147, 7530.99203586703 
2148, 7581.95654333942 
2149, 7627.10175163465 
2150, 7668.89713296389 
2151, 7715.25649351954 
2152, 7751.98286665475 
2153, 7809.06675767858 
2154, 7882.10110872905 
2155, 7947.06079957224 
2156, 8031.79224433487 
2157, 8086.34401340697 
2158, 8128.92374885729 
2159, 8161.47650609907 
2160, 8172.78642445357 
2161, 8184.20523239965 
2162, 8181.51975599056 
2163, 8185.47538016439 
2164, 8173.92024381219 
2165, 8182.66720483528 
2166, 8215.95668271633 
2167, 8257.9139701084 
2168, 8333.6648885991 
2169, 8451.19915926449 
2170, 8550.44205274819 
2171, 8673.7939134353 
2172, 8771.2115417705 
2173, 8862.05464257372 
2174, 8940.92745582003 
2175, 9007.14754006985 
2176, 9069.90864456595 
2177, 9121.27956554844 
2178, 9170.99974807332 
2179, 9220.99915844553 
2180, 9260.1003371346 
2181, 9292.12711337082 
2182, 9316.70409891503 
2183, 9325.37669429673 
2184, 9334.2167606724 
2185, 9346.07299502564 
2186, 9372.3977902947 
2187, 9423.954229439 
2188, 9508.550019954 
2189, 9566.98844443822 
2190, 9654.87498059906 
2191, 9684.89354945876 
2192, 9682.19191874646 
2193, 9674.08553553546 
2194, 9640.40560710947 
2195, 9598.29756679574 
2196, 9543.8519128288 
2197, 9480.64642442226 
2198, 9372.22733782045 
2199, 9309.28167562067 
2200, 9233.21709317688 
2201, 9214.09419858831 
2202, 9241.50236561363 
2203, 9288.94273132272 
2204, 9370.89033498048 
2205, 9486.67446398841 
2206, 9618.52241456716 
2207, 9742.74717196106 
2208, 9843.34488449171 
2209, 9940.45249491141 
2210, 10022.2566181434 
2211, 10087.5443027994 
2212, 10134.0335227576 
2213, 10176.0573561613 
2214, 10192.6353880998 
2215, 10165.847727195 
2216, 10160.1058819921 
2217, 10152.931175889 
2218, 10140.2855976717 
2219, 10124.5231477195 
2220, 10110.2808838897 
2221, 10090.6244924938 
2222, 10072.5054607646 
2223, 10056.9043852113 
2224, 10043.0722078233 
2225, 10035.2315023959 
2226, 10014.4526244727 
2227, 9986.79371274753 
2228, 9963.62258255208 
2229, 9928.86675314424 
2230, 9886.68879930978 
2231, 9856.59360851031 
2232, 9837.93140709803 
2233, 9803.52315276782 
2234, 9767.96294596351 
2235, 9724.88737423654 
2236, 9667.96104299153 
2237, 9619.07053551656 
2238, 9564.89809504904 
2239, 9526.1087023676 
2240, 9506.12488197448 
2241, 9463.47969621723 
2242, 9422.95645500653 
2243, 9369.37043245654 
2244, 9289.92999261662 
2245, 9221.86318614796 
2246, 9159.33938909823 
2247, 9092.25111083006 
2248, 9018.25840210349 
2249, 8951.25436757561 
2250, 8890.53108068785 
2251, 8822.06169130582 
2252, 8760.66281392542 
2253, 8686.53437752539 
2254, 8602.2131078707 
2255, 8499.19071675217 
2256, 8404.26864436956 
2257, 8325.52544284533 
2258, 8238.50293715807 
2259, 8159.27796378573 
2260, 8070.96629677728 
2261, 7968.67721762203 
2262, 7882.19428575767 
2263, 7795.98650087059 
2264, 7727.882818663 
2265, 7677.92882417565 
2266, 7621.27320050887 
2267, 7573.08561991273 
2268, 7521.13238560992 
2269, 7473.73715719629 
2270, 7409.5073556455 
2271, 7340.97915071259 
2272, 7268.08418125645 
2273, 7169.57726590123 
2274, 7094.80015105423 
2275, 7043.9381163413 
2276, 6969.58947757734 
2277, 6890.49445654593 
2278, 6808.52326371591 
2279, 6701.64387062996 
2280, 6611.45753103718 
2281, 6520.86658934039 
2282, 6458.83068249947 
2283, 6390.92590539098 
2284, 6329.06099655745 
2285, 6275.25922318986 
2286, 6202.50633332901 
2287, 6131.74171316063 
2288, 6052.71833660869 
2289, 5957.42319151515 
2290, 5852.42829567216 
2291, 5735.73048391617 
2292, 5589.12618460518 
2293, 5474.69497091537 
2294, 5359.61419510248 
2295, 5262.87368838015 
2296, 5186.16623732151 
2297, 5110.33714847882 
2298, 5037.42530315003 
2299, 4975.35141267204 
2300, 4928.55626623418 
2301, 4880.63561847043 
2302, 4839.67205358727 
2303, 4804.12634195628 
2304, 4762.31874044078 
2305, 4740.55542919434 
2306, 4738.25499142813 
2307, 4732.00718117473 
2308, 4759.52652910293 
2309, 4744.48724577157 
2310, 4719.72474392021 
2311, 4667.23201552283 
2312, 4581.82571599841 
2313, 4481.4590055851 
2314, 4365.09132470583 
2315, 4220.85471261351 
2316, 4056.76851817412 
2317, 3896.56103955732 
2318, 3756.95424380102 
2319, 3654.1172754184 
2320, 3606.88081462867 
2321, 3580.34464749792 
2322, 3568.756260114 
2323, 3568.98630341342 
2324, 3541.36533275998 
2325, 3536.79315167307 
2326, 3539.02380221903 
2327, 3520.0598524702 
2328, 3507.45172227679 
2329, 3510.10139650884 
2330, 3471.06602546427 
2331, 3415.89227626808 
2332, 3350.62388101851 
2333, 3248.11003334678 
2334, 3170.43884621348 
2335, 3097.37000954277 
2336, 3018.10923612329 
2337, 2939.3599344588 
2338, 2869.39913805257 
2339, 2791.51514432744 
2340, 2733.75194097624 
2341, 2699.6975070362 
2342, 2650.32095277847 
2343, 2595.92517190203 
2344, 2551.68882102337 
2345, 2512.28158734974 
2346, 2467.76845844368 
2347, 2434.85463327983 
2348, 2393.21077576876 
2349, 2331.81366844263 
2350, 2286.12357840817 
2351, 2241.41498323482 
2352, 2208.04815400955 
2353, 2192.41613079218 
2354, 2167.29983896557 
2355, 2134.9075419911 
2356, 2124.64495413686 
2357, 2120.67903723201 
2358, 2119.45253981495 
2359, 2146.30885676472 
2360, 2157.18989146235 
2361, 2173.04309824091 
2362, 2163.49458323788 
2363, 2144.70671552203 
2364, 2102.74092251662 
2365, 2044.27396048435 
2366, 1971.98587980807 
2367, 1894.7820168413 
2368, 1825.07146036324 
2369, 1730.75019983106 
2370, 1653.38565938406 
2371, 1613.48278891493 
2372, 1558.27133933793 
2373, 1554.31017572529 
2374, 1568.81478959884 
2375, 1572.49344423632 
2376, 1608.28908464953 
2377, 1626.56913763271 
2378, 1632.94861135775 
2379, 1629.34500516524 
2380, 1598.07125401228 
2381, 1552.61671361351 
2382, 1503.71490331925 
2383, 1466.20809738789 
2384, 1442.41271843916 
2385, 1425.46746524841 
2386, 1419.66483174859 
2387, 1411.83725570599 
2388, 1392.54838696835 
2389, 1385.35068994484 
2390, 1380.19557195505 
2391, 1378.45174586089 
2392, 1384.58781951822 
2393, 1381.80644667101 
2394, 1376.89049840786 
2395, 1370.3136403602 
2396, 1347.95686784745 
2397, 1327.49797387682 
2398, 1313.87799064618 
2399, 1296.29120366021 
2400, 1297.38068811961 
2401, 1294.45878626413 
2402, 1278.52480625483 
2403, 1260.05824893869 
2404, 1231.45767251922 
2405, 1206.02844921542 
2406, 1180.46222666165 
2407, 1150.82335894284 
2408, 1117.13958062735 
2409, 1085.42490126605 
2410, 1046.7441933954 
2411, 1027.85882237003 
2412, 1026.93435720341 
2413, 1006.27115742846 
2414, 986.677116687362 
2415, 954.766965549861 
2416, 894.40885930158 
2417, 871.744710331453 
2418, 867.495804319699 
2419, 860.642007832272 
2420, 870.527547629385 
2421, 873.861058557009 
2422, 867.865270241017 
2423, 866.496307120318 
2424, 870.704306500591 
2425, 878.046058360516 
2426, 893.427502180499 
2427, 899.133939125434 
2428, 905.34305892985 
2429, 906.092186723675 
2430, 904.767953892826 
2431, 876.051605385426 
2432, 832.662156403311 
2433, 795.871967598397 
2434, 724.129618598598 
2435, 694.661805688437 
2436, 699.654108203775 
2437, 695.753400730263 
2438, 701.160318614338 
2439, 705.22532765998 
2440, 709.949774008237 
2441, 710.695931172188 
2442, 720.562231730735 
2443, 706.932000128951 
2444, 679.213740121399 
2445, 640.598969788036 
2446, 602.772630696935 
2447, 561.193866479676 
2448, 525.970618967211 
2449, 512.45342107468 
2450, 502.98643016396 
2451, 496.590210126362 
2452, 513.848080529446 
2453, 534.062635604456 
2454, 547.076865907654 
2455, 552.369944038485 
2456, 567.51588657798 
2457, 591.598980593952 
2458, 591.308631219842 
2459, 599.418684543115 
2460, 597.199447844397 
2461, 556.590495393653 
2462, 531.176151926042 
2463, 507.180888632182 
2464, 498.626070427258 
2465, 493.384027882475 
2466, 464.837307252962 
2467, 457.819575431819 
2468, 444.174778113987 
2469, 438.616806699607 
2470, 460.626527909327 
2471, 469.645665946772 
2472, 450.300721404838 
2473, 413.910804179642 
2474, 389.695289473176 
2475, 350.073698410533 
2476, 316.428741745941 
2477, 327.935139164803 
2478, 328.995536201509 
2479, 330.813330053019 
2480, 343.20249492595 
2481, 309.421161294431 
2482, 261.154153029113 
2483, 226.041634701592 
2484, 188.953665633235 
2485, 181.047874605261 
2486, 178.967185188904 
2487, 183.758998704504 
2488, 205.642023791722 
2489, 210.219848804798 
2490, 225.15927606233 
2491, 238.125235325632 
2492, 230.881305746788 
2493, 227.853796603434 
2494, 223.124199355336 
2495, 204.283739106637 
2496, 204.980394558587 
2497, 232.095049961423 
2498, 238.905165064082 
2499, 248.858772968904 
2500, 240.959503021103 
