Wavelength,0212202100099.asd
350, 2584.8058611356 
351, 2719.939104465 
352, 2844.3663935922 
353, 2948.6906062145 
354, 3051.36567020758 
355, 3159.87561114277 
356, 3274.84874380081 
357, 3386.36968327368 
358, 3503.67473623683 
359, 3629.09439734513 
360, 3764.8294186392 
361, 3930.87691010069 
362, 4124.53692992066 
363, 4335.917150011 
364, 4550.56799746151 
365, 4767.39845182916 
366, 4974.23464676274 
367, 5155.84920315172 
368, 5295.64659909991 
369, 5380.01578218636 
370, 5410.402606183 
371, 5400.7862355975 
372, 5379.53097588779 
373, 5372.12107348559 
374, 5381.85765435841 
375, 5395.82433984981 
376, 5408.98782373117 
377, 5417.30861773321 
378, 5408.68248841881 
379, 5360.65402581634 
380, 5296.66267383566 
381, 5224.70667528681 
382, 5145.30522839962 
383, 5047.38615203822 
384, 4946.84898494567 
385, 4875.82971171853 
386, 4873.38734571649 
387, 4971.36730083893 
388, 5117.06524892404 
389, 5247.23602600766 
390, 5303.29804027129 
391, 5361.81787791814 
392, 5420.86087885559 
393, 5470.56092842553 
394, 5509.37675092444 
395, 5620.12092030615 
396, 5841.81828635871 
397, 6190.497822772 
398, 6680.56040284604 
399, 7237.93317601792 
400, 7809.91812064712 
401, 8368.50635189063 
402, 8899.16786517567 
403, 9336.94208841033 
404, 9653.60668075403 
405, 9897.42829483769 
406, 10091.4128315739 
407, 10264.4646817849 
408, 10451.3032966348 
409, 10705.9526056723 
410, 11014.8476295349 
411, 11358.3560662628 
412, 11713.9016357265 
413, 12066.6363386864 
414, 12417.5793054175 
415, 12756.838386582 
416, 13049.7993471263 
417, 13327.7906486979 
418, 13615.1186473581 
419, 13917.7610089853 
420, 14179.2824632685 
421, 14440.7175718972 
422, 14725.7059136074 
423, 15036.3693836989 
424, 15324.6986465112 
425, 15551.0892431238 
426, 15683.6124309388 
427, 15696.5189123071 
428, 15636.9537268242 
429, 15645.3911318283 
430, 15837.0553734845 
431, 16118.3768310483 
432, 16489.8761457228 
433, 17036.7461483198 
434, 17869.0889568391 
435, 18755.3105956973 
436, 19434.6745453103 
437, 19852.4397066781 
438, 20292.9614798251 
439, 20746.307513728 
440, 21174.1117322394 
441, 21560.3422442813 
442, 22058.5647042668 
443, 22586.362353656 
444, 23072.7076529324 
445, 23467.4748327586 
446, 23785.8970481788 
447, 24070.5422855002 
448, 24370.7970477055 
449, 24748.4303978352 
450, 25067.5811028015 
451, 25239.4188754969 
452, 25231.972238036 
453, 25169.5179157226 
454, 25028.6129599071 
455, 24847.2630582964 
456, 24719.4026049434 
457, 24689.2359158316 
458, 24697.0876812719 
459, 24680.1070201078 
460, 24613.2958270183 
461, 24515.6097406739 
462, 24409.4500069543 
463, 24304.9693999594 
464, 24144.3024355313 
465, 23896.6210002604 
466, 23589.7343171592 
467, 23307.4580351156 
468, 23067.0139353346 
469, 22887.3149822961 
470, 22777.4736310092 
471, 22737.0041351838 
472, 22709.464045921 
473, 22700.5670191061 
474, 22732.4694373986 
475, 22719.3629961891 
476, 22691.3159044486 
477, 22676.2861203197 
478, 22685.6969576866 
479, 22761.5625686996 
480, 22869.9760975069 
481, 22949.2191920193 
482, 22934.8998920813 
483, 22769.4069799903 
484, 22415.9424634352 
485, 21882.7878277524 
486, 21363.7709061244 
487, 20992.745911157 
488, 20879.7863005881 
489, 21125.157701901 
490, 21515.838606625 
491, 21838.2324510142 
492, 21954.6236508603 
493, 21997.6942119101 
494, 22059.8673215662 
495, 22184.1358279366 
496, 22356.7645994565 
497, 22412.2772381222 
498, 22351.9925817661 
499, 22212.9000297731 
500, 22026.1651056851 
501, 21884.8329550445 
502, 21827.7171402324 
503, 21872.1054141791 
504, 22072.8187749592 
505, 22355.8264333374 
506, 22645.1953590874 
507, 22876.1985887885 
508, 23051.9047581115 
509, 23190.3415905533 
510, 23320.4684301992 
511, 23494.0280309465 
512, 23615.0490516787 
513, 23639.4398253533 
514, 23556.6735935566 
515, 23367.2357223229 
516, 23108.0839549521 
517, 22850.6476457927 
518, 22700.274247693 
519, 22888.9895561246 
520, 23438.8291544747 
521, 24218.4040766367 
522, 24870.4857741829 
523, 25357.8841015241 
524, 25700.6547141109 
525, 25956.9916114433 
526, 26070.4408368671 
527, 26114.5810647546 
528, 26246.3879416174 
529, 26770.101714428 
530, 27456.6904986559 
531, 28038.5335688919 
532, 28295.2105561652 
533, 28381.0500106117 
534, 28509.7102733329 
535, 28795.4455443745 
536, 29228.1893026588 
537, 29541.7013769711 
538, 29689.7960484824 
539, 29712.8256540606 
540, 29705.1216338718 
541, 29729.8656152825 
542, 29879.1413976463 
543, 30227.3289697053 
544, 30627.6880514865 
545, 30979.92195292 
546, 31227.554093445 
547, 31367.2849235218 
548, 31464.1386928548 
549, 31575.8524551458 
550, 31736.2742156738 
551, 31908.7286903265 
552, 32042.8849062184 
553, 32139.0730334017 
554, 32237.7320750075 
555, 32315.438511676 
556, 32291.4194178348 
557, 32118.7325174229 
558, 31823.3889893669 
559, 31569.9099770445 
560, 31454.0725525347 
561, 31509.6334345314 
562, 31654.1922551109 
563, 31739.1215385268 
564, 31691.9441171395 
565, 31537.5929115602 
566, 31314.9627246808 
567, 31086.1796983264 
568, 30891.3219024306 
569, 30697.5977481433 
570, 30444.8363150145 
571, 30201.7348895684 
572, 30106.6112164213 
573, 30127.884706649 
574, 30118.7074865693 
575, 29983.0783795788 
576, 29728.1588402726 
577, 29495.1262144326 
578, 29373.4200576975 
579, 29410.6560624737 
580, 29574.1576108995 
581, 29854.7063980611 
582, 30192.1568160536 
583, 30480.4199745711 
584, 30665.8213233191 
585, 30672.2046513991 
586, 30488.3116235655 
587, 30247.925916261 
588, 29946.5535600993 
589, 29538.7718718786 
590, 29026.8770877381 
591, 28840.8434354552 
592, 28977.4898606972 
593, 29235.3369023836 
594, 29225.563952271 
595, 29083.0360667533 
596, 28880.6163673489 
597, 28667.4627718651 
598, 28436.3909715768 
599, 28150.1250739335 
600, 27833.7390655548 
601, 27555.729260612 
602, 27342.4439015646 
603, 27228.3135268735 
604, 27210.9982555181 
605, 27236.3902632882 
606, 27178.6872767113 
607, 27029.7244668769 
608, 26835.6932353462 
609, 26644.7452264079 
610, 26465.1266645938 
611, 26304.0726159482 
612, 26167.4226367999 
613, 26022.6195310588 
614, 25852.7933316926 
615, 25667.054109037 
616, 25521.5414127543 
617, 25431.8965163341 
618, 25432.1880961069 
619, 25539.854509932 
620, 25654.766171224 
621, 25669.0477190386 
622, 25546.1983632065 
623, 25337.8736356693 
624, 25095.8980321577 
625, 24863.2396658828 
626, 24663.4083936355 
627, 24480.0068835844 
628, 24297.9749977447 
629, 24126.5273155351 
630, 23999.5709985307 
631, 24013.6643334055 
632, 24108.1136642273 
633, 24225.4569304826 
634, 24352.8901828696 
635, 24450.8538197421 
636, 24518.82736874 
637, 24567.0130343913 
638, 24588.4783823049 
639, 24558.2346924338 
640, 24456.9698563889 
641, 24280.6500774883 
642, 24139.9934114627 
643, 24057.269961518 
644, 24007.5549281587 
645, 23909.8898261541 
646, 23756.1906793215 
647, 23562.7027039681 
648, 23364.1628167867 
649, 23202.3337662941 
650, 23080.2679667955 
651, 23019.6741162479 
652, 23054.3390441385 
653, 23005.7338661241 
654, 22754.8572001683 
655, 22282.0056286767 
656, 21726.2717511339 
657, 21322.6233683216 
658, 21325.3419017358 
659, 21867.2192019242 
660, 22427.1009901746 
661, 22751.5213052495 
662, 22819.4949281161 
663, 22852.9615095914 
664, 22833.2525193326 
665, 22798.926344713 
666, 22784.0986193073 
667, 22793.6210137933 
668, 22785.6979182705 
669, 22762.5141486262 
670, 22745.7921011882 
671, 22698.4509200065 
672, 22643.9727948905 
673, 22611.5658374058 
674, 22628.6842369704 
675, 22659.3180657585 
676, 22684.0207015804 
677, 22695.1464996199 
678, 22707.4879923307 
679, 22713.2641245109 
680, 22711.697054174 
681, 22705.0754092741 
682, 22692.1099550162 
683, 22641.9555028459 
684, 22454.1382882135 
685, 21939.6279544648 
686, 21020.1473073585 
687, 19778.9917229714 
688, 18519.4752403049 
689, 17986.5668145467 
690, 18363.3125970208 
691, 19308.8351246482 
692, 20169.6484504881 
693, 20921.5859089946 
694, 21468.1969960773 
695, 21802.7510036254 
696, 22036.7977279272 
697, 22244.4277386658 
698, 22389.8463001019 
699, 22424.5456102524 
700, 22378.1217638458 
701, 22332.4513987087 
702, 22344.6803653934 
703, 22447.7146629832 
704, 22648.2134302683 
705, 22878.3876266379 
706, 23074.7539099745 
707, 23194.9437997129 
708, 23295.3610565317 
709, 23386.6571838424 
710, 23467.9335562881 
711, 23545.0180993551 
712, 23600.3358840338 
713, 23623.1155906705 
714, 23598.7783557895 
715, 23476.1312788279 
716, 23152.6701035839 
717, 22584.5711467383 
718, 21810.6332748457 
719, 21165.2659545801 
720, 20927.9388703839 
721, 21207.1348068611 
722, 21793.4510503972 
723, 22205.5564743684 
724, 22272.3956025317 
725, 22076.4784117426 
726, 22028.4990121371 
727, 22096.0053411129 
728, 22201.8831833124 
729, 22273.22393491 
730, 22434.0787924954 
731, 22718.9990130871 
732, 23112.0039948093 
733, 23544.2010453603 
734, 23920.8121687313 
735, 24167.3482525833 
736, 24250.3239317995 
737, 24242.1609349111 
738, 24218.9821940397 
739, 24201.2794730322 
740, 24164.5661866535 
741, 24160.9614590911 
742, 24204.7977754275 
743, 24291.6579058731 
744, 24400.5660341662 
745, 24476.9158067553 
746, 24515.4070333772 
747, 24525.4303262238 
748, 24502.6050736097 
749, 24430.8808705731 
750, 24328.8814368793 
751, 24238.6868374455 
752, 24197.6160058526 
753, 24191.6977801949 
754, 24195.7857887224 
755, 24177.9880966552 
756, 24067.6304976438 
757, 23570.6900384018 
758, 22216.2820960283 
759, 19204.666095531 
760, 14758.1687259766 
761, 10380.0230090061 
762, 7897.58556872144 
763, 7848.4611463353 
764, 9117.28183608947 
765, 11130.9293324594 
766, 13813.0754361061 
767, 16757.7406720195 
768, 19330.2292220976 
769, 21134.7483304376 
770, 22158.876569477 
771, 22674.4789987051 
772, 22886.0133579491 
773, 22950.8284176489 
774, 22954.7456230745 
775, 22912.9443055871 
776, 22852.4407683572 
777, 22792.6496558592 
778, 22709.3206900618 
779, 22607.277449452 
780, 22503.7299633761 
781, 22420.5092920672 
782, 22330.3199523629 
783, 22220.7042556375 
784, 22093.0058909263 
785, 21965.324802812 
786, 21835.0851388472 
787, 21681.6118390227 
788, 21488.0052856934 
789, 21259.3116485908 
790, 21016.3570521806 
791, 20771.0043690337 
792, 20531.1169457952 
793, 20302.8863776171 
794, 20119.7924633888 
795, 19998.6791802521 
796, 19935.4476972713 
797, 19889.9987804455 
798, 19816.1122562842 
799, 19686.9464096308 
800, 19502.8146159555 
801, 19301.6113384154 
802, 19114.1929375192 
803, 18954.2243564145 
804, 18804.1670394996 
805, 18673.9963883851 
806, 18554.4673879705 
807, 18424.1327938757 
808, 18246.6175858095 
809, 18026.2700876186 
810, 17778.0671542738 
811, 17513.3236562051 
812, 17193.3561516317 
813, 16772.0129988416 
814, 16244.316860051 
815, 15653.6462154497 
816, 15109.6048498307 
817, 14686.1023811304 
818, 14430.3744129393 
819, 14360.9735290817 
820, 14351.6920084265 
821, 14310.132203965 
822, 14199.1140892419 
823, 14070.3299982165 
824, 13983.1699068074 
825, 13999.3638629857 
826, 14109.0207360792 
827, 14087.2773053934 
828, 13934.4178601147 
829, 13725.1977449434 
830, 13562.8965729887 
831, 13458.4731268382 
832, 13386.7456600347 
833, 13332.06446516 
834, 13291.7188885406 
835, 13277.6634589164 
836, 13275.1688085129 
837, 13259.439061123 
838, 13201.3553706376 
839, 13112.525465521 
840, 13002.7759984561 
841, 12879.9660043106 
842, 12747.7334659763 
843, 12612.0176966561 
844, 12477.7556506955 
845, 12347.002623937 
846, 12219.8320578053 
847, 12062.8779597598 
848, 11870.2399885114 
849, 11652.2009544889 
850, 11435.5943134338 
851, 11183.3039475036 
852, 10920.5318671437 
853, 10698.7386854193 
854, 10538.0046959665 
855, 10408.5187143457 
856, 10348.9589907639 
857, 10418.3927779127 
858, 10527.7627681998 
859, 10559.6736907745 
860, 10490.7366423227 
861, 10382.3377222666 
862, 10252.1524433503 
863, 10081.8032532213 
864, 9873.714909093 
865, 9659.41118345525 
866, 9455.86994129501 
867, 9283.0994208043 
868, 9171.05821620886 
869, 9159.21271111607 
870, 9185.3154770286 
871, 9181.1719463346 
872, 9114.04509044942 
873, 9013.78292502343 
874, 8904.53272558552 
875, 8795.27384625952 
876, 8687.88005039556 
877, 8581.09862562094 
878, 8476.80390604847 
879, 8375.16719234542 
880, 8274.23261848552 
881, 8167.66657041926 
882, 8062.21036602862 
883, 7962.97526477114 
884, 7871.29904959065 
885, 7780.17753784209 
886, 7681.10501280728 
887, 7575.91802310386 
888, 7470.56599505955 
889, 7366.88479714258 
890, 7264.69688569657 
891, 7149.44965642222 
892, 7003.5309875375 
893, 6827.41867068829 
894, 6622.36392751192 
895, 6393.59326138745 
896, 6150.16656636537 
897, 5903.82669583321 
898, 5673.38260287066 
899, 5482.87683860202 
900, 5353.22512624544 
901, 5282.18738364028 
902, 5252.78676892269 
903, 5243.126139494 
904, 5230.97542707826 
905, 5205.71423603474 
906, 5152.13492186168 
907, 5058.30429427142 
908, 4922.97570267449 
909, 4779.06350256606 
910, 4655.75456209929 
911, 4566.4423960254 
912, 4507.69461841978 
913, 4458.24948789304 
914, 4409.5292721934 
915, 4361.06261728243 
916, 4318.50657034335 
917, 4288.95284947505 
918, 4268.55799105848 
919, 4251.3849146105 
920, 4231.67055286868 
921, 4210.0336978148 
922, 4178.07544699852 
923, 4124.58467410119 
924, 4040.82913170605 
925, 3937.49091165583 
926, 3812.4700259975 
927, 3660.60749877642 
928, 3476.58801869412 
929, 3261.48559713186 
930, 3016.8209504318 
931, 2757.38664097944 
932, 2506.82108608323 
933, 2285.00326336293 
934, 2109.25760145301 
935, 1990.54514457932 
936, 1930.76282733039 
937, 1917.65492589107 
938, 1933.8953850983 
939, 1961.42443858784 
940, 1986.06135500659 
941, 2006.93428681042 
942, 2013.93519641446 
943, 1997.94175856647 
944, 1957.05294743982 
945, 1905.91798973611 
946, 1863.64540560614 
947, 1837.77864435898 
948, 1827.24578749795 
949, 1825.45786956094 
950, 1823.49627974242 
951, 1819.85388534108 
952, 1815.15000111427 
953, 1807.47647503376 
954, 1799.66845729928 
955, 1792.87707485037 
956, 1788.05834146015 
957, 1786.64247826543 
958, 1786.33297485299 
959, 1786.84471654611 
960, 1789.11465072865 
961, 1794.87049081917 
962, 1802.02860858716 
963, 1811.94569312041 
964, 1823.40248766968 
965, 1832.10191728883 
966, 1841.01480226668 
967, 1845.35626321664 
968, 1844.17188867977 
969, 1840.50247522077 
970, 1833.27840363521 
971, 1820.10678788576 
972, 1799.91184020342 
973, 1773.08257605142 
974, 1740.68809452576 
975, 1706.47948041651 
976, 1674.52229482559 
977, 1647.55889310717 
978, 1624.41099716848 
979, 1606.27643819343 
980, 1591.94810553392 
981, 1578.75732760938 
982, 1563.19142683517 
983, 1547.99211363577 
984, 1531.88947087988 
985, 1513.48789625815 
986, 1492.86232187601 
987, 1468.47250405408 
988, 1443.25985050926 
989, 1418.39812521954 
990, 1392.41938837809 
991, 1366.24749173512 
992, 1339.5672881798 
993, 1312.22587635733 
994, 1284.53946276465 
995, 1258.05106886682 
996, 1230.00097332173 
997, 1201.47652531324 
998, 1174.20915012751 
999, 1145.92730759436 
1000, 1118.34166048001 
1001, 7124.35379183705 
1002, 7120.18869602026 
1003, 7119.63909773068 
1004, 7124.55211304441 
1005, 7132.20871870764 
1006, 7147.66415317938 
1007, 7169.02199880506 
1008, 7195.47299082548 
1009, 7227.09999313918 
1010, 7271.64667660515 
1011, 7310.53963136141 
1012, 7350.00486170432 
1013, 7389.3946531442 
1014, 7430.9594041864 
1015, 7472.4747626462 
1016, 7519.56389136342 
1017, 7569.86471643352 
1018, 7617.70742166947 
1019, 7661.79023203561 
1020, 7704.70094000266 
1021, 7748.01396032448 
1022, 7793.15188983009 
1023, 7837.63678639611 
1024, 7891.37193802689 
1025, 7949.35524842084 
1026, 7998.18314080029 
1027, 8046.03455809299 
1028, 8093.69274704863 
1029, 8133.14911658594 
1030, 8176.66065705753 
1031, 8220.1661363755 
1032, 8250.14652643698 
1033, 8284.15230450019 
1034, 8319.92554053368 
1035, 8350.09677364646 
1036, 8378.66364337602 
1037, 8410.47715964466 
1038, 8432.16909811156 
1039, 8448.36805353317 
1040, 8464.8153592751 
1041, 8481.31386332336 
1042, 8500.48332134953 
1043, 8516.0100463822 
1044, 8529.01694200275 
1045, 8541.71780896022 
1046, 8551.39298976754 
1047, 8561.86921091431 
1048, 8569.57515528104 
1049, 8581.31156400773 
1050, 8600.5287745329 
1051, 8621.5005070144 
1052, 8637.50383656409 
1053, 8651.83146915503 
1054, 8658.58149708066 
1055, 8663.51385289206 
1056, 8678.29580531788 
1057, 8696.55382386318 
1058, 8721.34224836738 
1059, 8748.10824081122 
1060, 8779.45816060402 
1061, 8812.64122701516 
1062, 8857.33493188179 
1063, 8907.54382280006 
1064, 8966.07667995427 
1065, 9037.01041724652 
1066, 9104.8282450706 
1067, 9180.10750627792 
1068, 9265.60695166224 
1069, 9361.16893819673 
1070, 9466.81048211535 
1071, 9580.23939490906 
1072, 9696.5153534598 
1073, 9813.25278947189 
1074, 9938.86315039911 
1075, 10050.9329913184 
1076, 10161.9803393919 
1077, 10266.4239601367 
1078, 10352.3658880259 
1079, 10423.4806105012 
1080, 10480.3215165076 
1081, 10532.3401362525 
1082, 10586.2011208575 
1083, 10636.2136252262 
1084, 10687.7988923336 
1085, 10744.8888549636 
1086, 10796.105185751 
1087, 10847.8609747475 
1088, 10887.6369722724 
1089, 10926.516704007 
1090, 10948.7337183592 
1091, 10957.7398184948 
1092, 10961.5323280965 
1093, 10944.677276614 
1094, 10922.5188641354 
1095, 10889.0316357356 
1096, 10844.112736159 
1097, 10808.9768379632 
1098, 10770.1508390392 
1099, 10736.8812554148 
1100, 10712.8048805921 
1101, 10679.6385232506 
1102, 10649.1673870566 
1103, 10609.4271424992 
1104, 10572.8666150634 
1105, 10510.6988062922 
1106, 10441.5371589695 
1107, 10346.6034033029 
1108, 10209.506791428 
1109, 10033.2013252577 
1110, 9792.09566725615 
1111, 9495.40055006254 
1112, 9149.28619556422 
1113, 8727.10141536311 
1114, 8305.60117492872 
1115, 7812.66835131382 
1116, 7371.26661866741 
1117, 6888.98537490126 
1118, 6484.11966895427 
1119, 6115.59027825722 
1120, 5782.60789727839 
1121, 5505.51406513564 
1122, 5288.39336008229 
1123, 5130.93530959541 
1124, 5020.38872152689 
1125, 4968.51997334221 
1126, 4996.00391886874 
1127, 5027.11930665306 
1128, 5112.4225233668 
1129, 5196.70073717786 
1130, 5310.64669347156 
1131, 5421.46590536366 
1132, 5531.14219451492 
1133, 5671.78503773996 
1134, 5826.52130290458 
1135, 5990.65997822915 
1136, 6220.54174323989 
1137, 6453.02131275849 
1138, 6671.22623790059 
1139, 6878.23113013458 
1140, 7011.8897508356 
1141, 7102.37664706322 
1142, 7142.48860128612 
1143, 7098.86884242964 
1144, 7082.09519145123 
1145, 6974.01767722808 
1146, 6977.22348097636 
1147, 6992.50609235761 
1148, 7086.19452635368 
1149, 7256.99936491649 
1150, 7467.2632563161 
1151, 7745.53872916334 
1152, 8054.85695833488 
1153, 8378.5406466131 
1154, 8752.77817699822 
1155, 9113.04673217712 
1156, 9496.18540529129 
1157, 9857.79908168639 
1158, 10231.9424530634 
1159, 10576.4657820944 
1160, 10909.1086397651 
1161, 11217.7312626832 
1162, 11517.2048343322 
1163, 11784.3236732412 
1164, 12023.5983572783 
1165, 12240.8660052619 
1166, 12435.8118491359 
1167, 12601.8427149641 
1168, 12745.1589312401 
1169, 12866.6828412335 
1170, 12962.4809205029 
1171, 13027.9978160397 
1172, 13079.2036397296 
1173, 13103.2587835592 
1174, 13120.1425616513 
1175, 13117.2956260641 
1176, 13107.2092726757 
1177, 13076.7860966219 
1178, 13052.0705807881 
1179, 13015.5652429331 
1180, 12984.7727012428 
1181, 12948.513486626 
1182, 12928.0775977215 
1183, 12913.3553602513 
1184, 12893.1375234061 
1185, 12906.5452720943 
1186, 12938.8900071274 
1187, 12983.0672278128 
1188, 13053.8661015129 
1189, 13122.1933626153 
1190, 13216.3952307075 
1191, 13283.3666748224 
1192, 13362.4752088973 
1193, 13405.9975663095 
1194, 13430.2882376934 
1195, 13429.5409567035 
1196, 13398.9722416408 
1197, 13350.9716647867 
1198, 13297.8593191367 
1199, 13212.1367734181 
1200, 13158.1330287225 
1201, 13099.8822864952 
1202, 13066.6936012285 
1203, 13041.5368597196 
1204, 13044.0779880704 
1205, 13073.3429595824 
1206, 13105.5869055228 
1207, 13164.2565074578 
1208, 13218.2486327906 
1209, 13277.1475571461 
1210, 13337.3016047286 
1211, 13408.060222284 
1212, 13471.7053096739 
1213, 13532.9780364983 
1214, 13596.2984908259 
1215, 13645.1565763118 
1216, 13688.2382055019 
1217, 13722.355192903 
1218, 13745.4480401651 
1219, 13765.1653012688 
1220, 13776.4393525659 
1221, 13787.0103089909 
1222, 13786.1830248788 
1223, 13794.886857935 
1224, 13803.0420972513 
1225, 13816.5853610742 
1226, 13839.9276669544 
1227, 13858.6650919517 
1228, 13882.1557743229 
1229, 13898.9738199196 
1230, 13912.0161334012 
1231, 13920.9564880077 
1232, 13928.3963907065 
1233, 13936.4712672666 
1234, 13930.642738174 
1235, 13922.3735142148 
1236, 13900.1337974325 
1237, 13858.0737164738 
1238, 13822.6146438585 
1239, 13784.4408289916 
1240, 13740.3894446001 
1241, 13694.7300389692 
1242, 13644.2571364835 
1243, 13581.189666599 
1244, 13523.8223488563 
1245, 13471.1720667746 
1246, 13412.2698005288 
1247, 13349.9792934806 
1248, 13291.2057959215 
1249, 13216.8676984317 
1250, 13137.8545480903 
1251, 13041.0903630491 
1252, 12935.6213097921 
1253, 12812.2283328186 
1254, 12676.4855647484 
1255, 12519.3969495071 
1256, 12348.7251574917 
1257, 12154.9083387492 
1258, 11932.9448888513 
1259, 11703.7485252212 
1260, 11444.2197609607 
1261, 11194.1064201716 
1262, 10925.706088991 
1263, 10668.9063693435 
1264, 10451.9057753245 
1265, 10230.7647866489 
1266, 10095.5824892967 
1267, 9996.12978562201 
1268, 9975.78177985306 
1269, 10022.5939885308 
1270, 10118.7663927428 
1271, 10303.7415689551 
1272, 10483.8488316996 
1273, 10733.6924125358 
1274, 10944.0646537185 
1275, 11177.7779361794 
1276, 11368.5323660311 
1277, 11538.9843147182 
1278, 11687.8363037999 
1279, 11810.3268205446 
1280, 11908.7281786715 
1281, 12002.5216478506 
1282, 12088.3182256784 
1283, 12174.85385072 
1284, 12255.0888737784 
1285, 12338.7935151726 
1286, 12425.3302258592 
1287, 12501.5155791557 
1288, 12581.0513229288 
1289, 12641.2712994743 
1290, 12690.5082262886 
1291, 12727.3873931735 
1292, 12754.2437250315 
1293, 12765.4144132296 
1294, 12756.6566292308 
1295, 12747.1723046308 
1296, 12721.2502102175 
1297, 12697.9539067165 
1298, 12673.8999272277 
1299, 12648.7571002656 
1300, 12615.8145360558 
1301, 12577.3224891841 
1302, 12530.8895455328 
1303, 12473.9011225379 
1304, 12420.5083289585 
1305, 12364.0770322589 
1306, 12303.6341413565 
1307, 12243.984945763 
1308, 12176.6384176736 
1309, 12097.7585653451 
1310, 12023.8099486538 
1311, 11946.9533388005 
1312, 11872.7181702977 
1313, 11798.0385037358 
1314, 11728.7168978628 
1315, 11655.745390913 
1316, 11595.3714518874 
1317, 11543.1797368407 
1318, 11498.6526330486 
1319, 11460.5183900173 
1320, 11424.4653731406 
1321, 11380.0062641609 
1322, 11321.5201321024 
1323, 11236.9288954226 
1324, 11141.8322151437 
1325, 11008.2145347858 
1326, 10837.5184783369 
1327, 10660.7889405755 
1328, 10441.3691601309 
1329, 10247.509864136 
1330, 10027.4330457716 
1331, 9860.82097037868 
1332, 9706.60707319272 
1333, 9596.33209390468 
1334, 9547.64569819414 
1335, 9492.264430572 
1336, 9472.3096080082 
1337, 9447.11599915481 
1338, 9404.56736981905 
1339, 9316.2292271131 
1340, 9179.52014355101 
1341, 8977.84400278455 
1342, 8686.11879207932 
1343, 8320.97099130267 
1344, 7882.52934194933 
1345, 7344.05748651843 
1346, 6777.02743879267 
1347, 6118.40360232884 
1348, 5486.85128816715 
1349, 4790.31947438659 
1350, 4162.04830063575 
1351, 3523.70234743155 
1352, 2962.96218046031 
1353, 2433.32615833763 
1354, 1972.91501186828 
1355, 1574.2761245272 
1356, 1233.16037653291 
1357, 946.426384153844 
1358, 730.029448644894 
1359, 564.232144248122 
1360, 435.564006815182 
1361, 345.424092873315 
1362, 278.892027457426 
1363, 233.220180371142 
1364, 204.071535483077 
1365, 181.549651856553 
1366, 173.882377431448 
1367, 172.261428234543 
1368, 180.159845899009 
1369, 195.224464869155 
1370, 221.680312484627 
1371, 252.552734742324 
1372, 296.056874913731 
1373, 334.22791667096 
1374, 382.147693803816 
1375, 416.184355255212 
1376, 452.055797851335 
1377, 467.707998407052 
1378, 471.254686029541 
1379, 461.101733732257 
1380, 438.218347063319 
1381, 411.28400541251 
1382, 394.858168021483 
1383, 396.549560735456 
1384, 413.653830972054 
1385, 445.392480940576 
1386, 487.54556241549 
1387, 537.701247491635 
1388, 587.659167819006 
1389, 652.342556608171 
1390, 697.533425202641 
1391, 739.811452344298 
1392, 769.35084195732 
1393, 777.88528706253 
1394, 798.394045378105 
1395, 815.522695229238 
1396, 838.755446815806 
1397, 866.310682324828 
1398, 897.30333489993 
1399, 929.124487891049 
1400, 966.001798293165 
1401, 1008.05802338527 
1402, 1053.95926422689 
1403, 1101.36201604112 
1404, 1155.52901707549 
1405, 1218.14393077432 
1406, 1288.38923690926 
1407, 1361.84365109863 
1408, 1443.21068321621 
1409, 1537.34039941918 
1410, 1642.60295274125 
1411, 1758.50842651587 
1412, 1899.64011325323 
1413, 2022.08587922277 
1414, 2150.17534353409 
1415, 2262.69999643788 
1416, 2361.96540671094 
1417, 2462.71776739159 
1418, 2557.42632169522 
1419, 2650.95766303728 
1420, 2745.68635708156 
1421, 2834.38493765574 
1422, 2926.31235164382 
1423, 2998.23846275464 
1424, 3069.57099547504 
1425, 3111.65955243521 
1426, 3134.89468583371 
1427, 3135.89085947819 
1428, 3112.15947172254 
1429, 3071.45472645478 
1430, 3013.43204331175 
1431, 2939.03684062224 
1432, 2862.10369349825 
1433, 2783.71079419515 
1434, 2712.65878531887 
1435, 2653.7536717417 
1436, 2605.61251233314 
1437, 2573.74206137109 
1438, 2548.61703874311 
1439, 2537.48642426328 
1440, 2527.78354802176 
1441, 2529.64376701226 
1442, 2526.36960728746 
1443, 2527.44575469276 
1444, 2522.70237737675 
1445, 2514.71092839045 
1446, 2506.44116846965 
1447, 2493.43693105942 
1448, 2485.50881520122 
1449, 2479.61089332336 
1450, 2474.47729768776 
1451, 2470.05426738434 
1452, 2470.74751824352 
1453, 2476.92320611784 
1454, 2479.04367371676 
1455, 2489.88640533413 
1456, 2490.71191410735 
1457, 2470.74916895701 
1458, 2438.46764617542 
1459, 2387.6899512352 
1460, 2313.59626645649 
1461, 2227.78028715107 
1462, 2129.11533614493 
1463, 2018.99839889362 
1464, 1904.33265021908 
1465, 1802.64938331509 
1466, 1702.06069524602 
1467, 1612.47998880739 
1468, 1529.09375702545 
1469, 1460.53780401316 
1470, 1397.37371712904 
1471, 1352.71471411841 
1472, 1329.11052764619 
1473, 1305.4308662713 
1474, 1295.77679418521 
1475, 1285.68246833384 
1476, 1279.23935958238 
1477, 1274.37715645641 
1478, 1276.72294751578 
1479, 1274.0625897242 
1480, 1268.9457098549 
1481, 1268.32596670283 
1482, 1266.82852203219 
1483, 1267.07169987719 
1484, 1270.60267183601 
1485, 1275.98191284613 
1486, 1278.38635176869 
1487, 1290.75385680076 
1488, 1307.75417661969 
1489, 1328.59306317693 
1490, 1354.4337856901 
1491, 1377.8399397553 
1492, 1398.78891357727 
1493, 1416.19346594274 
1494, 1433.66338800908 
1495, 1449.37371998809 
1496, 1470.84092883038 
1497, 1490.99422286583 
1498, 1501.28047740859 
1499, 1506.38825747141 
1500, 1511.10349162637 
1501, 1503.40213335209 
1502, 1508.79844728865 
1503, 1520.23037636405 
1504, 1531.84756390983 
1505, 1548.93032464963 
1506, 1562.16584278229 
1507, 1574.68991683875 
1508, 1588.22980621021 
1509, 1600.47959718223 
1510, 1614.8696696883 
1511, 1630.81905875622 
1512, 1646.89053391032 
1513, 1665.95093717876 
1514, 1681.79276871186 
1515, 1698.26376106391 
1516, 1710.67066830367 
1517, 1716.4883881908 
1518, 1726.50651772879 
1519, 1736.42283915618 
1520, 1746.68297204961 
1521, 1759.64072572532 
1522, 1772.44463870488 
1523, 1777.27091048886 
1524, 1787.73262240417 
1525, 1801.28441927531 
1526, 1806.69176705647 
1527, 1814.4825084827 
1528, 1821.15388310175 
1529, 1827.94551317453 
1530, 1837.11891883619 
1531, 1842.20566479219 
1532, 1846.71184245827 
1533, 1852.2170688687 
1534, 1860.09058499842 
1535, 1868.63324905203 
1536, 1882.9204570721 
1537, 1893.88347978388 
1538, 1901.73026991953 
1539, 1911.68686650025 
1540, 1922.56323145494 
1541, 1935.72455326311 
1542, 1950.61525674474 
1543, 1963.59632612744 
1544, 1978.73464205545 
1545, 1991.75871682196 
1546, 2000.3757345629 
1547, 2014.98955514219 
1548, 2032.65129224297 
1549, 2048.07598585484 
1550, 2068.43670342357 
1551, 2080.53595146751 
1552, 2086.68274115832 
1553, 2095.73869609962 
1554, 2098.90653625978 
1555, 2109.09342828607 
1556, 2123.67573805235 
1557, 2137.86910108631 
1558, 2156.81571369991 
1559, 2172.42975912507 
1560, 2189.48657561363 
1561, 2201.90094194787 
1562, 2210.32470058519 
1563, 2218.64231603477 
1564, 2224.95283351942 
1565, 2228.48097498573 
1566, 2230.15649929772 
1567, 2231.06717491068 
1568, 2230.88285439752 
1569, 2226.58952964651 
1570, 2219.75186857028 
1571, 2215.15943238473 
1572, 2204.56859423611 
1573, 2201.27655435614 
1574, 2204.47327277483 
1575, 2214.86105813984 
1576, 2236.28150896823 
1577, 2258.6413740383 
1578, 2286.42071912314 
1579, 2317.53825240448 
1580, 2353.54179005975 
1581, 2395.35032386426 
1582, 2434.94295833438 
1583, 2481.99981680784 
1584, 2516.10719951133 
1585, 2543.74653159238 
1586, 2571.84399735635 
1587, 2594.57961332676 
1588, 2617.45409285255 
1589, 2641.51876718943 
1590, 2660.11582347285 
1591, 2674.79513501692 
1592, 2687.97895002313 
1593, 2697.43048552126 
1594, 2707.78189684806 
1595, 2720.8029067393 
1596, 2722.39791081597 
1597, 2718.88957230566 
1598, 2713.27121531438 
1599, 2697.56233563623 
1600, 2685.38434310216 
1601, 2673.4310013179 
1602, 2662.01144396725 
1603, 2644.0724259354 
1604, 2638.21738653744 
1605, 2636.90923432414 
1606, 2642.11167793134 
1607, 2657.7523012324 
1608, 2672.07351374906 
1609, 2691.65292489132 
1610, 2709.29395792321 
1611, 2725.25097889574 
1612, 2745.86323151943 
1613, 2770.11234768878 
1614, 2792.47493731794 
1615, 2822.33884554638 
1616, 2842.15195706851 
1617, 2853.41629561736 
1618, 2867.66753210235 
1619, 2878.42025106701 
1620, 2888.6453659938 
1621, 2902.84150236508 
1622, 2910.45375404949 
1623, 2910.9724661126 
1624, 2914.43367942026 
1625, 2916.51228442997 
1626, 2918.01687386445 
1627, 2923.92380689279 
1628, 2922.70644771726 
1629, 2915.30702624454 
1630, 2908.38988397734 
1631, 2896.19377460071 
1632, 2886.38202171554 
1633, 2881.45793050668 
1634, 2870.49207308174 
1635, 2855.22139964081 
1636, 2841.24566929174 
1637, 2822.19005465264 
1638, 2805.98655387892 
1639, 2790.49355847657 
1640, 2778.84923887682 
1641, 2767.95378029306 
1642, 2761.50691398966 
1643, 2761.71852087794 
1644, 2761.76099450168 
1645, 2762.17354589688 
1646, 2766.80995843061 
1647, 2777.64675381813 
1648, 2784.6331676212 
1649, 2791.6178178977 
1650, 2800.18610999144 
1651, 2807.70687836214 
1652, 2813.13079488843 
1653, 2822.24948230572 
1654, 2835.86188362432 
1655, 2844.86844425761 
1656, 2852.62241761303 
1657, 2859.84638394405 
1658, 2866.84915620019 
1659, 2870.27142333666 
1660, 2872.96882449484 
1661, 2870.49304189966 
1662, 2862.96692634382 
1663, 2857.76730238209 
1664, 2850.74580546909 
1665, 2842.78471104468 
1666, 2833.64672904899 
1667, 2828.49339938665 
1668, 2820.87588562116 
1669, 2821.49496922164 
1670, 2827.99761112588 
1671, 2836.02564498814 
1672, 2849.40257766808 
1673, 2857.93930055888 
1674, 2869.74319833977 
1675, 2872.95695344716 
1676, 2870.97598372455 
1677, 2868.27388057104 
1678, 2860.70890438727 
1679, 2855.8436680832 
1680, 2849.95462583 
1681, 2846.11708903053 
1682, 2840.8336743799 
1683, 2843.46017710352 
1684, 2850.71514787094 
1685, 2856.70126326394 
1686, 2868.52943114083 
1687, 2874.68023937294 
1688, 2877.63138587414 
1689, 2881.11609239799 
1690, 2884.70381690912 
1691, 2886.0513764182 
1692, 2885.73302247045 
1693, 2885.09662480672 
1694, 2883.77839794845 
1695, 2879.32289035846 
1696, 2872.22965206642 
1697, 2868.80538743796 
1698, 2864.65459030725 
1699, 2860.36559789174 
1700, 2859.19227160672 
1701, 2854.13271600626 
1702, 2845.30456939469 
1703, 2838.54211305095 
1704, 2832.98544512731 
1705, 2824.35730784631 
1706, 2812.48083937329 
1707, 2806.8123356818 
1708, 2801.445567028 
1709, 2798.99478857075 
1710, 2802.78892605146 
1711, 2800.73295361904 
1712, 2796.01427111985 
1713, 2795.74744303701 
1714, 2795.41078967204 
1715, 2799.10427275106 
1716, 2802.44840854039 
1717, 2800.08231784538 
1718, 2795.52614491155 
1719, 2784.63404933247 
1720, 2773.592438059 
1721, 2761.45651899252 
1722, 2745.74899784196 
1723, 2731.54874352261 
1724, 2716.73435208637 
1725, 2704.71419146971 
1726, 2696.66491300398 
1727, 2688.6817960001 
1728, 2681.14955063839 
1729, 2666.9256344861 
1730, 2649.06513065863 
1731, 2632.37775569958 
1732, 2612.47303996346 
1733, 2600.05652031232 
1734, 2595.07580121971 
1735, 2588.44233754538 
1736, 2588.63955813386 
1737, 2590.43126411343 
1738, 2583.72400715481 
1739, 2581.83807933382 
1740, 2578.50153024439 
1741, 2568.68552914921 
1742, 2564.18906289689 
1743, 2560.95597636004 
1744, 2555.10696503588 
1745, 2553.82302093951 
1746, 2553.15744216255 
1747, 2547.56632247612 
1748, 2543.5270495285 
1749, 2538.79103684329 
1750, 2531.71597550476 
1751, 2525.95295591742 
1752, 2525.80622347351 
1753, 2528.35524149815 
1754, 2527.00493441068 
1755, 2523.47687241399 
1756, 2512.19550725494 
1757, 2491.99721207853 
1758, 2472.26310822918 
1759, 2454.19042022785 
1760, 2438.18550029261 
1761, 2427.80029506037 
1762, 2416.92738469675 
1763, 2402.48446118526 
1764, 2384.59042726814 
1765, 2354.20547060797 
1766, 2333.8112672275 
1767, 2317.98475306677 
1768, 2301.74374088916 
1769, 2294.22719937294 
1770, 2279.24158124599 
1771, 2262.29451273587 
1772, 2240.86890834297 
1773, 2215.85643973147 
1774, 2186.76692093248 
1775, 2150.35725380645 
1776, 2115.76361325073 
1777, 2075.21341948613 
1778, 2040.2049780827 
1779, 2006.53889610307 
1780, 1979.06527492528 
1781, 1956.7663551204 
1782, 1936.88071952255 
1783, 1926.05961128913 
1784, 1907.58382407884 
1785, 1884.28855909285 
1786, 1864.10411178986 
1787, 1847.55176507478 
1788, 1818.34974821595 
1789, 1791.08347323885 
1790, 1751.82002204263 
1791, 1695.57146668769 
1792, 1645.11314381044 
1793, 1591.70094221398 
1794, 1536.8008404702 
1795, 1483.40013427114 
1796, 1421.39254125839 
1797, 1354.69400172142 
1798, 1288.89577118747 
1799, 1216.55088759127 
1800, 1136.46349683429 
1801, 6601.02701474221 
1802, 6295.05397432515 
1803, 6029.66861460194 
1804, 5804.59119306644 
1805, 5629.10339752128 
1806, 5487.70192098649 
1807, 5365.74942453118 
1808, 5206.88632453368 
1809, 5088.81031325447 
1810, 4894.58292123981 
1811, 4623.74822118082 
1812, 4385.99184248302 
1813, 4132.04746593626 
1814, 3875.32874675036 
1815, 3644.82276307453 
1816, 3422.69660944838 
1817, 3221.78830420432 
1818, 3038.12436679677 
1819, 2875.55146294604 
1820, 2747.1342403474 
1821, 2613.61530062425 
1822, 2500.9008441945 
1823, 2385.94306514321 
1824, 2253.32901336709 
1825, 2090.94834305667 
1826, 1906.96367127362 
1827, 1708.30207983601 
1828, 1513.383322403 
1829, 1299.47580496772 
1830, 1113.59165669821 
1831, 932.33906806011 
1832, 757.237948914639 
1833, 604.925813266442 
1834, 478.447400963807 
1835, 366.68706610559 
1836, 295.143228206854 
1837, 261.684213218218 
1838, 212.027778022257 
1839, 183.115803107838 
1840, 175.298563514887 
1841, 175.85470848367 
1842, 182.603252289426 
1843, 212.079222024584 
1844, 260.052316675329 
1845, 298.471303697144 
1846, 332.227743367011 
1847, 362.383158536817 
1848, 377.001409500285 
1849, 370.032681803808 
1850, 360.381286890233 
1851, 335.145561275576 
1852, 323.533218693855 
1853, 294.110978713346 
1854, 257.344335623586 
1855, 234.471462972932 
1856, 216.438069143422 
1857, 222.709750810348 
1858, 251.810358640298 
1859, 287.560146941387 
1860, 341.148891005766 
1861, 403.260580386225 
1862, 462.111248883922 
1863, 510.973567793988 
1864, 549.248588885153 
1865, 544.003493005274 
1866, 500.714134431236 
1867, 442.896945583217 
1868, 375.214367461307 
1869, 313.445504295632 
1870, 267.761791633573 
1871, 233.419303163818 
1872, 208.351794204539 
1873, 190.996605661445 
1874, 183.762108078859 
1875, 187.139091092421 
1876, 207.136029023971 
1877, 227.185749458446 
1878, 283.027381275352 
1879, 369.131342724993 
1880, 440.668420968961 
1881, 519.334386238854 
1882, 617.671844059632 
1883, 699.687631415647 
1884, 744.012621405487 
1885, 778.401320840303 
1886, 788.673629010905 
1887, 782.900017107205 
1888, 780.849348675462 
1889, 764.152762978585 
1890, 738.610640434198 
1891, 708.96682774641 
1892, 668.71962753628 
1893, 608.922429362031 
1894, 564.1991866303 
1895, 542.785586792134 
1896, 513.206595674975 
1897, 478.011013494697 
1898, 437.640859514383 
1899, 376.893235549393 
1900, 327.168010714696 
1901, 272.754517760633 
1902, 230.659729537801 
1903, 188.047902625943 
1904, 165.651824397775 
1905, 160.107242471395 
1906, 157.881070161536 
1907, 173.77239062293 
1908, 209.758515199797 
1909, 223.597654085147 
1910, 229.141252149015 
1911, 235.887950013359 
1912, 221.778906000616 
1913, 227.221010097897 
1914, 238.525527658816 
1915, 259.61983645208 
1916, 300.807898981414 
1917, 347.254665374305 
1918, 386.479226530081 
1919, 434.285517721778 
1920, 480.212257377633 
1921, 515.107897980185 
1922, 536.042276310262 
1923, 553.358744999535 
1924, 562.388041797956 
1925, 550.366699929303 
1926, 538.504200492719 
1927, 544.614955670555 
1928, 529.222814465439 
1929, 523.291852160248 
1930, 512.361831926541 
1931, 507.821472896727 
1932, 521.037943957819 
1933, 534.172031047416 
1934, 566.764668895351 
1935, 586.172232770007 
1936, 608.630797159808 
1937, 613.093603581112 
1938, 612.7932597707 
1939, 598.850420076002 
1940, 573.408995093219 
1941, 564.22812343277 
1942, 555.416554420442 
1943, 544.526734033161 
1944, 551.58182635442 
1945, 582.34119701653 
1946, 587.163883702262 
1947, 601.829515441001 
1948, 600.655876141861 
1949, 574.541264797253 
1950, 553.450692647124 
1951, 547.520344410985 
1952, 523.431224369766 
1953, 500.933747488278 
1954, 483.165017219448 
1955, 453.928316363362 
1956, 405.342056310295 
1957, 378.677083719982 
1958, 348.383581511209 
1959, 334.361512153843 
1960, 337.649801222246 
1961, 340.281439575312 
1962, 353.952249123386 
1963, 372.547017417649 
1964, 389.941945141284 
1965, 451.848695389807 
1966, 505.206251045362 
1967, 581.80820409448 
1968, 631.265848559494 
1969, 674.321032442761 
1970, 711.466615931459 
1971, 738.388118170821 
1972, 762.149449065557 
1973, 785.880898644295 
1974, 797.217327803369 
1975, 809.3107453528 
1976, 815.340373451765 
1977, 836.606707664152 
1978, 872.056252232434 
1979, 895.24986549612 
1980, 923.422429457248 
1981, 940.878839350025 
1982, 941.71697148734 
1983, 952.527319631592 
1984, 970.921243147393 
1985, 978.059257324942 
1986, 978.030547575988 
1987, 987.200102361059 
1988, 993.372847790761 
1989, 981.688203979055 
1990, 966.894470073485 
1991, 954.9051373952 
1992, 925.890529591992 
1993, 880.199527905049 
1994, 832.882358407716 
1995, 778.224658381287 
1996, 719.630029615436 
1997, 655.422908088928 
1998, 584.655664238931 
1999, 502.596968377389 
2000, 412.816454640844 
2001, 328.851871067903 
2002, 252.259642316741 
2003, 202.33335299182 
2004, 174.608059644587 
2005, 152.834635943192 
2006, 152.274063534241 
2007, 153.912460265103 
2008, 180.375885073185 
2009, 186.48267379651 
2010, 189.87789064512 
2011, 186.721314814155 
2012, 181.059683864175 
2013, 182.611820206434 
2014, 195.504595932835 
2015, 224.786637483891 
2016, 249.602734492588 
2017, 268.77731769554 
2018, 308.33056366502 
2019, 359.133675051672 
2020, 414.969942087231 
2021, 499.316080818456 
2022, 563.292361042038 
2023, 618.006139744894 
2024, 677.316637649455 
2025, 745.173689621484 
2026, 780.105025424329 
2027, 831.582278190788 
2028, 892.69869513234 
2029, 941.204139141342 
2030, 990.988552495879 
2031, 1025.67494691877 
2032, 1045.88577422237 
2033, 1067.3831156253 
2034, 1080.03712415468 
2035, 1090.41873477383 
2036, 1101.59922375814 
2037, 1106.62411527865 
2038, 1101.40730793591 
2039, 1095.48020288824 
2040, 1094.95115823815 
2041, 1094.24934447161 
2042, 1098.06571868552 
2043, 1117.69220197626 
2044, 1109.63425304727 
2045, 1095.31582777543 
2046, 1070.31265709717 
2047, 1015.48266066754 
2048, 977.178768223513 
2049, 939.45729107378 
2050, 905.249489337506 
2051, 878.18878300247 
2052, 853.621982526617 
2053, 807.201764322355 
2054, 758.350096555974 
2055, 734.882939908826 
2056, 704.712352974624 
2057, 706.382261286161 
2058, 751.080284657899 
2059, 772.71164506541 
2060, 801.414929702134 
2061, 824.029854348312 
2062, 839.570204924976 
2063, 860.326370402378 
2064, 888.174964982048 
2065, 905.097277751482 
2066, 917.179311704871 
2067, 924.859390619273 
2068, 941.773464508318 
2069, 944.913493586324 
2070, 979.312203889668 
2071, 1034.072553633 
2072, 1090.15086609767 
2073, 1172.50296167764 
2074, 1231.89021831397 
2075, 1295.59564458482 
2076, 1338.38335871372 
2077, 1346.96948076473 
2078, 1380.5288740026 
2079, 1409.02488700652 
2080, 1451.30455873175 
2081, 1518.93622445734 
2082, 1585.33513222688 
2083, 1630.81548019666 
2084, 1674.25425421405 
2085, 1702.68167605074 
2086, 1700.21776456662 
2087, 1729.88008692779 
2088, 1766.99636127748 
2089, 1799.69046701329 
2090, 1843.21383851585 
2091, 1882.76308141529 
2092, 1911.06659091552 
2093, 1951.82547260114 
2094, 2009.18315416005 
2095, 2056.87615854284 
2096, 2102.86480384067 
2097, 2150.00481555121 
2098, 2190.86990335313 
2099, 2226.55927217985 
2100, 2261.00062891497 
2101, 2287.06978736973 
2102, 2324.24931106883 
2103, 2368.30287341762 
2104, 2401.94641867319 
2105, 2432.5839421769 
2106, 2471.70444696461 
2107, 2507.58362078495 
2108, 2544.51511118722 
2109, 2592.14273516313 
2110, 2634.6750208313 
2111, 2673.69230665054 
2112, 2704.87308486106 
2113, 2738.47229141711 
2114, 2799.80293123706 
2115, 2848.96086413664 
2116, 2902.49426743621 
2117, 2952.42711597422 
2118, 3000.73535551805 
2119, 3047.92863672453 
2120, 3099.98899351621 
2121, 3138.74170820534 
2122, 3163.52707104896 
2123, 3201.47990495562 
2124, 3225.39757079083 
2125, 3271.39795198719 
2126, 3343.52739157576 
2127, 3407.02326175566 
2128, 3468.55843908106 
2129, 3544.39733919237 
2130, 3622.21292253051 
2131, 3704.52266521952 
2132, 3777.76972557284 
2133, 3860.57262875826 
2134, 3927.21796834745 
2135, 3983.989492467 
2136, 4029.11988316205 
2137, 4063.39817588152 
2138, 4099.54400661363 
2139, 4105.216956673 
2140, 4147.48316301982 
2141, 4219.61981863331 
2142, 4275.38878467072 
2143, 4354.40206641497 
2144, 4406.96878863276 
2145, 4443.6853178213 
2146, 4458.30761904758 
2147, 4478.90077200059 
2148, 4511.71083283023 
2149, 4553.05833874827 
2150, 4611.14098467322 
2151, 4656.6564193656 
2152, 4702.02519309046 
2153, 4750.91370880381 
2154, 4792.47018932028 
2155, 4845.74955427583 
2156, 4920.26652781579 
2157, 4971.41415045675 
2158, 5022.97439870779 
2159, 5061.66894268281 
2160, 5078.97425608057 
2161, 5101.22207694371 
2162, 5113.88799705056 
2163, 5131.43386870826 
2164, 5141.75183170176 
2165, 5163.82744351493 
2166, 5202.27910822724 
2167, 5247.83258790708 
2168, 5308.47881293714 
2169, 5395.21385926949 
2170, 5465.92859956737 
2171, 5546.65614852803 
2172, 5610.93902201886 
2173, 5668.156608505 
2174, 5718.07144672108 
2175, 5756.94045368792 
2176, 5795.8514214411 
2177, 5826.44122561283 
2178, 5861.32064581062 
2179, 5889.77089309054 
2180, 5927.56893702217 
2181, 5971.02001668699 
2182, 6015.63224847633 
2183, 6062.60477195111 
2184, 6118.31914251983 
2185, 6180.41340953357 
2186, 6223.92918166066 
2187, 6275.6585983872 
2188, 6331.9229610005 
2189, 6379.13492781012 
2190, 6427.29892110855 
2191, 6462.26271191454 
2192, 6497.75006723104 
2193, 6507.14347732119 
2194, 6498.30798160724 
2195, 6482.61065306459 
2196, 6445.22726175369 
2197, 6408.40607815405 
2198, 6349.81976962723 
2199, 6314.00483271129 
2200, 6265.11430312349 
2201, 6251.72636495081 
2202, 6255.53485873614 
2203, 6292.05593070564 
2204, 6366.19204876191 
2205, 6450.4531919919 
2206, 6563.95132058728 
2207, 6667.44110365333 
2208, 6752.18607870204 
2209, 6829.19422674321 
2210, 6896.49309980769 
2211, 6957.78084715656 
2212, 6991.42368694194 
2213, 7001.01687289604 
2214, 7020.97681169515 
2215, 7018.47552868379 
2216, 7027.46557695902 
2217, 7051.36356722765 
2218, 7063.49304668965 
2219, 7064.58493186984 
2220, 7069.13466935897 
2221, 7079.05753627348 
2222, 7081.09267731008 
2223, 7075.7892484795 
2224, 7073.026748838 
2225, 7077.90888875483 
2226, 7064.07843113271 
2227, 7042.10980015078 
2228, 7008.25918762338 
2229, 6984.22230775922 
2230, 6956.32862700472 
2231, 6929.49870014641 
2232, 6919.31661481873 
2233, 6887.10705706939 
2234, 6834.67613253701 
2235, 6795.19928644165 
2236, 6745.56839304283 
2237, 6721.87033332334 
2238, 6722.30450149464 
2239, 6701.25989480512 
2240, 6697.51378084865 
2241, 6664.60045999519 
2242, 6592.07012791386 
2243, 6546.39992908614 
2244, 6502.97644053261 
2245, 6459.71271300382 
2246, 6421.94709214088 
2247, 6388.42716884436 
2248, 6365.10413303435 
2249, 6327.66010743997 
2250, 6293.3875181099 
2251, 6253.75071436114 
2252, 6200.79294759562 
2253, 6138.3174118625 
2254, 6102.53258394331 
2255, 6048.09679247837 
2256, 5985.85683467018 
2257, 5919.96895532151 
2258, 5836.95526507759 
2259, 5720.58769795592 
2260, 5648.08909764497 
2261, 5580.17107894526 
2262, 5522.0403769744 
2263, 5494.28986252455 
2264, 5447.8569372648 
2265, 5397.73246482965 
2266, 5348.30743501674 
2267, 5290.12390380643 
2268, 5248.79009984655 
2269, 5222.31495243599 
2270, 5176.88469877471 
2271, 5139.7360808171 
2272, 5088.32202646258 
2273, 5009.04392399634 
2274, 4944.16640196761 
2275, 4883.14283925124 
2276, 4822.15834499169 
2277, 4764.14310205878 
2278, 4707.22369938343 
2279, 4651.13628218852 
2280, 4594.06749632946 
2281, 4550.38140756095 
2282, 4480.46996666407 
2283, 4401.89722306353 
2284, 4339.70324106447 
2285, 4258.63079776473 
2286, 4195.70523831462 
2287, 4152.66641964275 
2288, 4092.88519526133 
2289, 4027.23369528522 
2290, 3957.73942819046 
2291, 3888.23714130727 
2292, 3807.0611586168 
2293, 3735.20730656031 
2294, 3671.92347644743 
2295, 3602.80561046904 
2296, 3524.86131462476 
2297, 3462.46713123249 
2298, 3404.62207493156 
2299, 3353.70375046401 
2300, 3316.38867578817 
2301, 3268.10774267278 
2302, 3214.85693849959 
2303, 3174.85620934987 
2304, 3128.77250013811 
2305, 3105.07406702138 
2306, 3107.37811904445 
2307, 3098.66090447375 
2308, 3118.13159836856 
2309, 3096.92842120377 
2310, 3053.09364841832 
2311, 3001.57777764254 
2312, 2917.94087409599 
2313, 2842.61985389391 
2314, 2771.92576158964 
2315, 2689.10475414157 
2316, 2595.53917945565 
2317, 2492.24113450741 
2318, 2380.76905922919 
2319, 2297.87096971745 
2320, 2263.92244455847 
2321, 2249.89298711134 
2322, 2273.10027505097 
2323, 2306.79311838357 
2324, 2296.98310357985 
2325, 2284.21245064336 
2326, 2278.07305359123 
2327, 2248.17435170819 
2328, 2225.59125596649 
2329, 2217.05514343032 
2330, 2186.24668509024 
2331, 2139.54654179631 
2332, 2097.18603068092 
2333, 2040.96859208977 
2334, 2012.92358277925 
2335, 1997.69858997432 
2336, 1964.83444339438 
2337, 1949.59734929884 
2338, 1910.5872349592 
2339, 1847.89065750732 
2340, 1785.34613534896 
2341, 1709.7376414596 
2342, 1649.36142855196 
2343, 1579.40018236907 
2344, 1535.33824616044 
2345, 1516.90756019196 
2346, 1490.19634706007 
2347, 1465.16620880291 
2348, 1446.55783374848 
2349, 1447.89701455068 
2350, 1422.47169248891 
2351, 1389.24653952744 
2352, 1354.76360886535 
2353, 1277.27044177608 
2354, 1248.45676525391 
2355, 1258.42677427464 
2356, 1252.84090853195 
2357, 1262.47848440087 
2358, 1271.03863137694 
2359, 1273.40834813822 
2360, 1273.53240051765 
2361, 1286.32538599401 
2362, 1284.37399651437 
2363, 1272.63687409347 
2364, 1249.32259031014 
2365, 1229.55409115831 
2366, 1202.19705226253 
2367, 1146.40136173102 
2368, 1096.26748001807 
2369, 1023.47665247393 
2370, 958.306636418526 
2371, 930.50966873263 
2372, 895.80262869964 
2373, 886.839311107373 
2374, 888.699462794444 
2375, 878.505439737982 
2376, 881.075309426327 
2377, 892.424503870762 
2378, 897.033097751017 
2379, 895.189334248659 
2380, 900.5638498676 
2381, 888.475242104659 
2382, 870.546123502719 
2383, 853.763840119583 
2384, 828.041184362953 
2385, 827.493387262507 
2386, 825.236264588366 
2387, 815.925264762438 
2388, 829.175869767256 
2389, 809.861851963614 
2390, 789.554964614236 
2391, 813.782911668333 
2392, 811.689226002145 
2393, 822.169200219771 
2394, 838.000085984057 
2395, 803.054723241222 
2396, 782.390717528558 
2397, 769.22578139737 
2398, 749.453208389666 
2399, 757.073382088989 
2400, 758.869844369682 
2401, 741.867510379311 
2402, 726.691092298519 
2403, 710.633281651716 
2404, 685.963018233796 
2405, 666.986116182603 
2406, 649.297015489791 
2407, 643.663391358597 
2408, 648.522152333076 
2409, 640.859800902813 
2410, 640.290472274709 
2411, 627.341013132524 
2412, 594.132921052646 
2413, 579.596865509722 
2414, 574.5574884258 
2415, 564.88540388793 
2416, 559.279462222447 
2417, 536.699684817732 
2418, 499.426720995281 
2419, 484.596985316521 
2420, 466.481832967975 
2421, 462.135445601655 
2422, 478.802491183558 
2423, 488.248691320308 
2424, 504.212151736584 
2425, 511.678010528126 
2426, 524.283387694004 
2427, 518.092855615022 
2428, 489.099120863053 
2429, 475.283911134266 
2430, 461.146835902711 
2431, 447.542736101157 
2432, 438.859875782535 
2433, 428.156743117362 
2434, 411.320244594539 
2435, 406.444190023375 
2436, 411.879399876599 
2437, 416.991991523169 
2438, 428.89068234762 
2439, 424.901142080706 
2440, 413.153167731641 
2441, 402.779135549602 
2442, 383.379446420838 
2443, 376.339242184745 
2444, 384.684151249273 
2445, 366.47758816559 
2446, 339.500615258718 
2447, 317.534140716099 
2448, 287.046583571193 
2449, 278.093842019148 
2450, 293.152966550481 
2451, 299.489429704067 
2452, 306.66391834292 
2453, 305.525088703758 
2454, 301.144212681956 
2455, 293.025258992649 
2456, 302.817353377235 
2457, 310.045252140779 
2458, 307.40300862371 
2459, 333.322804168066 
2460, 337.540891942355 
2461, 337.235982459379 
2462, 341.99618425192 
2463, 314.969485581266 
2464, 290.529659374439 
2465, 284.560220189132 
2466, 283.632827818502 
2467, 296.085448292876 
2468, 310.861571864333 
2469, 302.620724502415 
2470, 287.680847375406 
2471, 265.288156894336 
2472, 236.770406082475 
2473, 230.628898456758 
2474, 228.799091938533 
2475, 220.422665242134 
2476, 204.037991696501 
2477, 185.703587247017 
2478, 178.085727779035 
2479, 163.657137284199 
2480, 164.310246047547 
2481, 147.984264646565 
2482, 96.4851290023289 
2483, 70.6922132771176 
2484, 57.9920590338746 
2485, 60.5763514637399 
2486, 85.5935271305748 
2487, 104.114642298881 
2488, 107.963795844881 
2489, 94.6981957417998 
2490, 86.4192085929927 
2491, 86.6426381207225 
2492, 81.7005265017882 
2493, 95.4148551466289 
2494, 126.725176091518 
2495, 141.992474423284 
2496, 150.426497573638 
2497, 120.3813387068 
2498, 106.113789942911 
2499, 79.057559758047 
2500, 75.2532732055756 
