Wavelength,0212202100101.asd
350, 2834.77251285969 
351, 2981.48506997035 
352, 3118.55477069009 
353, 3233.22177040674 
354, 3343.58092737542 
355, 3459.49886875229 
356, 3584.05812881946 
357, 3707.89386077515 
358, 3835.04984899027 
359, 3969.24901928361 
360, 4116.93593838456 
361, 4297.89517450747 
362, 4506.79289365312 
363, 4733.5891850768 
364, 4966.19435490534 
365, 5203.27228329465 
366, 5428.63748868748 
367, 5624.4174295013 
368, 5775.47501038772 
369, 5864.35736105789 
370, 5895.04066636601 
371, 5885.16521169491 
372, 5862.0314704959 
373, 5851.12340257971 
374, 5857.87667102799 
375, 5872.3452358881 
376, 5887.62669988302 
377, 5896.35233697704 
378, 5884.80581876527 
379, 5831.4998846806 
380, 5762.11290237275 
381, 5684.04574092195 
382, 5596.70954755206 
383, 5488.63402926857 
384, 5376.47287897847 
385, 5297.66372945857 
386, 5297.24475601914 
387, 5403.62313951475 
388, 5560.26071343059 
389, 5699.79794266498 
390, 5759.96981968251 
391, 5824.49060280226 
392, 5888.97531099735 
393, 5941.41922572534 
394, 5982.20640905629 
395, 6102.53094088047 
396, 6343.24455359298 
397, 6720.18425372 
398, 7253.32223953145 
399, 7859.47856866358 
400, 8480.3570979603 
401, 9086.33593397881 
402, 9662.95048668439 
403, 10139.4791617044 
404, 10484.2485268774 
405, 10747.5048037652 
406, 10957.0433285652 
407, 11144.7589486834 
408, 11348.166694643 
409, 11626.5066202378 
410, 11963.3279010204 
411, 12336.8889986242 
412, 12723.2159549297 
413, 13104.6623535806 
414, 13484.7129632982 
415, 13854.1777146191 
416, 14174.7776960542 
417, 14478.3392968149 
418, 14789.0454695097 
419, 15113.1532365479 
420, 15395.6348506025 
421, 15681.4716478295 
422, 15993.4018811428 
423, 16329.0873413772 
424, 16639.5772732244 
425, 16885.0424090483 
426, 17030.2334682974 
427, 17040.2635062544 
428, 16974.5972202651 
429, 16983.7598369747 
430, 17189.4196088232 
431, 17494.1427839964 
432, 17894.8117383737 
433, 18485.8219214381 
434, 19391.6426501414 
435, 20351.532589458 
436, 21086.1942573354 
437, 21538.5419414758 
438, 22013.868441969 
439, 22504.4719322519 
440, 22968.5096324823 
441, 23387.3327961213 
442, 23926.8131595386 
443, 24497.2767731943 
444, 25022.5903053075 
445, 25449.9329757911 
446, 25793.6143701013 
447, 26101.0564535395 
448, 26426.0397012328 
449, 26832.630600382 
450, 27178.6075641044 
451, 27364.8119639497 
452, 27352.593487907 
453, 27280.5571498505 
454, 27125.4743372691 
455, 26928.972874416 
456, 26791.5705688968 
457, 26757.9202008428 
458, 26763.8925761639 
459, 26742.8825772169 
460, 26669.8645893251 
461, 26562.3115642918 
462, 26447.0776671313 
463, 26337.581226817 
464, 26160.4783370235 
465, 25887.7788657778 
466, 25553.5192864656 
467, 25249.5861840502 
468, 24991.8218825706 
469, 24795.7011548975 
470, 24670.5209963137 
471, 24627.5773443677 
472, 24597.0725437178 
473, 24585.1176046128 
474, 24619.4494768145 
475, 24608.5149196738 
476, 24578.5948167041 
477, 24559.6271565651 
478, 24571.679227908 
479, 24651.5603577929 
480, 24764.3667952058 
481, 24846.7690144741 
482, 24829.3819193676 
483, 24647.2268211062 
484, 24261.4078188681 
485, 23683.3893856942 
486, 23118.2284884047 
487, 22714.5100440125 
488, 22591.3716283757 
489, 22849.5810679115 
490, 23271.1307314942 
491, 23621.1137118124 
492, 23744.0050230517 
493, 23787.8519187093 
494, 23852.1731637158 
495, 23984.1089888003 
496, 24170.0935653672 
497, 24228.3525657094 
498, 24160.4735508765 
499, 24007.4311044656 
500, 23804.7416311109 
501, 23649.3654282159 
502, 23584.8224909499 
503, 23632.4120864343 
504, 23847.599788545 
505, 24151.7019023255 
506, 24463.5345300278 
507, 24713.1369922695 
508, 24902.0538025437 
509, 25049.472640303 
510, 25187.1749721218 
511, 25372.3684888237 
512, 25502.713733986 
513, 25529.6606656885 
514, 25439.5510367653 
515, 25230.6474474676 
516, 24949.0136468556 
517, 24673.1087260351 
518, 24509.7186688304 
519, 24711.0498349051 
520, 25303.2002921268 
521, 26145.5662279972 
522, 26848.2322617631 
523, 27374.111363614 
524, 27744.3500283125 
525, 28018.797336611 
526, 28140.1159941958 
527, 28189.1821626971 
528, 28333.9168543014 
529, 28895.5319940107 
530, 29633.0724980643 
531, 30259.3681042518 
532, 30535.8289141586 
533, 30625.3354706369 
534, 30760.5269529773 
535, 31066.3884146291 
536, 31532.8186280936 
537, 31871.9711684322 
538, 32031.0218676297 
539, 32051.9949402239 
540, 32040.4248198453 
541, 32066.9067706339 
542, 32227.8725308566 
543, 32598.9109495771 
544, 33031.4135881863 
545, 33409.9950293067 
546, 33672.0755574019 
547, 33824.2106883215 
548, 33923.8755374036 
549, 34039.6934201286 
550, 34215.4130957326 
551, 34396.8570448986 
552, 34538.2661459966 
553, 34642.0928684033 
554, 34748.0666824954 
555, 34829.3695994545 
556, 34800.5440423105 
557, 34612.7786388438 
558, 34295.3919520326 
559, 34019.490973933 
560, 33891.6146171279 
561, 33953.4577463504 
562, 34106.1728412599 
563, 34195.695423599 
564, 34145.4870693599 
565, 33977.2430098959 
566, 33739.3940266981 
567, 33493.3368831048 
568, 33277.951695164 
569, 33066.6608026578 
570, 32793.6300374771 
571, 32532.5360420122 
572, 32432.1094939937 
573, 32456.070221033 
574, 32445.0878837491 
575, 32296.2948550853 
576, 32020.4911218252 
577, 31767.3751002949 
578, 31634.1916019853 
579, 31672.9286260596 
580, 31843.3033030966 
581, 32138.0045918606 
582, 32495.003289996 
583, 32802.3118457617 
584, 32999.6994496205 
585, 33002.4573959341 
586, 32798.1876225865 
587, 32536.7838866412 
588, 32208.5559253694 
589, 31766.7399672305 
590, 31217.402197616 
591, 31014.3943041214 
592, 31156.9486870074 
593, 31430.862023515 
594, 31418.883871099 
595, 31260.3060006417 
596, 31037.0062422628 
597, 30805.2651761995 
598, 30551.2251276152 
599, 30240.1194258628 
600, 29898.2687362748 
601, 29595.026296294 
602, 29361.8672957073 
603, 29234.7531188495 
604, 29211.2118871738 
605, 29236.2263218418 
606, 29170.8675266311 
607, 29006.3593818773 
608, 28793.6602098399 
609, 28585.6909369198 
610, 28388.270372176 
611, 28208.9963074137 
612, 28056.8408914859 
613, 27897.6039241537 
614, 27711.8415071203 
615, 27508.2695809716 
616, 27348.0434854109 
617, 27246.7090231163 
618, 27241.7855126591 
619, 27353.6640337454 
620, 27474.1457578333 
621, 27485.6382730528 
622, 27347.5323828418 
623, 27114.4826828461 
624, 26849.7203314677 
625, 26596.2859610442 
626, 26376.1948244601 
627, 26178.0855063014 
628, 25981.3677886512 
629, 25795.233010126 
630, 25657.0704712228 
631, 25663.6784174938 
632, 25755.0455648349 
633, 25872.2410134992 
634, 25997.5588369048 
635, 26094.1214006501 
636, 26159.4625952786 
637, 26201.8928438259 
638, 26219.428445832 
639, 26178.9226577089 
640, 26061.1072890039 
641, 25869.0820435149 
642, 25715.3734237124 
643, 25619.8478810908 
644, 25556.6159434119 
645, 25449.3646468592 
646, 25281.0631982613 
647, 25068.5726685073 
648, 24851.3187201373 
649, 24674.5826334955 
650, 24540.7126971371 
651, 24471.2488526306 
652, 24500.3244237314 
653, 24442.6454069249 
654, 24170.4085722204 
655, 23661.8853225366 
656, 23069.2300086338 
657, 22635.6286982019 
658, 22631.2625029426 
659, 23200.17972948 
660, 23788.4770024745 
661, 24128.9329720669 
662, 24198.2989691435 
663, 24227.7862870309 
664, 24200.9440377143 
665, 24159.6624986924 
666, 24139.4318029638 
667, 24140.6864816921 
668, 24128.740682833 
669, 24103.3876299533 
670, 24079.679931626 
671, 24025.2659514959 
672, 23962.0418140336 
673, 23921.0475040549 
674, 23936.9115246831 
675, 23962.8306084439 
676, 23979.2887964222 
677, 23982.2679898155 
678, 23992.2677890633 
679, 23995.6560540243 
680, 23988.4043412042 
681, 23972.1511184093 
682, 23951.6253935426 
683, 23893.0761175903 
684, 23689.502273037 
685, 23142.0598430784 
686, 22171.7324987853 
687, 20865.582478944 
688, 19540.7378339541 
689, 18979.393859788 
690, 19369.4936341302 
691, 20351.7068304709 
692, 21241.302449857 
693, 22020.0721061826 
694, 22583.1445082902 
695, 22922.656266517 
696, 23161.3742052153 
697, 23365.8926938326 
698, 23505.4714887538 
699, 23535.7615196534 
700, 23474.777043359 
701, 23416.4073706687 
702, 23420.2408333755 
703, 23515.8137192385 
704, 23714.5502907336 
705, 23945.2386358922 
706, 24140.4741425123 
707, 24254.739340044 
708, 24350.1280193721 
709, 24436.5216967509 
710, 24511.4664848115 
711, 24582.657189764 
712, 24632.3647946112 
713, 24649.2456619208 
714, 24617.6883740647 
715, 24485.1571553534 
716, 24145.2402885457 
717, 23553.2193360605 
718, 22751.1248743659 
719, 22079.8221812922 
720, 21828.9865570229 
721, 22112.9970326983 
722, 22717.9933226604 
723, 23139.52092721 
724, 23203.0576155768 
725, 22999.6018787868 
726, 22949.2983994133 
727, 23017.3656190404 
728, 23123.5673141494 
729, 23192.6440183787 
730, 23354.6603443125 
731, 23643.3093288843 
732, 24041.7922176792 
733, 24485.1343413418 
734, 24867.4720659545 
735, 25112.9652242132 
736, 25190.938655416 
737, 25174.7842080607 
738, 25144.1025745048 
739, 25118.1749506474 
740, 25068.1925358472 
741, 25056.5834714154 
742, 25093.0914867791 
743, 25170.4824783342 
744, 25272.3899010033 
745, 25341.0259847746 
746, 25369.4931683182 
747, 25366.9596798694 
748, 25332.09634977 
749, 25245.3941401011 
750, 25126.094153611 
751, 25019.0691881938 
752, 24959.3713962027 
753, 24938.2314152159 
754, 24929.7926428202 
755, 24893.6862684631 
756, 24761.5983056147 
757, 24236.323672918 
758, 22837.387137909 
759, 19742.1590850232 
760, 15181.5444305481 
761, 10693.6620718447 
762, 8147.58630896583 
763, 8097.27435739398 
764, 9390.53299100196 
765, 11435.8369186661 
766, 14155.4576911026 
767, 17131.1918467516 
768, 19724.3515210218 
769, 21536.3402034204 
770, 22551.4447180273 
771, 23051.1875760666 
772, 23243.2215576806 
773, 23286.4300829747 
774, 23269.0064472709 
775, 23204.7228701345 
776, 23121.0452095482 
777, 23038.9418685475 
778, 22937.1386092475 
779, 22815.0336687978 
780, 22689.5424128383 
781, 22586.7550705749 
782, 22477.6369950414 
783, 22350.5074297676 
784, 22205.7955727756 
785, 22057.6939223489 
786, 21913.3021128311 
787, 21748.0455695498 
788, 21540.1606252808 
789, 21297.4619728037 
790, 21042.2027537034 
791, 20785.3833764793 
792, 20533.3953953718 
793, 20293.6204402294 
794, 20100.1017030099 
795, 19970.1159763482 
796, 19899.6871262817 
797, 19847.4304903291 
798, 19765.5639575261 
799, 19628.6306911245 
800, 19441.8190588053 
801, 19237.7226345394 
802, 19048.1356867633 
803, 18887.0278785205 
804, 18732.4352512715 
805, 18599.5074533673 
806, 18478.0519328738 
807, 18345.1777857142 
808, 18169.454906066 
809, 17951.707259759 
810, 17705.8360713251 
811, 17444.0058431548 
812, 17130.2430546117 
813, 16715.4381041757 
814, 16194.4370416361 
815, 15612.8529447298 
816, 15074.2609592011 
817, 14655.0512159867 
818, 14403.3387947092 
819, 14334.3802780971 
820, 14326.5988348625 
821, 14287.3170624031 
822, 14178.2618473554 
823, 14050.9205220173 
824, 13967.086472175 
825, 13984.4481871395 
826, 14090.417352322 
827, 14070.2473698611 
828, 13920.3160224479 
829, 13712.6975263351 
830, 13549.6655935032 
831, 13446.042225529 
832, 13373.8901241236 
833, 13317.2122567343 
834, 13275.1345866031 
835, 13259.8682037678 
836, 13255.4618352445 
837, 13236.121987475 
838, 13172.5334990899 
839, 13080.9675690568 
840, 12968.1292750174 
841, 12840.2065631242 
842, 12704.1198453903 
843, 12560.9587896607 
844, 12420.4567790843 
845, 12287.5431434962 
846, 12154.6465105781 
847, 11989.413876192 
848, 11790.0510481227 
849, 11569.0501129861 
850, 11344.9281184756 
851, 11083.7902051514 
852, 10813.3504495662 
853, 10585.9710814895 
854, 10417.3145201155 
855, 10278.8658747993 
856, 10209.1204989229 
857, 10266.1872573699 
858, 10361.813138092 
859, 10382.3817898346 
860, 10304.4596685633 
861, 10186.3486446739 
862, 10048.7673163686 
863, 9870.71900943438 
864, 9653.32970412692 
865, 9429.31464081422 
866, 9219.40624366195 
867, 9040.35011938116 
868, 8918.8727666456 
869, 8893.45718355964 
870, 8908.90818991151 
871, 8893.17702576412 
872, 8812.85151815514 
873, 8706.87216578753 
874, 8590.21610597079 
875, 8472.36735131577 
876, 8357.2163106863 
877, 8243.12743534185 
878, 8131.16415224194 
879, 8021.50303991269 
880, 7913.0572620386 
881, 7802.09527678802 
882, 7691.04912327057 
883, 7586.39722104963 
884, 7491.3165164071 
885, 7395.16751077298 
886, 7291.36197754474 
887, 7182.23510043146 
888, 7073.8686094779 
889, 6969.4232107306 
890, 6865.03280903678 
891, 6749.90209158527 
892, 6611.08252319951 
893, 6441.57069751645 
894, 6242.9292648362 
895, 6022.21369212421 
896, 5790.16447038201 
897, 5556.25196867936 
898, 5336.59052374466 
899, 5154.41911809187 
900, 5030.69739751113 
901, 4960.37580070755 
902, 4930.18904898854 
903, 4919.97370592665 
904, 4907.23451929322 
905, 4879.38062568291 
906, 4825.84204692953 
907, 4736.61513068933 
908, 4609.62698138553 
909, 4476.01333030558 
910, 4362.59993884819 
911, 4279.96773877934 
912, 4222.83075568469 
913, 4173.91062836728 
914, 4127.58951018366 
915, 4081.68687883422 
916, 4038.40484600784 
917, 4012.68212833594 
918, 3992.77145536458 
919, 3973.51395335726 
920, 3955.70083964536 
921, 3935.25449202008 
922, 3904.0215704604 
923, 3852.51442387707 
924, 3773.91513904444 
925, 3677.28290188873 
926, 3560.52704916246 
927, 3419.49687700485 
928, 3249.51548790124 
929, 3046.72615694153 
930, 2819.70424502037 
931, 2580.73618278401 
932, 2345.93613586814 
933, 2137.59322260949 
934, 1973.21095319993 
935, 1863.6472410838 
936, 1809.79367149723 
937, 1794.88328741543 
938, 1808.0002620027 
939, 1832.18672047181 
940, 1852.38559745111 
941, 1872.15590306935 
942, 1879.18506848296 
943, 1863.20780198388 
944, 1822.23287855981 
945, 1772.28390327935 
946, 1731.6016320334 
947, 1706.54014335156 
948, 1695.27076584271 
949, 1691.87824591359 
950, 1688.32062533178 
951, 1684.08982016312 
952, 1679.51137719222 
953, 1669.47636602137 
954, 1659.9753832616 
955, 1651.17087270214 
956, 1643.63813840666 
957, 1641.69358280314 
958, 1638.6592070946 
959, 1635.78472289326 
960, 1635.53838305782 
961, 1638.81701001906 
962, 1640.61889033048 
963, 1644.66961873268 
964, 1651.94358483993 
965, 1658.2256722711 
966, 1661.55899276103 
967, 1660.84997090657 
968, 1655.70695231427 
969, 1646.61501707363 
970, 1636.69241446836 
971, 1622.74738659152 
972, 1601.27434550367 
973, 1570.98556384866 
974, 1538.05354056014 
975, 1504.18846406251 
976, 1471.57809219252 
977, 1442.34841196938 
978, 1417.81274577024 
979, 1397.66918927825 
980, 1381.38150026287 
981, 1366.67435402135 
982, 1348.0022851344 
983, 1329.9003303987 
984, 1311.22691205427 
985, 1290.68806704407 
986, 1269.01598627662 
987, 1244.09179051072 
988, 1219.25814158674 
989, 1194.5765167958 
990, 1166.59483113258 
991, 1141.08053746606 
992, 1114.70127289618 
993, 1087.5807452933 
994, 1062.50911383045 
995, 1039.60758642916 
996, 1013.37163165619 
997, 984.722265276314 
998, 957.25190424619 
999, 932.182439201911 
1000, 906.698083403307 
1001, 5802.8946358006 
1002, 5779.10844922323 
1003, 5751.37935663404 
1004, 5736.66334180435 
1005, 5729.26400125757 
1006, 5722.70756614829 
1007, 5723.14469232401 
1008, 5736.4852535584 
1009, 5748.78309503349 
1010, 5760.62669222007 
1011, 5779.10873238365 
1012, 5807.10403330691 
1013, 5828.77406935138 
1014, 5849.5585220373 
1015, 5871.5434897708 
1016, 5884.56002282764 
1017, 5899.06017727864 
1018, 5919.74573677958 
1019, 5945.5565580324 
1020, 5976.41433287736 
1021, 6007.38569946306 
1022, 6041.00196155408 
1023, 6076.71992592052 
1024, 6113.30019777986 
1025, 6151.43580521824 
1026, 6189.30727120105 
1027, 6220.97152434461 
1028, 6249.32218768223 
1029, 6274.70023904695 
1030, 6305.08200822032 
1031, 6335.155324502 
1032, 6357.39636651462 
1033, 6384.02966051506 
1034, 6408.07657428314 
1035, 6432.4129866446 
1036, 6456.34682655928 
1037, 6485.63052765188 
1038, 6510.71294963106 
1039, 6535.09537955918 
1040, 6559.52307752693 
1041, 6587.19352022576 
1042, 6612.27653700891 
1043, 6630.6031349765 
1044, 6647.24648527909 
1045, 6660.96552380957 
1046, 6681.13870690122 
1047, 6702.9095778628 
1048, 6728.89122159367 
1049, 6752.99648014068 
1050, 6782.15108664663 
1051, 6807.64781857862 
1052, 6828.37615353563 
1053, 6853.29092853211 
1054, 6874.73504737771 
1055, 6897.2779334714 
1056, 6921.62700575325 
1057, 6948.64729353706 
1058, 6985.67240099389 
1059, 7028.18096705013 
1060, 7075.77424581958 
1061, 7134.34263199947 
1062, 7192.91954653193 
1063, 7256.05930609721 
1064, 7315.18554814236 
1065, 7380.28653102362 
1066, 7454.50267199364 
1067, 7529.12098071968 
1068, 7614.72823809122 
1069, 7712.59495984804 
1070, 7811.80102714513 
1071, 7913.47481325022 
1072, 8019.41107465205 
1073, 8122.10011486518 
1074, 8223.89315034288 
1075, 8319.3961384772 
1076, 8414.63590039079 
1077, 8506.1938595415 
1078, 8583.25116178401 
1079, 8657.78806316665 
1080, 8729.32022178839 
1081, 8789.67046859542 
1082, 8840.5533609966 
1083, 8894.04489255657 
1084, 8944.97907414237 
1085, 8985.48765558136 
1086, 9027.15650750941 
1087, 9074.04033689505 
1088, 9106.3568291669 
1089, 9136.07741017336 
1090, 9152.24644847295 
1091, 9158.17586455259 
1092, 9152.42399887787 
1093, 9135.11671769472 
1094, 9112.4126463483 
1095, 9081.92399754764 
1096, 9049.52476506548 
1097, 9019.3923928684 
1098, 8984.61539714136 
1099, 8953.40828753066 
1100, 8926.36999680492 
1101, 8893.77431227871 
1102, 8863.08481311396 
1103, 8825.01019555318 
1104, 8789.39266512733 
1105, 8738.43423016729 
1106, 8675.00123886651 
1107, 8591.62287415452 
1108, 8470.90188013844 
1109, 8315.7313349816 
1110, 8105.88149455635 
1111, 7849.496608381 
1112, 7559.37152782462 
1113, 7210.72824849533 
1114, 6858.89201777965 
1115, 6452.2208033731 
1116, 6087.77635630194 
1117, 5688.40237577487 
1118, 5352.72564550687 
1119, 5052.32437928955 
1120, 4771.39133820905 
1121, 4538.64462094667 
1122, 4353.53090586841 
1123, 4217.20456868707 
1124, 4127.83467799164 
1125, 4082.48101531745 
1126, 4100.46155061601 
1127, 4121.69760575979 
1128, 4187.14151997781 
1129, 4253.3597206068 
1130, 4346.89577995377 
1131, 4432.61779676167 
1132, 4518.89036962489 
1133, 4624.28761624648 
1134, 4731.09339656746 
1135, 4850.97693407095 
1136, 5028.35793909297 
1137, 5210.38429841742 
1138, 5379.81415531935 
1139, 5536.5339197446 
1140, 5636.89035887827 
1141, 5698.71263580401 
1142, 5722.93391439899 
1143, 5688.44415581925 
1144, 5665.08753607048 
1145, 5561.44752351334 
1146, 5548.47808127944 
1147, 5539.26178585933 
1148, 5597.12329026975 
1149, 5720.47980559454 
1150, 5875.61854131575 
1151, 6073.48627393008 
1152, 6296.43719351121 
1153, 6528.12866642024 
1154, 6793.77229548156 
1155, 7045.69657046477 
1156, 7317.23450472511 
1157, 7563.7575294286 
1158, 7810.80762362945 
1159, 8036.42035059466 
1160, 8251.30969458078 
1161, 8445.46058312037 
1162, 8627.91699941654 
1163, 8785.85339103876 
1164, 8922.87930887428 
1165, 9039.29967751128 
1166, 9131.39814227212 
1167, 9206.96864826985 
1168, 9261.40549960391 
1169, 9291.82217028108 
1170, 9311.17839391801 
1171, 9311.38949825709 
1172, 9299.58223892456 
1173, 9271.89958708651 
1174, 9234.21582509352 
1175, 9177.53345704857 
1176, 9118.95843496576 
1177, 9044.19441838591 
1178, 8975.00740609526 
1179, 8902.84561226234 
1180, 8830.5768105475 
1181, 8754.21308270755 
1182, 8681.01068879038 
1183, 8621.59422787748 
1184, 8562.67928746925 
1185, 8518.74133521947 
1186, 8488.14323990467 
1187, 8467.954506344 
1188, 8457.35553511294 
1189, 8453.85831073429 
1190, 8480.74864605949 
1191, 8480.15344763305 
1192, 8483.58029581241 
1193, 8465.32503880055 
1194, 8430.48104508329 
1195, 8382.751714578 
1196, 8317.25901067396 
1197, 8241.47545689628 
1198, 8165.52638909832 
1199, 8071.94613164579 
1200, 7996.44620512208 
1201, 7919.97308851918 
1202, 7858.54246388641 
1203, 7801.29047930777 
1204, 7761.18685126917 
1205, 7739.44062376231 
1206, 7717.39791972613 
1207, 7708.39932357983 
1208, 7699.26671417565 
1209, 7693.28637358779 
1210, 7689.21161258038 
1211, 7693.52624141735 
1212, 7693.63082319178 
1213, 7692.84174097813 
1214, 7692.29539436844 
1215, 7688.77261429164 
1216, 7683.89016902083 
1217, 7675.75159864313 
1218, 7667.47972270882 
1219, 7651.97528344753 
1220, 7629.95909049693 
1221, 7608.75132381133 
1222, 7579.73316140918 
1223, 7557.05643161411 
1224, 7534.28954445363 
1225, 7516.26031229818 
1226, 7502.84452611636 
1227, 7489.90421460956 
1228, 7485.05981824391 
1229, 7473.71620469973 
1230, 7459.98975239333 
1231, 7444.6999184008 
1232, 7427.84707868545 
1233, 7408.01046948633 
1234, 7385.64814290257 
1235, 7361.77647583748 
1236, 7336.27027670309 
1237, 7307.89092456278 
1238, 7277.05410435469 
1239, 7245.72513261132 
1240, 7211.4558297236 
1241, 7171.87261243729 
1242, 7132.75755360607 
1243, 7091.03598986555 
1244, 7050.9942011459 
1245, 7009.51966864396 
1246, 6970.99896625893 
1247, 6931.12626257329 
1248, 6895.59446698291 
1249, 6850.00669983266 
1250, 6801.07577423331 
1251, 6748.23757889692 
1252, 6695.08274635421 
1253, 6626.35544764681 
1254, 6551.15991223134 
1255, 6467.50688750103 
1256, 6369.65670170937 
1257, 6267.84493113685 
1258, 6161.10026396562 
1259, 6047.48163750197 
1260, 5918.22410617059 
1261, 5794.74256885084 
1262, 5663.3773810661 
1263, 5538.26802373139 
1264, 5431.14642692095 
1265, 5319.55897907538 
1266, 5257.81504534035 
1267, 5217.5073181792 
1268, 5211.5534193085 
1269, 5242.22268165315 
1270, 5295.072667456 
1271, 5384.01245512752 
1272, 5478.21360641727 
1273, 5610.74203146507 
1274, 5725.77271857114 
1275, 5857.5312026601 
1276, 5964.00026433791 
1277, 6063.51669212964 
1278, 6148.63146754518 
1279, 6213.50629325611 
1280, 6271.36593322661 
1281, 6328.69401259785 
1282, 6378.84941718936 
1283, 6430.46401967848 
1284, 6480.35463914571 
1285, 6529.772474034 
1286, 6580.97640529098 
1287, 6621.61754447387 
1288, 6657.72278875663 
1289, 6691.44753790482 
1290, 6716.8859428765 
1291, 6742.06324900041 
1292, 6773.73363586269 
1293, 6788.65522819524 
1294, 6793.52736067028 
1295, 6793.5905285117 
1296, 6780.20364932652 
1297, 6767.02926320776 
1298, 6749.1981845476 
1299, 6731.41761959019 
1300, 6708.54024620033 
1301, 6682.46526009892 
1302, 6659.12525683407 
1303, 6635.54931475386 
1304, 6609.59870097947 
1305, 6585.48349560264 
1306, 6556.88036270609 
1307, 6524.88160858687 
1308, 6491.37836275458 
1309, 6453.80833611195 
1310, 6418.34587363082 
1311, 6378.93728634185 
1312, 6344.40926415275 
1313, 6316.03925451937 
1314, 6283.2705663472 
1315, 6249.08042524967 
1316, 6217.84704462483 
1317, 6184.42327086641 
1318, 6150.87094134087 
1319, 6135.15772806317 
1320, 6114.85408452094 
1321, 6090.32553487696 
1322, 6065.00643290293 
1323, 6019.79155451869 
1324, 5961.75979232906 
1325, 5890.61785374411 
1326, 5805.14714505464 
1327, 5709.57198529533 
1328, 5590.82838005766 
1329, 5483.88414789811 
1330, 5355.70151823326 
1331, 5261.87942346319 
1332, 5176.28829391761 
1333, 5115.73582914137 
1334, 5091.86943225803 
1335, 5063.51486337443 
1336, 5054.39818587345 
1337, 5043.83427688617 
1338, 5025.76052022504 
1339, 4977.62313163635 
1340, 4903.34330475005 
1341, 4792.72770912892 
1342, 4635.83156712971 
1343, 4439.4929095963 
1344, 4202.49146112346 
1345, 3912.37490465537 
1346, 3607.84945724088 
1347, 3251.25603836971 
1348, 2912.30602350041 
1349, 2541.96442403435 
1350, 2207.35918068476 
1351, 1867.77498056287 
1352, 1568.64215704803 
1353, 1288.45424874862 
1354, 1042.4619278342 
1355, 825.567105185906 
1356, 642.049142444498 
1357, 489.973023781177 
1358, 369.962541854968 
1359, 279.096123287091 
1360, 209.759308435191 
1361, 158.752285009211 
1362, 125.039671974534 
1363, 101.998546526448 
1364, 90.9835355700172 
1365, 81.5955872035316 
1366, 79.2482415198529 
1367, 80.1440991788909 
1368, 87.998053861396 
1369, 94.7511189485277 
1370, 104.557674996339 
1371, 118.956071659177 
1372, 137.197456647711 
1373, 154.595877494761 
1374, 177.798969584772 
1375, 196.903480927764 
1376, 219.481980641354 
1377, 230.072556991874 
1378, 235.941712739871 
1379, 237.03630597557 
1380, 226.240774883548 
1381, 209.137557643969 
1382, 198.619296196934 
1383, 193.180317612753 
1384, 196.73716236421 
1385, 215.312628221254 
1386, 238.713833367761 
1387, 266.777183074038 
1388, 292.550037329739 
1389, 322.995421204535 
1390, 346.31433493702 
1391, 369.774182253661 
1392, 383.88380580169 
1393, 391.15419489648 
1394, 395.675355449652 
1395, 387.174416529488 
1396, 391.34122450999 
1397, 395.861465243922 
1398, 406.875790082679 
1399, 431.83526808985 
1400, 448.013140481874 
1401, 463.870984077068 
1402, 478.645633887442 
1403, 490.04134776873 
1404, 497.799245265068 
1405, 509.781669204027 
1406, 524.198192571568 
1407, 545.932611706163 
1408, 575.976731247166 
1409, 611.045890293762 
1410, 653.279950592466 
1411, 692.845971809528 
1412, 736.737279047631 
1413, 772.183417577821 
1414, 807.243696141099 
1415, 834.361010188704 
1416, 852.857653055246 
1417, 873.149756513351 
1418, 892.211545217568 
1419, 907.102282191509 
1420, 919.783077417701 
1421, 928.575176545997 
1422, 933.834211096585 
1423, 934.469009954397 
1424, 935.240901039465 
1425, 925.987880568706 
1426, 909.069604873226 
1427, 886.830533227121 
1428, 855.611446746958 
1429, 821.210497252172 
1430, 785.59919093959 
1431, 746.16041378433 
1432, 703.655178582419 
1433, 664.467399160532 
1434, 624.454079733848 
1435, 587.679181226491 
1436, 553.997762248401 
1437, 523.272868143269 
1438, 497.312618322547 
1439, 475.234436552221 
1440, 453.29493488134 
1441, 437.371480865152 
1442, 418.467773390304 
1443, 398.818740094539 
1444, 381.640198033259 
1445, 365.853309144816 
1446, 348.489243548527 
1447, 330.881210970386 
1448, 313.711877767559 
1449, 293.726262908031 
1450, 278.843944833354 
1451, 265.728165846461 
1452, 255.949637874112 
1453, 252.489979128717 
1454, 247.039713880212 
1455, 243.420962835154 
1456, 240.18594883413 
1457, 231.946857494525 
1458, 219.623314640405 
1459, 200.98860395011 
1460, 182.611148160212 
1461, 173.247757509414 
1462, 159.304159037402 
1463, 146.834283066255 
1464, 141.622727256013 
1465, 133.050351817614 
1466, 120.62602852378 
1467, 113.374920093618 
1468, 110.232827449325 
1469, 104.307121587936 
1470, 99.4142566396309 
1471, 92.6383271291309 
1472, 81.9416098688806 
1473, 76.5099604976818 
1474, 71.9631840265215 
1475, 69.5620256078726 
1476, 74.0427634387145 
1477, 73.8519517654842 
1478, 72.2537579268972 
1479, 69.1161291234982 
1480, 63.1263939646725 
1481, 58.8898536971149 
1482, 51.9906012586816 
1483, 49.6471130080646 
1484, 51.0660992582335 
1485, 50.6480464127181 
1486, 49.5744907286575 
1487, 55.0888979403492 
1488, 55.4848373092721 
1489, 56.3015109834298 
1490, 62.0828322435868 
1491, 62.9211197687828 
1492, 62.328162431355 
1493, 64.6865211107213 
1494, 62.4510192206249 
1495, 63.1170563444939 
1496, 68.4987373355428 
1497, 68.5710437044534 
1498, 69.4091631230929 
1499, 70.7900199636738 
1500, 70.7259024429645 
1501, 68.1652309253284 
1502, 68.9712783082976 
1503, 71.5599474678745 
1504, 73.7631042485419 
1505, 77.6043091687578 
1506, 78.2171996607785 
1507, 76.9987342408226 
1508, 75.4563907140971 
1509, 71.9509567776156 
1510, 70.0695250835783 
1511, 66.8395162442717 
1512, 68.0459391119346 
1513, 72.9929257656207 
1514, 75.7108136029538 
1515, 82.0619334797655 
1516, 84.0382560569537 
1517, 81.3029247717804 
1518, 79.9209046728232 
1519, 76.5080490381672 
1520, 76.1102385873258 
1521, 78.1416430151725 
1522, 79.0617043849134 
1523, 82.6597394217172 
1524, 81.8519513284095 
1525, 74.12501759352 
1526, 69.5681485912871 
1527, 64.9443999977891 
1528, 61.8183512543169 
1529, 63.1295039726894 
1530, 65.010816827068 
1531, 65.2928684169076 
1532, 67.7805785390658 
1533, 74.0430732568855 
1534, 78.3612480180659 
1535, 82.4258223569064 
1536, 87.2833598076242 
1537, 89.5996895852389 
1538, 89.1384526809369 
1539, 92.0005009007125 
1540, 95.826160326148 
1541, 99.2641194741978 
1542, 104.880315091609 
1543, 107.41606465048 
1544, 105.157535104939 
1545, 109.595510382986 
1546, 117.585966312403 
1547, 122.187533378493 
1548, 129.986978526468 
1549, 134.988093673862 
1550, 137.67410804952 
1551, 137.342466793126 
1552, 135.623273488868 
1553, 132.439394130025 
1554, 122.324932705611 
1555, 118.339923673466 
1556, 116.565592875304 
1557, 116.245532547884 
1558, 119.727832389396 
1559, 121.202078137241 
1560, 122.663395489942 
1561, 125.688473060318 
1562, 127.143589678384 
1563, 131.20418375229 
1564, 140.424996275974 
1565, 145.693216820125 
1566, 149.120030380816 
1567, 154.228658361028 
1568, 159.220008018733 
1569, 162.843501054529 
1570, 165.275300075275 
1571, 169.978470967846 
1572, 167.775591242983 
1573, 161.272245060233 
1574, 162.268006625884 
1575, 161.341208488965 
1576, 166.25821498354 
1577, 178.13884697613 
1578, 183.862642749434 
1579, 190.605023628147 
1580, 196.027893391013 
1581, 199.810456686655 
1582, 203.009417305795 
1583, 205.474003884649 
1584, 209.715446260437 
1585, 213.702797117525 
1586, 216.714038233021 
1587, 221.538370511691 
1588, 224.331669067482 
1589, 222.049556852497 
1590, 227.823054098177 
1591, 238.458008907372 
1592, 244.809280211043 
1593, 254.887999478219 
1594, 259.07487462515 
1595, 258.610219790501 
1596, 258.428777481686 
1597, 254.837207012867 
1598, 255.715049397996 
1599, 255.976256714941 
1600, 258.22026244499 
1601, 266.838076048098 
1602, 268.449623935628 
1603, 265.997090834868 
1604, 266.653763517257 
1605, 264.617200865131 
1606, 265.984715017127 
1607, 272.08889148073 
1608, 274.884377960563 
1609, 276.45439497948 
1610, 278.706723274604 
1611, 280.264123069474 
1612, 282.748983191165 
1613, 286.113730124503 
1614, 288.789703522645 
1615, 292.641644897222 
1616, 293.923387077227 
1617, 291.222182892411 
1618, 293.570399072093 
1619, 295.847125182272 
1620, 300.73008601065 
1621, 312.276746906847 
1622, 320.058303909914 
1623, 328.972575390812 
1624, 333.517620014622 
1625, 333.899346467106 
1626, 335.067355419692 
1627, 332.185656155249 
1628, 332.39631386164 
1629, 336.073217569987 
1630, 337.192623874088 
1631, 340.48163537898 
1632, 338.956675548635 
1633, 328.757728638376 
1634, 325.997979030949 
1635, 327.746236631995 
1636, 324.793807983837 
1637, 324.483702778657 
1638, 322.307655270346 
1639, 310.695351902765 
1640, 305.727836296183 
1641, 305.266397678008 
1642, 305.762812115001 
1643, 309.457471391832 
1644, 313.68933633691 
1645, 322.816549256098 
1646, 326.728966411348 
1647, 325.429605351065 
1648, 328.168608871239 
1649, 329.266930317628 
1650, 331.685489386069 
1651, 334.313152002917 
1652, 346.38179857654 
1653, 350.571706341608 
1654, 352.534792475292 
1655, 354.905502019986 
1656, 355.259774458831 
1657, 359.751362481079 
1658, 365.570065702426 
1659, 370.861741788343 
1660, 378.96824038591 
1661, 383.044399134363 
1662, 386.462252953235 
1663, 384.268941368495 
1664, 376.803354092045 
1665, 376.461554036129 
1666, 374.703915560133 
1667, 374.716782303642 
1668, 380.563874057703 
1669, 382.190255611929 
1670, 379.3787964548 
1671, 381.612095604736 
1672, 388.167320445366 
1673, 388.890817088473 
1674, 387.061426010761 
1675, 389.850863800702 
1676, 391.832183676875 
1677, 395.19041019131 
1678, 402.751109390694 
1679, 407.243132480482 
1680, 409.841883548982 
1681, 412.352005412463 
1682, 415.133922124356 
1683, 417.766715697894 
1684, 418.192130962682 
1685, 422.170749852376 
1686, 429.116240977223 
1687, 433.735763613417 
1688, 440.161959680894 
1689, 440.176181932417 
1690, 433.873897523561 
1691, 436.979476689033 
1692, 441.098344223201 
1693, 445.444740739621 
1694, 457.638148395817 
1695, 459.781476982556 
1696, 453.098828000677 
1697, 455.572182005246 
1698, 459.822046942801 
1699, 464.286281080437 
1700, 473.933011899092 
1701, 477.357199210249 
1702, 476.91673921189 
1703, 476.821321831915 
1704, 475.093062650818 
1705, 475.035463805998 
1706, 475.505461723755 
1707, 475.207065922051 
1708, 476.215138437118 
1709, 472.901062753621 
1710, 464.087899007021 
1711, 465.040315086794 
1712, 468.140601636223 
1713, 470.505303689055 
1714, 479.646996938626 
1715, 480.721053424821 
1716, 480.244054606709 
1717, 478.959316112024 
1718, 481.605209595662 
1719, 488.241379355004 
1720, 492.305467346781 
1721, 499.019956445977 
1722, 503.228268468929 
1723, 500.883483797311 
1724, 499.136958631198 
1725, 497.195185169432 
1726, 490.644152921695 
1727, 488.683461620162 
1728, 488.099052504453 
1729, 481.003515529175 
1730, 481.377322342841 
1731, 482.481692284666 
1732, 479.420256023734 
1733, 484.763085381318 
1734, 491.12340420299 
1735, 491.160352450284 
1736, 492.404006205863 
1737, 494.974658840125 
1738, 492.097778214845 
1739, 486.699840823392 
1740, 482.809326020321 
1741, 476.342798237399 
1742, 469.961311921265 
1743, 473.371722591863 
1744, 476.534366204059 
1745, 476.024437418338 
1746, 478.185122683324 
1747, 477.252357181863 
1748, 475.543138858275 
1749, 478.79099823609 
1750, 488.78128199293 
1751, 496.830236111103 
1752, 502.74951845007 
1753, 507.982623612577 
1754, 499.22341097662 
1755, 493.159039476031 
1756, 490.952554946293 
1757, 481.026384792793 
1758, 484.346242571774 
1759, 487.232818496804 
1760, 482.029673203645 
1761, 484.840167559288 
1762, 482.538532973314 
1763, 476.568777957083 
1764, 472.701067330183 
1765, 466.425212225924 
1766, 463.533144212522 
1767, 462.570990748208 
1768, 462.786994316957 
1769, 468.511911844565 
1770, 468.865460126969 
1771, 466.042383514479 
1772, 464.204825540828 
1773, 461.273516605491 
1774, 456.502827945295 
1775, 451.665718551999 
1776, 447.588346081114 
1777, 440.687793964125 
1778, 434.539879934031 
1779, 429.018527527758 
1780, 422.885787449442 
1781, 417.062318198225 
1782, 411.641429103803 
1783, 407.392231335865 
1784, 404.451289557616 
1785, 400.517985847306 
1786, 397.442298722585 
1787, 397.060550099351 
1788, 393.449421144292 
1789, 388.040354220505 
1790, 382.100470833023 
1791, 377.307971537435 
1792, 366.594863888105 
1793, 352.108266307564 
1794, 339.25334333816 
1795, 320.900385934979 
1796, 310.091256167367 
1797, 302.334685887324 
1798, 290.753653154083 
1799, 275.8535807723 
1800, 257.13916953475 
1801, 1419.69874853813 
1802, 1370.59035764072 
1803, 1318.46506510523 
1804, 1278.89640414742 
1805, 1271.53553725504 
1806, 1231.22359829095 
1807, 1193.52347168618 
1808, 1151.74797578667 
1809, 1106.06804272895 
1810, 1063.3486458624 
1811, 1019.65753637627 
1812, 971.152829334067 
1813, 920.462460665943 
1814, 874.900249690142 
1815, 829.712810772078 
1816, 798.361936526739 
1817, 768.021701622553 
1818, 746.827928516385 
1819, 718.630214600744 
1820, 674.126513577252 
1821, 643.093979384872 
1822, 628.283029517598 
1823, 597.762429762501 
1824, 554.969841373723 
1825, 514.725594143597 
1826, 448.918573056625 
1827, 404.182704938823 
1828, 362.005096139729 
1829, 331.651977681246 
1830, 293.427284949169 
1831, 266.814740414702 
1832, 205.215403477169 
1833, 154.603189521373 
1834, 102.172924925107 
1835, 46.0763553667721 
1836, 30.5353594894727 
1837, 27.4957000985027 
1838, 38.7901007149706 
1839, 48.9047315380195 
1840, 76.7123068760117 
1841, 88.1296338708552 
1842, 94.0902297001435 
1843, 105.041654547919 
1844, 100.450580652188 
1845, 88.0437763942153 
1846, 78.4653836101548 
1847, 75.086495626266 
1848, 69.6836990980043 
1849, 81.4471005184525 
1850, 91.444905228602 
1851, 115.520579953063 
1852, 100.676735364219 
1853, 91.7604291748332 
1854, 87.1205718163747 
1855, 64.5028561934016 
1856, 52.6372618318459 
1857, 48.4559557603932 
1858, 62.2298952822807 
1859, 73.852552905783 
1860, 90.8039047649921 
1861, 110.242174764339 
1862, 135.683162181725 
1863, 137.08732383591 
1864, 142.521087677787 
1865, 159.1610247826 
1866, 169.14536375606 
1867, 173.630129188849 
1868, 170.905977109852 
1869, 158.340189070954 
1870, 136.933855688921 
1871, 95.8734748959616 
1872, 71.8240286962998 
1873, 60.8900621095143 
1874, 47.0686911037202 
1875, 62.3864435476067 
1876, 75.1907374023592 
1877, 72.3468721131442 
1878, 85.1237542159859 
1879, 104.954057728882 
1880, 115.049636623021 
1881, 122.896055110383 
1882, 135.377812629395 
1883, 134.891976091432 
1884, 124.024997187873 
1885, 120.106120598566 
1886, 128.245659200585 
1887, 147.887253359448 
1888, 159.235740657783 
1889, 166.645898854329 
1890, 157.972727218784 
1891, 149.714265261993 
1892, 129.757255567126 
1893, 114.596316853899 
1894, 97.0331777855266 
1895, 98.0509351994841 
1896, 98.9566389107388 
1897, 84.1520692295955 
1898, 79.0357757620014 
1899, 66.6032738736816 
1900, 58.4068722852426 
1901, 58.8789817340516 
1902, 53.6809285977827 
1903, 43.7972622699831 
1904, 31.845196647936 
1905, 42.3300616136471 
1906, 48.270138609824 
1907, 56.6905434071848 
1908, 66.2251528005587 
1909, 76.111973898861 
1910, 69.1028832563847 
1911, 67.3562434513683 
1912, 80.2441922683751 
1913, 86.3410721708622 
1914, 93.6888351515337 
1915, 74.2315359990788 
1916, 58.9672866093302 
1917, 31.6445121696348 
1918,-13.7092055658361 
1919,-21.4863267967203 
1920,-19.5316127428793 
1921,-28.1079828270046 
1922,-24.1344227354954 
1923,-5.63009745494013 
1924, 1.66546362527533 
1925, 4.90038194915753 
1926, 22.3256972686926 
1927, 29.2507951137902 
1928, 35.0176418551573 
1929, 50.884308289282 
1930, 52.8455975908527 
1931, 59.5169393082757 
1932, 63.3364940345371 
1933, 66.1572852478834 
1934, 70.3515537152038 
1935, 75.6444383083435 
1936, 89.8070828740219 
1937, 73.7450817592399 
1938, 71.1420430957963 
1939, 55.332803980007 
1940, 29.9516631897666 
1941, 39.7035220963922 
1942, 46.5117473609505 
1943, 54.8388407231687 
1944, 53.0232549934697 
1945, 38.7409356930108 
1946, 37.2013850948858 
1947, 33.7142478620939 
1948, 32.0414708767707 
1949, 35.668437427943 
1950, 61.0294564451697 
1951, 61.7572291767702 
1952, 47.2576074181345 
1953, 28.4463782824384 
1954, 12.1756100114993 
1955, 8.0331261936298 
1956, 9.78191042811005 
1957, 14.077118890916 
1958, 40.5107374911904 
1959, 38.4742213248964 
1960, 9.43317106178601 
1961, 14.5246553184386 
1962, 3.37560858135141 
1963, 2.59971891001505 
1964, 27.5146675676385 
1965, 22.6441941970172 
1966, 24.3666681258337 
1967, 20.2227359642503 
1968, 20.3330272078565 
1969, 17.7255991684826 
1970, 22.1482885595189 
1971, 38.9286747683355 
1972, 43.1330688284373 
1973, 39.6296575638385 
1974, 47.0634139718866 
1975, 44.2729144033909 
1976, 37.9468460802158 
1977, 41.9907130899364 
1978, 38.6828890503309 
1979, 41.9331628785927 
1980, 48.572029935029 
1981, 48.2993094938602 
1982, 50.9606423580971 
1983, 52.7892099183253 
1984, 40.6823790234854 
1985, 42.4814959757883 
1986, 58.8410918666091 
1987, 64.5745649230592 
1988, 70.1581450258771 
1989, 78.5825993207719 
1990, 76.6988342580472 
1991, 60.502532458923 
1992, 56.5417225720188 
1993, 53.9969866496252 
1994, 48.9925308460213 
1995, 45.344119540293 
1996, 44.6573237828994 
1997, 37.4676621919611 
1998, 44.8378772833947 
1999, 57.394006595069 
2000, 53.7052114505453 
2001, 46.5109130855165 
2002, 24.4491742140946 
2003, 28.6360683633631 
2004, 49.5608970120371 
2005, 51.8204896100657 
2006, 74.8865412927294 
2007, 71.1065911647491 
2008, 24.178033648115 
2009, 5.93647260016671 
2010,-5.26296041029949 
2011,-25.4683453357064 
2012,-18.8022641688682 
2013, 13.8351908474142 
2014, 24.3971049215013 
2015, 40.6680125336831 
2016, 49.2420676994201 
2017, 41.7923035684286 
2018, 43.5681873938399 
2019, 46.7712894897473 
2020, 55.7431616621129 
2021, 78.6341325842617 
2022, 82.4599312572362 
2023, 80.6686403108196 
2024, 82.4624464878463 
2025, 54.4752762763409 
2026, 30.3030203619323 
2027, 26.9998561607995 
2028, 32.4800710794058 
2029, 40.0988412262456 
2030, 70.1032494728559 
2031, 81.500062603265 
2032, 86.4612617649128 
2033, 89.6549381316967 
2034, 95.3920272234542 
2035, 85.8156092478364 
2036, 60.6193808646727 
2037, 45.4791087108338 
2038, 20.2278595347666 
2039,-5.69873077363275 
2040,-6.24183255621275 
2041, 14.9570765412336 
2042, 16.9746912561747 
2043, 32.4561959441249 
2044, 31.029931732123 
2045, 1.45674964998677 
2046, 3.05135443499697 
2047, 15.1858064979703 
2048, 26.4455840561314 
2049, 73.0972268544974 
2050, 80.58746456253 
2051, 61.9042957084958 
2052, 43.6334577321059 
2053, 30.9937005208218 
2054, 14.8568321937803 
2055, 9.89261817860605 
2056, 28.5357829302685 
2057, 32.2757428969996 
2058, 25.3574900957941 
2059, 28.6301744291571 
2060, 42.2555405975346 
2061, 44.1942840302481 
2062, 39.3123216838866 
2063, 41.0031609595283 
2064, 43.893599654499 
2065, 44.7861656267037 
2066, 52.156499425952 
2067, 54.5613484919011 
2068, 47.0275478410222 
2069, 19.6586431711204 
2070, 20.1162417760639 
2071, 27.3751086184851 
2072, 31.6795754875757 
2073, 58.9947984572043 
2074, 61.875493378382 
2075, 41.2633477054274 
2076, 36.9726634166713 
2077, 26.4377608634732 
2078, 28.8264237733149 
2079, 50.086231675459 
2080, 62.6339919039865 
2081, 79.6834914655251 
2082, 90.6240570198839 
2083, 99.9584434953851 
2084, 104.62734931482 
2085, 103.862866252525 
2086, 100.034240583372 
2087, 93.7387385037974 
2088, 72.0926275760265 
2089, 73.2512767535099 
2090, 91.7579565064911 
2091, 96.2316584219682 
2092, 103.226840480413 
2093, 107.53721598748 
2094, 97.9670168564981 
2095, 97.1753203019899 
2096, 97.8802006613646 
2097, 115.798623700045 
2098, 120.420368658526 
2099, 123.432198762079 
2100, 121.347044514044 
2101, 111.777528186908 
2102, 109.137961118842 
2103, 104.275402358019 
2104, 106.016269018172 
2105, 120.940592445236 
2106, 122.053018169252 
2107, 108.656506019259 
2108, 112.617861824652 
2109, 120.600630347493 
2110, 127.759306659655 
2111, 152.26048448389 
2112, 168.559231651408 
2113, 161.648110271362 
2114, 158.211326195091 
2115, 162.375383123978 
2116, 166.94533444298 
2117, 171.109471554372 
2118, 183.248096121562 
2119, 188.341168727956 
2120, 184.417176417683 
2121, 190.02350345375 
2122, 196.42632623855 
2123, 209.739929377962 
2124, 233.67950444822 
2125, 248.539000894477 
2126, 279.566156700494 
2127, 287.025081006035 
2128, 277.787559036452 
2129, 258.515399596616 
2130, 246.327662986083 
2131, 216.057384171767 
2132, 211.284852198981 
2133, 221.976765159145 
2134, 230.443947441653 
2135, 254.744421966493 
2136, 257.346418296027 
2137, 247.444691003753 
2138, 248.314627494664 
2139, 241.531103689327 
2140, 240.628816154613 
2141, 252.103455999674 
2142, 259.292686774501 
2143, 253.838085170182 
2144, 264.024463241785 
2145, 287.030132541593 
2146, 307.27405951018 
2147, 334.086383937756 
2148, 374.807755142952 
2149, 394.181276800539 
2150, 408.486514500296 
2151, 418.36866784879 
2152, 415.28888311108 
2153, 417.10071484945 
2154, 410.167873519772 
2155, 419.801732273863 
2156, 444.224110817594 
2157, 450.108174174361 
2158, 456.714804052464 
2159, 463.735626024437 
2160, 446.302040604262 
2161, 452.651287851309 
2162, 489.755075029437 
2163, 507.938263830816 
2164, 525.077818361754 
2165, 537.532599728875 
2166, 547.510459306684 
2167, 542.082049214877 
2168, 552.16920221824 
2169, 574.039294441943 
2170, 581.89877368322 
2171, 587.4782367433 
2172, 592.577661235852 
2173, 586.004576096962 
2174, 591.457259923629 
2175, 601.617965573592 
2176, 615.220805888445 
2177, 638.52230059314 
2178, 654.058218731926 
2179, 671.463736488814 
2180, 684.019025930765 
2181, 689.178352863005 
2182, 696.674790631738 
2183, 698.109176495158 
2184, 710.266322428954 
2185, 722.860367679884 
2186, 730.529114890095 
2187, 746.13675671701 
2188, 768.86206776552 
2189, 785.40497009291 
2190, 804.526041524286 
2191, 817.288733855297 
2192, 819.574141096867 
2193, 833.807733690312 
2194, 860.587150193885 
2195, 868.829819623569 
2196, 877.069868661895 
2197, 875.532579226907 
2198, 844.830055597901 
2199, 837.131712749867 
2200, 834.13869228945 
2201, 841.061462841293 
2202, 868.396345028372 
2203, 885.102115059647 
2204, 902.707630275427 
2205, 916.168259987717 
2206, 943.530903793284 
2207, 961.10952286763 
2208, 976.121072973683 
2209, 999.667949881564 
2210, 1007.62332426344 
2211, 995.306349760527 
2212, 998.850190910548 
2213, 1006.935870645 
2214, 1010.3643455959 
2215, 1016.47825986569 
2216, 1019.37099424949 
2217, 1010.1137363659 
2218, 1017.00600530851 
2219, 1043.58473971634 
2220, 1047.20366397939 
2221, 1049.86526257942 
2222, 1045.09061277492 
2223, 999.361920359309 
2224, 993.672095999681 
2225, 1016.92893346899 
2226, 1031.53944669884 
2227, 1060.67085079824 
2228, 1093.53580028088 
2229, 1111.6175414371 
2230, 1118.24193183145 
2231, 1121.09686369212 
2232, 1121.80164310737 
2233, 1113.57588895198 
2234, 1086.95768343653 
2235, 1079.50035536258 
2236, 1074.3918114275 
2237, 1071.06436407625 
2238, 1073.78499688461 
2239, 1081.08133157066 
2240, 1095.92366182627 
2241, 1103.31762031395 
2242, 1126.03152886638 
2243, 1119.20803115972 
2244, 1077.59287775391 
2245, 1060.26808644326 
2246, 1027.84269899227 
2247, 1023.28643408929 
2248, 1059.35926837601 
2249, 1073.67703531956 
2250, 1102.99756114581 
2251, 1106.0482416176 
2252, 1086.97111343633 
2253, 1056.85083250563 
2254, 1032.70221344594 
2255, 1010.3483245377 
2256, 1001.0175181102 
2257, 991.621492326353 
2258, 976.602313890094 
2259, 958.224795115128 
2260, 937.14410157405 
2261, 908.571819855325 
2262, 892.32762670096 
2263, 871.805187606424 
2264, 863.763301816745 
2265, 878.042298784044 
2266, 875.3459479536 
2267, 871.172904298566 
2268, 864.35564431866 
2269, 847.946597576936 
2270, 830.963290188869 
2271, 820.576263036744 
2272, 797.836933225156 
2273, 756.176496232923 
2274, 734.468819110602 
2275, 712.614448412577 
2276, 695.245551840945 
2277, 693.867051677243 
2278, 688.70804928842 
2279, 682.91539649431 
2280, 676.838748163291 
2281, 674.203093022066 
2282, 669.068851231344 
2283, 653.207389876059 
2284, 650.981845768337 
2285, 667.515674852734 
2286, 675.383330735433 
2287, 674.354112328377 
2288, 663.183758037381 
2289, 636.364390715087 
2290, 572.043067223534 
2291, 544.877803740434 
2292, 529.557702703847 
2293, 505.10296682997 
2294, 488.417936841116 
2295, 469.667723244762 
2296, 441.117068412594 
2297, 423.098603238776 
2298, 413.391923524238 
2299, 403.370891536349 
2300, 388.727514826628 
2301, 386.914884231195 
2302, 398.317739682291 
2303, 408.454267918586 
2304, 435.00643709214 
2305, 438.87243800593 
2306, 435.409386215911 
2307, 423.306152398267 
2308, 387.387499330004 
2309, 364.276727989263 
2310, 339.904534200775 
2311, 320.177757168988 
2312, 316.937526795672 
2313, 299.918867335345 
2314, 273.086842455113 
2315, 249.432223205199 
2316, 233.694681056108 
2317, 215.029122846233 
2318, 225.85103074538 
2319, 243.439844598239 
2320, 237.403861111359 
2321, 233.912496298249 
2322, 231.137239262059 
2323, 209.558638309286 
2324, 207.105166945472 
2325, 211.885671750013 
2326, 189.047441525101 
2327, 169.0497266569 
2328, 166.961081507023 
2329, 162.167563513525 
2330, 174.55793323212 
2331, 223.685010637368 
2332, 235.939645789281 
2333, 234.942071521358 
2334, 231.605346679109 
2335, 214.059947705216 
2336, 201.104819009145 
2337, 186.77656341131 
2338, 180.793921398352 
2339, 173.40213143191 
2340, 170.185777899652 
2341, 181.671999291976 
2342, 178.621949237351 
2343, 163.375642688667 
2344, 157.032050967051 
2345, 149.113074361145 
2346, 140.417039213741 
2347, 138.350285389266 
2348, 136.703156838108 
2349, 133.000936039158 
2350, 131.883952720919 
2351, 127.509524125102 
2352, 131.693173530545 
2353, 145.140964750417 
2354, 150.458658515956 
2355, 167.916387942719 
2356, 169.229344789505 
2357, 160.444270980764 
2358, 140.51054724346 
2359, 89.5051581772319 
2360, 67.4308819100749 
2361, 47.3854893226417 
2362, 41.9051099039224 
2363, 60.4281621122848 
2364, 83.8170849134067 
2365, 100.694793491069 
2366, 99.8460239196552 
2367, 92.5792151420655 
2368, 96.0917788806255 
2369, 79.8524683795179 
2370, 58.3364604324487 
2371, 44.8486149740946 
2372, 21.0646556558884 
2373, 18.4944448487692 
2374, 38.0473707560841 
2375, 62.8984269221537 
2376, 73.60323434318 
2377, 81.3152633756772 
2378, 71.17717143387 
2379, 40.0493143680982 
2380, 35.4772059311074 
2381, 23.9517060972143 
2382, 29.7297183583199 
2383, 42.7046781057442 
2384, 24.789274190157 
2385, 31.9566242327803 
2386, 28.234182936923 
2387, 17.123318465875 
2388, 34.6553266844905 
2389, 31.0056324033374 
2390, 14.3671059995087 
2391, 20.2283034974981 
2392, 15.7115612394882 
2393, 16.3437106494359 
2394, 48.6082106499847 
2395, 62.1781145764631 
2396, 78.2464553307777 
2397, 90.6138577906631 
2398, 79.1752345539432 
2399, 59.3983071580092 
2400, 40.3590391654741 
2401, 40.7293042987695 
2402, 26.995052159355 
2403, 20.2602743226027 
2404, 15.2156816586654 
2405, 10.128581299322 
2406,-0.37758480966655 
2407, 2.70874608711217 
2408, 12.9005211919695 
2409, 21.0292248573735 
2410, 33.2671249247348 
2411, 39.1111307494939 
2412, 54.6638367707153 
2413, 49.8172012279125 
2414, 28.8310213435184 
2415, 15.978343495825 
2416,-22.4189852131772 
2417,-17.4849917533545 
2418, 19.8886598985929 
2419, 34.1981353816191 
2420, 70.857529213421 
2421, 75.2114068430204 
2422, 41.930716315369 
2423, 44.6565148950334 
2424, 55.677458350346 
2425, 56.9373571249675 
2426, 67.9583418561913 
2427, 69.137806173804 
2428, 55.9843953134486 
2429, 57.1312904502217 
2430, 74.6535058859432 
2431, 75.3772542804966 
2432, 69.1898593090539 
2433, 59.0288773660608 
2434, 36.1397200066114 
2435, 19.8910204799451 
2436, 4.17078961673477 
2437,-5.47719278620794 
2438,-19.8104148292693 
2439,-7.69200147980095 
2440, 23.2748316191904 
2441, 40.8801161897851 
2442, 77.1534791296298 
2443, 82.6145929280771 
2444, 63.8916190786121 
2445, 45.500948982199 
2446, 39.1218460008697 
2447, 40.9766128534151 
2448, 48.4798486410558 
2449, 59.7863768831876 
2450, 62.7190603344182 
2451, 62.0176768858614 
2452, 57.5570930366607 
2453, 30.4451377091099 
2454, 7.76269605693654 
2455,-14.1274208630849 
2456,-21.7382629042917 
2457, 7.29969202176771 
2458, 30.662630193342 
2459, 62.2227521396526 
2460, 70.0647314063618 
2461, 56.8901974562396 
2462, 57.1497875501782 
2463, 49.6424392151919 
2464, 46.4733281484494 
2465, 35.9204094471571 
2466, 36.6598102011468 
2467, 41.1193307350253 
2468, 45.8029573409688 
2469, 71.1774677600681 
2470, 71.8930505996793 
2471, 63.0432379257712 
2472, 55.2714443531457 
2473, 37.5165361981661 
2474, 33.6282240683367 
2475, 27.1287618543661 
2476, 9.04454930845146 
2477,-2.26188234842568 
2478,-3.64046458962695 
2479, 0.40784028349227 
2480, 21.5096017888104 
2481, 52.0849866803816 
2482, 54.1614896640161 
2483, 48.2242283240958 
2484, 48.1702374593072 
2485, 41.4389680666588 
2486, 54.0477632215456 
2487, 66.4935486658212 
2488, 63.9862804904136 
2489, 62.0555435758609 
2490, 54.6814864244514 
2491, 49.448959636548 
2492, 46.1319980211082 
2493, 39.8662067034264 
2494, 28.4520962531268 
2495, 16.0946947186153 
2496, 25.7300156246535 
2497, 43.0831658744332 
2498, 58.2938128028939 
2499, 101.064847778375 
2500, 108.824648401907 
