Wavelength,0212202100056.asd
350, 3986.95507067252 
351, 4198.82270042251 
352, 4396.71886838001 
353, 4560.30932395129 
354, 4722.77668548986 
355, 4894.41089248453 
356, 5075.24571420585 
357, 5255.10012321155 
358, 5441.1596042994 
359, 5639.4753832158 
360, 5858.8053816414 
361, 6123.06471820412 
362, 6429.06660886329 
363, 6762.364124891 
364, 7100.75642427463 
365, 7442.0694994993 
366, 7769.38243010553 
367, 8059.48388477249 
368, 8283.55266739994 
369, 8417.71644677838 
370, 8468.52544176064 
371, 8461.34565741615 
372, 8431.11233489853 
373, 8424.86944331929 
374, 8447.58333832126 
375, 8474.51851822788 
376, 8503.15925298733 
377, 8523.50351266554 
378, 8514.53100686989 
379, 8442.60430929135 
380, 8347.90436102653 
381, 8240.3742861462 
382, 8118.26804049547 
383, 7966.03872156052 
384, 7811.49914496063 
385, 7704.86465579584 
386, 7706.29197230689 
387, 7870.1459687879 
388, 8106.71064536291 
389, 8313.98401408337 
390, 8403.06446782245 
391, 8504.01646311841 
392, 8604.98812673413 
393, 8684.69134723709 
394, 8749.81691387887 
395, 8932.92767039989 
396, 9294.79334385665 
397, 9858.67079778112 
398, 10647.0787106426 
399, 11544.163348923 
400, 12464.440164025 
401, 13359.3360478008 
402, 14215.5617366322 
403, 14922.5637138271 
404, 15431.8009095456 
405, 15828.5425699854 
406, 16144.4665026709 
407, 16427.7672871478 
408, 16737.1014703798 
409, 17157.4242224223 
410, 17662.241499116 
411, 18221.2946641882 
412, 18803.4705625873 
413, 19378.0691087387 
414, 19949.3415456714 
415, 20503.8926520371 
416, 20986.0754795776 
417, 21444.9605272499 
418, 21917.8265032901 
419, 22413.4690143376 
420, 22844.1807714533 
421, 23277.2239544162 
422, 23749.4974547322 
423, 24261.5771943318 
424, 24734.6418110364 
425, 25108.7069293585 
426, 25333.1314612374 
427, 25360.8125428243 
428, 25273.5295362782 
429, 25298.7260734735 
430, 25621.3358489652 
431, 26088.8355518733 
432, 26703.1020649322 
433, 27604.2691248853 
434, 28972.528266341 
435, 30424.2828514094 
436, 31536.9415107678 
437, 32224.4810843692 
438, 32952.7894053348 
439, 33702.9463229228 
440, 34410.9415590624 
441, 35051.5147086853 
442, 35884.3330789793 
443, 36761.3883145111 
444, 37566.0369998136 
445, 38225.4553238148 
446, 38757.5489520065 
447, 39236.5693861682 
448, 39743.6030843086 
449, 40368.2929101364 
450, 40902.1724105172 
451, 41196.0377293067 
452, 41190.4530041817 
453, 41095.8703631252 
454, 40875.0567199574 
455, 40590.91952814 
456, 40397.4136766089 
457, 40364.536788533 
458, 40391.8534330905 
459, 40375.7166347661 
460, 40278.5325228593 
461, 40130.3444444502 
462, 39968.9480524577 
463, 39811.675599814 
464, 39558.390774191 
465, 39162.4959408141 
466, 38670.4123728581 
467, 38216.904935607 
468, 37836.3771224414 
469, 37557.3418361367 
470, 37392.05356173 
471, 37341.5827000602 
472, 37310.670374119 
473, 37311.1955494192 
474, 37384.2819689925 
475, 37392.5292030445 
476, 37368.7857277806 
477, 37356.6286720136 
478, 37391.863023256 
479, 37520.3996474959 
480, 37694.396704456 
481, 37822.8148938898 
482, 37791.8483063795 
483, 37513.3105824036 
484, 36928.5226586609 
485, 36050.1171656089 
486, 35197.9625910475 
487, 34596.764105696 
488, 34425.5877551066 
489, 34836.4352924947 
490, 35491.0365568022 
491, 36033.391577125 
492, 36230.7740119717 
493, 36310.2228261572 
494, 36422.1771975587 
495, 36636.2284955941 
496, 36929.2301322756 
497, 37028.8447623041 
498, 36936.7936871652 
499, 36714.4380203773 
500, 36415.7446556732 
501, 36190.351683268 
502, 36107.5089852161 
503, 36201.2496593456 
504, 36549.0390851835 
505, 37031.1045182802 
506, 37521.8633813146 
507, 37910.4944558897 
508, 38204.4038715779 
509, 38434.2782328033 
510, 38649.3262660604 
511, 38938.1900943375 
512, 39143.1247971406 
513, 39188.0062349555 
514, 39050.8417459953 
515, 38736.5634351153 
516, 38310.7567440582 
517, 37892.3444367475 
518, 37650.9237832788 
519, 37975.756236665 
520, 38901.2298366692 
521, 40205.8430109445 
522, 41295.580979816 
523, 42112.4199246363 
524, 42689.9778776269 
525, 43122.5421000152 
526, 43316.0882347528 
527, 43400.6584600812 
528, 43638.6301107647 
529, 44522.0602163045 
530, 45672.2991229067 
531, 46647.361598873 
532, 47083.0350862552 
533, 47229.0874762318 
534, 47444.6147760614 
535, 47922.5640659965 
536, 48647.2818635781 
537, 49172.3863076541 
538, 49420.1154115389 
539, 49458.7679462025 
540, 49449.6965057681 
541, 49502.5245334392 
542, 49765.4825315408 
543, 50352.9138639299 
544, 51025.7543341857 
545, 51614.1657127704 
546, 52026.4530073887 
547, 52269.1341813511 
548, 52430.4139817023 
549, 52614.2176780272 
550, 52887.5393653378 
551, 53173.4069141645 
552, 53396.6380352532 
553, 53561.9375143559 
554, 53735.7844764969 
555, 53870.7476434602 
556, 53833.7185920262 
557, 53550.0486048731 
558, 53067.1439209688 
559, 52655.4902511014 
560, 52474.4547203873 
561, 52581.0848525543 
562, 52836.6626300758 
563, 52991.7174513441 
564, 52926.0564584184 
565, 52684.6077027647 
566, 52336.4259216391 
567, 51981.3701161054 
568, 51682.1944932036 
569, 51386.1084179416 
570, 50993.1006533642 
571, 50619.0102417601 
572, 50495.3327181404 
573, 50562.1285596148 
574, 50569.5031047201 
575, 50359.180297093 
576, 49956.4751109598 
577, 49576.2327373093 
578, 49371.6356796529 
579, 49430.3760192534 
580, 49684.5603354189 
581, 50127.9437789699 
582, 50666.4825252085 
583, 51125.6860130382 
584, 51413.6505184851 
585, 51407.158078282 
586, 51094.4244279057 
587, 50710.9820090938 
588, 50240.6721176696 
589, 49606.5182114132 
590, 48809.3112336897 
591, 48534.8307783892 
592, 48773.280129137 
593, 49196.2750179881 
594, 49174.3857798386 
595, 48927.2637093653 
596, 48573.2196052992 
597, 48192.9063669851 
598, 47777.3848438234 
599, 47276.9015095374 
600, 46732.5337429262 
601, 46249.6449458191 
602, 45880.5432730822 
603, 45684.3596299697 
604, 45655.6895225291 
605, 45699.1748608602 
606, 45601.598612426 
607, 45350.8201071401 
608, 45026.7873130834 
609, 44709.411233583 
610, 44408.7663548417 
611, 44137.2640295631 
612, 43908.8261484238 
613, 43668.8439302927 
614, 43388.6095187082 
615, 43082.4636442897 
616, 42842.5962605606 
617, 42698.090671309 
618, 42706.9640782385 
619, 42898.110158318 
620, 43102.5208301545 
621, 43135.2646868446 
622, 42934.2026720517 
623, 42589.134792631 
624, 42194.87651461 
625, 41824.0472127119 
626, 41515.6510881918 
627, 41246.8230199405 
628, 40987.4023172592 
629, 40739.3432016696 
630, 40541.3252542519 
631, 40546.5896432041 
632, 40674.0998890259 
633, 40842.3329735917 
634, 41027.7559864451 
635, 41172.0464220551 
636, 41272.1766384511 
637, 41339.8404787865 
638, 41360.3632158058 
639, 41296.8723767028 
640, 41118.1261586955 
641, 40815.3830672909 
642, 40579.8503623508 
643, 40442.3594102446 
644, 40359.8985758543 
645, 40210.6856686306 
646, 39977.7459397447 
647, 39684.25260525 
648, 39382.3005726444 
649, 39133.0410765214 
650, 38931.004551473 
651, 38815.2356729102 
652, 38858.3533384569 
653, 38769.3477412166 
654, 38339.775945318 
655, 37531.3320535049 
656, 36591.7273294371 
657, 35910.9318988559 
658, 35910.9158529509 
659, 36810.4829111547 
660, 37738.8794191244 
661, 38275.5514553566 
662, 38386.8728844717 
663, 38442.9023821537 
664, 38410.3968890065 
665, 38353.0547296888 
666, 38327.8079635945 
667, 38342.7838536877 
668, 38333.6748243306 
669, 38299.2226297211 
670, 38267.6311535091 
671, 38193.027042428 
672, 38104.738563862 
673, 38048.1169816597 
674, 38077.9235974881 
675, 38131.6718403426 
676, 38172.0595159708 
677, 38185.4689959473 
678, 38211.5416242086 
679, 38226.036135274 
680, 38224.6351633573 
681, 38213.2779107934 
682, 38187.8160376783 
683, 38102.0832074261 
684, 37794.2079217836 
685, 36953.1990278704 
686, 35475.3562591042 
687, 33497.9484529779 
688, 31503.1410468962 
689, 30677.1115598688 
690, 31301.7511693737 
691, 32828.3680588214 
692, 34215.2257545991 
693, 35438.6846257444 
694, 36337.1554769431 
695, 36884.6002012393 
696, 37237.5031455481 
697, 37518.6917311474 
698, 37696.9170517192 
699, 37720.7241151472 
700, 37642.7330951064 
701, 37560.6613089044 
702, 37553.2170757813 
703, 37676.7367147367 
704, 37954.4166409018 
705, 38284.7293306152 
706, 38565.9059312456 
707, 38721.3770594144 
708, 38841.5630325595 
709, 38947.9198797932 
710, 39042.869127165 
711, 39133.1812484664 
712, 39189.2664437382 
713, 39199.1904884421 
714, 39150.1403666195 
715, 38971.7830335989 
716, 38517.0915570043 
717, 37719.5689108312 
718, 36627.3917011625 
719, 35692.3791071907 
720, 35324.0564363761 
721, 35694.8895616417 
722, 36512.7225982338 
723, 37097.0024162913 
724, 37204.4246960712 
725, 36946.7412005413 
726, 36889.329494103 
727, 36975.745078338 
728, 37096.2090567643 
729, 37157.5735694848 
730, 37357.8274512133 
731, 37744.6135909012 
732, 38283.4217744517 
733, 38852.8410853617 
734, 39341.043025536 
735, 39648.143260721 
736, 39725.140563859 
737, 39671.7451417788 
738, 39592.4253949915 
739, 39511.7202571334 
740, 39392.8603538924 
741, 39345.8759877389 
742, 39382.1760176285 
743, 39488.0457994543 
744, 39643.3843322149 
745, 39751.9740376778 
746, 39799.2690686892 
747, 39798.2292901384 
748, 39750.5451774114 
749, 39629.5116021714 
750, 39460.9842246672 
751, 39307.7567032878 
752, 39234.3910301366 
753, 39220.6484431879 
754, 39225.3083138407 
755, 39193.166016495 
756, 39014.6320206251 
757, 38220.4735973884 
758, 36063.7198533263 
759, 31281.8610641752 
760, 24250.7005616213 
761, 17371.629107074 
762, 13548.3885974761 
763, 13613.6558775017 
764, 15737.6601379495 
765, 18978.344773107 
766, 23209.5502775597 
767, 27792.0337220434 
768, 31754.9761561864 
769, 34504.6648394552 
770, 36044.5424855576 
771, 36802.0548348102 
772, 37099.962028619 
773, 37182.9775353584 
774, 37175.537610584 
775, 37098.8264690793 
776, 36995.6485228365 
777, 36897.6960810421 
778, 36762.6937095606 
779, 36597.7415619714 
780, 36431.3832240049 
781, 36300.0372539642 
782, 36151.9060979285 
783, 35974.3207546095 
784, 35773.0580967101 
785, 35571.5085603068 
786, 35376.1615308603 
787, 35151.8672597509 
788, 34866.3852439059 
789, 34525.0759223567 
790, 34156.448084621 
791, 33770.5691798629 
792, 33373.9837025479 
793, 32989.0931273473 
794, 32677.8379276444 
795, 32475.9427078985 
796, 32383.1131792643 
797, 32322.1973039556 
798, 32203.2472079762 
799, 31984.3319146617 
800, 31688.3796697776 
801, 31370.5443025035 
802, 31074.5102116921 
803, 30815.1389484372 
804, 30555.0309323491 
805, 30323.2968169955 
806, 30108.4111274091 
807, 29878.905741136 
808, 29590.0093056578 
809, 29244.5936081084 
810, 28867.6747119885 
811, 28481.6726080155 
812, 28029.4487092626 
813, 27433.2442651815 
814, 26678.2151108182 
815, 25822.9863746281 
816, 25012.8252085406 
817, 24358.3840688728 
818, 23931.3881874486 
819, 23757.2676689996 
820, 23683.2928067609 
821, 23580.099308198 
822, 23389.8042282214 
823, 23181.6162507293 
824, 23037.1178654992 
825, 23033.2202105121 
826, 23149.3679266742 
827, 23082.5812389489 
828, 22831.0974529436 
829, 22496.961713182 
830, 22223.1794098713 
831, 22030.5507456744 
832, 21878.3407419101 
833, 21747.820928155 
834, 21644.8823444857 
835, 21585.2458356587 
836, 21546.0347529579 
837, 21490.4718025576 
838, 21376.1597504615 
839, 21211.7801576898 
840, 21017.0565082525 
841, 20807.6451279583 
842, 20586.5379867033 
843, 20356.12043089 
844, 20129.0332735118 
845, 19913.009460297 
846, 19704.0557089708 
847, 19445.8023702825 
848, 19131.7457743363 
849, 18780.6765108169 
850, 18427.8850332352 
851, 18019.4245837993 
852, 17597.9047695604 
853, 17244.2186856305 
854, 16980.011496581 
855, 16767.2657071175 
856, 16672.0297669962 
857, 16787.2913770438 
858, 16963.4958089406 
859, 17012.0651575249 
860, 16898.1902157588 
861, 16724.289421434 
862, 16515.1043159201 
863, 16243.1932025072 
864, 15910.1938698895 
865, 15560.1789516389 
866, 15231.2344299215 
867, 14956.0620062373 
868, 14779.9989476541 
869, 14762.0604658704 
870, 14810.7136372285 
871, 14808.97650067 
872, 14699.8524039439 
873, 14538.2689834216 
874, 14362.8247376683 
875, 14188.3542027023 
876, 14018.1861554439 
877, 13850.6868879254 
878, 13685.8437705217 
879, 13523.7868411886 
880, 13362.5546253231 
881, 13193.8213299754 
882, 13028.3948160405 
883, 12872.2028993617 
884, 12725.8906525447 
885, 12582.0956909637 
886, 12424.4079394519 
887, 12256.5343085304 
888, 12089.9099496092 
889, 11927.5196111646 
890, 11768.4843077593 
891, 11593.7081207279 
892, 11378.9702816114 
893, 11118.1440804535 
894, 10816.5281263695 
895, 10480.9772011768 
896, 10122.1013933984 
897, 9758.94961877169 
898, 9412.62306060984 
899, 9119.43065682626 
900, 8914.59433217978 
901, 8789.79448828857 
902, 8727.90588542202 
903, 8698.68561279196 
904, 8666.98762788128 
905, 8616.95168699537 
906, 8526.94615171376 
907, 8379.92382929541 
908, 8174.10298038449 
909, 7956.9473301358 
910, 7772.1416713138 
911, 7636.03782689024 
912, 7539.10786615583 
913, 7456.93991316264 
914, 7375.89193868974 
915, 7293.27363054809 
916, 7215.88319980564 
917, 7156.9910752748 
918, 7108.76200871666 
919, 7063.30905956361 
920, 7015.10444307599 
921, 6964.87347769778 
922, 6899.02830829747 
923, 6806.01940403642 
924, 6678.92278811449 
925, 6519.69863440734 
926, 6330.71512465688 
927, 6104.59724425024 
928, 5829.52812551391 
929, 5506.24679969689 
930, 5137.82953645331 
931, 4744.86798086514 
932, 4360.37189504684 
933, 4015.13719289908 
934, 3739.140619276 
935, 3550.57275469351 
936, 3452.27252656373 
937, 3425.69287119217 
938, 3444.04561449435 
939, 3480.39083046117 
940, 3513.29545793894 
941, 3537.73036045776 
942, 3543.88467194195 
943, 3513.92620312027 
944, 3440.05240661702 
945, 3352.11073192806 
946, 3279.73400325381 
947, 3235.66928419932 
948, 3217.80288536131 
949, 3210.62346458869 
950, 3202.3849858958 
951, 3189.71023650474 
952, 3173.35199494616 
953, 3154.1408624847 
954, 3136.2426316858 
955, 3120.55252968794 
956, 3107.02915677463 
957, 3095.97165451816 
958, 3088.88198539808 
959, 3084.84951066615 
960, 3083.38971635853 
961, 3085.38710324983 
962, 3086.60454387173 
963, 3090.31651384475 
964, 3097.55811705594 
965, 3104.73487254415 
966, 3107.33722073842 
967, 3104.56960890682 
968, 3096.32305593348 
969, 3082.48234571259 
970, 3062.57262807587 
971, 3035.05971384569 
972, 2999.23601372485 
973, 2955.10917297171 
974, 2901.60288350087 
975, 2847.30393212493 
976, 2795.21948244965 
977, 2746.56071459377 
978, 2708.08961226554 
979, 2677.15802075529 
980, 2650.38640237105 
981, 2624.5496843784 
982, 2597.92731340726 
983, 2567.90289098244 
984, 2536.53903131702 
985, 2504.57346081349 
986, 2468.7012707587 
987, 2428.31086366956 
988, 2387.91915548624 
989, 2347.23533708675 
990, 2301.22791332311 
991, 2257.0123107953 
992, 2212.66045739205 
993, 2168.39962410154 
994, 2125.9576379797 
995, 2083.75674989898 
996, 2038.70951165246 
997, 1992.24326926998 
998, 1946.79805714714 
999, 1900.8722496499 
1000, 1855.12349501733 
1001, 11846.5158519919 
1002, 11847.2421354933 
1003, 11851.6995133024 
1004, 11858.8065625096 
1005, 11871.123432809 
1006, 11900.5607639497 
1007, 11943.8221589745 
1008, 11998.6521949308 
1009, 12060.0708121141 
1010, 12141.4569114501 
1011, 12217.6795750981 
1012, 12296.6874683349 
1013, 12376.6370770042 
1014, 12461.3810551423 
1015, 12535.0430357911 
1016, 12606.5766873656 
1017, 12681.8741529138 
1018, 12761.1849446562 
1019, 12842.3637226728 
1020, 12925.9024951794 
1021, 13012.1344992106 
1022, 13099.9113527725 
1023, 13186.3125662253 
1024, 13280.798764333 
1025, 13370.0190828727 
1026, 13455.2267125646 
1027, 13542.5049343771 
1028, 13620.9261498369 
1029, 13701.8526876023 
1030, 13786.959355856 
1031, 13857.3506342312 
1032, 13913.5255541439 
1033, 13966.648303107 
1034, 14014.0772092972 
1035, 14058.9965445152 
1036, 14099.2626144671 
1037, 14140.2665698903 
1038, 14175.2115630241 
1039, 14202.5606151076 
1040, 14226.2065426294 
1041, 14249.651746449 
1042, 14271.1419248011 
1043, 14284.9625486065 
1044, 14296.6171584552 
1045, 14309.2347827975 
1046, 14319.7924319518 
1047, 14330.5102813659 
1048, 14342.3195240608 
1049, 14355.3305448123 
1050, 14368.7850833326 
1051, 14384.2920062997 
1052, 14406.5896599906 
1053, 14426.1315020829 
1054, 14439.1328956919 
1055, 14455.5913302778 
1056, 14479.6562893932 
1057, 14506.5667096345 
1058, 14536.6858927653 
1059, 14580.2181721692 
1060, 14631.7343565321 
1061, 14687.3531575176 
1062, 14755.9931760225 
1063, 14839.7180619731 
1064, 14922.5483955033 
1065, 15018.1955433954 
1066, 15124.0976926767 
1067, 15237.2614744992 
1068, 15369.3749401122 
1069, 15515.0168732001 
1070, 15665.7666762095 
1071, 15832.2627418669 
1072, 16008.1272133363 
1073, 16183.0289985492 
1074, 16370.6445788147 
1075, 16541.9660742811 
1076, 16714.7456708025 
1077, 16872.8329137604 
1078, 17007.2344871724 
1079, 17131.7473735842 
1080, 17235.7072178044 
1081, 17331.6327395994 
1082, 17424.872471612 
1083, 17511.6691530309 
1084, 17605.4158395553 
1085, 17698.6706111629 
1086, 17778.0400918943 
1087, 17855.7897528639 
1088, 17917.2366572518 
1089, 17966.4347822991 
1090, 18000.7170309558 
1091, 18022.7239732899 
1092, 18037.881408413 
1093, 18021.6211924464 
1094, 17995.8989947571 
1095, 17968.0509784678 
1096, 17930.6291735707 
1097, 17902.9773659491 
1098, 17871.7909409818 
1099, 17845.9968089691 
1100, 17826.1773498384 
1101, 17798.5609493614 
1102, 17779.7816648959 
1103, 17742.309538805 
1104, 17707.6960652527 
1105, 17639.1950428176 
1106, 17551.6216760048 
1107, 17424.8307912118 
1108, 17231.5467433157 
1109, 16974.1620455107 
1110, 16618.6165165489 
1111, 16182.4231007618 
1112, 15669.0603453556 
1113, 15040.1808327271 
1114, 14408.6664116753 
1115, 13669.4145150794 
1116, 13001.5735772347 
1117, 12269.8914056713 
1118, 11654.2478769722 
1119, 11087.1749427114 
1120, 10573.79594158 
1121, 10148.9541999548 
1122, 9800.97650054083 
1123, 9556.17358177497 
1124, 9392.08740876876 
1125, 9323.381947781 
1126, 9391.01467539788 
1127, 9452.42865819213 
1128, 9597.35224169879 
1129, 9739.04087504701 
1130, 9922.98395490806 
1131, 10098.472589403 
1132, 10272.7196672428 
1133, 10489.029931176 
1134, 10711.7096571542 
1135, 10961.5732434416 
1136, 11320.7018317058 
1137, 11699.0486645935 
1138, 12072.7751057162 
1139, 12422.7230503423 
1140, 12664.3396588102 
1141, 12847.771931856 
1142, 12944.2267295733 
1143, 12919.0620007521 
1144, 12917.6736159227 
1145, 12758.0698570575 
1146, 12775.5075507457 
1147, 12794.7809745734 
1148, 12950.8814920547 
1149, 13233.512254362 
1150, 13585.3097681485 
1151, 14038.9657914558 
1152, 14544.6363588014 
1153, 15072.3380432259 
1154, 15681.194993434 
1155, 16258.3518158349 
1156, 16868.9459356776 
1157, 17445.0855188448 
1158, 18029.834473359 
1159, 18576.6367452968 
1160, 19109.8314072808 
1161, 19605.8295886101 
1162, 20083.0758680746 
1163, 20519.2890042363 
1164, 20921.7278942047 
1165, 21286.6416141093 
1166, 21616.3974491851 
1167, 21904.2139817564 
1168, 22159.30035085 
1169, 22379.4126894459 
1170, 22561.0640990937 
1171, 22699.5220503711 
1172, 22818.3299421472 
1173, 22896.1944351787 
1174, 22960.4792910688 
1175, 22997.513257427 
1176, 23022.9700150235 
1177, 23011.2007004288 
1178, 23012.9608367272 
1179, 23000.3967302131 
1180, 22998.7121939746 
1181, 22995.9633196808 
1182, 23003.8402688106 
1183, 23033.477205973 
1184, 23065.3179563563 
1185, 23135.8184923706 
1186, 23232.7078300397 
1187, 23350.8480374225 
1188, 23501.9396016771 
1189, 23656.1021771082 
1190, 23863.7946388509 
1191, 24014.4824015147 
1192, 24175.9066618323 
1193, 24284.5932033852 
1194, 24354.5667774165 
1195, 24390.9435733433 
1196, 24382.9997532725 
1197, 24353.4604935733 
1198, 24312.3821878254 
1199, 24220.2589808078 
1200, 24179.9250724511 
1201, 24133.8543452157 
1202, 24126.3992984027 
1203, 24136.929700617 
1204, 24180.8245423984 
1205, 24258.1674098133 
1206, 24346.7522229485 
1207, 24469.8969266789 
1208, 24595.5277401069 
1209, 24735.8724385917 
1210, 24880.4708332387 
1211, 25053.7843887518 
1212, 25206.0619264583 
1213, 25352.1166755364 
1214, 25500.6804131222 
1215, 25627.7442851593 
1216, 25743.1415205642 
1217, 25839.2542279936 
1218, 25921.7312115991 
1219, 25989.4707431663 
1220, 26030.6531017499 
1221, 26076.2419577797 
1222, 26106.2138230534 
1223, 26145.4608988985 
1224, 26179.9641693185 
1225, 26222.5602782511 
1226, 26274.2522503022 
1227, 26322.8406961507 
1228, 26381.9179857983 
1229, 26428.612852109 
1230, 26469.24620189 
1231, 26506.7116955837 
1232, 26533.6387286322 
1233, 26556.2649941676 
1234, 26559.1308174032 
1235, 26554.322473526 
1236, 26529.6824907678 
1237, 26481.1610149911 
1238, 26430.3140439246 
1239, 26363.8581336497 
1240, 26296.5101035646 
1241, 26220.937454374 
1242, 26143.3041200232 
1243, 26061.9996007716 
1244, 25976.181660581 
1245, 25885.7515146341 
1246, 25794.5952486903 
1247, 25691.6381999304 
1248, 25587.6912691858 
1249, 25460.7631139257 
1250, 25328.8922300708 
1251, 25163.3592255255 
1252, 24983.2646383739 
1253, 24764.9012223455 
1254, 24522.7823775235 
1255, 24241.3497749736 
1256, 23931.1279404255 
1257, 23578.2642919567 
1258, 23174.9877340854 
1259, 22756.9048032139 
1260, 22278.1455437883 
1261, 21819.5109099124 
1262, 21332.094903146 
1263, 20860.4845442473 
1264, 20463.3604399781 
1265, 20061.2199683989 
1266, 19808.4681310469 
1267, 19618.7323620891 
1268, 19570.4801105316 
1269, 19639.8536425676 
1270, 19797.7681216817 
1271, 20115.9728378457 
1272, 20421.9648486386 
1273, 20847.971485561 
1274, 21207.1371633962 
1275, 21607.920354737 
1276, 21934.0323892623 
1277, 22228.4516071084 
1278, 22480.3958350818 
1279, 22681.6244815964 
1280, 22844.6239786505 
1281, 22993.4536105596 
1282, 23128.2594635397 
1283, 23276.7387753643 
1284, 23422.8075862505 
1285, 23568.2749935989 
1286, 23725.9603958792 
1287, 23858.6628049495 
1288, 23989.2905704005 
1289, 24089.4676612957 
1290, 24174.1158502132 
1291, 24232.361211591 
1292, 24257.700265758 
1293, 24279.3858549028 
1294, 24280.5576183423 
1295, 24275.1698239354 
1296, 24264.0286798776 
1297, 24236.8260418033 
1298, 24193.36123312 
1299, 24141.7806401402 
1300, 24078.101765395 
1301, 24005.6573206201 
1302, 23930.0888702737 
1303, 23848.1883364862 
1304, 23759.9430440806 
1305, 23666.6863490461 
1306, 23566.2277942138 
1307, 23457.6485585028 
1308, 23345.8238823118 
1309, 23224.5982090475 
1310, 23105.5750695025 
1311, 22980.6074440381 
1312, 22860.8915507883 
1313, 22737.8679661462 
1314, 22624.830560473 
1315, 22510.1835025444 
1316, 22412.1488941882 
1317, 22324.2323069036 
1318, 22251.9488816002 
1319, 22185.7062948822 
1320, 22117.0047405343 
1321, 22049.7439744385 
1322, 21959.6379773597 
1323, 21825.187288437 
1324, 21683.3531286058 
1325, 21466.3569270892 
1326, 21183.5917885967 
1327, 20882.6150084773 
1328, 20498.4797468489 
1329, 20165.3600379826 
1330, 19784.9293031216 
1331, 19497.5777104588 
1332, 19236.2293156015 
1333, 19050.4595899085 
1334, 18967.1084766848 
1335, 18872.589001864 
1336, 18841.9356489293 
1337, 18806.1296816094 
1338, 18726.9698776392 
1339, 18570.9171710152 
1340, 18326.0359326563 
1341, 17949.5455216278 
1342, 17415.4357502959 
1343, 16752.5683065193 
1344, 15943.1233062325 
1345, 14954.0877271067 
1346, 13895.5683354984 
1347, 12658.6560278029 
1348, 11456.7102057855 
1349, 10126.0518894278 
1350, 8901.41426368411 
1351, 7636.69197413234 
1352, 6513.42497362038 
1353, 5427.89603598803 
1354, 4477.22155503721 
1355, 3630.20602057182 
1356, 2903.25041785553 
1357, 2281.32463574739 
1358, 1791.66933548844 
1359, 1405.74978314186 
1360, 1111.67150969298 
1361, 903.169154938522 
1362, 746.861889189402 
1363, 634.384943872442 
1364, 563.540743423196 
1365, 506.65267922998 
1366, 475.054057012977 
1367, 469.990094111421 
1368, 491.775453760404 
1369, 536.888474317421 
1370, 618.074331262337 
1371, 703.660045367126 
1372, 821.921083335906 
1373, 925.737748324911 
1374, 1055.16135202916 
1375, 1142.82858465414 
1376, 1227.3553099587 
1377, 1271.0882388249 
1378, 1284.40196592104 
1379, 1260.38288323579 
1380, 1215.99049825798 
1381, 1162.88756189042 
1382, 1115.77838839198 
1383, 1100.33877432171 
1384, 1127.54221356819 
1385, 1202.52588976359 
1386, 1313.77559037537 
1387, 1457.64939335699 
1388, 1589.77057189945 
1389, 1752.88682968767 
1390, 1873.54322146495 
1391, 1988.23284916651 
1392, 2069.57143239157 
1393, 2114.42822926539 
1394, 2163.75438060809 
1395, 2178.15728721702 
1396, 2225.74387029315 
1397, 2276.84871063233 
1398, 2347.02695749515 
1399, 2437.45934342877 
1400, 2534.28077270978 
1401, 2644.91154786197 
1402, 2760.37369132649 
1403, 2880.08868956083 
1404, 3012.25860092946 
1405, 3153.96311398404 
1406, 3314.85275559403 
1407, 3512.01544103487 
1408, 3737.63426437184 
1409, 4000.4760105686 
1410, 4298.86632571026 
1411, 4604.7510564197 
1412, 4945.99723324653 
1413, 5271.66879171523 
1414, 5615.40506604141 
1415, 5930.43353888302 
1416, 6233.18981000923 
1417, 6531.9116483162 
1418, 6812.84400447456 
1419, 7101.27183198209 
1420, 7397.28342723596 
1421, 7680.18175383972 
1422, 7979.5909170445 
1423, 8230.60807811979 
1424, 8480.58229889409 
1425, 8664.17137962636 
1426, 8807.40793070912 
1427, 8893.600688752 
1428, 8927.35407222894 
1429, 8902.08564173937 
1430, 8837.70348967119 
1431, 8748.18185943174 
1432, 8649.99146916286 
1433, 8563.74120325111 
1434, 8499.09140231975 
1435, 8472.74537668302 
1436, 8484.31273544215 
1437, 8541.10364702483 
1438, 8625.40902748562 
1439, 8757.26614409302 
1440, 8893.60360622479 
1441, 9063.62478380228 
1442, 9226.47853116688 
1443, 9406.42285625168 
1444, 9576.6589665342 
1445, 9744.28010073694 
1446, 9918.66659980186 
1447, 10083.9385328394 
1448, 10275.2963947936 
1449, 10471.7861651231 
1450, 10696.1594106216 
1451, 10945.4855022732 
1452, 11208.5220051048 
1453, 11528.514261442 
1454, 11800.4916057276 
1455, 12087.993351226 
1456, 12329.761853755 
1457, 12505.0921720069 
1458, 12582.9263918846 
1459, 12566.816714304 
1460, 12449.8812108651 
1461, 12240.9819937196 
1462, 11942.8924706209 
1463, 11595.6006285074 
1464, 11206.8793547727 
1465, 10844.0188050537 
1466, 10439.7566530916 
1467, 10115.1923995481 
1468, 9796.50711144806 
1469, 9571.71733832387 
1470, 9398.58016680704 
1471, 9297.2483489671 
1472, 9281.39105747661 
1473, 9292.86668754681 
1474, 9380.85617234105 
1475, 9460.92300244251 
1476, 9587.64447801628 
1477, 9692.65782032453 
1478, 9802.32358510516 
1479, 9908.28890761769 
1480, 10007.0525699669 
1481, 10112.3556071444 
1482, 10207.3201482612 
1483, 10328.6299700581 
1484, 10458.4916750304 
1485, 10608.090438893 
1486, 10776.012975453 
1487, 10968.8283346617 
1488, 11165.137099662 
1489, 11371.6396584628 
1490, 11591.181920493 
1491, 11809.8232016549 
1492, 12027.2049444687 
1493, 12232.3663474268 
1494, 12413.4896942836 
1495, 12570.008323408 
1496, 12701.2553383143 
1497, 12799.4924365266 
1498, 12875.1707406746 
1499, 12917.5820246612 
1500, 12954.4740243077 
1501, 12959.1103738718 
1502, 12980.6074257196 
1503, 12986.379623704 
1504, 13021.4186882467 
1505, 13062.7396664414 
1506, 13127.3673042529 
1507, 13218.8130436067 
1508, 13310.7582028303 
1509, 13424.7277082237 
1510, 13523.9305130236 
1511, 13633.9782115602 
1512, 13720.3369263158 
1513, 13796.6888539814 
1514, 13857.8931199795 
1515, 13896.89864874 
1516, 13934.6235464664 
1517, 13957.6251101337 
1518, 13984.0767071123 
1519, 14009.968359588 
1520, 14031.2743679678 
1521, 14047.7091414228 
1522, 14067.1534545396 
1523, 14081.1552454643 
1524, 14095.0243363595 
1525, 14103.5667049201 
1526, 14104.6748887406 
1527, 14102.7233325441 
1528, 14095.2205721559 
1529, 14090.8284203171 
1530, 14086.7269262877 
1531, 14084.8173165026 
1532, 14079.502747963 
1533, 14069.6292329317 
1534, 14062.8552022042 
1535, 14057.6048420745 
1536, 14048.491494237 
1537, 14049.335721509 
1538, 14058.2716755916 
1539, 14064.9198376807 
1540, 14073.1020960428 
1541, 14085.229696024 
1542, 14098.2953366693 
1543, 14115.3418533882 
1544, 14140.0602268671 
1545, 14159.6772765248 
1546, 14183.0318550266 
1547, 14197.9877552057 
1548, 14210.6755653607 
1549, 14214.9263348597 
1550, 14209.8756906525 
1551, 14205.5351380053 
1552, 14195.824149498 
1553, 14186.2956262724 
1554, 14174.1156704199 
1555, 14163.5155018151 
1556, 14153.8934504138 
1557, 14140.7438622423 
1558, 14130.6847389707 
1559, 14113.9419980954 
1560, 14097.0946840511 
1561, 14067.0077997145 
1562, 14034.9853033785 
1563, 13984.0741072511 
1564, 13924.407442016 
1565, 13841.4001833124 
1566, 13733.6045225257 
1567, 13619.5623426599 
1568, 13485.4391812212 
1569, 13342.4273279922 
1570, 13199.2630325477 
1571, 13063.6949729378 
1572, 12939.7229133838 
1573, 12839.815367137 
1574, 12777.8348995935 
1575, 12753.7786973503 
1576, 12763.7220302674 
1577, 12809.4347784303 
1578, 12873.8653786442 
1579, 12964.3302067299 
1580, 13066.3494591887 
1581, 13198.2077312601 
1582, 13310.734424261 
1583, 13439.1578651052 
1584, 13536.8279448558 
1585, 13623.7858595736 
1586, 13690.7549349261 
1587, 13738.4115470552 
1588, 13778.7962568085 
1589, 13803.2175985312 
1590, 13820.496172978 
1591, 13829.6085913037 
1592, 13827.9118670797 
1593, 13819.9772957129 
1594, 13788.680670765 
1595, 13746.4676617817 
1596, 13682.1079008332 
1597, 13590.482018508 
1598, 13494.0725183584 
1599, 13373.1134562167 
1600, 13265.5602235692 
1601, 13144.6585893483 
1602, 13046.3144292327 
1603, 12950.390109295 
1604, 12882.86643356 
1605, 12830.1497267512 
1606, 12800.7504528328 
1607, 12801.1973086652 
1608, 12807.7955251408 
1609, 12831.6231455824 
1610, 12864.7830857425 
1611, 12914.6045494282 
1612, 12964.9081781085 
1613, 13028.4487607743 
1614, 13088.5626087234 
1615, 13160.2050863864 
1616, 13212.5957881994 
1617, 13259.5703164936 
1618, 13297.8508946643 
1619, 13323.0362488465 
1620, 13340.5884489 
1621, 13350.3110478 
1622, 13356.370243872 
1623, 13352.3962465191 
1624, 13344.4137297926 
1625, 13339.76967062 
1626, 13319.0589798084 
1627, 13286.9276409214 
1628, 13246.037770556 
1629, 13198.4317911327 
1630, 13134.2865211147 
1631, 13052.2676077282 
1632, 12968.365775552 
1633, 12869.3285033027 
1634, 12769.4044330946 
1635, 12662.323567044 
1636, 12561.2536660372 
1637, 12452.7899228366 
1638, 12355.2683704615 
1639, 12262.7561148903 
1640, 12181.7186691366 
1641, 12105.1084895798 
1642, 12044.0527965516 
1643, 11999.9487783214 
1644, 11962.2206055345 
1645, 11942.9805924484 
1646, 11920.8781993569 
1647, 11899.5541226298 
1648, 11884.9083335772 
1649, 11877.0112001131 
1650, 11866.7325871757 
1651, 11859.0167052668 
1652, 11856.0372396727 
1653, 11847.7782898194 
1654, 11834.5410396782 
1655, 11826.6218586014 
1656, 11822.1566867623 
1657, 11811.3349961529 
1658, 11805.4639916899 
1659, 11774.4097060112 
1660, 11735.2814168738 
1661, 11677.424558645 
1662, 11598.7490105277 
1663, 11518.9728180308 
1664, 11422.1925949041 
1665, 11343.6731059899 
1666, 11258.0687794004 
1667, 11199.4873202984 
1668, 11154.087901617 
1669, 11125.2627609175 
1670, 11116.7746870966 
1671, 11104.79759726 
1672, 11110.0159965641 
1673, 11097.1034250043 
1674, 11083.807071846 
1675, 11054.962713971 
1676, 11014.9358115536 
1677, 10974.4246200608 
1678, 10920.7560261723 
1679, 10878.7571673215 
1680, 10836.8950347132 
1681, 10803.441537258 
1682, 10776.8219894341 
1683, 10748.2983953282 
1684, 10724.2338420814 
1685, 10698.6466343739 
1686, 10672.6928208357 
1687, 10645.8226199553 
1688, 10620.7292358876 
1689, 10593.4156645198 
1690, 10562.936019649 
1691, 10534.9766660851 
1692, 10509.4441616376 
1693, 10478.4861146819 
1694, 10448.6721183865 
1695, 10407.9868256227 
1696, 10361.0002692867 
1697, 10310.6782333683 
1698, 10250.7954884201 
1699, 10197.7765368491 
1700, 10143.5709244581 
1701, 10093.3040012451 
1702, 10046.1441693219 
1703, 9998.90200068325 
1704, 9953.87087543204 
1705, 9904.80539440178 
1706, 9852.67405841163 
1707, 9808.53631856543 
1708, 9764.84014387817 
1709, 9724.87673657267 
1710, 9691.54313291563 
1711, 9658.14030718526 
1712, 9622.27935415889 
1713, 9596.41246798733 
1714, 9579.9927640524 
1715, 9555.93243982034 
1716, 9536.57819780814 
1717, 9499.52902230078 
1718, 9455.33555727411 
1719, 9401.75404995811 
1720, 9340.01132867181 
1721, 9273.51292721142 
1722, 9208.44907010576 
1723, 9147.56384727424 
1724, 9079.41666767413 
1725, 9019.29821727731 
1726, 8964.53048207164 
1727, 8908.60325124433 
1728, 8856.34097406221 
1729, 8800.86466518803 
1730, 8739.35192451493 
1731, 8670.22655565 
1732, 8608.18535739397 
1733, 8549.64372823812 
1734, 8490.49133315173 
1735, 8445.38775406651 
1736, 8398.99283209985 
1737, 8362.28709465884 
1738, 8337.12317250077 
1739, 8312.18314715155 
1740, 8291.86772278491 
1741, 8270.8544291463 
1742, 8245.58293030138 
1743, 8213.19519205478 
1744, 8179.74776331297 
1745, 8144.53115462502 
1746, 8109.15424079665 
1747, 8081.56095308293 
1748, 8061.60261477207 
1749, 8048.01497838899 
1750, 8034.7489188803 
1751, 8017.32856459624 
1752, 7995.42530860174 
1753, 7969.99653020937 
1754, 7936.43351192374 
1755, 7897.68223089505 
1756, 7856.08489783824 
1757, 7808.92502689228 
1758, 7761.12930758592 
1759, 7711.64409550679 
1760, 7659.86559169066 
1761, 7595.96942067463 
1762, 7522.88696513926 
1763, 7443.32245311301 
1764, 7371.56010743732 
1765, 7298.09000177665 
1766, 7235.22218377363 
1767, 7184.19590735098 
1768, 7129.95869890297 
1769, 7089.40798251771 
1770, 7031.00436766171 
1771, 6968.52008473844 
1772, 6890.64634929627 
1773, 6797.65328767312 
1774, 6699.50038238836 
1775, 6578.67292524592 
1776, 6474.84488563409 
1777, 6370.07481907832 
1778, 6273.77500864133 
1779, 6191.63279114891 
1780, 6105.86681253415 
1781, 6017.96244003017 
1782, 5939.24689200628 
1783, 5867.83937778868 
1784, 5794.14411540741 
1785, 5729.56622582402 
1786, 5655.18383490483 
1787, 5580.29465884262 
1788, 5489.47861555867 
1789, 5396.74024026416 
1790, 5279.21049165637 
1791, 5140.42247042151 
1792, 4996.4275622688 
1793, 4840.7122693875 
1794, 4668.72139736834 
1795, 4484.15762307806 
1796, 4284.72374602614 
1797, 4075.59963192303 
1798, 3863.59176990776 
1799, 3651.58585529998 
1800, 3443.99664967107 
1801, 20364.9513593607 
1802, 19436.0097169419 
1803, 18647.2822303167 
1804, 17982.0595391761 
1805, 17418.9288227371 
1806, 16930.7686343015 
1807, 16476.1646105527 
1808, 15958.9345944709 
1809, 15502.571304679 
1810, 14929.715212995 
1811, 14273.9931217955 
1812, 13608.3240525713 
1813, 12893.2257342225 
1814, 12144.0188396615 
1815, 11392.5510247008 
1816, 10671.4682229506 
1817, 10036.5705560217 
1818, 9479.04320878066 
1819, 8974.69148521168 
1820, 8572.37632853609 
1821, 8178.17964584647 
1822, 7864.21070418931 
1823, 7511.53434615116 
1824, 7142.63564286777 
1825, 6736.6184871598 
1826, 6233.16435282086 
1827, 5692.4624203362 
1828, 5110.68991047269 
1829, 4430.56715038654 
1830, 3828.94668507709 
1831, 3196.49489570415 
1832, 2597.5963643604 
1833, 2124.05654835506 
1834, 1724.40550237083 
1835, 1428.51893315054 
1836, 1224.47974371068 
1837, 1047.25248346935 
1838, 938.955915893311 
1839, 876.930205517099 
1840, 869.209601176434 
1841, 885.777802662166 
1842, 971.979469669307 
1843, 1071.65264988321 
1844, 1153.09532636042 
1845, 1224.52372035655 
1846, 1249.53230154872 
1847, 1245.0312431571 
1848, 1227.94768374598 
1849, 1197.2607578023 
1850, 1159.64596351971 
1851, 1104.10769148466 
1852, 1062.60878619562 
1853, 1039.50659885297 
1854, 1014.55395667418 
1855, 1023.1243005498 
1856, 1055.73562290251 
1857, 1098.66165755462 
1858, 1176.80844139118 
1859, 1276.54763556622 
1860, 1410.10707318801 
1861, 1563.60564643092 
1862, 1713.43977754577 
1863, 1835.27015296173 
1864, 1925.62614953548 
1865, 1942.56935112556 
1866, 1864.7321327834 
1867, 1727.85474289128 
1868, 1514.22167166508 
1869, 1267.86997286754 
1870, 1074.79050413074 
1871, 877.974902082624 
1872, 716.22106999472 
1873, 641.15431803004 
1874, 657.222803449033 
1875, 759.919606172184 
1876, 952.767819743692 
1877, 1202.60007290085 
1878, 1492.53112826851 
1879, 1797.42234053952 
1880, 2082.90063134828 
1881, 2376.85109532081 
1882, 2662.1816074707 
1883, 2909.89370953027 
1884, 3107.55924033735 
1885, 3264.52857117832 
1886, 3363.75885910697 
1887, 3421.4700347162 
1888, 3441.24054154376 
1889, 3413.37802233831 
1890, 3339.13547337554 
1891, 3262.67219029651 
1892, 3157.72019957152 
1893, 3046.17324850155 
1894, 2906.64674558453 
1895, 2761.54461161135 
1896, 2580.39613102095 
1897, 2371.26373312241 
1898, 2163.24056442385 
1899, 1944.13332453414 
1900, 1738.6357157308 
1901, 1499.09415987448 
1902, 1325.91818854292 
1903, 1159.33687677258 
1904, 1068.68229362519 
1905, 1048.52361462694 
1906, 1107.33680512488 
1907, 1210.92931924568 
1908, 1323.08883823948 
1909, 1443.20991120799 
1910, 1544.46489307307 
1911, 1658.45497073712 
1912, 1754.52050942685 
1913, 1902.38326299962 
1914, 2056.13996945422 
1915, 2263.43732400097 
1916, 2534.13789784506 
1917, 2855.11185901504 
1918, 3195.27930850343 
1919, 3551.83206407359 
1920, 3898.7153114176 
1921, 4220.23143252388 
1922, 4484.70037782548 
1923, 4735.07664185411 
1924, 4900.24424894418 
1925, 4992.74850943176 
1926, 5041.10986185615 
1927, 5046.96621708558 
1928, 5061.00883166894 
1929, 5105.02869591015 
1930, 5184.36491054125 
1931, 5316.01205685792 
1932, 5507.2487318022 
1933, 5696.1975938364 
1934, 5942.4096641722 
1935, 6141.93599383313 
1936, 6356.21032539668 
1937, 6512.01278915191 
1938, 6652.26898117661 
1939, 6784.14593932441 
1940, 6868.1413506114 
1941, 6986.68307046972 
1942, 7104.73632920231 
1943, 7201.57667581873 
1944, 7289.08604442857 
1945, 7409.31599142202 
1946, 7442.99700162395 
1947, 7469.67868519879 
1948, 7395.49304918039 
1949, 7244.17230636516 
1950, 7039.74339019943 
1951, 6767.59949530594 
1952, 6444.96104702706 
1953, 6118.53216073772 
1954, 5785.79481892402 
1955, 5542.57067478215 
1956, 5280.56690724211 
1957, 5185.60356191282 
1958, 5184.78909345034 
1959, 5286.27206131406 
1960, 5510.80845197234 
1961, 5808.32596577074 
1962, 6170.84718270157 
1963, 6562.72942516452 
1964, 6983.32204216089 
1965, 7405.89032083618 
1966, 7861.82597833984 
1967, 8338.29116267007 
1968, 8853.57864804083 
1969, 9399.87783788215 
1970, 9980.8597559586 
1971, 10626.2827976506 
1972, 11245.617185547 
1973, 11898.7267420062 
1974, 12532.2104077401 
1975, 13124.5158135402 
1976, 13684.2563450155 
1977, 14183.4701708504 
1978, 14615.6952704805 
1979, 15012.9599898437 
1980, 15358.0449155868 
1981, 15663.9594859448 
1982, 15935.4961422563 
1983, 16151.8744760264 
1984, 16314.0147867013 
1985, 16433.4088994763 
1986, 16506.2081273425 
1987, 16539.181001194 
1988, 16529.8542135148 
1989, 16467.666829885 
1990, 16280.1806888349 
1991, 16056.3546548139 
1992, 15635.4211611701 
1993, 15121.9801569641 
1994, 14389.3623865154 
1995, 13455.1858312789 
1996, 12406.3517308038 
1997, 11139.7495207356 
1998, 9792.15981756272 
1999, 8371.50985034991 
2000, 6995.48690294193 
2001, 5758.98087316277 
2002, 4666.08760537901 
2003, 3852.51542909183 
2004, 3267.7018941596 
2005, 2861.92853425282 
2006, 2765.6266587762 
2007, 2668.53777417113 
2008, 2802.52716533601 
2009, 2866.61491029168 
2010, 2982.14278876069 
2011, 3103.20151422609 
2012, 3187.70334320541 
2013, 3270.10913536874 
2014, 3438.60513439199 
2015, 3576.26216683852 
2016, 3909.06713196932 
2017, 4335.70817816003 
2018, 4888.66725958926 
2019, 5600.16712444181 
2020, 6349.03986613165 
2021, 7236.61588858448 
2022, 8115.90363835356 
2023, 9068.8813393267 
2024, 10025.7252920488 
2025, 10991.2991129674 
2026, 11887.0639767949 
2027, 12696.8932495492 
2028, 13473.0194556659 
2029, 14127.4016674199 
2030, 14695.0726182381 
2031, 15172.9598419051 
2032, 15539.2697884812 
2033, 15857.7531548733 
2034, 16091.9133503112 
2035, 16269.1368657787 
2036, 16375.0112280742 
2037, 16437.3122798206 
2038, 16437.8370085944 
2039, 16368.3323657101 
2040, 16288.4140624189 
2041, 16175.2443746716 
2042, 16011.2250449523 
2043, 15841.3856292701 
2044, 15560.1820868435 
2045, 15233.5501583063 
2046, 14791.5666646713 
2047, 14230.1638237189 
2048, 13626.915782157 
2049, 12844.2020765663 
2050, 12170.3041259269 
2051, 11439.6918329718 
2052, 10777.0491428225 
2053, 10263.1488824275 
2054, 9872.73441066301 
2055, 9663.29961549796 
2056, 9637.52931097572 
2057, 9687.34060122447 
2058, 9970.15747384676 
2059, 10147.8343305421 
2060, 10440.3161221687 
2061, 10611.0599493646 
2062, 10719.6584097717 
2063, 10822.0258486228 
2064, 10839.2459275428 
2065, 10912.7807320661 
2066, 10972.5907703561 
2067, 11062.047569552 
2068, 11246.597694462 
2069, 11462.7036690407 
2070, 11796.4648055541 
2071, 12236.7672542645 
2072, 12707.5426012192 
2073, 13302.2673014979 
2074, 13836.3225925985 
2075, 14427.5280134998 
2076, 14952.4489431394 
2077, 15472.566715242 
2078, 15928.997134399 
2079, 16349.0794009326 
2080, 16718.5573844664 
2081, 17025.0249903553 
2082, 17301.8937977844 
2083, 17542.7737367442 
2084, 17734.229243508 
2085, 17919.6820340652 
2086, 18058.6043881706 
2087, 18219.6099010107 
2088, 18359.4084133771 
2089, 18524.8962560018 
2090, 18707.3945353563 
2091, 18881.8623909757 
2092, 19060.6425443047 
2093, 19242.3170811493 
2094, 19435.1931005669 
2095, 19608.3491171844 
2096, 19781.9466253393 
2097, 19951.2340039033 
2098, 20086.0134585591 
2099, 20196.1177806082 
2100, 20292.0799017253 
2101, 20355.3223774548 
2102, 20434.6801828461 
2103, 20509.5022487345 
2104, 20571.1946111883 
2105, 20624.4879442008 
2106, 20684.3833580952 
2107, 20720.5828032336 
2108, 20782.2053048318 
2109, 20866.6898482328 
2110, 20949.254698797 
2111, 21047.193994484 
2112, 21131.9526840285 
2113, 21227.5791978298 
2114, 21302.65164608 
2115, 21367.7943119357 
2116, 21413.1751608336 
2117, 21475.5815131592 
2118, 21520.1020019391 
2119, 21597.9548291606 
2120, 21693.5408038462 
2121, 21797.7498374363 
2122, 21923.5773826971 
2123, 22045.9994900521 
2124, 22186.7688104463 
2125, 22311.8801944859 
2126, 22430.7629123699 
2127, 22550.0771743289 
2128, 22668.095980332 
2129, 22774.7070506875 
2130, 22882.5268065224 
2131, 22995.6090826641 
2132, 23090.4157232948 
2133, 23177.5006146514 
2134, 23252.0710351015 
2135, 23304.8587297494 
2136, 23374.813573555 
2137, 23440.9755479307 
2138, 23510.6242256536 
2139, 23597.7414573204 
2140, 23665.8955517146 
2141, 23733.3399769034 
2142, 23780.3626612795 
2143, 23818.8301592372 
2144, 23838.7600120804 
2145, 23837.5751938573 
2146, 23822.3656523836 
2147, 23797.3960900723 
2148, 23773.8121104056 
2149, 23765.6054351022 
2150, 23756.8425387403 
2151, 23769.3170493614 
2152, 23800.6932245944 
2153, 23831.0629842901 
2154, 23881.4968548163 
2155, 23914.2324898504 
2156, 23963.5782879132 
2157, 23971.7279212895 
2158, 23965.6603856385 
2159, 23932.2112622082 
2160, 23856.8377698448 
2161, 23782.8586903763 
2162, 23662.8540582602 
2163, 23584.8362326369 
2164, 23502.5474976231 
2165, 23444.5558769273 
2166, 23452.1361263167 
2167, 23498.4157323152 
2168, 23591.9718018751 
2169, 23759.5729880826 
2170, 23906.7333405701 
2171, 24107.6162562266 
2172, 24250.4949015915 
2173, 24393.1756082075 
2174, 24493.4640460619 
2175, 24557.9651558772 
2176, 24609.6192370097 
2177, 24623.4038652961 
2178, 24643.2492123409 
2179, 24649.0410656077 
2180, 24653.3795812845 
2181, 24650.5721889093 
2182, 24649.6063592291 
2183, 24643.0240810944 
2184, 24631.5803264274 
2185, 24637.2694174758 
2186, 24655.9361459618 
2187, 24678.8446236352 
2188, 24711.3174025089 
2189, 24753.2774441397 
2190, 24826.5392486906 
2191, 24844.9685837883 
2192, 24896.345506019 
2193, 24832.754075135 
2194, 24706.0933429574 
2195, 24525.8904008703 
2196, 24238.0145190502 
2197, 23978.9903742689 
2198, 23623.8896284792 
2199, 23381.1632655284 
2200, 23128.1685481762 
2201, 22996.2506271461 
2202, 22967.1737755019 
2203, 22987.5267377243 
2204, 23107.4397373189 
2205, 23263.6527837477 
2206, 23444.6716685789 
2207, 23644.8776015063 
2208, 23817.9767581141 
2209, 24007.3131837596 
2210, 24141.4097176408 
2211, 24267.3843753544 
2212, 24327.8255982918 
2213, 24335.8152033085 
2214, 24326.9420896822 
2215, 24256.1574941156 
2216, 24206.4889213437 
2217, 24142.5846694011 
2218, 24077.6486395122 
2219, 24019.0951163265 
2220, 23939.7270123365 
2221, 23843.2629045758 
2222, 23744.953326814 
2223, 23629.6500809674 
2224, 23517.1064066859 
2225, 23393.49890717 
2226, 23286.3538355791 
2227, 23192.0420307774 
2228, 23093.1619486049 
2229, 22992.5369808336 
2230, 22883.183670293 
2231, 22763.7735626911 
2232, 22624.7127959612 
2233, 22494.1505930386 
2234, 22364.2974641637 
2235, 22228.8479031752 
2236, 22082.2586740666 
2237, 21948.1126910224 
2238, 21817.635948341 
2239, 21686.3815465695 
2240, 21562.243620159 
2241, 21432.5369441282 
2242, 21300.3215316917 
2243, 21167.3747201605 
2244, 21038.3860511146 
2245, 20900.7461977487 
2246, 20757.1820527902 
2247, 20610.0748030286 
2248, 20455.1334503131 
2249, 20300.0251121222 
2250, 20151.3416927587 
2251, 19986.4038533745 
2252, 19813.2999557791 
2253, 19636.7326010938 
2254, 19435.5696306354 
2255, 19227.8817024663 
2256, 19012.9194984005 
2257, 18808.308235883 
2258, 18606.5110982737 
2259, 18404.0005368759 
2260, 18215.5811455249 
2261, 18025.4025194457 
2262, 17866.0012909176 
2263, 17724.2775507698 
2264, 17597.8481541831 
2265, 17494.3015171632 
2266, 17403.7686956957 
2267, 17342.5725970699 
2268, 17260.656157966 
2269, 17202.5578731156 
2270, 17103.4362130952 
2271, 16973.8137473194 
2272, 16842.3998336228 
2273, 16684.1995973831 
2274, 16540.229854664 
2275, 16389.4673539238 
2276, 16250.068698758 
2277, 16129.5067176134 
2278, 15995.4855978273 
2279, 15861.6902016396 
2280, 15724.5080340604 
2281, 15582.2050154808 
2282, 15425.5681403333 
2283, 15288.5012848999 
2284, 15150.5430327807 
2285, 15014.0587571703 
2286, 14888.5618004393 
2287, 14747.8254258923 
2288, 14582.4645158208 
2289, 14407.3560219862 
2290, 14217.0361807426 
2291, 14015.5088887958 
2292, 13797.39327852 
2293, 13581.5614926823 
2294, 13340.6020507898 
2295, 13136.2759963102 
2296, 12932.5884063541 
2297, 12757.7545308833 
2298, 12605.2499636711 
2299, 12475.5375154197 
2300, 12365.6480886355 
2301, 12276.2445078488 
2302, 12209.7469804421 
2303, 12167.8069859462 
2304, 12130.8480540936 
2305, 12147.7355234476 
2306, 12235.5916171277 
2307, 12288.2490204691 
2308, 12405.9301931041 
2309, 12437.183055462 
2310, 12466.8517245632 
2311, 12384.7153815154 
2312, 12232.168254368 
2313, 12001.0575329669 
2314, 11652.0754171467 
2315, 11261.640601321 
2316, 10852.8537077803 
2317, 10466.4846470505 
2318, 10173.9049910228 
2319, 9987.23178991454 
2320, 9904.27334027204 
2321, 9900.10116546318 
2322, 9969.16872810043 
2323, 10036.8133604021 
2324, 10092.4195250385 
2325, 10156.4874593431 
2326, 10176.7682255077 
2327, 10148.0187478005 
2328, 10105.8045673481 
2329, 10035.9301909185 
2330, 9951.35954584706 
2331, 9845.42577339241 
2332, 9723.79731397726 
2333, 9582.09371303821 
2334, 9428.8459607272 
2335, 9255.38579549657 
2336, 9070.15633127877 
2337, 8865.28654899793 
2338, 8670.24740314477 
2339, 8444.24774535915 
2340, 8267.92550111989 
2341, 8108.90258596956 
2342, 7967.79016355408 
2343, 7875.86608915532 
2344, 7757.3081338993 
2345, 7643.82445686567 
2346, 7522.81161647123 
2347, 7382.08632427499 
2348, 7250.3683294861 
2349, 7105.78798887229 
2350, 6997.33074604261 
2351, 6904.25479983568 
2352, 6830.41430022093 
2353, 6778.36675629471 
2354, 6749.64361533344 
2355, 6736.69685711886 
2356, 6742.04357103069 
2357, 6786.87972456822 
2358, 6824.40065455928 
2359, 6904.73207748467 
2360, 6928.47484770144 
2361, 6951.0350587066 
2362, 6916.77471875778 
2363, 6835.33087208685 
2364, 6705.47474023218 
2365, 6549.06423357293 
2366, 6366.44901795484 
2367, 6151.91142791162 
2368, 5909.38625772 
2369, 5651.48282433583 
2370, 5429.38521278604 
2371, 5250.1158523829 
2372, 5134.78845291642 
2373, 5089.98195279747 
2374, 5094.451106629 
2375, 5134.18349929428 
2376, 5178.1060376361 
2377, 5234.04892468434 
2378, 5264.55671088059 
2379, 5276.72975660608 
2380, 5253.08892217334 
2381, 5159.87807153797 
2382, 5067.48020655663 
2383, 4961.56656885595 
2384, 4857.97011901029 
2385, 4801.19911712468 
2386, 4746.41049465433 
2387, 4712.00256563023 
2388, 4686.34515217734 
2389, 4651.79884845086 
2390, 4638.17564312748 
2391, 4616.02193465992 
2392, 4601.83302910224 
2393, 4597.99613309151 
2394, 4568.51683861225 
2395, 4527.26204095312 
2396, 4486.51536345375 
2397, 4461.00178047568 
2398, 4448.28350000953 
2399, 4437.17389748078 
2400, 4414.59454847379 
2401, 4372.06313104514 
2402, 4310.88148572856 
2403, 4223.31662340383 
2404, 4138.02981626476 
2405, 4066.58834186978 
2406, 3993.17330540625 
2407, 3925.35043441623 
2408, 3886.47342855185 
2409, 3807.13084517708 
2410, 3699.4970125163 
2411, 3608.68306507364 
2412, 3510.08459329715 
2413, 3407.38702599303 
2414, 3305.54187595638 
2415, 3214.71804732313 
2416, 3108.04333384353 
2417, 3047.52431419947 
2418, 3013.57997156696 
2419, 2990.47419632687 
2420, 2987.41629084332 
2421, 3001.16222744268 
2422, 3036.82316699763 
2423, 3078.3922157214 
2424, 3152.11987460539 
2425, 3187.38477536962 
2426, 3228.52351653306 
2427, 3221.99952700866 
2428, 3186.31274088054 
2429, 3125.36714409237 
2430, 3021.98210156165 
2431, 2916.02562524273 
2432, 2776.29321366276 
2433, 2670.13568404942 
2434, 2560.10658840812 
2435, 2490.35860216733 
2436, 2439.413635958 
2437, 2423.02417815419 
2438, 2435.73236678333 
2439, 2459.0847354142 
2440, 2542.03067763457 
2441, 2549.77510094612 
2442, 2562.69775549507 
2443, 2498.56362673301 
2444, 2353.18968528273 
2445, 2223.46299755083 
2446, 2074.96636238548 
2447, 1962.48573060723 
2448, 1875.64918291617 
2449, 1802.78139749674 
2450, 1758.99967349285 
2451, 1728.51194297446 
2452, 1738.12920040212 
2453, 1770.51292561558 
2454, 1821.19548193764 
2455, 1902.53001331671 
2456, 1973.47708967462 
2457, 2021.32746029334 
2458, 2034.74525782369 
2459, 2025.72391313186 
2460, 2016.2016660851 
2461, 2004.25316913199 
2462, 1993.54656369428 
2463, 1969.10699703558 
2464, 1939.22977728899 
2465, 1894.66201100186 
2466, 1832.98569480138 
2467, 1784.81656375425 
2468, 1722.80579587528 
2469, 1665.22229911141 
2470, 1631.70531302468 
2471, 1575.08591275634 
2472, 1503.11752527211 
2473, 1442.18170685815 
2474, 1394.33102621059 
2475, 1370.03134468017 
2476, 1365.17198948663 
2477, 1336.06170451502 
2478, 1278.12122026991 
2479, 1212.59280116393 
2480, 1130.49845903102 
2481, 1036.45971186205 
2482, 957.316489416071 
2483, 889.916792996376 
2484, 813.596755369079 
2485, 756.332622624088 
2486, 716.00078653539 
2487, 681.954812748398 
2488, 678.362384984047 
2489, 684.30398451757 
2490, 697.333717089183 
2491, 708.713359467494 
2492, 694.750444491511 
2493, 684.742805301038 
2494, 688.112481283443 
2495, 695.621217857571 
2496, 708.998577052611 
2497, 765.246326606265 
2498, 785.927417013985 
2499, 793.321122379115 
2500, 790.796497048665 
