Wavelength,0212202100046.asd
350, 2422.44124674495 
351, 2544.67981652601 
352, 2658.56153273562 
353, 2755.85075587546 
354, 2848.75042620367 
355, 2946.57672849159 
356, 3052.77295635461 
357, 3156.45197429208 
358, 3263.67824756855 
359, 3378.53445341137 
360, 3506.15439493319 
361, 3661.5614989589 
362, 3838.47318980936 
363, 4029.22618787089 
364, 4226.53775165306 
365, 4424.50179339537 
366, 4613.12556050841 
367, 4778.8350062886 
368, 4903.29818190595 
369, 4975.68783193617 
370, 5000.49966647492 
371, 4992.26464674824 
372, 4971.38149402737 
373, 4961.84190979567 
374, 4967.95744054853 
375, 4979.34131666589 
376, 4991.03387726333 
377, 4996.28074491311 
378, 4983.58676501309 
379, 4935.8791903069 
380, 4877.55113140744 
381, 4811.17459448506 
382, 4734.1050002165 
383, 4643.47151737699 
384, 4550.86684510259 
385, 4486.17069199763 
386, 4486.52410980591 
387, 4579.1243864539 
388, 4709.54273168897 
389, 4821.46578664975 
390, 4870.79964921665 
391, 4925.49056088158 
392, 4979.61115873353 
393, 5022.82659422107 
394, 5059.80333791057 
395, 5165.88070614369 
396, 5375.71789651 
397, 5701.46919613659 
398, 6149.51331015905 
399, 6659.23516924477 
400, 7183.48986126491 
401, 7692.15012294212 
402, 8174.92778322736 
403, 8571.4507944863 
404, 8856.70359730486 
405, 9080.24274164875 
406, 9257.59445740231 
407, 9415.27943128023 
408, 9587.02002524637 
409, 9824.33578445695 
410, 10107.8776645165 
411, 10420.1707602984 
412, 10746.4774365816 
413, 11070.0625009221 
414, 11389.8410226359 
415, 11697.0903607899 
416, 11964.1609003138 
417, 12218.8571027555 
418, 12481.1268267054 
419, 12754.8272851714 
420, 12990.9384625527 
421, 13231.6534526609 
422, 13494.9512741871 
423, 13774.0615861711 
424, 14029.7494858807 
425, 14232.0994927318 
426, 14351.7018187502 
427, 14353.1890550983 
428, 14297.6382341023 
429, 14310.786427022 
430, 14489.6124017828 
431, 14745.0340456897 
432, 15085.500030745 
433, 15589.2632946613 
434, 16350.9302012723 
435, 17149.3505631116 
436, 17758.6470883846 
437, 18136.4594809828 
438, 18536.967576298 
439, 18946.0807090526 
440, 19332.6133344485 
441, 19686.1202252706 
442, 20139.7973490818 
443, 20615.0913392487 
444, 21050.3637815186 
445, 21407.2690618426 
446, 21693.7467152432 
447, 21951.6534309162 
448, 22225.6237880113 
449, 22562.6696289236 
450, 22844.6862747287 
451, 22993.1379960195 
452, 22979.7825219559 
453, 22916.0867447634 
454, 22784.1050977356 
455, 22618.7463650999 
456, 22502.8049520398 
457, 22473.2684630126 
458, 22477.4877865686 
459, 22459.7543324731 
460, 22396.4941393767 
461, 22302.981926908 
462, 22202.1850327838 
463, 22106.0504421127 
464, 21954.5977352153 
465, 21724.1437507852 
466, 21442.6992747251 
467, 21186.6493160823 
468, 20969.9775043779 
469, 20807.1605072595 
470, 20705.5479977917 
471, 20668.6760683828 
472, 20643.1638897192 
473, 20632.6450454435 
474, 20657.1655924528 
475, 20647.0781249512 
476, 20621.4877013095 
477, 20604.4237895679 
478, 20615.0091496146 
479, 20681.7038913295 
480, 20774.1542177237 
481, 20839.3509837127 
482, 20821.874456697 
483, 20663.7961342766 
484, 20333.9756752538 
485, 19846.5576367295 
486, 19375.7506166585 
487, 19044.3842531893 
488, 18949.7798387418 
489, 19174.0609157144 
490, 19523.1541621777 
491, 19807.6832434354 
492, 19907.9332797164 
493, 19943.7978601341 
494, 20000.4211715783 
495, 20113.9955131826 
496, 20266.4471997976 
497, 20310.7928959778 
498, 20249.9182325609 
499, 20118.8524339883 
500, 19947.359427823 
501, 19818.5403729842 
502, 19768.8492122584 
503, 19814.7882692004 
504, 19999.9464048265 
505, 20256.3050242082 
506, 20515.4431943969 
507, 20720.1540066913 
508, 20874.9261224872 
509, 20996.8940127339 
510, 21112.0312672052 
511, 21264.9154173379 
512, 21369.9372584357 
513, 21387.5602749929 
514, 21308.1130952175 
515, 21131.2256737892 
516, 20893.1707177588 
517, 20660.3100487255 
518, 20527.478577381 
519, 20707.687924441 
520, 21213.2535846926 
521, 21917.6424835059 
522, 22502.2322258791 
523, 22936.2575678545 
524, 23239.9239973549 
525, 23466.9467501376 
526, 23563.4766338582 
527, 23602.3056767692 
528, 23728.0512514705 
529, 24209.4052493626 
530, 24830.7881809645 
531, 25349.0219031336 
532, 25568.8233682373 
533, 25640.1071840027 
534, 25756.0088595104 
535, 26017.2434783823 
536, 26410.2262491147 
537, 26688.6331485355 
538, 26815.7754461172 
539, 26833.0094517499 
540, 26821.3815676276 
541, 26844.041302698 
542, 26984.6998473143 
543, 27306.6470830913 
544, 27666.8154768952 
545, 27979.546825184 
546, 28198.2976114004 
547, 28320.7449955212 
548, 28403.8960170932 
549, 28503.876866716 
550, 28652.8910375581 
551, 28802.4096254951 
552, 28918.7955400306 
553, 29005.9338659948 
554, 29096.0982633054 
555, 29165.1068838814 
556, 29137.8643181284 
557, 28974.0068241399 
558, 28707.8600006533 
559, 28480.6654600616 
560, 28379.522794217 
561, 28436.9915573637 
562, 28570.5651419616 
563, 28645.6745575317 
564, 28599.1475622535 
565, 28458.0022350006 
566, 28258.0784886617 
567, 28055.297143957 
568, 27884.1725149382 
569, 27710.36783661 
570, 27480.3034112765 
571, 27260.8012909949 
572, 27182.7215213921 
573, 27209.7587505106 
574, 27201.9189382511 
575, 27071.7928134278 
576, 26835.7805382289 
577, 26622.7046121818 
578, 26512.5446144892 
579, 26546.1058030632 
580, 26691.0227860752 
581, 26943.2776540001 
582, 27248.1249791508 
583, 27504.9119195873 
584, 27666.9314964718 
585, 27665.154841543 
586, 27492.4119151647 
587, 27281.4687445847 
588, 27020.5146156388 
589, 26662.3078078454 
590, 26206.4083221045 
591, 26061.629607363 
592, 26200.7782592733 
593, 26430.3480409371 
594, 26409.0967267334 
595, 26269.069090023 
596, 26079.392729458 
597, 25882.6864244138 
598, 25662.2616348351 
599, 25392.4520872772 
600, 25099.6851630386 
601, 24845.7789240317 
602, 24647.3643819458 
603, 24542.5097272121 
604, 24530.8946381607 
605, 24552.7627686011 
606, 24495.5158156755 
607, 24356.494512039 
608, 24181.6064174626 
609, 24007.9272418487 
610, 23842.6789613187 
611, 23694.4520339898 
612, 23572.0494944797 
613, 23440.0845098143 
614, 23284.268772966 
615, 23114.7039505426 
616, 22982.7835214908 
617, 22901.0108848111 
618, 22903.5383477362 
619, 23008.8498876809 
620, 23109.3511682795 
621, 23116.1965818465 
622, 23000.8168976554 
623, 22806.0824202992 
624, 22585.1477160385 
625, 22376.2825513626 
626, 22198.704612873 
627, 22037.6974850262 
628, 21875.6025231474 
629, 21721.8507697911 
630, 21610.8188296783 
631, 21624.9876631823 
632, 21707.8168869315 
633, 21808.0843195452 
634, 21918.034514533 
635, 22001.20464288 
636, 22057.8237797783 
637, 22097.6677440716 
638, 22113.0296100349 
639, 22082.9056686908 
640, 21988.0631817492 
641, 21821.3275115209 
642, 21696.1756133122 
643, 21624.793115854 
644, 21579.1811208144 
645, 21493.5910634928 
646, 21359.1571419517 
647, 21190.5324502531 
648, 21018.7062388942 
649, 20878.200987477 
650, 20767.5585358758 
651, 20708.4103212866 
652, 20739.1869388775 
653, 20692.2836722854 
654, 20460.1432362425 
655, 20025.6446820301 
656, 19512.3956431513 
657, 19143.9037677739 
658, 19156.6777236981 
659, 19667.8209065407 
660, 20160.8512109656 
661, 20436.1772440676 
662, 20492.0788576697 
663, 20523.2160036932 
664, 20500.5836729879 
665, 20464.935219489 
666, 20452.9879374015 
667, 20460.6203396325 
668, 20454.292189753 
669, 20434.6134107869 
670, 20417.705324163 
671, 20374.53192747 
672, 20326.4232473036 
673, 20298.9480373073 
674, 20315.514377415 
675, 20342.1916883123 
676, 20361.8626041299 
677, 20369.5481286098 
678, 20383.515337845 
679, 20391.1394472075 
680, 20390.0439362478 
681, 20383.3256293386 
682, 20370.5512782927 
683, 20326.0820805417 
684, 20160.0673161212 
685, 19700.511258688 
686, 18880.4820904174 
687, 17765.173238417 
688, 16627.9678297949 
689, 16190.0000717658 
690, 16561.638053575 
691, 17421.0315961271 
692, 18193.8550304448 
693, 18874.9612614287 
694, 19371.5439478102 
695, 19673.2200430653 
696, 19883.6046174789 
697, 20057.4646373934 
698, 20172.9408374789 
699, 20199.8012907144 
700, 20166.0527556675 
701, 20132.7048556503 
702, 20146.1903736249 
703, 20236.8442080616 
704, 20411.2506403338 
705, 20614.5825038224 
706, 20789.9838260477 
707, 20890.3339803776 
708, 20979.9683021441 
709, 21063.1552293711 
710, 21133.4297529871 
711, 21206.6983096778 
712, 21261.1223384406 
713, 21287.6134536222 
714, 21277.6005203159 
715, 21185.8181736075 
716, 20930.5108627894 
717, 20473.5842277311 
718, 19838.579868933 
719, 19308.4952343533 
720, 19124.0976818412 
721, 19379.3544519249 
722, 19890.6693436243 
723, 20242.6409809153 
724, 20300.7051715737 
725, 20150.8984755541 
726, 20132.4351279723 
727, 20202.2177751332 
728, 20292.1485841339 
729, 20352.4588042922 
730, 20495.0957459608 
731, 20743.7884765961 
732, 21079.4123962877 
733, 21445.180934375 
734, 21759.1609269369 
735, 21960.6264283258 
736, 22024.511873139 
737, 22011.1581892069 
738, 21986.3032019176 
739, 21964.5295374257 
740, 21920.2569789365 
741, 21911.5010808656 
742, 21947.7202794332 
743, 22022.0627840743 
744, 22118.1049837854 
745, 22184.2435715703 
746, 22215.6248254286 
747, 22221.4056129675 
748, 22198.3237718444 
749, 22131.455702293 
750, 22036.9694890034 
751, 21952.292321914 
752, 21912.0801656876 
753, 21903.3556710478 
754, 21903.1267174992 
755, 21882.5896308675 
756, 21778.8259329909 
757, 21324.8977900667 
758, 20089.5616739668 
759, 17330.8979006435 
760, 13289.2406169133 
761, 9357.02204715865 
762, 7195.43920976516 
763, 7213.03982545498 
764, 8385.27065824451 
765, 10204.58798978 
766, 12628.3351124388 
767, 15264.6480894271 
768, 17546.8437376557 
769, 19130.1705394824 
770, 20017.9071814668 
771, 20457.1085929355 
772, 20630.3315995197 
773, 20676.2459687718 
774, 20670.3153014078 
775, 20623.588075852 
776, 20561.5323657086 
777, 20503.0628260903 
778, 20418.8739682286 
779, 20319.1577407087 
780, 20220.4914066347 
781, 20139.0703833941 
782, 20051.7775117614 
783, 19948.5723197402 
784, 19829.9741216361 
785, 19708.8422694619 
786, 19588.9447281105 
787, 19451.1482409239 
788, 19278.7638277128 
789, 19077.8070698464 
790, 18863.5878963459 
791, 18642.5609412471 
792, 18419.6068004515 
793, 18208.0222873115 
794, 18038.6413738497 
795, 17927.8719006126 
796, 17872.995061232 
797, 17831.4711709332 
798, 17762.6389995922 
799, 17644.1341550736 
800, 17477.6844352922 
801, 17297.6793842483 
802, 17131.5242598498 
803, 16989.7591633805 
804, 16852.123991891 
805, 16732.1927706961 
806, 16620.9703194801 
807, 16498.2803644021 
808, 16335.6452524132 
809, 16141.8819377085 
810, 15929.759982407 
811, 15706.0017119593 
812, 15437.7921941628 
813, 15084.6326811865 
814, 14641.2428313527 
815, 14143.4853013636 
816, 13680.3724518952 
817, 13316.2098210563 
818, 13091.0115586394 
819, 13016.8587627281 
820, 12993.8368534823 
821, 12946.8492902327 
822, 12845.4339409669 
823, 12732.112428576 
824, 12657.8338821337 
825, 12668.1946587268 
826, 12749.6505252743 
827, 12720.3112321808 
828, 12582.8483051379 
829, 12398.484339351 
830, 12251.1206592758 
831, 12153.573237538 
832, 12080.6354660561 
833, 12020.2934950944 
834, 11975.2784177297 
835, 11953.6362634323 
836, 11941.1531467459 
837, 11917.0125450095 
838, 11858.6837233385 
839, 11771.9743420223 
840, 11668.2659357267 
841, 11554.8889800293 
842, 11429.5370863082 
843, 11303.1307330357 
844, 11179.8218777658 
845, 11059.7444053426 
846, 10941.6135768481 
847, 10796.6041908067 
848, 10619.5605985697 
849, 10419.8751177907 
850, 10223.0888421365 
851, 9993.32774571335 
852, 9755.23392906508 
853, 9556.94522161145 
854, 9407.3960783935 
855, 9286.87092927664 
856, 9231.82063068663 
857, 9292.44393108649 
858, 9384.46077122293 
859, 9404.07658055818 
860, 9333.68563615662 
861, 9231.87589774154 
862, 9109.89942613099 
863, 8953.31171915239 
864, 8764.05275138016 
865, 8567.12677250042 
866, 8380.68384364582 
867, 8222.34567624386 
868, 8118.27614685946 
869, 8103.45218170883 
870, 8122.63765421291 
871, 8112.57696738202 
872, 8044.19082452718 
873, 7949.49044215322 
874, 7847.71303374661 
875, 7745.00799000462 
876, 7643.32004218677 
877, 7546.50098879556 
878, 7450.03252461664 
879, 7353.79203104519 
880, 7258.04449083154 
881, 7159.94281708158 
882, 7064.11224389219 
883, 6973.60630849108 
884, 6888.52949044007 
885, 6802.97357183103 
886, 6711.68845753373 
887, 6614.74368603497 
888, 6516.28910225516 
889, 6425.19890994953 
890, 6333.52109426931 
891, 6230.71678697803 
892, 6106.73275953436 
893, 5958.33778276842 
894, 5784.21044101168 
895, 5589.56055360367 
896, 5384.46017849006 
897, 5179.97969857624 
898, 4987.76285418527 
899, 4825.86908913246 
900, 4712.02809231407 
901, 4647.65136563253 
902, 4616.69435746094 
903, 4602.35756683274 
904, 4588.61900102098 
905, 4561.02107615538 
906, 4512.35680310465 
907, 4432.65319715286 
908, 4317.36733921643 
909, 4197.16871593133 
910, 4095.86877318982 
911, 4021.23056418918 
912, 3967.29940996114 
913, 3926.26732530388 
914, 3884.02596044891 
915, 3839.30209651944 
916, 3800.76355523282 
917, 3772.51612069625 
918, 3750.30296051184 
919, 3730.25684633293 
920, 3709.49620780617 
921, 3685.88209291273 
922, 3653.81480242968 
923, 3605.61059813957 
924, 3534.81250968682 
925, 3447.07997109898 
926, 3342.73492300743 
927, 3216.28298864977 
928, 3060.97747179098 
929, 2883.17856630872 
930, 2681.05191348714 
931, 2464.80025222617 
932, 2253.63290061406 
933, 2065.62097098716 
934, 1918.33106943403 
935, 1819.05323120099 
936, 1765.83043179232 
937, 1751.20452991162 
938, 1762.75941274876 
939, 1784.42969296552 
940, 1802.27822331044 
941, 1815.86693891887 
942, 1819.36207241706 
943, 1803.69658753344 
944, 1765.34513165145 
945, 1719.91980213309 
946, 1681.97247824896 
947, 1657.86344733356 
948, 1646.99558724522 
949, 1643.09700782283 
950, 1639.31926114447 
951, 1634.44840719244 
952, 1628.36321613777 
953, 1617.72176439377 
954, 1607.12465869081 
955, 1597.83945875273 
956, 1590.77548094124 
957, 1587.9150683336 
958, 1583.14710788712 
959, 1579.7101556586 
960, 1579.28179763945 
961, 1577.97979947543 
962, 1578.26065661755 
963, 1581.46125288298 
964, 1586.29094375461 
965, 1589.12861808722 
966, 1591.91640712452 
967, 1590.58050205779 
968, 1583.87843927656 
969, 1573.96210077119 
970, 1562.34522289532 
971, 1546.07121759879 
972, 1524.58427973615 
973, 1499.03254675903 
974, 1468.07905984081 
975, 1436.63442641764 
976, 1406.34210474819 
977, 1378.1351082254 
978, 1357.57549101112 
979, 1338.69923186943 
980, 1321.35418118124 
981, 1305.86932394842 
982, 1288.61497130403 
983, 1271.79253148334 
984, 1252.89760142547 
985, 1231.5538658042 
986, 1211.97280839726 
987, 1187.65455060275 
988, 1162.37561805938 
989, 1138.67280585336 
990, 1115.4555548469 
991, 1091.6809522285 
992, 1067.35453300513 
993, 1041.99854862723 
994, 1015.61851023905 
995, 992.356464888279 
996, 968.218549388032 
997, 943.385420038475 
998, 919.312392092126 
999, 894.419972879055 
1000, 870.667383361667 
1001, 5473.34055504293 
1002, 5454.41842367488 
1003, 5438.57315954315 
1004, 5427.455050639 
1005, 5423.08603743728 
1006, 5420.75674227813 
1007, 5425.70512092065 
1008, 5434.41027175158 
1009, 5444.58080918737 
1010, 5457.66630984624 
1011, 5474.72966222393 
1012, 5496.37874998889 
1013, 5516.29289917223 
1014, 5538.14518073899 
1015, 5556.35257838614 
1016, 5572.6975287905 
1017, 5595.06065637286 
1018, 5625.66667582549 
1019, 5653.80258033169 
1020, 5678.59354287524 
1021, 5706.15749726296 
1022, 5734.90207023928 
1023, 5760.22984743913 
1024, 5790.46551369694 
1025, 5829.91738430874 
1026, 5868.46931830148 
1027, 5896.34946354744 
1028, 5926.59604918324 
1029, 5959.4883926221 
1030, 5982.81395058797 
1031, 6009.29514094086 
1032, 6035.96219463045 
1033, 6055.93956988695 
1034, 6077.01428661208 
1035, 6100.22387201203 
1036, 6125.51171890019 
1037, 6153.02984635372 
1038, 6176.31319013113 
1039, 6198.03631533666 
1040, 6223.53053802944 
1041, 6241.60291036164 
1042, 6257.2229432638 
1043, 6277.04791023816 
1044, 6293.15513767524 
1045, 6307.53031367568 
1046, 6322.48764329984 
1047, 6338.27836310628 
1048, 6353.45941728997 
1049, 6368.63865233805 
1050, 6385.61724443604 
1051, 6409.52668222283 
1052, 6440.6398113846 
1053, 6474.81184991198 
1054, 6507.88253636042 
1055, 6541.32842306291 
1056, 6568.0652404347 
1057, 6591.81685648973 
1058, 6620.4493535663 
1059, 6654.45850812502 
1060, 6696.16901408057 
1061, 6745.92795019957 
1062, 6796.19730190625 
1063, 6852.10429872279 
1064, 6911.45867758982 
1065, 6970.1018629027 
1066, 7037.30256344207 
1067, 7109.42327013423 
1068, 7185.64718304438 
1069, 7271.51042852466 
1070, 7365.60865991516 
1071, 7468.39821838192 
1072, 7573.20485307591 
1073, 7672.4953043863 
1074, 7770.10256759122 
1075, 7865.39022644703 
1076, 7957.85481086233 
1077, 8051.01647939811 
1078, 8133.33011491278 
1079, 8214.02827071201 
1080, 8282.01601337476 
1081, 8333.29398077453 
1082, 8382.77723946022 
1083, 8429.4724746574 
1084, 8471.52310101231 
1085, 8514.71581431487 
1086, 8553.51600363886 
1087, 8591.14519553297 
1088, 8622.8718428976 
1089, 8656.19346392024 
1090, 8673.71794492697 
1091, 8684.15437543206 
1092, 8684.92035931595 
1093, 8667.06055786465 
1094, 8646.06014988614 
1095, 8620.9829266469 
1096, 8594.32282381998 
1097, 8574.15489889643 
1098, 8547.0101625097 
1099, 8525.22564443957 
1100, 8509.31787207878 
1101, 8486.43040742402 
1102, 8470.29730106373 
1103, 8438.56536214568 
1104, 8402.10323613609 
1105, 8350.51715071959 
1106, 8295.54318587664 
1107, 8217.05366499391 
1108, 8107.96203538355 
1109, 7978.25439026712 
1110, 7798.99295650447 
1111, 7573.84062928043 
1112, 7309.91916135411 
1113, 6989.39137472829 
1114, 6667.31678346325 
1115, 6282.73632775081 
1116, 5946.24419157237 
1117, 5590.58298743342 
1118, 5285.64746652337 
1119, 5006.28937116638 
1120, 4753.08403409847 
1121, 4539.47810041007 
1122, 4365.90843944446 
1123, 4247.35797322923 
1124, 4169.97007625614 
1125, 4133.77450133928 
1126, 4163.47686058776 
1127, 4185.8385283933 
1128, 4242.56514880493 
1129, 4301.85777117008 
1130, 4381.03382320916 
1131, 4458.08231979054 
1132, 4536.29910457427 
1133, 4634.06378901105 
1134, 4734.77665262881 
1135, 4851.22189337027 
1136, 5017.35398764738 
1137, 5191.69610769779 
1138, 5366.77179272144 
1139, 5522.81321016618 
1140, 5621.44867440751 
1141, 5687.31658903546 
1142, 5711.29138717236 
1143, 5663.53270241396 
1144, 5641.07742292983 
1145, 5551.49059844312 
1146, 5543.1753868929 
1147, 5544.31274420391 
1148, 5602.12176321083 
1149, 5718.30019983794 
1150, 5860.73675741387 
1151, 6043.79153422506 
1152, 6250.89881958261 
1153, 6462.97944261635 
1154, 6704.89492887243 
1155, 6936.2138573583 
1156, 7183.28719009828 
1157, 7411.35613661964 
1158, 7645.47212382313 
1159, 7855.25547323031 
1160, 8052.7935168371 
1161, 8232.23757307651 
1162, 8400.7853789524 
1163, 8546.71339855948 
1164, 8674.82300261185 
1165, 8781.5238897501 
1166, 8869.0946681218 
1167, 8936.3135472354 
1168, 8984.45315689917 
1169, 9012.01238685329 
1170, 9025.17579862101 
1171, 9015.05723976555 
1172, 8998.9575843995 
1173, 8964.7658209189 
1174, 8928.63403422876 
1175, 8882.98889215354 
1176, 8831.74421636016 
1177, 8770.24659533597 
1178, 8709.06738610821 
1179, 8637.04242363742 
1180, 8570.61197918091 
1181, 8501.63377367239 
1182, 8438.47277425174 
1183, 8384.37479029884 
1184, 8332.28252365418 
1185, 8294.19934421922 
1186, 8267.98464262341 
1187, 8246.46946591637 
1188, 8235.46661024375 
1189, 8226.13916133315 
1190, 8230.23529815772 
1191, 8223.64824523492 
1192, 8229.37323222149 
1193, 8211.23597387333 
1194, 8184.21054825167 
1195, 8141.27791779699 
1196, 8077.99165042016 
1197, 8003.22160625958 
1198, 7931.83546200249 
1199, 7844.66016888313 
1200, 7776.67368690538 
1201, 7711.04381274263 
1202, 7656.04222837018 
1203, 7607.58302068113 
1204, 7569.62869556726 
1205, 7540.80968033169 
1206, 7519.43032175274 
1207, 7511.38268469606 
1208, 7503.62429818319 
1209, 7503.22048327474 
1210, 7503.70401826789 
1211, 7513.37434306227 
1212, 7515.45402363819 
1213, 7515.37444166019 
1214, 7515.33462767143 
1215, 7512.17591014523 
1216, 7504.23616172448 
1217, 7495.42912921475 
1218, 7490.22876899508 
1219, 7473.16429612279 
1220, 7444.10044517209 
1221, 7422.05300520909 
1222, 7392.32784206957 
1223, 7371.69852009539 
1224, 7359.79082242226 
1225, 7344.9861773475 
1226, 7334.05150255517 
1227, 7319.78385696719 
1228, 7302.04303198264 
1229, 7286.51841638556 
1230, 7271.25190351001 
1231, 7257.0373712129 
1232, 7238.07424900368 
1233, 7218.11239189946 
1234, 7198.05161659753 
1235, 7175.48040701893 
1236, 7150.77398654318 
1237, 7129.00626533083 
1238, 7100.12184359021 
1239, 7063.96653140077 
1240, 7028.26909768945 
1241, 6986.78954056382 
1242, 6949.97092782226 
1243, 6914.24718213925 
1244, 6878.35595144433 
1245, 6842.45259126622 
1246, 6812.53280317805 
1247, 6775.55466241295 
1248, 6736.82151152195 
1249, 6694.90385249738 
1250, 6653.0057615565 
1251, 6601.52020349876 
1252, 6547.96619738082 
1253, 6482.98688349446 
1254, 6410.35972048793 
1255, 6328.33124989481 
1256, 6238.72157590223 
1257, 6138.49247559754 
1258, 6023.16495724708 
1259, 5908.21422276928 
1260, 5780.11600747376 
1261, 5657.63278548654 
1262, 5529.20352655136 
1263, 5408.28035026567 
1264, 5304.83601445168 
1265, 5200.00665287956 
1266, 5133.7995300244 
1267, 5080.39602675653 
1268, 5073.73850085487 
1269, 5100.89847090141 
1270, 5153.32425828164 
1271, 5256.76578949532 
1272, 5352.43531199746 
1273, 5476.41775367605 
1274, 5587.36309179607 
1275, 5713.58258156786 
1276, 5816.25478215165 
1277, 5909.95935504018 
1278, 5993.59680247235 
1279, 6060.52431318816 
1280, 6122.33905306657 
1281, 6180.10664158283 
1282, 6228.89339707647 
1283, 6283.77876473892 
1284, 6337.74442801464 
1285, 6386.4737869302 
1286, 6436.41038401641 
1287, 6482.67433672625 
1288, 6524.80542817975 
1289, 6560.11541890772 
1290, 6599.05913554412 
1291, 6621.05895601561 
1292, 6624.16586228962 
1293, 6632.85935921705 
1294, 6636.39828448823 
1295, 6637.07656019065 
1296, 6639.97452675602 
1297, 6635.43580933468 
1298, 6622.05667981332 
1299, 6606.78753202644 
1300, 6594.09642249342 
1301, 6576.94000053854 
1302, 6558.7810202022 
1303, 6539.94999457482 
1304, 6519.62844145651 
1305, 6496.44326588004 
1306, 6472.56988941322 
1307, 6451.35856767926 
1308, 6422.46013351766 
1309, 6388.36806542317 
1310, 6353.00394514896 
1311, 6310.41429279593 
1312, 6272.44560344965 
1313, 6229.30969173591 
1314, 6195.95209384336 
1315, 6168.08295600733 
1316, 6142.9958074844 
1317, 6124.4149580347 
1318, 6110.86177654994 
1319, 6092.83365726592 
1320, 6076.01637180034 
1321, 6052.06160134391 
1322, 6018.35603011917 
1323, 5974.27703665369 
1324, 5922.03470702303 
1325, 5856.88069532025 
1326, 5780.40145101858 
1327, 5693.12002647762 
1328, 5583.75281918431 
1329, 5486.61146069456 
1330, 5369.16705731666 
1331, 5286.69107689998 
1332, 5218.50197874114 
1333, 5165.70479857206 
1334, 5143.22606064528 
1335, 5116.23371251012 
1336, 5100.61665668128 
1337, 5087.84647460899 
1338, 5070.26866248282 
1339, 5029.75264181111 
1340, 4960.48019061283 
1341, 4857.07564586325 
1342, 4706.59689846837 
1343, 4513.95737942398 
1344, 4286.66254534797 
1345, 4009.86065679367 
1346, 3717.76951589357 
1347, 3380.75442614798 
1348, 3052.08741080254 
1349, 2689.85986146401 
1350, 2357.61175041807 
1351, 2013.70777638142 
1352, 1710.26347670654 
1353, 1418.6897527638 
1354, 1165.53543652604 
1355, 943.431254746575 
1356, 751.467996062162 
1357, 587.772135586218 
1358, 463.196067313192 
1359, 363.610737704734 
1360, 287.620094208193 
1361, 232.722565014627 
1362, 189.946292460629 
1363, 157.381454722263 
1364, 137.69259803651 
1365, 123.902531444817 
1366, 122.656609052202 
1367, 120.23458846179 
1368, 121.679472121168 
1369, 130.849768120899 
1370, 144.50728851006 
1371, 165.53502658873 
1372, 200.550294295465 
1373, 229.273916133128 
1374, 264.440756918978 
1375, 288.608324137428 
1376, 311.535565118386 
1377, 324.588588589057 
1378, 329.293017693632 
1379, 328.738200423665 
1380, 318.674760650143 
1381, 304.022622530626 
1382, 287.959710801432 
1383, 277.179138500706 
1384, 283.276825471409 
1385, 300.112933347472 
1386, 320.746279308527 
1387, 353.456502120529 
1388, 382.412614020965 
1389, 414.968158911123 
1390, 440.815333802854 
1391, 471.687441020926 
1392, 485.987580997364 
1393, 485.194443672509 
1394, 490.987388800599 
1395, 489.284611744463 
1396, 493.280877352407 
1397, 499.333879098841 
1398, 509.631655975784 
1399, 521.198624757453 
1400, 536.102168980489 
1401, 559.211232661809 
1402, 577.905581087531 
1403, 596.218657060357 
1404, 614.007308770135 
1405, 625.304477026475 
1406, 648.443782928447 
1407, 673.54905025286 
1408, 699.583580589577 
1409, 741.732921286394 
1410, 783.379178723095 
1411, 820.916324649896 
1412, 863.170793743217 
1413, 897.329503737907 
1414, 924.407889537666 
1415, 952.856300435131 
1416, 979.873613595724 
1417, 1003.8283074624 
1418, 1028.59276494864 
1419, 1044.20083523119 
1420, 1056.18303777878 
1421, 1061.99955509857 
1422, 1058.71945838742 
1423, 1054.44354410205 
1424, 1049.32828942401 
1425, 1034.64122315502 
1426, 1014.62053960948 
1427, 988.621818236795 
1428, 952.943172144962 
1429, 915.006738192959 
1430, 872.458241727858 
1431, 827.070906423785 
1432, 780.829500923279 
1433, 736.888105307318 
1434, 697.934504872572 
1435, 658.891922201732 
1436, 625.633115777532 
1437, 594.239895673585 
1438, 566.953453994954 
1439, 544.964734343325 
1440, 524.29539012966 
1441, 509.578126023738 
1442, 489.530189202932 
1443, 467.097087366595 
1444, 447.941553095103 
1445, 424.730036668759 
1446, 408.749956341149 
1447, 403.103959678522 
1448, 390.540952979896 
1449, 377.692964842192 
1450, 364.36457569748 
1451, 345.240830892282 
1452, 330.812214631714 
1453, 321.227558357941 
1454, 308.972874840271 
1455, 295.721797040049 
1456, 285.298245102442 
1457, 273.182294376829 
1458, 261.927908156152 
1459, 251.831498772561 
1460, 240.463661966123 
1461, 225.370474945204 
1462, 206.904313568692 
1463, 187.21596712633 
1464, 163.481092384191 
1465, 143.275309981198 
1466, 120.554798680457 
1467, 105.723681587788 
1468, 93.8430144542806 
1469, 86.7129796261707 
1470, 88.6247612033602 
1471, 85.2072027204333 
1472, 83.6441957467053 
1473, 80.0784093170531 
1474, 69.6915970447395 
1475, 67.296420063677 
1476, 72.0648236597982 
1477, 71.7775855347552 
1478, 74.246123410481 
1479, 73.9620012101735 
1480, 65.5712626215105 
1481, 62.9516304006373 
1482, 65.4220102099447 
1483, 64.4931849489946 
1484, 64.7094822469602 
1485, 63.4262210135017 
1486, 57.4358056763147 
1487, 54.586176378219 
1488, 57.2172259392561 
1489, 59.9520260681045 
1490, 65.0951145574223 
1491, 69.5178253341802 
1492, 70.8454221924632 
1493, 69.6116603982981 
1494, 69.6968103414569 
1495, 73.4590122046603 
1496, 71.7436084162736 
1497, 72.400778136446 
1498, 75.0359031001427 
1499, 78.1704352333686 
1500, 79.1835420119058 
1501, 83.3174015531307 
1502, 83.9869657588512 
1503, 79.6540360336359 
1504, 78.4816627441964 
1505, 78.2787290242277 
1506, 77.8401764461342 
1507, 77.5967182651949 
1508, 78.6884638139766 
1509, 81.19035036223 
1510, 82.6341553492212 
1511, 85.2318619801371 
1512, 85.3791346910482 
1513, 82.115138265472 
1514, 81.0322782253904 
1515, 79.9414158479288 
1516, 79.2029577970778 
1517, 79.7230166520494 
1518, 81.5224504646164 
1519, 84.2450936924849 
1520, 85.8746978890536 
1521, 88.9875761929443 
1522, 89.3328317818215 
1523, 92.459228809217 
1524, 92.3484722124811 
1525, 90.1850467030671 
1526, 91.0853424416083 
1527, 80.1217698903067 
1528, 71.7647070580238 
1529, 71.1841657639161 
1530, 70.4113271504653 
1531, 80.2244024556441 
1532, 90.7543928892267 
1533, 95.7221932349633 
1534, 99.2340277869109 
1535, 103.299637962223 
1536, 105.66779640871 
1537, 108.922807644039 
1538, 113.853687465886 
1539, 115.053355111894 
1540, 113.556886841673 
1541, 113.61932006011 
1542, 113.424182653934 
1543, 112.344100838135 
1544, 108.472754564378 
1545, 110.184743021516 
1546, 114.021165815418 
1547, 117.023429231998 
1548, 126.522620688278 
1549, 129.596292520522 
1550, 124.968393639381 
1551, 127.276539607657 
1552, 130.76784677432 
1553, 134.980776242662 
1554, 145.503155140523 
1555, 149.956931656407 
1556, 150.527334727222 
1557, 152.266408192081 
1558, 152.531253114984 
1559, 152.726298188969 
1560, 151.625345234158 
1561, 153.285752346444 
1562, 154.746042767884 
1563, 157.714821449131 
1564, 164.953823181579 
1565, 170.763811536569 
1566, 176.47380153239 
1567, 181.449895345588 
1568, 189.833214306228 
1569, 190.018047404722 
1570, 188.206361665846 
1571, 187.622458806983 
1572, 180.659170787211 
1573, 180.262162336622 
1574, 184.204230270547 
1575, 188.353570886862 
1576, 194.747051931265 
1577, 196.967921658723 
1578, 203.03279900999 
1579, 208.565685814567 
1580, 213.262148939755 
1581, 220.798601367391 
1582, 223.879317560339 
1583, 222.241284642233 
1584, 225.35905388426 
1585, 229.15114753002 
1586, 233.57168520883 
1587, 239.972768746831 
1588, 244.479370287446 
1589, 247.528251615745 
1590, 252.504595055259 
1591, 258.844101314076 
1592, 263.446694218922 
1593, 268.974234091931 
1594, 272.986516090401 
1595, 274.634263824263 
1596, 278.155304244567 
1597, 283.163212069295 
1598, 284.656278214095 
1599, 283.48285999047 
1600, 285.027636917698 
1601, 287.424601167735 
1602, 287.022443570155 
1603, 286.684941467636 
1604, 287.04741519394 
1605, 282.434974790193 
1606, 284.005815000069 
1607, 289.225437205202 
1608, 296.423198228052 
1609, 312.737851721361 
1610, 316.638143740106 
1611, 316.069476754852 
1612, 316.407281176381 
1613, 306.4416260369 
1614, 303.941556052123 
1615, 306.34185702082 
1616, 309.373300582994 
1617, 316.466593023375 
1618, 319.400379361958 
1619, 320.525544332678 
1620, 324.522978541447 
1621, 325.382511686906 
1622, 330.17105689856 
1623, 344.197549435747 
1624, 350.99808172519 
1625, 356.879726154455 
1626, 358.671168802323 
1627, 352.096780470409 
1628, 349.703194697428 
1629, 345.451064826421 
1630, 344.22654857737 
1631, 348.07841698083 
1632, 349.336137763103 
1633, 350.489560967407 
1634, 351.515693370501 
1635, 353.484636152331 
1636, 351.926190654632 
1637, 343.264173776464 
1638, 342.905500133592 
1639, 345.346733506224 
1640, 347.708916895451 
1641, 361.04008690171 
1642, 366.352996439399 
1643, 361.379728375502 
1644, 361.863342409243 
1645, 362.914430475895 
1646, 363.550885410517 
1647, 367.706266668359 
1648, 371.015843945664 
1649, 370.607691842567 
1650, 373.084075614348 
1651, 378.540904251131 
1652, 383.61019062518 
1653, 388.295495716054 
1654, 393.486891527583 
1655, 399.571316327254 
1656, 406.156467533209 
1657, 409.934005531719 
1658, 413.859003890916 
1659, 417.374583826385 
1660, 418.37294370063 
1661, 419.927040039441 
1662, 424.76101927003 
1663, 420.804500444973 
1664, 410.667959751182 
1665, 405.892089521995 
1666, 397.620786631823 
1667, 395.695148924054 
1668, 399.299491239411 
1669, 399.829913018399 
1670, 400.203202358401 
1671, 402.942153559443 
1672, 406.191560434489 
1673, 411.296311652675 
1674, 419.518919380875 
1675, 424.781380556775 
1676, 430.425041173337 
1677, 433.842502860043 
1678, 434.994534007086 
1679, 437.961008860601 
1680, 439.998124193576 
1681, 444.348596305782 
1682, 451.777629266384 
1683, 453.851260893023 
1684, 454.031664789369 
1685, 455.847578166927 
1686, 454.145591719503 
1687, 457.848595529933 
1688, 466.026771854433 
1689, 471.092284935407 
1690, 476.36189025829 
1691, 481.32792250335 
1692, 488.232924575577 
1693, 487.246667223464 
1694, 482.719404878719 
1695, 479.00515362687 
1696, 467.276372499073 
1697, 466.719730308111 
1698, 473.229572090109 
1699, 475.544865739365 
1700, 479.660497695097 
1701, 484.643607982607 
1702, 489.685954550154 
1703, 491.526397922724 
1704, 495.480549698321 
1705, 493.965384584457 
1706, 483.958805324119 
1707, 484.12416599294 
1708, 486.088372878266 
1709, 491.865080777957 
1710, 505.998120673777 
1711, 510.312628771446 
1712, 513.202507423921 
1713, 513.731109038866 
1714, 507.284449403798 
1715, 507.395507958477 
1716, 509.310611813656 
1717, 507.130274214591 
1718, 510.284868872223 
1719, 513.988936522974 
1720, 515.016453369019 
1721, 519.28512994054 
1722, 522.484867947273 
1723, 521.835940776258 
1724, 518.404997352061 
1725, 510.498224644954 
1726, 507.097488393045 
1727, 507.498340443852 
1728, 508.422954813728 
1729, 516.874947675514 
1730, 522.110425091559 
1731, 519.069177571403 
1732, 516.880920688619 
1733, 511.696041712454 
1734, 505.250200286352 
1735, 506.0901531439 
1736, 508.853499536188 
1737, 506.2985349833 
1738, 506.882107959732 
1739, 506.271216223287 
1740, 502.28916578751 
1741, 507.778074929365 
1742, 513.610023280119 
1743, 516.361760032645 
1744, 520.498285652492 
1745, 523.362568703329 
1746, 520.364164757162 
1747, 519.789877422097 
1748, 523.021854081582 
1749, 521.454703997924 
1750, 523.73481623982 
1751, 527.855777142309 
1752, 526.732251744391 
1753, 527.369883778547 
1754, 526.878910281043 
1755, 520.413114898636 
1756, 519.950403798291 
1757, 520.779106426992 
1758, 517.676741817887 
1759, 515.714923858493 
1760, 511.221353043895 
1761, 507.757586794629 
1762, 504.612677068715 
1763, 501.815147608409 
1764, 499.402313264954 
1765, 494.933158910078 
1766, 492.734060021117 
1767, 494.946373543632 
1768, 492.666473988266 
1769, 486.574869317757 
1770, 482.088153140689 
1771, 475.08136552062 
1772, 472.729419742195 
1773, 476.886182763437 
1774, 475.402540448035 
1775, 474.192557932744 
1776, 468.347604146622 
1777, 453.340223312465 
1778, 445.935904192094 
1779, 441.919382642091 
1780, 436.392043052885 
1781, 433.370806131365 
1782, 432.190406990287 
1783, 429.221699249148 
1784, 426.520099941593 
1785, 430.096469689128 
1786, 426.563609407221 
1787, 418.442676744438 
1788, 408.753989307309 
1789, 394.274636227411 
1790, 382.137353087562 
1791, 370.773960694449 
1792, 359.237835029041 
1793, 348.045276902154 
1794, 336.064951656555 
1795, 320.955363188266 
1796, 309.94745656956 
1797, 301.460282124393 
1798, 293.273532125562 
1799, 283.765614843973 
1800, 271.094588686642 
1801, 1583.07209020406 
1802, 1525.61277808134 
1803, 1470.28011794513 
1804, 1422.58339304775 
1805, 1397.60826850639 
1806, 1371.14694013931 
1807, 1334.72942099147 
1808, 1304.0917077089 
1809, 1293.05583632266 
1810, 1258.09211980862 
1811, 1213.95125083178 
1812, 1163.10236073923 
1813, 1107.80787277932 
1814, 1030.01325953296 
1815, 953.01304318516 
1816, 888.857728461213 
1817, 839.318782721733 
1818, 820.998131775023 
1819, 790.914743916607 
1820, 772.857495101397 
1821, 746.26673761141 
1822, 719.553479262883 
1823, 682.374629617168 
1824, 642.253627056477 
1825, 609.529595527402 
1826, 557.38899380678 
1827, 497.672212500741 
1828, 451.774696208053 
1829, 412.499662314259 
1830, 370.79827935103 
1831, 337.041726925335 
1832, 292.912720046124 
1833, 254.234368972015 
1834, 205.319518709832 
1835, 170.100624137162 
1836, 159.989802114754 
1837, 129.817007428381 
1838, 101.378526287474 
1839, 90.8272814818352 
1840, 84.9690399011151 
1841, 80.1427797774607 
1842, 87.870040946594 
1843, 111.903245682841 
1844, 118.968888282417 
1845, 126.228799551695 
1846, 138.02750063375 
1847, 138.224482902915 
1848, 138.624108842423 
1849, 147.568764279037 
1850, 145.030373074788 
1851, 141.19491262498 
1852, 128.689545669913 
1853, 98.1872372631001 
1854, 70.2639474907664 
1855, 55.4406925148899 
1856, 72.4610210114779 
1857, 107.039190112531 
1858, 113.941816342419 
1859, 131.259143641081 
1860, 153.499020359905 
1861, 164.253323324561 
1862, 178.100876247572 
1863, 196.741492831172 
1864, 184.525702176245 
1865, 178.082361593064 
1866, 154.371893350255 
1867, 117.786873850328 
1868, 103.350895549938 
1869, 82.4850299705045 
1870, 64.2244685845575 
1871, 39.2728421319224 
1872, 47.1579894015282 
1873, 57.6482817060248 
1874, 48.1019310495735 
1875, 42.5318969504647 
1876, 43.965092248113 
1877, 34.2660756373659 
1878, 47.4483407896422 
1879, 72.5353269590531 
1880, 94.3357379239754 
1881, 112.431142900821 
1882, 164.13221239564 
1883, 195.691093058703 
1884, 210.946886770519 
1885, 246.001535581138 
1886, 232.915468860492 
1887, 210.484941965376 
1888, 224.433640586741 
1889, 210.258039970691 
1890, 196.340782599628 
1891, 189.072165882181 
1892, 197.026347985047 
1893, 164.415443402257 
1894, 140.80091340552 
1895, 130.381930598154 
1896, 103.226404065298 
1897, 90.0022640661388 
1898, 90.5733818963516 
1899, 73.6861968795825 
1900, 66.7976908780047 
1901, 68.6345571366781 
1902, 67.4236987185559 
1903, 66.3305472146826 
1904, 72.0394581915292 
1905, 57.4731538580814 
1906, 44.5675981923551 
1907, 33.9954366698087 
1908, 27.9577034503206 
1909, 45.6637996383701 
1910, 56.3351842106415 
1911, 60.2347332038135 
1912, 63.222314039252 
1913, 58.1018665492962 
1914, 40.9944008490942 
1915, 27.6763303965341 
1916, 18.9756770962505 
1917, 24.6333522075881 
1918, 35.9513900349264 
1919, 45.7499256216649 
1920, 67.6615476794727 
1921, 80.0170479232316 
1922, 84.8103677153058 
1923, 91.2239124182706 
1924, 88.3210212677657 
1925, 73.5483409364065 
1926, 50.77477377487 
1927, 33.4344649119305 
1928, 29.6715764911969 
1929, 25.5627139312501 
1930, 36.7951366854968 
1931, 53.490495766127 
1932, 42.8559788058915 
1933, 38.6201855171478 
1934, 35.3842477723521 
1935, 22.7820390332591 
1936,-8.37126720462733 
1937,-11.5179523813263 
1938,-15.1551829257457 
1939,-25.5774323590824 
1940,-3.1641736728624 
1941, 11.2904142876385 
1942, 20.1403619051686 
1943, 35.8985562397892 
1944, 44.3023911128604 
1945, 48.1098291416534 
1946, 54.3554782141657 
1947, 57.9974654058134 
1948, 59.0746487359312 
1949, 61.7384055315873 
1950, 52.1716209818458 
1951, 43.4458053800612 
1952, 38.8590785403669 
1953, 46.4788500592857 
1954, 66.1076248428307 
1955, 74.9553245945896 
1956, 98.4561521081935 
1957, 93.5311991240024 
1958, 56.1145840254768 
1959, 42.9211267422951 
1960, 22.6747292507397 
1961, 18.464650780797 
1962, 25.1034793722669 
1963, 33.4895917716292 
1964, 27.6565765086126 
1965, 16.5867549215822 
1966, 11.9015825203333 
1967, 5.67561430637571 
1968, 4.45703863664366 
1969, 8.94799037714167 
1970, 11.9086627177453 
1971, 20.0269819777805 
1972, 22.2114409010577 
1973, 17.9720112074536 
1974, 25.0415456668647 
1975, 14.155795300126 
1976, 9.94097809851452 
1977, 0.957034818507423 
1978,-18.9883186645034 
1979,-14.7524955082958 
1980, 0.147639428601707 
1981, 16.2033047780924 
1982, 65.7827897985038 
1983, 83.5957463971482 
1984, 90.1126510705528 
1985, 89.5278315632251 
1986, 71.1042807915404 
1987, 43.677090699898 
1988, 28.1811767534942 
1989, 33.0779467555135 
1990, 29.3863347524604 
1991, 38.3127172584206 
1992, 32.0511868007992 
1993, 3.29913211856497 
1994,-8.08890346372972E-02 
1995, 13.0398404526232 
1996, 13.4172399510006 
1997, 21.1397921033189 
1998, 27.0558238920755 
1999, 2.40929958481792 
2000,-1.4369964343826 
2001, 10.9486561062837 
2002, 27.6957101787729 
2003, 34.9598407073058 
2004, 49.6783808634445 
2005, 52.8782096497591 
2006, 35.5512136063151 
2007, 34.3922667425508 
2008, 42.2125093100099 
2009, 46.3740768145986 
2010, 53.8529406133634 
2011, 63.9320969670577 
2012, 54.5289525010551 
2013, 44.8363641765165 
2014, 34.1780390249566 
2015, 15.3754843720275 
2016,-0.432383824664549 
2017,-21.3778144064692 
2018,-27.2718209638023 
2019,-30.7544712247328 
2020,-30.2419642493551 
2021,-15.2146110351427 
2022,-3.16287733582718 
2023, 10.5462889116696 
2024, 22.7349286021819 
2025, 30.8087182158542 
2026, 39.0208181129817 
2027, 46.0338023703732 
2028, 44.2578538897363 
2029, 51.8867178280714 
2030, 70.5771730689894 
2031, 76.9756725183181 
2032, 85.5698411220631 
2033, 79.8117278277578 
2034, 49.8203972321055 
2035, 42.4430524885149 
2036, 38.1203722652853 
2037, 34.5427403528906 
2038, 44.2089041601533 
2039, 55.654269227612 
2040, 54.9607224334621 
2041, 46.750685947503 
2042, 34.2540751770418 
2043, 8.67348455806003 
2044,-1.14348355671182 
2045,-21.5551820330428 
2046,-14.9935780554489 
2047, 26.6110195953183 
2048, 43.94018653892 
2049, 70.6010681151291 
2050, 81.911374871369 
2051, 74.8559130128359 
2052, 65.7305096127918 
2053, 56.2523271313046 
2054, 43.1095295677004 
2055, 40.0734577515509 
2056, 39.9398893354559 
2057, 39.3981512376514 
2058, 52.6494339989966 
2059, 49.8765114483813 
2060, 34.0508001263872 
2061, 28.7620182460311 
2062, 18.409638209152 
2063, 12.0111657786493 
2064, 12.3402261711696 
2065, 13.228894070385 
2066, 2.49346048641955 
2067, 19.7382952995115 
2068, 28.9847047219381 
2069, 46.2976992845242 
2070, 53.538659279614 
2071, 59.0779259073363 
2072, 62.0811917329544 
2073, 59.5477005213331 
2074, 58.3384946332192 
2075, 56.7200803945372 
2076, 55.733101405879 
2077, 51.678837697244 
2078, 50.5823613058892 
2079, 50.2365511392253 
2080, 53.1637920051398 
2081, 59.9189847285828 
2082, 64.2744304546212 
2083, 73.1645703516992 
2084, 91.1264513493921 
2085, 95.4123158353495 
2086, 96.2930271479143 
2087, 95.631506146869 
2088, 83.3932787480497 
2089, 80.5272195476779 
2090, 75.6697830699347 
2091, 81.1647697201527 
2092, 106.743309544768 
2093, 112.505685452559 
2094, 115.032830171194 
2095, 116.485350536445 
2096, 110.455952076583 
2097, 83.2292207633147 
2098, 89.8290134838143 
2099, 116.785702255985 
2100, 122.059620100303 
2101, 135.368840118215 
2102, 138.666123471093 
2103, 119.090387422282 
2104, 119.358007445798 
2105, 132.433825412962 
2106, 137.376835610808 
2107, 149.622410645618 
2108, 149.561770706687 
2109, 129.878169620432 
2110, 128.438290185041 
2111, 124.816976959118 
2112, 127.326953441657 
2113, 165.707261523454 
2114, 207.401181259568 
2115, 228.793935455705 
2116, 255.675851247138 
2117, 264.474848353058 
2118, 244.22815606334 
2119, 243.231430228802 
2120, 248.975145738862 
2121, 245.523097086044 
2122, 239.122206924264 
2123, 235.726419827631 
2124, 223.195446623683 
2125, 220.253801382028 
2126, 231.196310755454 
2127, 231.71210625989 
2128, 215.650577256982 
2129, 223.862915789654 
2130, 237.307288447519 
2131, 257.366205279315 
2132, 267.633220433016 
2133, 288.176888043477 
2134, 301.485543807649 
2135, 305.338473318155 
2136, 305.307748697632 
2137, 304.478119674406 
2138, 308.684635339424 
2139, 301.373638878756 
2140, 303.060582399369 
2141, 323.606564811799 
2142, 332.076538115561 
2143, 322.693708964066 
2144, 330.918252612111 
2145, 349.896272863534 
2146, 365.249780545006 
2147, 393.224187114172 
2148, 413.224564532494 
2149, 422.878356492982 
2150, 420.572680439565 
2151, 423.885009333102 
2152, 414.855385546821 
2153, 425.658318087645 
2154, 454.308029580907 
2155, 462.874110281634 
2156, 469.971854154614 
2157, 478.123503589977 
2158, 465.593301874831 
2159, 473.669837147273 
2160, 500.424096490518 
2161, 521.720516664607 
2162, 560.212725205216 
2163, 577.955546573927 
2164, 584.044637609081 
2165, 583.292226242717 
2166, 589.603847255134 
2167, 584.030638559442 
2168, 590.379968029971 
2169, 603.322997313786 
2170, 625.356025594744 
2171, 654.006365856877 
2172, 678.284270672331 
2173, 723.275549793786 
2174, 740.566749684052 
2175, 735.471494045311 
2176, 739.670397025502 
2177, 727.453225957416 
2178, 734.634005148271 
2179, 760.768044798195 
2180, 774.253765319516 
2181, 800.167371278322 
2182, 808.40895422673 
2183, 795.267368447064 
2184, 784.56572330774 
2185, 781.542814453069 
2186, 781.6976182138 
2187, 795.801093068515 
2188, 835.433253242031 
2189, 847.962831260787 
2190, 855.531075559916 
2191, 863.227462768903 
2192, 863.901884386211 
2193, 859.008591872358 
2194, 843.438530606538 
2195, 845.003252254616 
2196, 841.119421518496 
2197, 850.203337551294 
2198, 894.083520653605 
2199, 911.425088939939 
2200, 913.276566190465 
2201, 920.662109345384 
2202, 910.584316820509 
2203, 919.359479400119 
2204, 942.10212704495 
2205, 968.102154961811 
2206, 1004.52889467369 
2207, 1022.7193895127 
2208, 1037.52450210134 
2209, 1043.53344680656 
2210, 1050.69236975879 
2211, 1045.14466814642 
2212, 1060.76677159886 
2213, 1086.52385355723 
2214, 1104.63957295317 
2215, 1139.26729120493 
2216, 1150.87923201435 
2217, 1147.01909795755 
2218, 1142.78880868293 
2219, 1124.07111894166 
2220, 1115.72596260426 
2221, 1102.90705404533 
2222, 1099.94817733386 
2223, 1112.50070252142 
2224, 1114.99457786716 
2225, 1115.18636150918 
2226, 1119.62469063592 
2227, 1116.42813390082 
2228, 1123.58256624767 
2229, 1143.84612601243 
2230, 1140.42169218481 
2231, 1148.48645487628 
2232, 1156.59243292332 
2233, 1159.11749722152 
2234, 1161.33822373872 
2235, 1165.78797756891 
2236, 1169.362506122 
2237, 1171.6663887347 
2238, 1175.6023920926 
2239, 1176.48930102822 
2240, 1173.70986440666 
2241, 1166.07408625421 
2242, 1157.77186419688 
2243, 1149.07425367439 
2244, 1128.0683225826 
2245, 1121.26437975802 
2246, 1124.29484470868 
2247, 1123.10614902369 
2248, 1126.65667603792 
2249, 1128.3465420024 
2250, 1131.91449499651 
2251, 1128.47019469807 
2252, 1122.96380838241 
2253, 1117.41664004267 
2254, 1089.08167734434 
2255, 1064.8505236146 
2256, 1048.82435584283 
2257, 1035.70438651469 
2258, 1022.70874410206 
2259, 1019.78454973692 
2260, 1009.47931993968 
2261, 994.063518824019 
2262, 978.210452497526 
2263, 964.118278304863 
2264, 949.850425601377 
2265, 931.044311549501 
2266, 914.151659027283 
2267, 902.188473011682 
2268, 884.974407003721 
2269, 858.698881371165 
2270, 842.143146912027 
2271, 830.770749230244 
2272, 817.51058709902 
2273, 814.068786747337 
2274, 800.452861018198 
2275, 766.861290520149 
2276, 754.54335283229 
2277, 751.226643553206 
2278, 745.008864977137 
2279, 763.251464907873 
2280, 762.166987787814 
2281, 744.850442279811 
2282, 726.555673373483 
2283, 709.869929121554 
2284, 686.596076602766 
2285, 674.80206979187 
2286, 666.736595819978 
2287, 652.36654053832 
2288, 633.936108091296 
2289, 609.367584916586 
2290, 572.060775630971 
2291, 552.739481262715 
2292, 538.371237065916 
2293, 518.533682094848 
2294, 503.29648880056 
2295, 486.605563201229 
2296, 458.399414627518 
2297, 446.834582237521 
2298, 456.598933417814 
2299, 448.370073767615 
2300, 438.208064759549 
2301, 425.799003086459 
2302, 395.849257083472 
2303, 381.685819146137 
2304, 373.32525826886 
2305, 369.013156971584 
2306, 381.514658687872 
2307, 380.131252449921 
2308, 368.880325875203 
2309, 368.186291744429 
2310, 374.522713349434 
2311, 368.151322845771 
2312, 366.967084531254 
2313, 355.575557465344 
2314, 334.813384031447 
2315, 292.779019782559 
2316, 261.241638422604 
2317, 240.037546016335 
2318, 226.508928363165 
2319, 220.766187217551 
2320, 228.466676001587 
2321, 237.137793145282 
2322, 230.318919777499 
2323, 234.372319144133 
2324, 230.343073083277 
2325, 214.404911897724 
2326, 205.353137433353 
2327, 203.242119637394 
2328, 197.365909160838 
2329, 188.833821698066 
2330, 188.751951722596 
2331, 191.451834258479 
2332, 192.354109250587 
2333, 194.837258563852 
2334, 206.603665066017 
2335, 227.798699879041 
2336, 233.701243560604 
2337, 245.838835589803 
2338, 239.281445803597 
2339, 213.869931546689 
2340, 190.80842170225 
2341, 151.519259004808 
2342, 138.969447520477 
2343, 133.816051427537 
2344, 127.703480252701 
2345, 147.467723362097 
2346, 141.168115313073 
2347, 113.045104941157 
2348, 99.8990477993915 
2349, 75.102707679702 
2350, 73.7657035063577 
2351, 97.8653285077322 
2352, 108.265026659692 
2353, 127.581102211276 
2354, 133.950284410844 
2355, 131.743753277972 
2356, 123.840030822869 
2357, 96.0429380043854 
2358, 96.0185665069902 
2359, 108.182890761424 
2360, 109.784194544551 
2361, 134.992222488088 
2362, 134.543749196658 
2363, 105.851183108427 
2364, 86.1056274898192 
2365, 69.7325288929446 
2366, 71.4063557294257 
2367, 66.4044401568149 
2368, 66.074668354919 
2369, 76.3458749521441 
2370, 58.9384337435459 
2371, 55.3367057701936 
2372, 56.4948728752922 
2373, 41.6322434984841 
2374, 42.0850680968245 
2375, 41.4794658824113 
2376, 40.5143896610187 
2377, 56.566758751164 
2378, 67.1508935342155 
2379, 85.2476644191349 
2380, 101.867883910631 
2381, 81.7813998990751 
2382, 63.2508915972629 
2383, 56.3981457153681 
2384, 59.5781640345717 
2385, 76.8689103405847 
2386, 78.6323882032687 
2387, 60.4017398052131 
2388, 37.0611930280433 
2389, 45.1495677080654 
2390, 73.6152652261278 
2391, 105.294543722287 
2392, 132.319876379334 
2393, 123.816108186661 
2394, 102.127093708573 
2395, 82.1140356846641 
2396, 70.8275763106843 
2397, 50.4349394698537 
2398, 37.4730779815366 
2399, 55.2111118217092 
2400, 49.1341181433741 
2401, 46.2392513376377 
2402, 56.7702093233486 
2403, 39.8092099217668 
2404, 40.3475579504142 
2405, 52.3046954860021 
2406, 91.8338541578911 
2407, 92.2543341193301 
2408, 85.847662042559 
2409, 74.6775057659998 
2410, 31.7064474118255 
2411, 23.4299358613396 
2412, 32.1222448528381 
2413, 34.851178243421 
2414, 53.0513286695123 
2415, 54.2408920709052 
2416, 41.8727958870541 
2417, 45.6677384427808 
2418, 54.840317592212 
2419, 48.6331640598178 
2420, 47.1175753075359 
2421, 41.4239485210417 
2422, 10.9394090109184 
2423, 8.54405708135229 
2424, 20.1990259743583 
2425, 34.4256301959382 
2426, 68.4459843434169 
2427, 72.8882242386431 
2428, 68.544282215891 
2429, 73.8755675183058 
2430, 65.9871955331999 
2431, 64.0931679535621 
2432, 74.1702328428696 
2433, 79.4387993700387 
2434, 74.407071989163 
2435, 77.6480945899423 
2436, 92.3704293832713 
2437, 90.5379609292821 
2438, 83.8579129364949 
2439, 73.5333254338866 
2440, 59.0202380295292 
2441, 52.5933423988588 
2442, 31.7642568335371 
2443, 29.6353055008529 
2444, 40.1044478644351 
2445, 32.9572952410705 
2446, 66.9333793541869 
2447, 88.2795580213939 
2448, 98.459367892479 
2449, 72.1017007741415 
2450, 28.3283405893564 
2451, 9.36936889142034 
2452,-28.2461497696462 
2453,-24.0704102448397 
2454, 1.19027599282411 
2455,-1.68561575589131 
2456, 21.2650429543539 
2457, 39.7161777236851 
2458, 40.8075067786036 
2459, 44.4473294472774 
2460, 29.1731835724676 
2461, 9.4434462861672 
2462, 15.0694932261848 
2463, 33.1070463097473 
2464, 36.0639272920714 
2465, 29.4383214855644 
2466, 14.3385166435883 
2467,-15.3895408839192 
2468,-20.1875810971756 
2469,-7.76439109521427 
2470,-0.963946174161982 
2471, 10.8805757656714 
2472, 3.7014796913065 
2473, 8.66560744598956 
2474, 21.3111806701393 
2475, 9.75487371714229 
2476, 13.4202448058865 
2477, 14.1674180635317 
2478,-1.55360053753338 
2479, 0.600455028721522 
2480, 22.8562620782894 
2481, 27.4167249948487 
2482, 35.0044352865084 
2483, 60.0873041671187 
2484, 57.2733558447067 
2485, 62.2778528969134 
2486, 63.9949281910021 
2487, 29.2574365209731 
2488, 15.5749941410107 
2489, 10.7122214300538 
2490, 9.06074884605997 
2491, 40.1440012761268 
2492, 52.5176520602666 
2493, 39.9110121597889 
2494, 27.3260270464386 
2495, 6.84688152384101 
2496,-3.85756844339244 
2497,-16.5605763740723 
2498,-13.0218018670772 
2499, 0.769018518917456 
2500, 12.7000874734272 
