Wavelength,0212202100107.asd
350, 2573.09708632181 
351, 2705.49353113685 
352, 2829.38137885248 
353, 2932.3459712091 
354, 3033.69130877303 
355, 3140.05664291714 
356, 3251.91887475053 
357, 3362.52055540692 
358, 3477.71225086956 
359, 3600.3245433355 
360, 3734.35955379524 
361, 3897.36033517113 
362, 4086.66393422486 
363, 4292.93483807575 
364, 4502.64127808473 
365, 4716.05643342791 
366, 4919.44917669337 
367, 5096.91468776142 
368, 5234.06953007389 
369, 5313.38925834513 
370, 5340.92185047554 
371, 5334.30706999653 
372, 5310.99455201082 
373, 5300.84920293669 
374, 5308.14444379623 
375, 5318.90583770165 
376, 5331.64694922939 
377, 5339.6273453971 
378, 5329.59755223447 
379, 5281.04876453811 
380, 5216.67546914902 
381, 5145.06211082612 
382, 5066.60591990433 
383, 4967.08363839679 
384, 4866.38815053443 
385, 4795.96877109936 
386, 4792.36549981719 
387, 4889.1112480621 
388, 5030.66898253607 
389, 5155.24403151394 
390, 5210.06246612942 
391, 5267.42713027789 
392, 5325.62486582032 
393, 5374.8077365719 
394, 5410.87079683691 
395, 5520.93864635053 
396, 5739.44397006921 
397, 6077.10432966523 
398, 6556.51191441661 
399, 7105.05441848313 
400, 7668.16051882546 
401, 8214.00105181655 
402, 8734.93809273317 
403, 9164.4934338837 
404, 9473.37334925382 
405, 9712.42786758358 
406, 9902.33195298247 
407, 10071.3486025439 
408, 10254.2382970325 
409, 10505.8056530656 
410, 10809.1337171432 
411, 11144.8768106944 
412, 11493.3900168261 
413, 11838.1352751128 
414, 12179.2702440398 
415, 12508.8400268601 
416, 12798.8537640766 
417, 13074.6150712247 
418, 13355.4829138313 
419, 13646.4254661921 
420, 13903.505394737 
421, 14160.9464581246 
422, 14439.9899881234 
423, 14743.834684119 
424, 15022.8183279136 
425, 15241.7527403659 
426, 15370.9264563844 
427, 15381.9478530289 
428, 15320.7562657921 
429, 15326.3682833022 
430, 15512.9777169483 
431, 15787.4393501822 
432, 16150.5507102186 
433, 16684.8078912856 
434, 17496.6389534173 
435, 18362.6841657082 
436, 19026.6763886859 
437, 19434.1873755749 
438, 19864.2521872814 
439, 20305.0449143033 
440, 20720.6329667233 
441, 21097.4108725419 
442, 21584.5023789758 
443, 22100.0145840958 
444, 22574.5203235055 
445, 22959.9589636505 
446, 23269.9132950845 
447, 23546.5407065655 
448, 23837.8129837968 
449, 24201.1751717778 
450, 24513.1837028244 
451, 24681.8834696592 
452, 24669.2179188279 
453, 24607.1855440528 
454, 24468.6404429248 
455, 24289.5172033413 
456, 24163.4111132777 
457, 24131.8579560616 
458, 24137.9842327174 
459, 24121.0275123465 
460, 24054.2826883352 
461, 23958.4534169405 
462, 23855.1234202972 
463, 23753.0082295575 
464, 23595.1649855917 
465, 23351.670025342 
466, 23050.3925279891 
467, 22774.3226546381 
468, 22540.5601047592 
469, 22364.1500659925 
470, 22253.4531066968 
471, 22217.1610316877 
472, 22191.6486305742 
473, 22182.4467386849 
474, 22214.9363494937 
475, 22206.191533012 
476, 22180.7022154287 
477, 22164.9742263732 
478, 22174.9727172273 
479, 22246.070256258 
480, 22346.8154877074 
481, 22419.7016996386 
482, 22402.0427655755 
483, 22236.5639233391 
484, 21888.1470627016 
485, 21366.3891942515 
486, 20857.6790452222 
487, 20493.7279450542 
488, 20381.9131790468 
489, 20617.3902712515 
490, 20996.8860547425 
491, 21311.6168167397 
492, 21425.3134126172 
493, 21466.6355583891 
494, 21523.6479654374 
495, 21640.9011495086 
496, 21810.6851452954 
497, 21865.2266647179 
498, 21805.5154530362 
499, 21668.0561824017 
500, 21482.8956086121 
501, 21341.5872845796 
502, 21284.2197211112 
503, 21329.0447141633 
504, 21523.353632552 
505, 21797.8595106 
506, 22080.0235518575 
507, 22306.020137695 
508, 22476.6573560459 
509, 22609.3117590208 
510, 22733.477361543 
511, 22903.523187857 
512, 23022.4110293998 
513, 23046.3896522289 
514, 22965.6946378038 
515, 22778.6443869327 
516, 22525.8861643552 
517, 22277.5186457532 
518, 22129.6404174853 
519, 22312.2102278945 
520, 22848.4718728234 
521, 23610.3870663875 
522, 24245.3198412694 
523, 24719.4415575949 
524, 25052.697322203 
525, 25300.770322443 
526, 25411.5602738382 
527, 25455.6633860136 
528, 25584.0939653021 
529, 26090.5084188437 
530, 26758.046615882 
531, 27326.4957968798 
532, 27578.7628646421 
533, 27661.3800927168 
534, 27784.4770474597 
535, 28060.6197891639 
536, 28480.028589897 
537, 28785.5240876797 
538, 28928.4595792403 
539, 28946.0487974532 
540, 28936.2081232116 
541, 28960.3945905413 
542, 29105.4027713029 
543, 29440.29457625 
544, 29830.451835232 
545, 30172.6614937348 
546, 30410.0977636469 
547, 30546.0253619642 
548, 30637.2338329425 
549, 30743.5433134878 
550, 30901.545747553 
551, 31066.0272070759 
552, 31193.0512805429 
553, 31285.5915946982 
554, 31382.9290137482 
555, 31458.1612454734 
556, 31432.7890476417 
557, 31262.4672612852 
558, 30974.8928448019 
559, 30727.1591093977 
560, 30614.1892941078 
561, 30670.9557373724 
562, 30808.5815609666 
563, 30891.2489687806 
564, 30849.3941697319 
565, 30697.5513107595 
566, 30482.6639620915 
567, 30263.9173874045 
568, 30077.4416671598 
569, 29891.6940583429 
570, 29648.2543892002 
571, 29415.4425237497 
572, 29329.5560071956 
573, 29356.0775210901 
574, 29348.9570882497 
575, 29215.7566901408 
576, 28971.4552087629 
577, 28744.2861671883 
578, 28623.8517662756 
579, 28660.1546242441 
580, 28811.1065112402 
581, 29075.5741329338 
582, 29397.8799500078 
583, 29672.4370099215 
584, 29849.3210150353 
585, 29851.938197825 
586, 29668.565175787 
587, 29435.0311183559 
588, 29144.4349887997 
589, 28750.8656717619 
590, 28255.2422032208 
591, 28076.3049181779 
592, 28207.8046001041 
593, 28455.4668057261 
594, 28449.2498505939 
595, 28308.830813731 
596, 28107.6468108208 
597, 27897.9610886106 
598, 27670.0345847142 
599, 27390.541901161 
600, 27082.4126385699 
601, 26808.2558248642 
602, 26596.1461156932 
603, 26481.486303017 
604, 26463.6316280339 
605, 26491.5796836844 
606, 26436.9744615791 
607, 26290.9412384375 
608, 26100.0418384553 
609, 25915.3960060545 
610, 25739.0974693388 
611, 25578.3587697954 
612, 25445.0151020268 
613, 25306.2999182935 
614, 25142.8457077279 
615, 24961.5258754452 
616, 24818.0780057653 
617, 24730.4661358383 
618, 24732.7258258083 
619, 24841.0915590257 
620, 24954.3625350055 
621, 24967.8597344177 
622, 24846.9068060934 
623, 24642.7568960848 
624, 24408.0982654595 
625, 24183.8916764787 
626, 23992.2370008737 
627, 23819.7918731879 
628, 23649.9020934035 
629, 23488.7498450187 
630, 23366.3223749131 
631, 23376.0972099406 
632, 23462.527135214 
633, 23571.3325280044 
634, 23687.6326328551 
635, 23775.2061560231 
636, 23835.8672444052 
637, 23880.1598604901 
638, 23894.6255305418 
639, 23862.3839881748 
640, 23764.1362506069 
641, 23589.2032923541 
642, 23452.8018699502 
643, 23370.9492771542 
644, 23317.4363138468 
645, 23224.0616256919 
646, 23075.8272076055 
647, 22888.0614118139 
648, 22696.2667818948 
649, 22541.4418011885 
650, 22421.6604635161 
651, 22358.5409174714 
652, 22391.0808528456 
653, 22345.2487308833 
654, 22101.1606118172 
655, 21637.8546053539 
656, 21097.2047950385 
657, 20702.7833994336 
658, 20702.147941186 
659, 21227.0003294616 
660, 21771.2860026247 
661, 22086.3674004644 
662, 22151.1739709589 
663, 22182.973756946 
664, 22163.6889472188 
665, 22129.4963909226 
666, 22112.7358091853 
667, 22119.2980785932 
668, 22112.5538441793 
669, 22091.5694816395 
670, 22072.0280962947 
671, 22027.4447015857 
672, 21975.0534919171 
673, 21941.0730388942 
674, 21956.7566812019 
675, 21984.7052560267 
676, 22006.4976210841 
677, 22015.7084575243 
678, 22026.897386703 
679, 22033.8671637803 
680, 22033.3388223606 
681, 22023.6206370743 
682, 22009.2064013647 
683, 21959.8396312539 
684, 21778.3983659133 
685, 21283.7269165281 
686, 20406.0287186475 
687, 19220.9216184019 
688, 18014.742422577 
689, 17506.9213792199 
690, 17868.5441107559 
691, 18771.5255193106 
692, 19590.3385637975 
693, 20302.1528835584 
694, 20818.1635272142 
695, 21134.0561004333 
696, 21356.2366321678 
697, 21549.9808142163 
698, 21682.1331027004 
699, 21709.5525718397 
700, 21664.0271730918 
701, 21618.2813927484 
702, 21625.3008685785 
703, 21717.7740435091 
704, 21903.4534072531 
705, 22119.5610330407 
706, 22304.9528854605 
707, 22415.1492131613 
708, 22508.8154365869 
709, 22593.8108997226 
710, 22667.1822769032 
711, 22739.6016420953 
712, 22790.2312834 
713, 22810.0460611611 
714, 22788.8106555751 
715, 22674.1109206054 
716, 22371.1425431214 
717, 21837.0106143094 
718, 21101.7998268484 
719, 20487.8963499481 
720, 20262.1558816665 
721, 20528.7582681207 
722, 21091.9307230546 
723, 21487.7892197695 
724, 21554.3352516164 
725, 21373.4813070498 
726, 21333.3524363377 
727, 21401.9460212352 
728, 21505.5520092637 
729, 21575.2531937102 
730, 21729.9306411705 
731, 22003.3620822768 
732, 22380.1797768245 
733, 22791.9499744987 
734, 23153.4098444083 
735, 23391.1051773101 
736, 23469.4293182616 
737, 23463.4211636053 
738, 23443.4208770636 
739, 23426.3080324128 
740, 23386.9191426587 
741, 23383.1132714955 
742, 23426.4034019694 
743, 23511.0389184206 
744, 23619.7167583713 
745, 23697.345226757 
746, 23736.6726445321 
747, 23746.7747311276 
748, 23730.4836917429 
749, 23668.9575407009 
750, 23576.5271807492 
751, 23491.056988769 
752, 23452.341730836 
753, 23451.5779579093 
754, 23463.1006148355 
755, 23447.7532996719 
756, 23346.5589035013 
757, 22873.5844689183 
758, 21572.1441127081 
759, 18674.5578775014 
760, 14390.9934944076 
761, 10172.9177100723 
762, 7787.85986221244 
763, 7764.63374229474 
764, 9008.65181080851 
765, 10959.1163611183 
766, 13544.516467995 
767, 16371.550933723 
768, 18831.8879843422 
769, 20549.7214023729 
770, 21520.5325646549 
771, 22003.8080668297 
772, 22197.5224772315 
773, 22253.2667298186 
774, 22248.9979708376 
775, 22202.7859904381 
776, 22139.5367307314 
777, 22075.7621289017 
778, 21991.8927883643 
779, 21889.7364525095 
780, 21784.473141718 
781, 21697.6408581244 
782, 21606.234449556 
783, 21495.5660595322 
784, 21366.0085018218 
785, 21238.0924620461 
786, 21111.2630190889 
787, 20962.3291111061 
788, 20772.3410312566 
789, 20549.1770143308 
790, 20313.5277575546 
791, 20075.0635396934 
792, 19839.2985526543 
793, 19614.4941204208 
794, 19431.7668792329 
795, 19309.8671626956 
796, 19249.0871333312 
797, 19203.6308186183 
798, 19128.6825567525 
799, 19000.6520512486 
800, 18823.8857657455 
801, 18629.0999443238 
802, 18448.0383722691 
803, 18294.5632933442 
804, 18145.240005506 
805, 18018.1668036698 
806, 17901.3918693534 
807, 17770.7169952186 
808, 17601.0846268604 
809, 17391.7159338557 
810, 17154.7686220684 
811, 16901.461127031 
812, 16599.4671489544 
813, 16200.8251613627 
814, 15698.9585184238 
815, 15136.0981992913 
816, 14616.7645019206 
817, 14211.8227433954 
818, 13965.5373450075 
819, 13893.2361682786 
820, 13883.1245372598 
821, 13843.3481239899 
822, 13734.6841104725 
823, 13609.6717637475 
824, 13526.743333333 
825, 13540.7844485849 
826, 13639.7303304119 
827, 13619.21058494 
828, 13472.4490021491 
829, 13269.4734086166 
830, 13111.0013214284 
831, 13009.9745116595 
832, 12938.0603306537 
833, 12880.9082103927 
834, 12840.1766222136 
835, 12824.7508636815 
836, 12819.1759854842 
837, 12799.8221866703 
838, 12740.3697990346 
839, 12651.1323830198 
840, 12541.0882922622 
841, 12418.7120292433 
842, 12290.5501497391 
843, 12155.4741363165 
844, 12020.5675262383 
845, 11891.1703172203 
846, 11767.349489306 
847, 11612.6744883912 
848, 11423.6724466907 
849, 11212.6191445721 
850, 11000.3003660267 
851, 10750.6550127106 
852, 10492.4513316132 
853, 10278.8419368526 
854, 10117.6111136332 
855, 9986.91779703083 
856, 9925.79928016484 
857, 9988.75475730543 
858, 10087.1770836207 
859, 10111.7109053739 
860, 10040.7694860084 
861, 9931.59826049336 
862, 9801.51929841787 
863, 9633.60092382659 
864, 9429.71351270313 
865, 9218.44757936708 
866, 9016.15366627803 
867, 8845.77142890415 
868, 8735.64058133202 
869, 8717.00868482692 
870, 8738.22372719672 
871, 8730.20480381296 
872, 8658.76198149854 
873, 8555.75365420242 
874, 8446.38952245785 
875, 8336.58698900189 
876, 8226.79432298669 
877, 8120.47172209207 
878, 8016.50622048242 
879, 7914.17338750504 
880, 7812.1553506822 
881, 7707.30244543577 
882, 7602.99323625805 
883, 7503.87172717373 
884, 7411.8478216702 
885, 7320.08179689991 
886, 7221.42381767433 
887, 7117.26942638963 
888, 7013.19641631367 
889, 6914.32206810631 
890, 6815.33627394939 
891, 6704.14922935669 
892, 6567.35382764739 
893, 6399.81169171826 
894, 6206.18183547079 
895, 5991.84061471042 
896, 5764.22890180536 
897, 5535.77088061667 
898, 5319.70819482146 
899, 5138.79494083986 
900, 5015.43193782252 
901, 4946.7229725798 
902, 4917.60111867919 
903, 4907.42028080268 
904, 4894.45710398046 
905, 4867.45414945224 
906, 4815.48488979348 
907, 4728.79225016386 
908, 4605.09255649577 
909, 4469.55921599438 
910, 4355.10894982176 
911, 4273.471903813 
912, 4216.73324116873 
913, 4169.91247664953 
914, 4125.29123290268 
915, 4080.43823346647 
916, 4038.41906537582 
917, 4011.14227105463 
918, 3991.37821961652 
919, 3972.86516099525 
920, 3952.27803163593 
921, 3931.94361738318 
922, 3900.22519747424 
923, 3848.70951266418 
924, 3773.82231999223 
925, 3678.02802719149 
926, 3561.28943039037 
927, 3419.8104365041 
928, 3248.54879190722 
929, 3048.43401685634 
930, 2822.65510156129 
931, 2583.45054267796 
932, 2350.11385808327 
933, 2143.81446720587 
934, 1980.43958871803 
935, 1869.71756145252 
936, 1813.09822769593 
937, 1799.82038439603 
938, 1813.7064833735 
939, 1837.9378296666 
940, 1859.56263205644 
941, 1878.80597521087 
942, 1886.29940943034 
943, 1871.69030755456 
944, 1831.46078842621 
945, 1780.61105105662 
946, 1739.36715526977 
947, 1714.71476579284 
948, 1704.50190681782 
949, 1701.57964982676 
950, 1699.26392739523 
951, 1695.51744057686 
952, 1689.67067840894 
953, 1679.16167296893 
954, 1668.82212708763 
955, 1660.72609074067 
956, 1655.53382589921 
957, 1652.90251603294 
958, 1650.84163994821 
959, 1649.97754036856 
960, 1650.74473538643 
961, 1652.35218504446 
962, 1656.18522814398 
963, 1661.82926928472 
964, 1668.80015953463 
965, 1676.4655465911 
966, 1678.97971855551 
967, 1678.10792735114 
968, 1675.12710349691 
969, 1669.40697902587 
970, 1658.43525970496 
971, 1643.4854898005 
972, 1623.34514797918 
973, 1596.01339443755 
974, 1564.60920865789 
975, 1530.40197125557 
976, 1497.11176712234 
977, 1468.24669119026 
978, 1442.47737359182 
979, 1423.59520173654 
980, 1407.95956718381 
981, 1391.6238066433 
982, 1376.81193551627 
983, 1360.05543538383 
984, 1340.57962182809 
985, 1319.22146200368 
986, 1297.8164444515 
987, 1275.05270072806 
988, 1250.06987390499 
989, 1223.67740123234 
990, 1197.91800060541 
991, 1171.00958770762 
992, 1146.08013138282 
993, 1121.17357931658 
994, 1092.52127352266 
995, 1066.84863460382 
996, 1040.76812027147 
997, 1014.31280677472 
998, 988.535276468918 
999, 961.936669650534 
1000, 935.479973847165 
1001, 5872.93738636986 
1002, 5854.35146274616 
1003, 5836.50826667867 
1004, 5823.40538532966 
1005, 5817.35318903712 
1006, 5811.61692514767 
1007, 5812.18534260348 
1008, 5822.17473639042 
1009, 5834.47956581768 
1010, 5851.77275898763 
1011, 5870.19214085554 
1012, 5894.34986200928 
1013, 5917.85290961623 
1014, 5938.3644220587 
1015, 5960.77202016152 
1016, 5985.62816706769 
1017, 6007.60266465032 
1018, 6033.03612342331 
1019, 6061.76232360954 
1020, 6094.80630808056 
1021, 6130.47013919243 
1022, 6165.20436309851 
1023, 6200.15056232572 
1024, 6238.41202154104 
1025, 6274.33270348091 
1026, 6310.50821737372 
1027, 6345.63254821501 
1028, 6372.8666379401 
1029, 6396.8150288814 
1030, 6423.51411293987 
1031, 6450.82696217898 
1032, 6478.55189254813 
1033, 6513.63637760238 
1034, 6541.68457973917 
1035, 6566.53961867896 
1036, 6585.10674041764 
1037, 6614.06363682337 
1038, 6641.63412853102 
1039, 6665.37604266199 
1040, 6695.03559050921 
1041, 6718.55586342778 
1042, 6731.83998721885 
1043, 6744.57392442913 
1044, 6757.92133543581 
1045, 6768.89862931115 
1046, 6784.69438443068 
1047, 6806.11442142411 
1048, 6834.61604913738 
1049, 6861.63686360422 
1050, 6887.38528587167 
1051, 6911.09694398014 
1052, 6932.1816010628 
1053, 6959.28765808308 
1054, 6988.40789008595 
1055, 7016.81512827753 
1056, 7047.20239439023 
1057, 7077.07280996183 
1058, 7112.23274999443 
1059, 7154.10548849831 
1060, 7197.41905147329 
1061, 7240.83123893034 
1062, 7295.86814264999 
1063, 7358.71503203555 
1064, 7421.04587659361 
1065, 7489.53765341432 
1066, 7560.3961924607 
1067, 7629.20828605327 
1068, 7709.89418823013 
1069, 7801.84971336681 
1070, 7899.45528921576 
1071, 8007.16184709968 
1072, 8113.24522535852 
1073, 8218.95402953362 
1074, 8333.06792544939 
1075, 8435.26443822348 
1076, 8532.47673190353 
1077, 8628.34566045161 
1078, 8710.50159957234 
1079, 8781.94158813049 
1080, 8845.04569790819 
1081, 8896.36902185018 
1082, 8946.10966510307 
1083, 8998.3069390925 
1084, 9048.50747656202 
1085, 9096.02731579733 
1086, 9137.18595858051 
1087, 9175.22478212673 
1088, 9204.72733274739 
1089, 9230.22328730013 
1090, 9244.78855886592 
1091, 9250.69215048315 
1092, 9253.23683567473 
1093, 9236.25210837565 
1094, 9207.44636344104 
1095, 9177.01993955708 
1096, 9139.46738983954 
1097, 9103.61884169016 
1098, 9074.6035503025 
1099, 9043.41800642711 
1100, 9011.9668679053 
1101, 8977.66640815051 
1102, 8947.56911670806 
1103, 8907.75906258404 
1104, 8868.2631328862 
1105, 8815.55349296866 
1106, 8756.88382054199 
1107, 8672.82923645155 
1108, 8551.22712150787 
1109, 8403.55372889054 
1110, 8199.51572461369 
1111, 7947.18039544012 
1112, 7656.05782849028 
1113, 7304.08340556364 
1114, 6951.30008368477 
1115, 6538.95327350546 
1116, 6169.14973793464 
1117, 5771.71653593851 
1118, 5430.08812359621 
1119, 5110.42232982131 
1120, 4822.52662727773 
1121, 4587.94737213512 
1122, 4400.08488658314 
1123, 4275.71097820116 
1124, 4193.13785285486 
1125, 4148.67526679251 
1126, 4163.2631143612 
1127, 4184.98063428359 
1128, 4248.18537671419 
1129, 4312.55091004041 
1130, 4406.87245330645 
1131, 4493.87966768879 
1132, 4579.71091713907 
1133, 4683.5490047757 
1134, 4790.69982854029 
1135, 4909.70739530913 
1136, 5082.95512101981 
1137, 5262.34055265563 
1138, 5442.29816481297 
1139, 5609.82968809961 
1140, 5718.13420308381 
1141, 5795.72187095729 
1142, 5823.52671482897 
1143, 5780.32627510391 
1144, 5757.28576012008 
1145, 5652.75377990741 
1146, 5638.77340257748 
1147, 5632.89483999528 
1148, 5692.1881601846 
1149, 5813.01538029731 
1150, 5967.78839135692 
1151, 6171.05910640673 
1152, 6403.21211611998 
1153, 6641.81533481336 
1154, 6918.78890352102 
1155, 7176.34940558494 
1156, 7447.28667196241 
1157, 7699.62624821446 
1158, 7950.93179290939 
1159, 8187.15818130322 
1160, 8421.14867175854 
1161, 8629.78149074408 
1162, 8831.59405825594 
1163, 9002.26099327775 
1164, 9148.67717539827 
1165, 9269.76126221837 
1166, 9368.8927357728 
1167, 9446.12321080595 
1168, 9504.78406127359 
1169, 9541.842984643 
1170, 9563.91622631097 
1171, 9562.03787068493 
1172, 9553.90738478741 
1173, 9529.57469608749 
1174, 9496.83230598681 
1175, 9453.17558267639 
1176, 9399.63573806386 
1177, 9324.73815265734 
1178, 9258.31535479897 
1179, 9181.37852392297 
1180, 9112.6393209152 
1181, 9048.66168847331 
1182, 8985.28709454314 
1183, 8934.31405881159 
1184, 8888.35164745799 
1185, 8850.61202644527 
1186, 8822.31804259775 
1187, 8801.18895103222 
1188, 8787.33496265999 
1189, 8778.0505191893 
1190, 8786.74724426511 
1191, 8782.41576031109 
1192, 8788.14291049937 
1193, 8771.1786716561 
1194, 8748.79670649329 
1195, 8706.4809074033 
1196, 8641.23143358499 
1197, 8565.62815224969 
1198, 8490.07915412662 
1199, 8393.92905138638 
1200, 8321.69636014285 
1201, 8251.68376311937 
1202, 8194.52551927745 
1203, 8144.82749788366 
1204, 8108.79109460654 
1205, 8086.95311188813 
1206, 8067.69305517746 
1207, 8062.34660451884 
1208, 8056.96636315726 
1209, 8054.52703976966 
1210, 8055.57893247414 
1211, 8064.58134673813 
1212, 8071.66504855606 
1213, 8079.57025012144 
1214, 8092.00837144451 
1215, 8094.62952263624 
1216, 8098.23850498928 
1217, 8088.73366340772 
1218, 8065.85042519475 
1219, 8049.37057512052 
1220, 8027.37449049985 
1221, 8006.83556083686 
1222, 7986.98125531976 
1223, 7968.86680273736 
1224, 7947.18812668124 
1225, 7930.21853118149 
1226, 7919.58525642758 
1227, 7907.21870121946 
1228, 7896.61556383962 
1229, 7884.45545621467 
1230, 7871.73414061407 
1231, 7859.18950844036 
1232, 7844.76105600649 
1233, 7828.85719924015 
1234, 7812.47014162439 
1235, 7797.38136666871 
1236, 7776.28518279034 
1237, 7755.37886336578 
1238, 7726.11570153414 
1239, 7687.98520557241 
1240, 7650.87340341785 
1241, 7606.92080642399 
1242, 7566.34544419996 
1243, 7526.90414215363 
1244, 7486.61652053932 
1245, 7448.96673819349 
1246, 7405.95409774207 
1247, 7364.60984580243 
1248, 7324.50924986514 
1249, 7278.50266449349 
1250, 7233.39565865949 
1251, 7177.9451067064 
1252, 7119.125722196 
1253, 7048.48708522984 
1254, 6969.41635048477 
1255, 6882.35648219472 
1256, 6789.24764367259 
1257, 6681.65493920691 
1258, 6559.67293441299 
1259, 6435.45388283375 
1260, 6288.653464722 
1261, 6155.62104667585 
1262, 6018.53023464345 
1263, 5892.64865797822 
1264, 5786.37266834972 
1265, 5684.5798592895 
1266, 5617.14090624833 
1267, 5563.21955404832 
1268, 5554.15838193462 
1269, 5575.15296481136 
1270, 5629.00816972616 
1271, 5733.79978608293 
1272, 5836.50918856163 
1273, 5977.20145453921 
1274, 6098.92742922413 
1275, 6238.28992828742 
1276, 6350.37484472095 
1277, 6452.84254545774 
1278, 6540.14130932968 
1279, 6605.38276243622 
1280, 6665.23100585844 
1281, 6720.51430997504 
1282, 6769.49410913006 
1283, 6822.57721618201 
1284, 6875.63448129835 
1285, 6925.95891841582 
1286, 6976.68278879774 
1287, 7023.62127004253 
1288, 7070.38640035172 
1289, 7108.57677128913 
1290, 7147.45878877052 
1291, 7170.96753314566 
1292, 7181.85583759345 
1293, 7189.76360437925 
1294, 7185.24845830564 
1295, 7180.79534865759 
1296, 7172.2877649791 
1297, 7162.62409501341 
1298, 7150.8401726433 
1299, 7135.18016285366 
1300, 7119.45438830703 
1301, 7100.98445270029 
1302, 7079.04761433401 
1303, 7054.42042592366 
1304, 7025.35405180467 
1305, 6991.17193466298 
1306, 6957.90369204556 
1307, 6923.29025522423 
1308, 6885.38672831014 
1309, 6844.58174723948 
1310, 6804.4229127582 
1311, 6758.75150768236 
1312, 6716.90793948356 
1313, 6676.23833880366 
1314, 6638.72539724606 
1315, 6600.47557993469 
1316, 6568.46862561595 
1317, 6542.32551700329 
1318, 6518.82006691751 
1319, 6497.30415414524 
1320, 6474.75011736711 
1321, 6446.03991196873 
1322, 6411.66169016542 
1323, 6363.56003517295 
1324, 6311.04772042003 
1325, 6235.94589333383 
1326, 6142.71141080372 
1327, 6041.1041822077 
1328, 5911.41488341165 
1329, 5798.98310545999 
1330, 5670.37654940095 
1331, 5572.82281021336 
1332, 5484.2869915187 
1333, 5419.26442947519 
1334, 5385.18944367493 
1335, 5352.09377681613 
1336, 5340.23284075081 
1337, 5330.4744030065 
1338, 5309.92784031177 
1339, 5265.41676971441 
1340, 5185.06290980409 
1341, 5064.22218616267 
1342, 4897.03332881214 
1343, 4685.55727561154 
1344, 4437.79852315629 
1345, 4141.32752566294 
1346, 3820.9872771244 
1347, 3445.07307256847 
1348, 3087.47803737158 
1349, 2690.96353756779 
1350, 2334.70829126924 
1351, 1975.79121533705 
1352, 1660.16487631122 
1353, 1362.27126228115 
1354, 1102.60191965921 
1355, 878.338341157203 
1356, 685.962835526642 
1357, 521.296868055909 
1358, 400.292339477046 
1359, 304.550465948723 
1360, 235.063136771866 
1361, 189.762984249386 
1362, 152.890140877506 
1363, 129.075989739861 
1364, 111.929234534966 
1365, 96.5569058448144 
1366, 84.4607762011151 
1367, 79.9055835419817 
1368, 78.8720859934415 
1369, 87.0718458212755 
1370, 108.201546581572 
1371, 124.90368568233 
1372, 148.492843938667 
1373, 168.593736531943 
1374, 188.804457186191 
1375, 203.81930414922 
1376, 222.172361254212 
1377, 229.770934573598 
1378, 229.005773232433 
1379, 222.621379299195 
1380, 218.655971180509 
1381, 207.262588290862 
1382, 199.951828506052 
1383, 201.28389580523 
1384, 202.817580593999 
1385, 218.587056810603 
1386, 241.689344436893 
1387, 270.615327418424 
1388, 298.003159306617 
1389, 332.759758177185 
1390, 356.612028654148 
1391, 379.023986845531 
1392, 393.929384112103 
1393, 400.05207418494 
1394, 406.780400860099 
1395, 404.570837369487 
1396, 411.590309546058 
1397, 419.367433873397 
1398, 432.480157524326 
1399, 454.475381880838 
1400, 473.596671056503 
1401, 497.654738751649 
1402, 515.802628521611 
1403, 531.485819898415 
1404, 542.836533543935 
1405, 554.377214625991 
1406, 566.644416488733 
1407, 589.375903186431 
1408, 620.729652734048 
1409, 655.336958867356 
1410, 695.927106623253 
1411, 735.157862502028 
1412, 777.526259869394 
1413, 817.110492284797 
1414, 859.499524443608 
1415, 893.203592423424 
1416, 921.849583995647 
1417, 949.855589299555 
1418, 975.984722054737 
1419, 996.628514379767 
1420, 1015.17430881638 
1421, 1028.92128510102 
1422, 1037.18694015153 
1423, 1039.97123302766 
1424, 1042.3625237801 
1425, 1034.25321447288 
1426, 1018.53616863335 
1427, 995.420099426643 
1428, 962.834430830409 
1429, 925.713958058127 
1430, 881.948043939573 
1431, 832.673580427062 
1432, 788.107284270233 
1433, 741.66075846882 
1434, 698.401117048472 
1435, 664.962688319874 
1436, 636.25149367092 
1437, 610.416780325285 
1438, 586.58193088662 
1439, 569.319284829712 
1440, 548.501569031572 
1441, 526.4828216022 
1442, 507.059209579647 
1443, 489.594899322111 
1444, 472.797898278802 
1445, 458.455012140105 
1446, 441.95985510626 
1447, 424.55654199167 
1448, 406.855554700097 
1449, 386.1733530894 
1450, 369.071351245896 
1451, 352.079008087453 
1452, 339.980329587144 
1453, 336.097583223877 
1454, 326.920182662931 
1455, 318.879785283562 
1456, 307.408945046791 
1457, 296.779323815058 
1458, 280.643895362721 
1459, 266.619191955533 
1460, 257.135297510946 
1461, 243.246305110921 
1462, 224.703794813328 
1463, 207.674246900245 
1464, 187.914634882692 
1465, 172.209951298754 
1466, 158.285709818435 
1467, 144.758828224809 
1468, 130.987978757624 
1469, 123.268392713926 
1470, 118.864112340079 
1471, 112.437251712652 
1472, 111.2849537177 
1473, 107.864141737758 
1474, 101.196916431946 
1475, 95.5939247108554 
1476, 90.3497560163204 
1477, 85.8264073534496 
1478, 77.62298112555 
1479, 76.7948638378276 
1480, 85.5947483145477 
1481, 87.3395452122549 
1482, 89.8071892351812 
1483, 90.3901444151808 
1484, 81.6791855579275 
1485, 80.5415918321736 
1486, 85.9914314053109 
1487, 88.0225366522518 
1488, 88.2959045240648 
1489, 92.1065414342147 
1490, 89.9743047792937 
1491, 88.2191455132273 
1492, 89.4166118316868 
1493, 86.3180925467409 
1494, 85.1518995408743 
1495, 85.9323289111085 
1496, 86.7967452658983 
1497, 90.6904834428479 
1498, 92.0457183749238 
1499, 92.3683078495341 
1500, 92.7289169099155 
1501, 92.6753683284716 
1502, 92.5564984011781 
1503, 93.4202962906564 
1504, 92.5076909158231 
1505, 87.6243329557289 
1506, 88.1044320842195 
1507, 90.9451213812414 
1508, 92.2478751737916 
1509, 98.5607100464503 
1510, 99.8723226436639 
1511, 94.6838277974208 
1512, 93.4871788115156 
1513, 92.1346167468817 
1514, 92.1571827841421 
1515, 93.7117904884035 
1516, 98.0704658846235 
1517, 107.404786345325 
1518, 111.197295798055 
1519, 115.273278269576 
1520, 116.678748999962 
1521, 113.609028830604 
1522, 108.035639467445 
1523, 106.880320347782 
1524, 109.6003026028 
1525, 109.421315437508 
1526, 113.95769991644 
1527, 119.053284832378 
1528, 114.789254241438 
1529, 117.696441783032 
1530, 124.027264818544 
1531, 127.950785422982 
1532, 139.073198003632 
1533, 146.033013104887 
1534, 147.775249539402 
1535, 148.612222004979 
1536, 145.869177767118 
1537, 144.104641305344 
1538, 139.039285743427 
1539, 140.332179316833 
1540, 144.386000628802 
1541, 148.26223458086 
1542, 156.929365579206 
1543, 160.06623437546 
1544, 159.517243567585 
1545, 161.435893302514 
1546, 163.143405908512 
1547, 165.506052843864 
1548, 169.538130595687 
1549, 171.77885725638 
1550, 172.371607330626 
1551, 173.230874910627 
1552, 173.951347822253 
1553, 175.761323576828 
1554, 176.740516313527 
1555, 179.97640724512 
1556, 185.433431721397 
1557, 188.995535081703 
1558, 194.111053027112 
1559, 197.317414348887 
1560, 196.757259092049 
1561, 200.033970005552 
1562, 204.512681627647 
1563, 208.836522240339 
1564, 217.480526544561 
1565, 222.218146042773 
1566, 223.890344622482 
1567, 226.781739023378 
1568, 229.960225156399 
1569, 230.03493709042 
1570, 229.617631871433 
1571, 230.980872880018 
1572, 234.927955339178 
1573, 240.030983930621 
1574, 243.715271100265 
1575, 249.15074092781 
1576, 253.87026851713 
1577, 252.739692919658 
1578, 254.963683142033 
1579, 263.073753002589 
1580, 267.271585756232 
1581, 269.16630860312 
1582, 276.33755104856 
1583, 284.235615753901 
1584, 294.324112847921 
1585, 311.268120140942 
1586, 320.630574605583 
1587, 328.084078398299 
1588, 333.665924829921 
1589, 335.12529147991 
1590, 338.13489022927 
1591, 339.419326697421 
1592, 343.186694409208 
1593, 350.463813523373 
1594, 351.626132888005 
1595, 348.993991952778 
1596, 351.881450225093 
1597, 353.583384593482 
1598, 355.241481178717 
1599, 363.612188423102 
1600, 365.023141265896 
1601, 357.472300214241 
1602, 358.2000704766 
1603, 363.436637965265 
1604, 364.574951526496 
1605, 366.342914231945 
1606, 368.530423686579 
1607, 366.701462209815 
1608, 368.422898910007 
1609, 374.468006032508 
1610, 379.501297389308 
1611, 384.712171956754 
1612, 389.924777096751 
1613, 397.18744520115 
1614, 400.837506513906 
1615, 401.215484371518 
1616, 403.415791584372 
1617, 405.956846677581 
1618, 407.010468835995 
1619, 406.509539152319 
1620, 408.911787688539 
1621, 411.157487120706 
1622, 413.693061075099 
1623, 417.558191237719 
1624, 423.484353300689 
1625, 432.874285332787 
1626, 437.204057900749 
1627, 442.631902412847 
1628, 445.350624967691 
1629, 439.190557693065 
1630, 438.635029854153 
1631, 441.206665667163 
1632, 443.452271125885 
1633, 449.933118899226 
1634, 452.088259951339 
1635, 452.141410012096 
1636, 451.073500522965 
1637, 444.692113463779 
1638, 442.010401301741 
1639, 439.60555601206 
1640, 439.380737140812 
1641, 445.364658258076 
1642, 446.668713378141 
1643, 444.968457638677 
1644, 445.148024079852 
1645, 441.787007930548 
1646, 441.684589527318 
1647, 447.082405899733 
1648, 450.274113492518 
1649, 450.326470682751 
1650, 455.038507181763 
1651, 462.757975787451 
1652, 469.904041980142 
1653, 476.88878131463 
1654, 488.738498803153 
1655, 491.710353420209 
1656, 489.585349019836 
1657, 488.458765842763 
1658, 483.278047666832 
1659, 484.179915662906 
1660, 486.595211901648 
1661, 489.15981308255 
1662, 495.081275268144 
1663, 497.810407084216 
1664, 497.767521708534 
1665, 502.976408928155 
1666, 510.641285315177 
1667, 515.373840496729 
1668, 522.922338437215 
1669, 524.801118780709 
1670, 520.948179425813 
1671, 522.856963460294 
1672, 525.540231406219 
1673, 527.487107408979 
1674, 532.062226268236 
1675, 532.710477056414 
1676, 529.168316403582 
1677, 531.243573045669 
1678, 534.820283932747 
1679, 538.533455241354 
1680, 544.595523079558 
1681, 550.813288274176 
1682, 557.354654951829 
1683, 561.207681614808 
1684, 565.474210316069 
1685, 569.394035416169 
1686, 570.308933451716 
1687, 573.935690461781 
1688, 580.971637190204 
1689, 583.254005702989 
1690, 582.776308742374 
1691, 584.831817327715 
1692, 586.814976249392 
1693, 586.980102354265 
1694, 587.048025207387 
1695, 587.60151695826 
1696, 586.732876509268 
1697, 586.332380079528 
1698, 587.929221426117 
1699, 588.239435314344 
1700, 585.06122905732 
1701, 587.646795406559 
1702, 592.793757509773 
1703, 598.19829568892 
1704, 607.593140305993 
1705, 611.22077669125 
1706, 614.811051415112 
1707, 613.504963095806 
1708, 605.343731305704 
1709, 605.596899378708 
1710, 605.912697153578 
1711, 608.803644626073 
1712, 619.333030863441 
1713, 619.051356324177 
1714, 613.790313819015 
1715, 608.775435599074 
1716, 606.279024383071 
1717, 615.473823093557 
1718, 618.865101554934 
1719, 616.271769944932 
1720, 616.777686180286 
1721, 616.11733916989 
1722, 617.207002417462 
1723, 620.304905159951 
1724, 619.172031103425 
1725, 613.82671042338 
1726, 609.506429073783 
1727, 608.067890396621 
1728, 607.31377280836 
1729, 607.055510717129 
1730, 608.864561004512 
1731, 608.205161940616 
1732, 609.783954695818 
1733, 613.094256551379 
1734, 607.991069576305 
1735, 603.982203180746 
1736, 603.890030485803 
1737, 602.642327971262 
1738, 602.118245213264 
1739, 599.291296855687 
1740, 598.889440031731 
1741, 602.588664550906 
1742, 605.70058428056 
1743, 612.326828517454 
1744, 616.128515531355 
1745, 615.928625856375 
1746, 615.33456960508 
1747, 614.181157122403 
1748, 614.704826434104 
1749, 609.513256483464 
1750, 609.038083287232 
1751, 614.117130442494 
1752, 616.081131924952 
1753, 623.972733341284 
1754, 626.620917364958 
1755, 621.719280569539 
1756, 620.546087588064 
1757, 615.112580950573 
1758, 607.171156016185 
1759, 604.340896780314 
1760, 598.003689011821 
1761, 590.900387657689 
1762, 587.923350075483 
1763, 583.796904498587 
1764, 579.368229201969 
1765, 576.739375443726 
1766, 574.655628669743 
1767, 570.286716629615 
1768, 568.33507501043 
1769, 570.090404062643 
1770, 568.838297927307 
1771, 568.948684432869 
1772, 565.849720363863 
1773, 560.857125471464 
1774, 554.721985577433 
1775, 545.377490335914 
1776, 535.506792974354 
1777, 520.653242833623 
1778, 512.033102956262 
1779, 506.013343341627 
1780, 501.035125078607 
1781, 501.644569393116 
1782, 500.313775127095 
1783, 499.261988240072 
1784, 495.83215219904 
1785, 491.515534691854 
1786, 485.740736003893 
1787, 476.42578911884 
1788, 467.989898984407 
1789, 462.826843887897 
1790, 451.922734306769 
1791, 437.077528413999 
1792, 424.14615798431 
1793, 408.139322444013 
1794, 392.826576982523 
1795, 379.566838222523 
1796, 367.983237285025 
1797, 353.126894912675 
1798, 340.183176248389 
1799, 321.120734628586 
1800, 297.253187206378 
1801, 1700.03376695321 
1802, 1652.88441514158 
1803, 1591.2502140204 
1804, 1524.05659336259 
1805, 1477.54858430861 
1806, 1438.20426500924 
1807, 1382.64436859983 
1808, 1340.13851309059 
1809, 1311.00409834869 
1810, 1278.76414681909 
1811, 1262.28382589938 
1812, 1215.42491016246 
1813, 1167.88786639244 
1814, 1092.79540797103 
1815, 979.39304282488 
1816, 888.967529953561 
1817, 828.22756796468 
1818, 771.804741150736 
1819, 720.336614903588 
1820, 686.108199827368 
1821, 654.69262054679 
1822, 628.726753263222 
1823, 596.496283295614 
1824, 584.316796088587 
1825, 573.425987092302 
1826, 528.662965356855 
1827, 491.429576376551 
1828, 446.025982080972 
1829, 388.211954446874 
1830, 325.656906644711 
1831, 253.045259318726 
1832, 187.92742356961 
1833, 137.895781703073 
1834, 100.263716479237 
1835, 85.0193315011116 
1836, 85.7698980989784 
1837, 67.7097633652466 
1838, 48.798338353147 
1839, 46.2897623028153 
1840, 54.8158851270684 
1841, 57.9904374459553 
1842, 67.8115836364108 
1843, 91.6033334515193 
1844, 92.6790100477048 
1845, 91.8728019168565 
1846, 104.13047481051 
1847, 114.302805727167 
1848, 115.868823053489 
1849, 130.332490444092 
1850, 128.437200917351 
1851, 111.795003236814 
1852, 77.429498415792 
1853, 73.9456128973573 
1854, 83.9165844894065 
1855, 100.896267282277 
1856, 119.570020938728 
1857, 134.527917118101 
1858, 128.457701824718 
1859, 127.87090813789 
1860, 113.978709952399 
1861, 143.664231352501 
1862, 170.829443968611 
1863, 190.934936396758 
1864, 213.108672228392 
1865, 180.035710566686 
1866, 139.492874820747 
1867, 119.047036657501 
1868, 105.204607692506 
1869, 101.670955613078 
1870, 94.3797567167251 
1871, 87.6054172949665 
1872, 85.6881697341181 
1873, 85.6719475769955 
1874, 80.54631025052 
1875, 85.6756956043236 
1876, 83.0280654252163 
1877, 86.0927694548052 
1878, 114.60084373282 
1879, 134.653933682124 
1880, 149.397634563617 
1881, 165.699201056218 
1882, 163.861143495991 
1883, 150.594846996434 
1884, 159.126038925523 
1885, 155.965823847694 
1886, 149.628426004772 
1887, 154.132005397643 
1888, 158.13361066615 
1889, 153.288640311489 
1890, 147.798692622327 
1891, 139.507852957851 
1892, 127.969258078663 
1893, 97.5462141603564 
1894, 75.1822079796174 
1895, 57.14440085677 
1896, 48.7287167251179 
1897, 58.2430469367269 
1898, 59.9408830488221 
1899, 57.539295825698 
1900, 47.7520074094947 
1901, 15.2433994663123 
1902,-1.46318380870942 
1903,-16.0231472556178 
1904,-27.1502790895451 
1905,-16.2456717909283 
1906,-11.7470517605262 
1907,-15.4656588096619 
1908,-3.50167763357363 
1909, 1.45600096978856 
1910, 19.5757214597403 
1911, 25.3024231509061 
1912, 35.5880549672639 
1913, 34.2446815672654 
1914, 23.1614739833018 
1915,-4.15862073032599 
1916,-16.0736289125076 
1917,-1.30249851409417 
1918, 10.4968695972608 
1919, 12.143094583246 
1920, 31.9728200884193 
1921, 47.2398586677549 
1922, 59.0468575110393 
1923, 75.3274653397267 
1924, 92.692894311127 
1925, 111.134703029236 
1926, 117.643931237728 
1927, 116.866245703234 
1928, 114.175785304206 
1929, 96.0647625702779 
1930, 72.6992743929973 
1931, 68.8760105491765 
1932, 69.3056759946375 
1933, 59.5910501465053 
1934, 42.0673833933123 
1935, 38.2327685890587 
1936, 38.0582961032209 
1937, 28.7824252674305 
1938, 24.5081713773318 
1939, 33.8688368900468 
1940, 29.5739415576703 
1941, 24.5902785825165 
1942, 49.5207568657262 
1943, 50.1988073629949 
1944, 44.2727216523908 
1945, 30.2641846252246 
1946, 17.6698279258971 
1947,-18.6759552595663 
1948,-24.2653378642032 
1949,-15.0609514288676 
1950,-2.6225810290426 
1951, 17.552108899034 
1952, 25.481128820548 
1953, 38.2705878382578 
1954, 50.380443576304 
1955, 53.2754216631974 
1956, 61.7307716359434 
1957, 56.9945600160014 
1958, 32.5451116952225 
1959, 11.8896122303573 
1960,-17.5710161806921 
1961,-38.6969746289766 
1962,-48.3851821151891 
1963,-48.8050769782394 
1964,-39.8370424227377 
1965,-18.1088823445254 
1966,-4.69436299432982 
1967, 2.99756009910292 
1968, 16.8984492998945 
1969, 35.249067227606 
1970, 50.456579157279 
1971, 74.6816929788931 
1972, 85.4048287710116 
1973, 89.8408106447058 
1974, 92.9536234261121 
1975, 82.5104659667213 
1976, 61.0838364407198 
1977, 45.9676694186197 
1978, 40.530085134266 
1979, 37.9036148065762 
1980, 46.2458780222524 
1981, 48.8251871546717 
1982, 51.9820487979378 
1983, 52.3403100261053 
1984, 49.4597552183849 
1985, 45.5394462871132 
1986, 38.4731736578768 
1987, 37.9868931638519 
1988, 32.3968213639286 
1989, 46.3091740578226 
1990, 50.3837573377144 
1991, 60.4588123420592 
1992, 60.5606767475039 
1993, 50.5113615870936 
1994, 45.8331107554165 
1995, 41.9992082716107 
1996, 37.9281125322309 
1997, 36.7248262394786 
1998, 29.2358256704766 
1999, 34.2587872656725 
2000, 16.9295737703416 
2001, 10.3324559129391 
2002, 24.0805287801507 
2003, 24.8593487430104 
2004, 26.4387353479535 
2005, 28.3943705126667 
2006, 23.7928677279468 
2007, 20.9554955731086 
2008, 24.2456296654497 
2009, 19.7398754195902 
2010,-4.94338640430615 
2011, 5.98546546091286 
2012, 5.27410453564545 
2013, 5.20659638207616 
2014, 15.7950318878542 
2015, 44.0886695634871 
2016, 45.1158495947558 
2017, 36.6175940816323 
2018, 36.0049026083561 
2019, 24.6859571870375 
2020, 21.6741522547375 
2021, 37.8533135885863 
2022, 35.6155977942737 
2023, 20.5314467848192 
2024, 6.65426750892561 
2025,-6.22967989183673 
2026,-14.8025686294722 
2027,-23.1279584488895 
2028,-23.3219918389311 
2029,-30.0311132998125 
2030,-49.5918474566668 
2031,-49.0697205351314 
2032,-38.4908232079542 
2033,-31.5359867390675 
2034,-11.3814101305761 
2035, 2.83618804320858 
2036, 7.34092700804828 
2037, 19.2444023458884 
2038, 45.5980930097253 
2039, 56.3000188152321 
2040, 61.3024556663415 
2041, 63.6031895627446 
2042, 65.7734549899621 
2043, 54.2753496097727 
2044, 55.3046931117371 
2045, 69.5015212814654 
2046, 69.9496870737746 
2047, 65.3674405760461 
2048, 61.5014377735764 
2049, 36.338561524816 
2050, 35.7345609002945 
2051, 54.5966674081082 
2052, 72.1385497409832 
2053, 73.3098849437464 
2054, 94.6713978566867 
2055, 87.0956504222791 
2056, 46.0551947094566 
2057, 34.3685333601059 
2058, 16.1549231814253 
2059, 21.6889993909515 
2060, 59.471514995778 
2061, 71.1863303417218 
2062, 90.5513337337815 
2063, 97.7824007807598 
2064, 79.8663941960961 
2065, 74.1641741949321 
2066, 61.779284170946 
2067, 68.8052234747296 
2068, 72.8889978622967 
2069, 83.7762609571169 
2070, 79.9618330904061 
2071, 75.3144576161117 
2072, 66.7398195316052 
2073, 40.3311242435798 
2074, 33.9089563745474 
2075, 37.8963753762297 
2076, 40.4964772749398 
2077, 55.0602227439199 
2078, 59.8654505386197 
2079, 60.3680685006909 
2080, 59.9004594278063 
2081, 64.4687943822993 
2082, 49.7111291355743 
2083, 37.5285425666717 
2084, 19.4507221629919 
2085, 11.9225683298218 
2086, 1.35384967572564 
2087,-2.79646741567305 
2088, 3.55566567952945 
2089, 6.18358386310719 
2090, 5.38785821966828 
2091, 11.826413517732 
2092, 19.9720528125741 
2093, 35.8289550069062 
2094, 70.366286511003 
2095, 85.8541446884047 
2096, 93.4631399867004 
2097, 105.427048661395 
2098, 116.437838292541 
2099, 114.054158376128 
2100, 121.70443224218 
2101, 142.3077586103 
2102, 150.628709902442 
2103, 153.128936680244 
2104, 156.335407851751 
2105, 150.699826000466 
2106, 159.399883189545 
2107, 174.904116814577 
2108, 185.293991226828 
2109, 211.455672998364 
2110, 221.930682592981 
2111, 215.942720616374 
2112, 214.936298529176 
2113, 220.66526318835 
2114, 210.982771952967 
2115, 204.832841854454 
2116, 196.606076459869 
2117, 195.502549925721 
2118, 189.972072203461 
2119, 194.435319462042 
2120, 218.766863742431 
2121, 223.234312551137 
2122, 218.529693719738 
2123, 218.987412165484 
2124, 201.533210870723 
2125, 205.960139560136 
2126, 227.892249557045 
2127, 246.780589963391 
2128, 276.713361308856 
2129, 311.742336319743 
2130, 321.029472646362 
2131, 318.900298062479 
2132, 316.934514535675 
2133, 292.613761509141 
2134, 293.449627479026 
2135, 304.098047323603 
2136, 315.976712485129 
2137, 337.049507863651 
2138, 354.59127392913 
2139, 375.670376260284 
2140, 393.004726991645 
2141, 413.406160202495 
2142, 426.285211119727 
2143, 427.077228496756 
2144, 437.793373783976 
2145, 440.843270099547 
2146, 461.890432646178 
2147, 487.135501725017 
2148, 510.93494435145 
2149, 526.28149980535 
2150, 532.939003724961 
2151, 549.781917437355 
2152, 569.371564766404 
2153, 582.040519110613 
2154, 605.133135086257 
2155, 608.069552993163 
2156, 588.245833298382 
2157, 582.099159879789 
2158, 567.188796756566 
2159, 566.127797159624 
2160, 575.388244856166 
2161, 585.679644585285 
2162, 600.777793899628 
2163, 621.009385782887 
2164, 646.520873422889 
2165, 679.020219737418 
2166, 699.521045974963 
2167, 720.980916372233 
2168, 738.460108163862 
2169, 743.409317718947 
2170, 760.275004053018 
2171, 788.898954435373 
2172, 801.028565828189 
2173, 805.571524778516 
2174, 814.886710139299 
2175, 812.817237247442 
2176, 823.479404478125 
2177, 855.128990664687 
2178, 866.359493065607 
2179, 859.797458699914 
2180, 871.699526290203 
2181, 880.261982009118 
2182, 894.466779832694 
2183, 921.617560621721 
2184, 960.519232917447 
2185, 986.790470630783 
2186, 998.170318617658 
2187, 1012.68178489795 
2188, 1026.72632868707 
2189, 1031.16102528251 
2190, 1029.80865687797 
2191, 1025.99180460406 
2192, 1004.28442956819 
2193, 1007.05295912327 
2194, 1021.84305528763 
2195, 1029.93017419479 
2196, 1050.95512932704 
2197, 1061.90663043799 
2198, 1062.74222796385 
2199, 1064.9552854893 
2200, 1064.84155006412 
2201, 1070.56035505496 
2202, 1067.5916282959 
2203, 1079.24404546888 
2204, 1106.52628871764 
2205, 1128.55316516857 
2206, 1165.19753491885 
2207, 1205.62848189662 
2208, 1236.35530071358 
2209, 1273.25510943409 
2210, 1285.69244831242 
2211, 1276.31752034957 
2212, 1284.76027989844 
2213, 1287.11084119721 
2214, 1291.68666488896 
2215, 1311.76862298094 
2216, 1315.00375468825 
2217, 1299.51375619739 
2218, 1299.03136651909 
2219, 1298.17437999802 
2220, 1303.39912106056 
2221, 1316.52079666859 
2222, 1329.67733634024 
2223, 1353.12187980866 
2224, 1365.4348697064 
2225, 1378.85656692332 
2226, 1383.21226892058 
2227, 1372.20308086505 
2228, 1365.260362869 
2229, 1357.16103677698 
2230, 1349.594793367 
2231, 1342.79237539186 
2232, 1336.02144345957 
2233, 1335.35354668731 
2234, 1336.66450600657 
2235, 1339.37933655688 
2236, 1354.27006067608 
2237, 1351.10958188644 
2238, 1334.19971497312 
2239, 1328.15969650407 
2240, 1312.41604956903 
2241, 1314.97253333197 
2242, 1339.89754367995 
2243, 1349.91522525694 
2244, 1364.43614805194 
2245, 1368.24232201541 
2246, 1361.33287274853 
2247, 1353.6869982505 
2248, 1341.73608403515 
2249, 1328.3196634372 
2250, 1303.73036490847 
2251, 1288.98121590628 
2252, 1273.01505399939 
2253, 1269.85250300203 
2254, 1276.16134392465 
2255, 1272.55619419213 
2256, 1253.72564407709 
2257, 1235.80823467286 
2258, 1209.49642795237 
2259, 1166.58722840333 
2260, 1138.25296996165 
2261, 1107.70723592065 
2262, 1090.6118459807 
2263, 1083.50135149345 
2264, 1072.38655173892 
2265, 1071.24757971163 
2266, 1062.5426535194 
2267, 1045.47421889268 
2268, 1040.81798006334 
2269, 1044.73323455298 
2270, 1038.64562128894 
2271, 1039.56685271847 
2272, 1025.61940827902 
2273, 989.362876892335 
2274, 971.526744879454 
2275, 962.241457390659 
2276, 941.486642283557 
2277, 925.741764653937 
2278, 907.507949978251 
2279, 868.060641395107 
2280, 846.900071290433 
2281, 851.072839208944 
2282, 825.682210957844 
2283, 819.483484460686 
2284, 810.091577148784 
2285, 801.09868463523 
2286, 803.27935390544 
2287, 780.063951346557 
2288, 779.585099215348 
2289, 758.537300738051 
2290, 716.712969050244 
2291, 696.079661859141 
2292, 681.188053924746 
2293, 654.873008525876 
2294, 629.266025133139 
2295, 610.944810087766 
2296, 587.690095505484 
2297, 571.103882925146 
2298, 569.015807819262 
2299, 555.123167494545 
2300, 536.249765324671 
2301, 516.502758342964 
2302, 495.973300456868 
2303, 473.631932344726 
2304, 431.851515225471 
2305, 420.18685097557 
2306, 427.741864037506 
2307, 428.679398054701 
2308, 454.887948630037 
2309, 458.443862039251 
2310, 454.339503185142 
2311, 434.867735879043 
2312, 384.881732350104 
2313, 356.072150311671 
2314, 327.418586571541 
2315, 291.337104023563 
2316, 285.711068568729 
2317, 311.120941724112 
2318, 320.721046400784 
2319, 327.161057339679 
2320, 322.389061206148 
2321, 295.634827794811 
2322, 278.619912340211 
2323, 274.942787307762 
2324, 276.030182654427 
2325, 269.558660208268 
2326, 254.541844443553 
2327, 235.738567856712 
2328, 230.220702335844 
2329, 230.168299183259 
2330, 233.565206820943 
2331, 252.198216935578 
2332, 256.35834292147 
2333, 254.507978830652 
2334, 245.083801736819 
2335, 226.34148820604 
2336, 212.851024731396 
2337, 195.496568524081 
2338, 187.193363197742 
2339, 186.956423236756 
2340, 177.528944296848 
2341, 170.098481668532 
2342, 151.724836357398 
2343, 119.471304067461 
2344, 104.863503558337 
2345, 90.3695906969719 
2346, 78.9487929811614 
2347, 73.0574018032616 
2348, 75.2549909927065 
2349, 91.7726777141608 
2350, 91.1622721699106 
2351, 85.3266403797391 
2352, 88.6445365499942 
2353, 78.0878205154273 
2354, 79.2592216358777 
2355, 108.488728660169 
2356, 120.326394507824 
2357, 120.633608598054 
2358, 125.535529595572 
2359, 124.997861113275 
2360, 126.938404840269 
2361, 138.450681620313 
2362, 137.730998174513 
2363, 133.688958515641 
2364, 122.074316038148 
2365, 110.325832164197 
2366, 95.5962801522347 
2367, 77.2318945320832 
2368, 88.8902227911781 
2369, 82.3710074587355 
2370, 71.6775347334631 
2371, 80.4448387746396 
2372, 69.6440235385953 
2373, 77.1460423135825 
2374, 82.4414158637131 
2375, 73.1957640989297 
2376, 77.1560711214434 
2377, 82.1995018515709 
2378, 91.87434481105 
2379, 101.353974088111 
2380, 106.514917775958 
2381, 112.058486765951 
2382, 109.913263774265 
2383, 104.273346189885 
2384, 100.971211638527 
2385, 82.2708317744076 
2386, 84.698735362689 
2387, 99.5336254753015 
2388, 100.856256261214 
2389, 112.209890887069 
2390, 110.132330493475 
2391, 99.4063314688698 
2392, 89.4089799614137 
2393, 85.0158112628013 
2394, 82.4884164931578 
2395, 73.6721951182212 
2396, 78.3057073477733 
2397, 83.1994305409502 
2398, 95.6273238320685 
2399, 120.575360947356 
2400, 121.683430440295 
2401, 106.541409074131 
2402, 88.619328719307 
2403, 61.7214820620471 
2404, 53.2763928806146 
2405, 48.9224430661866 
2406, 57.6526297969607 
2407, 55.1743123664021 
2408, 54.1069392572057 
2409, 55.823380084489 
2410, 62.825223667833 
2411, 58.3426434829142 
2412, 46.209371948198 
2413, 38.0099510817603 
2414, 12.4844206392203 
2415, 20.8499887625004 
2416, 56.9661742088499 
2417, 64.950951842372 
2418, 81.3262289923836 
2419, 82.507745121328 
2420, 63.300009433904 
2421, 50.9398241605718 
2422, 36.6272140843781 
2423, 31.7916485956296 
2424, 21.1875409857297 
2425, 18.3128231802168 
2426, 34.8466299735863 
2427, 27.7417953726219 
2428, 10.285045559742 
2429, 1.8933879261093 
2430,-15.436352903884 
2431,-16.4329770206306 
2432,-14.8751423503964 
2433, 1.27558541374981 
2434, 42.5472989703492 
2435, 51.4729989989916 
2436, 60.8426191762977 
2437, 58.5503605241653 
2438, 16.0939450226656 
2439, 20.6012061910776 
2440, 55.006303441162 
2441, 64.925404006791 
2442, 89.3432742190918 
2443, 87.7395299703923 
2444, 51.8690863509412 
2445, 64.6126364378157 
2446, 67.9444920878042 
2447, 77.2304665087193 
2448, 79.4393995033875 
2449, 38.8969789998783 
2450, 28.8126514664834 
2451, 33.5445207685784 
2452, 18.8229594419319 
2453, 34.2172079902879 
2454, 33.9598259876975 
2455, 35.3465453993583 
2456, 64.6649931442986 
2457, 67.8324263482762 
2458, 71.1961012049993 
2459, 75.7204564671273 
2460, 50.7066549441229 
2461, 41.115327733297 
2462, 55.0040468738969 
2463, 47.1882524200626 
2464, 30.4408152038805 
2465, 4.77658167488456 
2466,-39.03389847458 
2467,-58.5207470405714 
2468,-39.3972472883112 
2469, 0.842256958822472 
2470, 18.9496910206136 
2471, 14.4484296213053 
2472, 8.56004734137925 
2473,-5.86735610294452 
2474,-19.1229997978121 
2475,-23.9104641265807 
2476,-10.152390228653 
2477,-0.617824115533914 
2478, 18.5060758302114 
2479, 57.0737806259426 
2480, 68.414939001651 
2481, 56.5564651778271 
2482, 42.7603807869923 
2483, 42.5298784360859 
2484, 31.9389069150348 
2485, 23.8685133026115 
2486, 40.635702438687 
2487, 45.1469986758639 
2488, 42.285664373392 
2489, 54.198659088764 
2490, 51.3549262942171 
2491, 20.1384872941198 
2492, 0.988961390071896 
2493,-9.70181760988025 
2494,-27.8319609240281 
2495,-36.7047650003294 
2496,-39.2864019666998 
2497,-49.2710963560907 
2498,-42.1439365338676 
2499,-10.3307624092099 
2500, 6.23297838306287 
