Wavelength,0212202100079.asd
350, 516.608334980304 
351, 543.784162971453 
352, 569.762062104654 
353, 591.464181276556 
354, 611.638164543593 
355, 631.988187097375 
356, 653.575795943827 
357, 676.446770579972 
358, 699.572417215699 
359, 724.430472011504 
360, 753.389502671558 
361, 785.700767007955 
362, 824.429193751724 
363, 867.455171533439 
364, 908.053608996642 
365, 952.497288122469 
366, 994.329373497155 
367, 1029.00548085008 
368, 1060.41561214968 
369, 1077.42008771715 
370, 1082.5779710368 
371, 1082.24963080114 
372, 1076.1468242409 
373, 1074.70575237308 
374, 1077.73551201094 
375, 1078.42097550126 
376, 1081.28584151725 
377, 1084.07171001278 
378, 1083.42049726746 
379, 1075.70126594371 
380, 1063.91220989867 
381, 1049.20350465388 
382, 1031.71351101683 
383, 1009.20229896031 
384, 988.228077346807 
385, 974.837273275411 
386, 975.017858157335 
387, 997.484265550509 
388, 1028.22502686163 
389, 1054.09099495434 
390, 1066.24263574628 
391, 1077.60913282142 
392, 1088.93847141214 
393, 1098.85903263202 
394, 1104.64931222926 
395, 1127.13806018931 
396, 1172.81044260978 
397, 1242.20932072932 
398, 1340.10657753466 
399, 1453.72049823699 
400, 1571.52363686221 
401, 1684.5303128847 
402, 1791.26556232615 
403, 1877.92389600319 
404, 1939.59997650474 
405, 1990.40655487112 
406, 2028.75692505813 
407, 2062.08596116431 
408, 2100.57612979194 
409, 2153.17895761498 
410, 2216.11294326609 
411, 2285.35597957971 
412, 2356.99700185679 
413, 2427.20710978435 
414, 2498.10838012738 
415, 2568.28954074782 
416, 2628.52226929834 
417, 2684.50022420216 
418, 2741.73975096276 
419, 2802.42785215569 
420, 2855.51404578955 
421, 2908.70456204914 
422, 2966.9746116209 
423, 3031.27637377932 
424, 3089.40731967553 
425, 3135.21884784043 
426, 3163.25670101485 
427, 3166.86076552739 
428, 3156.66485862003 
429, 3158.51847309121 
430, 3194.21155956853 
431, 3251.39922783871 
432, 3328.37330414052 
433, 3441.16852695626 
434, 3611.3925257675 
435, 3791.26746644909 
436, 3928.90755238811 
437, 4013.66987327818 
438, 4102.27301716004 
439, 4193.18899860335 
440, 4280.1351266635 
441, 4360.73526153727 
442, 4463.26376070191 
443, 4571.65539596026 
444, 4671.75874521786 
445, 4753.1758235272 
446, 4817.39086359529 
447, 4874.90362196135 
448, 4936.74326742426 
449, 5013.70346692902 
450, 5081.38858262002 
451, 5118.67276611332 
452, 5115.73139783547 
453, 5103.78982580432 
454, 5076.12204641059 
455, 5040.4575334457 
456, 5017.56621340406 
457, 5013.02856621926 
458, 5014.7988796655 
459, 5011.30376801123 
460, 4999.7312262353 
461, 4981.77798209936 
462, 4962.59890903277 
463, 4945.02153135771 
464, 4913.2714754205 
465, 4862.49193511051 
466, 4799.7255697921 
467, 4742.99729646238 
468, 4697.01007653508 
469, 4661.94124807643 
470, 4638.14898012944 
471, 4632.3324507885 
472, 4628.28252274739 
473, 4627.70805874373 
474, 4637.45031983897 
475, 4637.27704460792 
476, 4632.72105098797 
477, 4630.40586206784 
478, 4635.14440037437 
479, 4650.76862465462 
480, 4671.48602764688 
481, 4686.71220480316 
482, 4682.98737445244 
483, 4649.15139961977 
484, 4577.8727289217 
485, 4470.32745786123 
486, 4362.04194530937 
487, 4284.21723480179 
488, 4262.2427386271 
489, 4316.70208806321 
490, 4396.24015210214 
491, 4459.43386779356 
492, 4482.57293395428 
493, 4491.70377512986 
494, 4504.73275669602 
495, 4530.8597891033 
496, 4568.51229541172 
497, 4580.10894786251 
498, 4567.0613826389 
499, 4537.98391943293 
500, 4498.06258137863 
501, 4469.08540058027 
502, 4458.71894256739 
503, 4468.95385279865 
504, 4509.89599862934 
505, 4568.18538055132 
506, 4628.17568522279 
507, 4674.36416812962 
508, 4709.15371215001 
509, 4736.42708320817 
510, 4762.42973662903 
511, 4799.8144453428 
512, 4824.11845379179 
513, 4826.65714878045 
514, 4808.6354034913 
515, 4773.03190289882 
516, 4721.10117634354 
517, 4665.71415099516 
518, 4634.77932869063 
519, 4673.54291915698 
520, 4786.25888854436 
521, 4945.91852792591 
522, 5078.05955251475 
523, 5176.32422281906 
524, 5245.75985791645 
525, 5298.75648005342 
526, 5322.50549790335 
527, 5331.20711177208 
528, 5356.97456502073 
529, 5463.67310329122 
530, 5602.99274254414 
531, 5720.23390652411 
532, 5771.05304464727 
533, 5788.14012773266 
534, 5814.49252620575 
535, 5872.86427957997 
536, 5960.85730931015 
537, 6024.6857014501 
538, 6054.3500883563 
539, 6057.69499897591 
540, 6054.77502451753 
541, 6058.53430631492 
542, 6088.01466413178 
543, 6158.528860522 
544, 6238.50975325885 
545, 6308.70344570608 
546, 6358.56821179684 
547, 6387.64906958831 
548, 6405.86765630686 
549, 6426.65847581602 
550, 6459.10115622465 
551, 6493.00450326853 
552, 6518.44501602032 
553, 6536.28994517886 
554, 6555.83954225528 
555, 6572.46670473066 
556, 6566.64211322359 
557, 6528.27962547742 
558, 6469.3831217041 
559, 6418.13605298802 
560, 6393.62541406939 
561, 6404.23167378196 
562, 6433.34952667245 
563, 6451.35096108004 
564, 6442.86018695902 
565, 6410.89745169752 
566, 6364.86169566355 
567, 6319.00991333845 
568, 6281.56350161628 
569, 6240.75404758878 
570, 6189.1979603454 
571, 6141.47730951588 
572, 6123.52328056111 
573, 6127.64913943803 
574, 6126.00956897593 
575, 6099.94333284817 
576, 6049.0795763159 
577, 6001.78035068134 
578, 5975.68678661119 
579, 5980.18221491577 
580, 6009.20936798849 
581, 6061.37222567447 
582, 6125.06540018494 
583, 6179.48005548584 
584, 6214.83849915435 
585, 6214.22333506381 
586, 6174.48533392949 
587, 6124.55390876459 
588, 6063.80026783195 
589, 5982.35733696291 
590, 5879.61045214911 
591, 5842.74914068963 
592, 5871.35137256049 
593, 5923.67017486049 
594, 5918.5468498444 
595, 5885.25446699716 
596, 5839.79310902897 
597, 5792.95871154936 
598, 5743.26747751888 
599, 5684.28058833124 
600, 5618.83584916892 
601, 5557.20803130886 
602, 5512.10961125088 
603, 5487.52406070787 
604, 5480.70690206752 
605, 5482.22476333181 
606, 5468.59312455696 
607, 5436.84146890177 
608, 5394.70113075923 
609, 5355.2986513997 
610, 5317.86706554677 
611, 5282.93712756518 
612, 5252.42492573777 
613, 5219.24286156565 
614, 5182.2342789334 
615, 5143.93635515716 
616, 5111.29301619711 
617, 5089.81488507779 
618, 5087.45769064487 
619, 5107.77678487682 
620, 5127.42861816779 
621, 5126.1440547752 
622, 5097.89728640471 
623, 5053.6783153497 
624, 5003.23259272127 
625, 4954.43374471664 
626, 4911.89245837501 
627, 4874.39129897448 
628, 4837.30235405327 
629, 4801.823376912 
630, 4774.38134149568 
631, 4770.17166294445 
632, 4782.78195208412 
633, 4802.50634449757 
634, 4819.91720195613 
635, 4832.50871390325 
636, 4841.22014600003 
637, 4847.19480283871 
638, 4846.15943046774 
639, 4834.43397584702 
640, 4809.21182889158 
641, 4770.20211564924 
642, 4737.06536672644 
643, 4716.92615493011 
644, 4705.93585549283 
645, 4683.91774208359 
646, 4651.72880236895 
647, 4612.63116122104 
648, 4572.42440443771 
649, 4537.24261125617 
650, 4509.92022639906 
651, 4495.14518018082 
652, 4497.96092123752 
653, 4485.46948173515 
654, 4433.23152275497 
655, 4336.65480663779 
656, 4225.05931660987 
657, 4142.53484082335 
658, 4139.96980062982 
659, 4244.82677045606 
660, 4349.19568600172 
661, 4407.1283521017 
662, 4417.03315929931 
663, 4422.38252488211 
664, 4415.50208492067 
665, 4405.50304145019 
666, 4400.65417800251 
667, 4398.9811159333 
668, 4395.91939155412 
669, 4391.15956292845 
670, 4385.98868585387 
671, 4373.04542580072 
672, 4360.21232442089 
673, 4353.97259800819 
674, 4356.59380091402 
675, 4360.90740135647 
676, 4362.70622136556 
677, 4361.13316743521 
678, 4362.98380574339 
679, 4363.61261661653 
680, 4361.35530563053 
681, 4356.64078240245 
682, 4352.37198515422 
683, 4340.38932596239 
684, 4302.26048217642 
685, 4207.99080593188 
686, 4036.73805711641 
687, 3803.57603939958 
688, 3566.69440673004 
689, 3467.97203346013 
690, 3537.71920789806 
691, 3711.51873888105 
692, 3868.66397043905 
693, 4004.28332403442 
694, 4102.68623172105 
695, 4162.4170600168 
696, 4199.97735579777 
697, 4232.12080073516 
698, 4252.21573066757 
699, 4251.40773910395 
700, 4238.80943187406 
701, 4225.42356609811 
702, 4221.66911127024 
703, 4235.75147453694 
704, 4266.61449378169 
705, 4302.7340506916 
706, 4332.75343061448 
707, 4347.77846656621 
708, 4359.00445866237 
709, 4369.2677028505 
710, 4378.80802498515 
711, 4387.47817117415 
712, 4393.30305787773 
713, 4394.4860372818 
714, 4387.73976016788 
715, 4361.59172845354 
716, 4304.07513145626 
717, 4207.73658354558 
718, 4071.24634100982 
719, 3956.53451570445 
720, 3912.22775894284 
721, 3957.19635572824 
722, 4057.11069959809 
723, 4127.90670602103 
724, 4139.31766070073 
725, 4105.02851370834 
726, 4095.93444704188 
727, 4106.7456622032 
728, 4123.5330250456 
729, 4132.21451433786 
730, 4156.91741558066 
731, 4202.89184309142 
732, 4266.67049511706 
733, 4337.41295747934 
734, 4398.19407992012 
735, 4436.12695104423 
736, 4445.88363951366 
737, 4442.07841901935 
738, 4433.08570119066 
739, 4422.73320262757 
740, 4411.32261901929 
741, 4404.81050348789 
742, 4406.50039442354 
743, 4416.05923227595 
744, 4428.52134513336 
745, 4437.54514405677 
746, 4439.0628079714 
747, 4431.94257406909 
748, 4421.27718854192 
749, 4401.28449891757 
750, 4375.10869221198 
751, 4351.49963016333 
752, 4335.31509184289 
753, 4324.08810746537 
754, 4314.15095812398 
755, 4301.30494272671 
756, 4273.48867772594 
757, 4180.63492540929 
758, 3940.66355471973 
759, 3411.09782370122 
760, 2631.02479508356 
761, 1863.94224562688 
762, 1429.97620021944 
763, 1423.35716890893 
764, 1640.34825429577 
765, 1978.21977943879 
766, 2426.47628860824 
767, 2913.24819325572 
768, 3330.43454605814 
769, 3613.59174660994 
770, 3767.0305471015 
771, 3837.19737759104 
772, 3856.02771738251 
773, 3848.42870401 
774, 3832.73115153885 
775, 3810.45048928153 
776, 3785.88312349435 
777, 3762.04147504243 
778, 3732.98472098145 
779, 3701.77670715712 
780, 3671.27166852149 
781, 3643.22134653131 
782, 3615.76838741609 
783, 3584.18975534099 
784, 3548.64629571982 
785, 3517.08417959669 
786, 3485.53895372875 
787, 3451.06099046055 
788, 3411.60418541307 
789, 3366.81332701905 
790, 3319.866045181 
791, 3272.03354039406 
792, 3224.40868078599 
793, 3180.62149759808 
794, 3145.32865530467 
795, 3119.76185003093 
796, 3101.90704910688 
797, 3088.89223660867 
798, 3073.21041244031 
799, 3049.54115202403 
800, 3016.5208448966 
801, 2983.41033169488 
802, 2953.39057683061 
803, 2926.64559772008 
804, 2900.32365193514 
805, 2876.90371346421 
806, 2856.66380393176 
807, 2837.26143894485 
808, 2810.4391043368 
809, 2778.72540058651 
810, 2743.68248791162 
811, 2705.43310456662 
812, 2660.75073382769 
813, 2602.69368228459 
814, 2528.74719871053 
815, 2442.70585305924 
816, 2363.89057104288 
817, 2303.40120476449 
818, 2267.82284051667 
819, 2259.35629923149 
820, 2256.35499840131 
821, 2249.99176074503 
822, 2237.37361672305 
823, 2219.05811596163 
824, 2208.59655882132 
825, 2213.60905466085 
826, 2230.28855810534 
827, 2227.78927924682 
828, 2205.42814140326 
829, 2174.26641073985 
830, 2150.04458777805 
831, 2135.19705338611 
832, 2124.31626974836 
833, 2114.70252646521 
834, 2106.84097898912 
835, 2103.52573685613 
836, 2101.8533823528 
837, 2097.28125561344 
838, 2084.92972127612 
839, 2068.96074201437 
840, 2049.48291034125 
841, 2026.79320863076 
842, 2002.58309509091 
843, 1977.29176794507 
844, 1951.82421730407 
845, 1926.99276423655 
846, 1903.94194272883 
847, 1874.90299988695 
848, 1839.49880537221 
849, 1800.43255589789 
850, 1760.82480226587 
851, 1716.18686398443 
852, 1669.96829475934 
853, 1629.07982491071 
854, 1596.79570300419 
855, 1570.03349424234 
856, 1553.57247798784 
857, 1554.43922682705 
858, 1562.98745552307 
859, 1559.32913766444 
860, 1539.66291629581 
861, 1514.96582141545 
862, 1488.27681142283 
863, 1454.66420709366 
864, 1414.73348975759 
865, 1376.03948971704 
866, 1335.81345212722 
867, 1301.55943385404 
868, 1279.18519006949 
869, 1269.45471122313 
870, 1262.3980315628 
871, 1250.60223273028 
872, 1231.26613654112 
873, 1208.0704507886 
874, 1186.28993396096 
875, 1163.74947962637 
876, 1138.80684896038 
877, 1115.7935117933 
878, 1094.0911538304 
879, 1072.68999828813 
880, 1050.92644383276 
881, 1029.6856749164 
882, 1008.89072975424 
883, 989.307776649345 
884, 970.748600245551 
885, 948.709380030995 
886, 930.877861731072 
887, 914.172219340248 
888, 893.629101334178 
889, 875.479564385252 
890, 859.1885483611 
891, 841.802606064272 
892, 820.234072833721 
893, 796.013723140794 
894, 769.334123340021 
895, 740.688877659144 
896, 710.887586087837 
897, 680.96954289815 
898, 652.860494718124 
899, 629.514888876668 
900, 613.563002831784 
901, 603.705290639154 
902, 599.265962406242 
903, 596.771513481071 
904, 592.074781418765 
905, 587.730074496571 
906, 579.898042729228 
907, 567.968727013916 
908, 553.871789367612 
909, 537.594753083714 
910, 523.276724885363 
911, 512.677509094429 
912, 505.328469872434 
913, 501.196802361811 
914, 495.487759907911 
915, 488.162072879289 
916, 482.720963110764 
917, 479.681820431052 
918, 475.931088628847 
919, 472.228035128949 
920, 471.346729990018 
921, 469.313537622426 
922, 464.051548273774 
923, 455.897520402068 
924, 446.293303691887 
925, 432.325977819391 
926, 420.442480242234 
927, 408.177089316412 
928, 388.32618511562 
929, 365.069376536113 
930, 339.701498332989 
931, 312.56307718647 
932, 284.395423544427 
933, 260.352435742942 
934, 240.277213938354 
935, 226.537227062532 
936, 221.267483031016 
937, 219.139105897527 
938, 219.429094199047 
939, 221.627085974546 
940, 224.759357672248 
941, 225.797270923114 
942, 225.231970274903 
943, 222.964479038163 
944, 218.671180388071 
945, 211.93836221096 
946, 205.486675258915 
947, 200.928686164656 
948, 198.902197903511 
949, 199.301954257204 
950, 198.80260918904 
951, 196.804004427042 
952, 194.119173400674 
953, 192.23712834325 
954, 190.007913263429 
955, 187.138069018737 
956, 184.556401191729 
957, 184.819799688892 
958, 181.840969850245 
959, 179.93506898031 
960, 180.49964261297 
961, 177.295180430406 
962, 175.189115086794 
963, 174.845463547528 
964, 174.371775700837 
965, 170.622137686711 
966, 168.12556731682 
967, 166.41100305699 
968, 165.287675970399 
969, 164.708099252304 
970, 159.450775331545 
971, 154.534859889635 
972, 150.975526889551 
973, 146.67662660663 
974, 142.367544965701 
975, 137.025655746722 
976, 130.861271585252 
977, 125.108190456833 
978, 122.040602881381 
979, 118.912272509649 
980, 115.262559742378 
981, 111.396631180223 
982, 107.192663748413 
983, 104.480128726659 
984, 102.062625033857 
985, 98.6217921185991 
986, 94.2252145010671 
987, 91.6958845837817 
988, 88.8214840983833 
989, 84.2900714210681 
990, 79.1494058640848 
991, 76.1455257829152 
992, 73.5090054608545 
993, 70.7856803759327 
994, 68.604864599252 
995, 66.1749014288381 
996, 62.7919409342463 
997, 60.1557098759328 
998, 59.3227400792994 
999, 56.2454796579001 
1000, 53.3017277779162 
1001, 310.272978036955 
1002, 302.654658592391 
1003, 291.957606251442 
1004, 285.529125905206 
1005, 281.77735438515 
1006, 274.327774195919 
1007, 268.582455097066 
1008, 268.599179047332 
1009, 267.894321619461 
1010, 269.242948679292 
1011, 267.30208944988 
1012, 267.683503137321 
1013, 260.952194496816 
1014, 249.528711331486 
1015, 244.985975994875 
1016, 243.049073451164 
1017, 242.513977254232 
1018, 244.254325006741 
1019, 243.715304210785 
1020, 249.075371808861 
1021, 253.029256591821 
1022, 255.005322145931 
1023, 257.958011011411 
1024, 260.520380761937 
1025, 252.312234673308 
1026, 246.071339677441 
1027, 245.659210437978 
1028, 243.249096699985 
1029, 246.603739375355 
1030, 250.29797007343 
1031, 246.393974601534 
1032, 247.759822799497 
1033, 246.832347247053 
1034, 244.581174265152 
1035, 247.663729300727 
1036, 256.213207037522 
1037, 259.801237463441 
1038, 263.23151808398 
1039, 273.596278892542 
1040, 277.579241248028 
1041, 276.948283790676 
1042, 281.469678024209 
1043, 280.631192499499 
1044, 282.933467077136 
1045, 288.796284410196 
1046, 288.947731177254 
1047, 289.57697749426 
1048, 289.334731505976 
1049, 287.507149060573 
1050, 292.736302041775 
1051, 304.127624800231 
1052, 315.707641083005 
1053, 329.564318076491 
1054, 336.150669125012 
1055, 337.445233202278 
1056, 343.552592781405 
1057, 348.358549729598 
1058, 350.44843784455 
1059, 354.625805412728 
1060, 360.457923530886 
1061, 364.382750487235 
1062, 373.569263264518 
1063, 388.167494392953 
1064, 401.533580162612 
1065, 411.548095441847 
1066, 421.466248484553 
1067, 431.749779240242 
1068, 443.298541937559 
1069, 458.594114588234 
1070, 472.190823928014 
1071, 478.293938585138 
1072, 485.339168710987 
1073, 493.467378342256 
1074, 498.596198928773 
1075, 509.440570917683 
1076, 526.386730435118 
1077, 536.399003886931 
1078, 550.875394725328 
1079, 566.81755561478 
1080, 570.185203269692 
1081, 574.645972739979 
1082, 583.027885904195 
1083, 580.914109352041 
1084, 579.580430264297 
1085, 591.351413478271 
1086, 595.449193151923 
1087, 591.948554104952 
1088, 596.106768831718 
1089, 603.387065027632 
1090, 607.476339745964 
1091, 614.477406634162 
1092, 620.981276421793 
1093, 616.548419255984 
1094, 611.892872912782 
1095, 605.797528713307 
1096, 595.37240907125 
1097, 590.609227618798 
1098, 590.332476618433 
1099, 584.087179887809 
1100, 573.699818566313 
1101, 568.047408182297 
1102, 559.571259711423 
1103, 553.597028066189 
1104, 550.846139028202 
1105, 549.86630453866 
1106, 549.912370759143 
1107, 549.279352412942 
1108, 541.815835264416 
1109, 533.563327361723 
1110, 518.323204755695 
1111, 498.186285460149 
1112, 478.545115651764 
1113, 457.804737059957 
1114, 435.292206380418 
1115, 408.517322674372 
1116, 385.778195624811 
1117, 361.004674684586 
1118, 340.334682542724 
1119, 322.546155743288 
1120, 307.756521773074 
1121, 289.65290111879 
1122, 279.873970343868 
1123, 270.85570566553 
1124, 256.775029488259 
1125, 250.369940606294 
1126, 248.12498822963 
1127, 248.089962092592 
1128, 255.536336355613 
1129, 256.099534771249 
1130, 254.906686634583 
1131, 255.966639903044 
1132, 252.137359266176 
1133, 255.256827003112 
1134, 264.545567355996 
1135, 273.254974463504 
1136, 284.46763772073 
1137, 291.223759428517 
1138, 301.332753113256 
1139, 308.262804216739 
1140, 313.647261360618 
1141, 319.283245036021 
1142, 322.195398286308 
1143, 322.041466098718 
1144, 320.563907696462 
1145, 316.929882422251 
1146, 312.318900600888 
1147, 302.767900148719 
1148, 298.024062448441 
1149, 292.995274466709 
1150, 291.567097247711 
1151, 294.093075708365 
1152, 296.444846633425 
1153, 303.332278859712 
1154, 315.586224314586 
1155, 323.28664511826 
1156, 337.445960676107 
1157, 338.671188403223 
1158, 330.296354649546 
1159, 325.897976433447 
1160, 310.569462779937 
1161, 308.013695374142 
1162, 318.774888540164 
1163, 319.877900303101 
1164, 322.127729870564 
1165, 321.814563413482 
1166, 317.878068702507 
1167, 308.349728069329 
1168, 301.734479784633 
1169, 297.278422810136 
1170, 290.396002302289 
1171, 280.461949672602 
1172, 272.062143234911 
1173, 265.509862119231 
1174, 256.055560548522 
1175, 242.278581637519 
1176, 234.030169737752 
1177, 228.591091174104 
1178, 220.494063412722 
1179, 214.756331688263 
1180, 207.591588550873 
1181, 196.069927574451 
1182, 186.888709283942 
1183, 178.607919474258 
1184, 171.552962102794 
1185, 165.804269060453 
1186, 161.614635465863 
1187, 155.513852314549 
1188, 148.846464645146 
1189, 144.676592877839 
1190, 140.880479765329 
1191, 137.770698888523 
1192, 137.884939061921 
1193, 136.133267079797 
1194, 133.260228501175 
1195, 129.994841212209 
1196, 124.415306169195 
1197, 123.233646250824 
1198, 119.877706992072 
1199, 115.906503583394 
1200, 111.570085396618 
1201, 107.180204360113 
1202, 103.115195468637 
1203, 96.9379835198656 
1204, 94.6572096365071 
1205, 95.1072162521805 
1206, 94.6079626387783 
1207, 97.5841021872424 
1208, 96.7570668437543 
1209, 91.1641924420981 
1210, 89.9434360864325 
1211, 90.6378526807981 
1212, 89.7441173428357 
1213, 89.221479252315 
1214, 93.6640918275825 
1215, 88.5076690474595 
1216, 74.7138144019387 
1217, 70.5287549333926 
1218, 65.3765915339535 
1219, 63.5198730454952 
1220, 68.8632968431572 
1221, 71.0353633659435 
1222, 72.0187328790078 
1223, 73.4842447057919 
1224, 77.0288935607811 
1225, 78.6566902236248 
1226, 79.6592002577375 
1227, 79.1388133871275 
1228, 76.4053647555783 
1229, 74.5790340593428 
1230, 72.4868807313512 
1231, 69.061349460733 
1232, 66.8579147275332 
1233, 64.7300656036926 
1234, 64.5807377490008 
1235, 65.6023210603432 
1236, 66.1716847451354 
1237, 69.9565595362087 
1238, 69.8458032007503 
1239, 63.5788490437712 
1240, 64.5859240049858 
1241, 72.1412561914156 
1242, 72.2970250458277 
1243, 73.1107380933816 
1244, 72.4986401135435 
1245, 63.4846757730751 
1246, 57.1018415337929 
1247, 55.1104663761001 
1248, 57.6097591204081 
1249, 58.4010089407479 
1250, 61.6309636606727 
1251, 62.1459493070715 
1252, 61.4981082598688 
1253, 61.715380537141 
1254, 62.535297430542 
1255, 60.9390306312513 
1256, 55.9717754762609 
1257, 55.6927967213865 
1258, 55.9728927998624 
1259, 56.7870594288846 
1260, 64.3482321951549 
1261, 66.7387088223409 
1262, 66.1487159843211 
1263, 63.9364894032935 
1264, 61.2579522112833 
1265, 55.2428584174791 
1266, 54.1857199342822 
1267, 53.5012416485313 
1268, 54.4069588022037 
1269, 60.2747628363273 
1270, 61.0899181015786 
1271, 60.3465839619873 
1272, 59.892753909094 
1273, 55.983672776687 
1274, 55.4319013565509 
1275, 57.1092864442048 
1276, 58.2084875591403 
1277, 61.7969446625364 
1278, 62.6009975081484 
1279, 59.7616593301192 
1280, 59.7526928345643 
1281, 61.4529105623726 
1282, 65.656316460427 
1283, 68.4379326347441 
1284, 74.2742958451168 
1285, 77.1249942054898 
1286, 78.3706851639313 
1287, 77.8282842607728 
1288, 75.7571792241442 
1289, 75.4422444729712 
1290, 73.8682793673372 
1291, 71.7307034350302 
1292, 72.5033969271777 
1293, 70.0730607171952 
1294, 62.3796126480602 
1295, 58.6311821335415 
1296, 54.505057763938 
1297, 52.8734247354491 
1298, 56.4660136550712 
1299, 55.4286518407345 
1300, 56.170492934865 
1301, 57.3868613339703 
1302, 58.2892452535612 
1303, 59.3190388073444 
1304, 58.9624775330324 
1305, 57.1622998988051 
1306, 58.3381146196193 
1307, 58.3878026412986 
1308, 60.9681900972962 
1309, 69.7905888005451 
1310, 72.1150612940651 
1311, 68.4472775637052 
1312, 71.8108744462202 
1313, 79.4708547189016 
1314, 81.8930892186985 
1315, 87.8939506959445 
1316, 88.6615922146666 
1317, 83.5352148017487 
1318, 73.5421161065186 
1319, 65.5388122310198 
1320, 67.110501165491 
1321, 67.6720566001351 
1322, 70.3549472316613 
1323, 69.6836842677521 
1324, 70.0859793210347 
1325, 67.3976918571699 
1326, 58.9174269234664 
1327, 55.4945741814198 
1328, 52.9023391069718 
1329, 50.4870254972629 
1330, 49.6383982225914 
1331, 50.2846979800006 
1332, 52.2611447148398 
1333, 53.5331129248743 
1334, 57.7302310867447 
1335, 59.4689594811792 
1336, 59.4677430181922 
1337, 58.2670405274524 
1338, 58.5406736029848 
1339, 55.8858150828974 
1340, 53.7031378592118 
1341, 52.1346008451785 
1342, 49.5253608396369 
1343, 47.021886939357 
1344, 43.3088791137178 
1345, 37.088649177579 
1346, 33.2452387530343 
1347, 28.9485330012298 
1348, 26.4910029485095 
1349, 27.6366047388595 
1350, 25.9572610250102 
1351, 24.0663452817641 
1352, 21.1457336291285 
1353, 15.2409400457591 
1354, 11.781382222099 
1355, 8.35780597892018 
1356, 7.61653528592941 
1357, 10.1936239543539 
1358, 10.7607134337416 
1359, 14.3784108476088 
1360, 8.81793470792016 
1361, 1.05096371971297 
1362,-1.1998796941198 
1363,-0.598772356732307 
1364, 1.19292302611459 
1365, 1.10841344876959 
1366, 3.34679742682033 
1367, 1.203483091237 
1368,-6.9774357581421 
1369,-7.83130112183012 
1370,-6.02664677616371 
1371,-5.55861212554459 
1372,-2.05477151451292 
1373, 4.05130199700014E-02 
1374,-0.746975668219209 
1375, 1.52058088178457 
1376, 8.59546955011544 
1377, 10.1807810777247 
1378, 10.0599276795799 
1379, 8.87628987573734 
1380, 4.08177519607127 
1381, 1.64622838141541 
1382, 4.57742377765516 
1383, 4.17444112013129 
1384, 2.05097539187724 
1385,-0.852744368150939 
1386,-5.26576762100935 
1387,-10.5457393479231 
1388,-12.8526599424942 
1389,-14.3830369729712 
1390,-11.2228897932088 
1391,-2.93225826010779 
1392, 1.51225453509631 
1393, 8.84723687621227 
1394, 13.5129417343214 
1395, 14.3852496129037 
1396, 15.7603672317722 
1397, 18.5329184874368 
1398, 18.4943369697666 
1399, 14.2729317480955 
1400, 12.4203104889263 
1401, 11.8725929126556 
1402, 10.8138143089045 
1403, 8.59769649307296 
1404, 9.07810924330211 
1405, 11.9283052290883 
1406, 8.23984971687869 
1407, 9.38700418738671 
1408, 13.6506224489525 
1409, 15.8073385797784 
1410, 17.9967278232154 
1411, 19.4206749117879 
1412, 21.2242170650766 
1413, 19.5678881744494 
1414, 15.5434959088125 
1415, 12.8330818573146 
1416, 6.49639457918657 
1417, 4.27714729661605 
1418, 4.36590858297972 
1419, 5.5297288529298 
1420, 9.51750162129312 
1421, 11.558854136732 
1422, 15.2535730812233 
1423, 16.3798658147198 
1424, 15.3028657145273 
1425, 14.2079762579967 
1426, 11.2163875663868 
1427, 9.5145858375597 
1428, 7.47741116776954 
1429, 6.50077276141397 
1430, 4.67484232766429 
1431, 6.28009433826642 
1432, 10.0129854314876 
1433, 9.91838595913397 
1434, 15.4955378549245 
1435, 19.0240496841234 
1436, 18.9588212067894 
1437, 21.0854012852325 
1438, 19.6502007383877 
1439, 14.1157124755248 
1440, 11.8563450434017 
1441, 8.08000222915443 
1442, 7.30481791532454 
1443, 12.4114993922172 
1444, 8.9005603613104 
1445, 1.47663062528671 
1446,-2.35139229216001 
1447,-15.0593847675653 
1448,-15.6501380839736 
1449,-3.63004417893573 
1450, 0.741030025894942 
1451, 10.3841085206681 
1452, 13.4972422857138 
1453, 5.90634021112959 
1454, 5.13490763724421 
1455, 5.8845130407562 
1456, 5.21143448816641 
1457, 10.8128396478672 
1458, 17.5269885714072 
1459, 19.2481152324641 
1460, 19.023783618869 
1461, 15.7434350423333 
1462, 12.9812890165205 
1463, 7.96004327489815 
1464, 3.48613485759467 
1465, 1.31596336149038 
1466,-2.55126488290061 
1467,-1.25408848452855 
1468, 6.35713568956209 
1469, 9.4449017712085 
1470, 14.7778518648921 
1471, 14.7315783859259 
1472, 9.1582678527325 
1473, 7.98445420900393 
1474, 4.51580579984442 
1475, 4.89303735003136 
1476, 12.8512643559799 
1477, 11.6551224215936 
1478, 6.48450837623292 
1479, 4.668596566786 
1480,-3.46290389517185 
1481,-5.15533112428541 
1482, 1.6177945312106 
1483, 1.89597087275968 
1484, 0.687864918853682 
1485, 1.0953983415827 
1486, 0.119051029207058 
1487,-2.12244315885179 
1488, 1.00300857173342 
1489, 1.88561689058973 
1490, 0.574615130099136 
1491, 3.24968132900281 
1492, 5.3091746315088 
1493, 7.01220701012641 
1494, 6.21948919726107 
1495, 3.3272907274323 
1496,-1.29250934377904 
1497,-7.43902000429459 
1498,-9.87941754060071 
1499,-10.9773983974524 
1500,-10.182882018514 
1501,-4.25933033184353 
1502,-5.55851395281582 
1503,-10.1237316241111 
1504,-8.86071962679696 
1505,-9.46933107000537 
1506,-8.4978922803674 
1507,-1.53514156533247 
1508, 1.57160735954759 
1509, 1.15965296749716 
1510, 2.59774816865415 
1511, 7.46617786965115 
1512, 8.09410205360555 
1513, 5.00199820438809 
1514, 4.10592883186753 
1515, 2.80344026931669 
1516, 1.16252391799783 
1517, 0.382541933983068 
1518,-1.68183900264076 
1519,-6.0595699503535 
1520,-8.91598040629532 
1521,-14.5912280317721 
1522,-12.1671336305417 
1523,-11.6761462278589 
1524,-9.50249573720871 
1525,-0.750509647544319 
1526, 0.377794722889197 
1527, 3.66674550414698 
1528, 10.6940832849763 
1529, 10.9481945551676 
1530, 8.61376274819574 
1531, 1.67262020748358 
1532,-7.73080637666194 
1533,-12.2072918959155 
1534,-14.9601126429853 
1535,-15.1871017544136 
1536,-8.99366207533677 
1537,-6.99244878507352 
1538,-6.48732007565241 
1539,-3.9985511934028 
1540, 0.348494607238543 
1541, 1.58967519521502 
1542, 1.85978783570639 
1543, 3.03411145678707 
1544, 1.59135521796098 
1545, 2.84579238005212 
1546, 7.10812176488581 
1547, 8.47579640036331 
1548, 9.87103573663006 
1549, 10.9408195713239 
1550, 11.6529432685292 
1551, 11.1664583523635 
1552, 9.94972459551214 
1553, 7.13966024799067 
1554,-0.204485686905462 
1555,-2.75473014574204 
1556,-3.58767758521713 
1557,-3.55925272199732 
1558, 0.511349018376381 
1559, 2.91434007730354 
1560, 4.05374820931504 
1561, 5.57259879390894 
1562, 9.6690270459596 
1563, 9.60174602636853 
1564, 6.60290583207255 
1565, 5.17752882670854 
1566, 0.318881890399348 
1567,-2.51726755174549 
1568,-4.25747178415088 
1569,-2.85878812128482 
1570,-2.57249594827195 
1571,-6.67178571303444 
1572,-11.417565443456 
1573,-14.1451204723819 
1574,-14.4259410017273 
1575,-7.01334590885538 
1576, 3.74801784032509 
1577, 6.53537281015742 
1578, 5.194798006626 
1579, 4.23880175606089 
1580, 2.27988051327508 
1581,-3.65303595129725 
1582,-4.17445177387487 
1583,-1.23681961780035 
1584,-2.83015129648356 
1585,-4.24517205286964 
1586,-6.54576307434976 
1587,-12.5019185235776 
1588,-14.8446834130765 
1589,-16.7652721095441 
1590,-14.0618364327801 
1591,-8.03534970139388 
1592,-4.3010134647102 
1593, 4.09927330904307 
1594, 6.27315918440135 
1595, 3.39550952909223 
1596, 3.67589659948393 
1597, 2.41549630361144 
1598, 2.22105059454371 
1599, 3.09989301163117 
1600, 4.55500389358436 
1601, 8.72635116945673 
1602, 8.31914089486729 
1603, 6.18601720171868 
1604, 3.9355233668535 
1605,-4.58820080834598 
1606,-5.66609198283265 
1607,-0.936843029145924 
1608, 0.686839039594957 
1609, 5.60392726461812 
1610, 6.30922642906537 
1611, 3.90504557371431 
1612, 1.21686052180933 
1613,-7.27368593937331 
1614,-8.10309625090699 
1615,-2.68147805334604 
1616,-2.95569157599679 
1617,-1.44055738342988 
1618,-1.16145691605747 
1619,-8.77693289238759 
1620,-10.0297090443684 
1621,-3.74478347993559 
1622,-2.52951261973413 
1623,-3.03890175763705 
1624,-2.28194947124461 
1625,-3.84015040427206 
1626,-3.81694273701532 
1627,-0.189182133927226 
1628, 0.793673175494387 
1629,-0.447438258779736 
1630,-0.288339539413936 
1631,-1.07619799120766 
1632,-0.350992589651343 
1633, 1.99066138417273 
1634, 4.1644388724059 
1635, 9.32296104818302 
1636, 10.4874067529635 
1637, 8.52951118251549 
1638, 8.10453439695362 
1639, 5.41037175178944 
1640, 3.68237937903616 
1641, 3.59644523082588 
1642, 3.59763235419559 
1643, 5.04848889832131 
1644, 3.89910596282216 
1645,-0.31742237310915 
1646,-1.25025478873708 
1647,-2.95514200994547 
1648,-3.23582159137195 
1649, 2.38368373015671 
1650, 4.71581930701022 
1651, 3.31753919206666 
1652, 5.35411874085768 
1653, 3.9727867899008 
1654,-0.517808553156614 
1655, 0.602680407475013 
1656, 3.13375834101979 
1657, 5.24607919999406 
1658, 11.1131474117819 
1659, 11.814448204173 
1660, 9.25925774729527 
1661, 8.81489410288679 
1662, 7.94058759425577 
1663, 6.74160857554625 
1664, 5.71040927978585 
1665, 4.94874684670342 
1666, 3.32878499521621 
1667, 3.14006325508668 
1668, 3.74729970217296 
1669, 5.17184518078182 
1670, 8.17388270744027 
1671, 7.98993441293322 
1672, 6.8504396697943 
1673, 8.08254153248824 
1674, 9.68675194871321 
1675, 6.87924790466418 
1676, 4.18066075277629 
1677, 0.701634641484715 
1678,-9.80783087544499 
1679,-9.80619533127615 
1680,-3.74213695359372 
1681, 0.991286155656551 
1682, 10.411205680295 
1683, 12.9419804856074 
1684, 13.6507425486608 
1685, 13.5147366258982 
1686, 9.32419359577703 
1687, 8.00931693137625 
1688, 7.20330822985712 
1689, 7.36503837508773 
1690, 8.90693432998443 
1691, 8.39505866961395 
1692, 8.40466474485089 
1693, 5.86057203233394 
1694, 0.638469898821479 
1695,-2.75762450307532 
1696,-7.69088057849892 
1697,-7.98522575358289 
1698,-7.06799280759456 
1699,-3.79552250885368 
1700, 4.49158140934872 
1701, 7.80663659582136 
1702, 11.8506883369192 
1703, 12.6433649808286 
1704, 9.57079204183912 
1705, 7.65225806756246 
1706, 4.37749471535184 
1707, 2.70457615881119 
1708, 1.88750924141 
1709, 0.577997221856126 
1710,-0.309142702863407 
1711,-2.33304568946165 
1712,-5.56919523974281 
1713,-7.55794587702473 
1714,-9.8656847822251 
1715,-7.39986701275185 
1716,-9.21592210107813 
1717,-7.31902577552574 
1718,-4.44847787224819 
1719,-11.9180765201058 
1720,-13.1899626212499 
1721,-15.7666215786859 
1722,-18.8269453059208 
1723,-12.7873442909506 
1724,-10.7765191127075 
1725,-9.27464840265759 
1726,-3.76121213911271 
1727, 0.762935586904515 
1728, 8.77474743498643 
1729, 13.9389845491512 
1730, 14.7910199183665 
1731, 15.2608880811124 
1732, 8.62339739955814 
1733, 7.82731618608575 
1734, 6.07168246992844 
1735,-1.25653615199556 
1736,-2.33234546992394 
1737,-5.17981603348847 
1738,-2.82156644723174 
1739, 6.14802004379813 
1740, 10.8411725087715 
1741, 10.5336317336883 
1742, 7.98713436759179 
1743, 6.64056288044297 
1744, 7.21970002410678 
1745, 8.6705996497453 
1746, 8.50897666682599 
1747, 8.73653491189839 
1748, 10.2442178820104 
1749, 11.7523064843601 
1750, 14.385784314254 
1751, 14.3770575750105 
1752, 13.0566729598084 
1753, 8.20223095717029 
1754, 5.98173360141689 
1755, 8.97572863931782 
1756, 6.94029705280167 
1757, 11.2335951168222 
1758, 13.8016456845551 
1759, 9.26226592464242 
1760, 10.503139310804 
1761, 8.41013308358241 
1762, 6.037670589462 
1763, 7.63347243681722 
1764, 6.86054211092893 
1765, 7.52153351186038 
1766, 9.22228677734068 
1767, 9.60993069231174 
1768, 10.9699026252994 
1769, 17.1328484428741 
1770, 16.1803315171986 
1771, 7.94213113015022 
1772, 4.21406057186357 
1773,-2.82069227122469 
1774,-4.26078258325187 
1775, 3.44564919450818 
1776, 5.62656564160026 
1777, 6.79158069165684 
1778, 7.60954473457187 
1779, 7.27128447242196 
1780, 5.62625062823663 
1781,-0.955459398926502 
1782,-1.33411384555747 
1783, 1.92219280562557 
1784, 1.20837923138209 
1785, 4.73095894393129 
1786, 5.76867979097674 
1787, 0.844306469463283 
1788, 0.175035691595394 
1789, 2.38402825882563 
1790, 2.15554779222368 
1791, 5.42960013109496E-02 
1792, 8.32764615412307E-02 
1793, 1.36141185561517 
1794,-0.79950166088469 
1795,-2.549889261016 
1796,-7.75973043498754 
1797,-10.2871629326438 
1798,-8.93714497242873 
1799,-5.21665991281062 
1800,-0.709985567000063 
1801, 41.6484814090247 
1802, 32.1582457278827 
1803, 22.1197079583806 
1804, 15.9422639192361 
1805, 14.044538860046 
1806, 7.68219376910993 
1807, 6.32618614181275 
1808, 3.9060881874778 
1809, 12.9084713532652 
1810, 2.46877692893296 
1811,-29.0737000523789 
1812,-34.8224860774134 
1813,-35.3740391169851 
1814,-38.5046101454601 
1815,-22.2334845335991 
1816, 1.99375017909437 
1817, 3.14448163251156 
1818,-2.31869840676512 
1819, 0.494502598350246 
1820,-2.48380571625135 
1821,-0.167888843539236 
1822, 8.85399540755702 
1823, 22.3308459015022 
1824, 25.6006597410658 
1825, 32.438270374516 
1826, 32.8201784665897 
1827, 26.1845636475671 
1828, 22.4353110995135 
1829, 14.1074096294877 
1830, 14.1480722593286 
1831, 18.6171474227172 
1832, 21.7499994247126 
1833, 25.2895550996251 
1834, 18.9298468524748 
1835,-6.3954408527121 
1836,-29.5416678975187 
1837,-52.3698874582323 
1838,-59.9801654256465 
1839,-58.8390601783263 
1840,-41.702382322961 
1841,-32.293337333291 
1842,-7.10341432934644 
1843,-5.57031784940451 
1844,-15.9836178565526 
1845,-17.5705866714097 
1846,-32.7472898115239 
1847,-36.3624818245351 
1848,-42.8124832345237 
1849,-55.5565990816726 
1850,-50.0918583785711 
1851,-29.3460143921528 
1852,-13.7547148442855 
1853, 2.75109828954378 
1854, 14.5980694279008 
1855, 5.46809215352457 
1856,-5.5692256220466 
1857,-14.4946236791063 
1858,-9.19277572326386 
1859,-4.75513826719219 
1860, 5.2558457566146 
1861, 12.0981376841228 
1862, 20.7397062110433 
1863, 16.4063349850605 
1864, 12.459005077219 
1865,-5.07680431563884 
1866,-25.2623405605244 
1867,-23.8039861052419 
1868,-28.9971373345523 
1869,-23.2934745960879 
1870,-19.1146449277492 
1871,-7.45885348757548 
1872,-17.4479012572138 
1873,-22.5388810220862 
1874,-23.1441809675997 
1875,-29.9781913244658 
1876,-22.5063708751303 
1877,-3.41213838370877 
1878,-3.49473506436756 
1879, 0.403382223547571 
1880,-1.37334272091486 
1881,-13.6877566764153 
1882,-30.8015411109254 
1883,-21.3983885694481 
1884,-18.5321419478818 
1885,-3.80569157924648 
1886, 13.2682024004123 
1887, 20.562895435756 
1888, 34.2674874609187 
1889, 39.7731216333789 
1890, 37.0883746711031 
1891, 37.7471890271294 
1892, 35.3405668088318 
1893, 32.9286671676746 
1894, 28.9516762188846 
1895, 27.0562075166916 
1896, 10.3698075888082 
1897,-1.43433500468765 
1898, 5.94931445830069 
1899,-5.55730301506321 
1900,-11.5047013059523 
1901,-9.94001229461004 
1902,-9.09498770944173 
1903,-16.3560726420536 
1904,-6.90158264010044 
1905,-2.95104151662619 
1906,-12.4003089679372 
1907,-32.4508541254462 
1908,-45.1709229295049 
1909,-23.5754288167807 
1910,-4.38529862385424 
1911, 3.07548626817446 
1912, 20.9104278679025 
1913, 19.5446372453614 
1914,-2.57852571868791 
1915,-27.1484997502632 
1916,-45.3796544551968 
1917,-45.9851737418312 
1918,-55.534655072324 
1919,-55.7038943642979 
1920,-33.4882508640597 
1921,-26.4019712604846 
1922,-26.0192927808637 
1923,-29.0275948659802 
1924,-27.7626775222109 
1925,-34.7827699957987 
1926,-40.8308658449989 
1927,-33.9385973702283 
1928,-24.3025748173011 
1929,-31.2561882280518 
1930,-41.5546521580598 
1931,-55.6848104973888 
1932,-54.8925283974403 
1933,-53.3490972195238 
1934,-46.3769172288743 
1935,-40.9732493998342 
1936,-27.4551595149657 
1937,-26.9290601441519 
1938,-20.0350457815628 
1939,-13.195573864867 
1940,-21.9646224103032 
1941,-23.4685293332685 
1942,-17.5593495044358 
1943,-20.3890392637879 
1944,-21.8096507371337 
1945,-13.672661923601 
1946,-9.45325144382769 
1947,-19.9387859214524 
1948,-18.3539529782438 
1949,-3.6538322160935 
1950, 5.83401613872235 
1951,-0.472981190514564 
1952, 4.86516897104123 
1953, 7.52206606445328 
1954,-19.5708806299917 
1955,-30.2678863235522 
1956,-38.331827488643 
1957,-40.6325966802388 
1958,-35.928755774195 
1959,-33.0390382264222 
1960,-23.8641504513775 
1961,-28.8857729702413 
1962,-17.7973516280367 
1963,-4.21825764906545 
1964, 4.57572416386258 
1965, 17.456744720612 
1966, 19.4284393434742 
1967, 3.5905807913728 
1968, 0.529458403680699 
1969,-4.0321771831581 
1970, 0.602230718770516 
1971, 16.6709427103734 
1972, 25.6702553597307 
1973, 42.7173179460892 
1974, 48.6640802729197 
1975, 43.0374965738611 
1976, 35.0461130605042 
1977, 23.1832437100792 
1978, 4.5568724224653 
1979, 1.79803610085235 
1980, 11.9268539569234 
1981, 10.765999419259 
1982, 18.0184592755665 
1983, 18.7086157998595 
1984,-0.6047245776146 
1985,-2.36228486186736 
1986, 6.53173446663759 
1987, 14.6668933112405 
1988, 18.6940846025677 
1989, 22.2591223844569 
1990, 26.6289132076738 
1991, 23.9462925931007 
1992, 26.5035233348513 
1993, 36.8264461117163 
1994, 38.9767643260871 
1995, 39.4933561858072 
1996, 35.9559085339845 
1997, 22.9743644753065 
1998, 22.5973803254687 
1999, 15.3149157399559 
2000,-3.40630709140168 
2001,-10.6042222413298 
2002,-19.6375904425519 
2003,-27.1787144010955 
2004,-35.2852909552063 
2005,-33.2954202518012 
2006,-29.8022520452426 
2007,-21.5324072128991 
2008, 4.28771140958159 
2009, 17.4963924927959 
2010, 28.0524013735085 
2011, 39.9844050389441 
2012, 30.1489525063025 
2013, 7.29214027104116 
2014,-1.4978834175713 
2015,-22.2141785445885 
2016,-24.9618936152751 
2017,-2.63038673358249 
2018,-3.0130746973269 
2019,-13.8729984297416 
2020,-15.3305357105601 
2021,-21.8814931606762 
2022,-22.9859594670335 
2023,-10.3408629989123 
2024,-6.04823614110052 
2025,-18.0670831264635 
2026,-27.0324927635663 
2027,-38.2374189576641 
2028,-63.3607957788103 
2029,-69.5516304260524 
2030,-71.9868157723184 
2031,-62.5979845001344 
2032,-37.7338942184975 
2033,-20.1097767020268 
2034, 10.9615899258467 
2035, 29.0793134750355 
2036, 50.2263753727584 
2037, 54.5646097095796 
2038, 46.1919634023232 
2039, 26.813354093546 
2040, 12.880106593748 
2041,-20.6763054350764 
2042,-28.4599549650905 
2043,-19.1003595952575 
2044,-17.993605394181 
2045,-11.9162916012668 
2046,-8.87509039305899 
2047,-7.76038434607303 
2048,-7.09266605788788 
2049,-8.54122329593392 
2050,-4.86707300011244 
2051,-2.62546372802718 
2052, 8.34389213454842 
2053, 14.7276768773936 
2054, 22.313837686168 
2055, 21.4920299789344 
2056, 10.6528627904668 
2057, 7.04537297443917 
2058, 0.521507679436712 
2059,-1.24963139506672 
2060, 1.41695536081003 
2061, 3.43601107235335 
2062, 9.03699540960184 
2063, 11.7266851217688 
2064, 13.5196383574112 
2065, 13.6036097169837 
2066, 12.7545848292642 
2067, 10.6650214348806 
2068, 5.14560958421107 
2069,-2.26545866894839 
2070,-5.12104693884866 
2071,-10.3774088210013 
2072,-13.1969955256398 
2073,-9.95444665158061 
2074,-12.3168745408595 
2075,-23.3388803187692 
2076,-25.0876379654376 
2077,-22.5812294456557 
2078,-19.0577558505516 
2079,-4.88826760441727 
2080, 2.60799366100898 
2081, 15.6965433381333 
2082, 8.78713624419437 
2083, 4.38166089914711 
2084,-10.7165674349089 
2085,-12.7663287752846 
2086,-13.7049959068102 
2087,-11.4998558360661 
2088,-6.0109457500041 
2089, 8.94679446341867 
2090, 37.778404326794 
2091, 47.5523591494764 
2092, 66.793064322999 
2093, 67.5126421647927 
2094, 38.3238121054718 
2095, 20.8188367215237 
2096,-3.58324445090643 
2097,-23.9719012196461 
2098,-22.8287051197707 
2099,-3.9729612509341 
2100, 1.00932482299276 
2101, 23.1948218106535 
2102, 22.7690671486661 
2103,-3.80825818154897 
2104,-10.9943992641707 
2105,-14.5499158427906 
2106,-16.1304812144981 
2107,-9.506238036976 
2108,-7.28877055137027 
2109,-11.148008751099 
2110,-8.54495184772276 
2111,-1.03530544358407 
2112, 5.95277786095237 
2113, 9.41088412500884 
2114, 19.2624642448934 
2115, 18.7276696907131 
2116, 9.80589953397399 
2117, 5.76843977829566 
2118,-1.2777956953467 
2119,-6.16845825254511 
2120,-13.4738051514569 
2121,-12.7469664784021 
2122, 0.213530240616727 
2123,-0.82178581326242 
2124,-5.39678600212221 
2125,-8.98495867863819 
2126,-20.8091031328874 
2127,-31.3247200706745 
2128,-37.2816814589219 
2129,-45.953892519415 
2130,-53.3833980183362 
2131,-70.5385310740379 
2132,-68.88893983558 
2133,-54.8843677911549 
2134,-46.436901306162 
2135,-26.6142976846778 
2136,-19.0885818478404 
2137,-23.2715041802969 
2138,-17.9912299638586 
2139,-13.0241887148939 
2140,-6.8410510964519 
2141, 9.55026801342825 
2142, 17.9594317669078 
2143, 19.0851077948088 
2144, 23.4550044825738 
2145, 40.2717365066293 
2146, 30.4542870052975 
2147, 13.7640851077474 
2148, 15.9112297305673 
2149, 2.44387318449817 
2150,-32.4418927876196 
2151,-37.3793688467332 
2152,-33.6934698155867 
2153,-23.0164613614797 
2154, 12.5962644153093 
2155, 28.4224605247128 
2156, 39.8665159742665 
2157, 49.5556710327174 
2158, 51.4285292989803 
2159, 55.3291519245838 
2160, 63.6267543903001 
2161, 64.7590926768691 
2162, 62.7245459426067 
2163, 56.2167669044733 
2164, 39.7949940893117 
2165, 27.1192734177103 
2166, 18.422788085458 
2167, 10.685408111004 
2168, 7.93595662710307E-02 
2169,-8.10737240569545 
2170,-14.5673657584417 
2171,-31.2019069216825 
2172,-29.6744286352865 
2173,-7.87563212920247 
2174,-3.4675574791943 
2175, 3.06334266354767 
2176, 4.33030858730905 
2177,-9.44203386216526 
2178,-14.9669143153181 
2179,-14.565201735645 
2180,-17.5870848563067 
2181,-22.7396037750339 
2182,-24.2074252267862 
2183,-24.3939931156605 
2184,-26.8240518906122 
2185,-16.4184806518553 
2186,-21.4145572003074 
2187,-21.4294455269895 
2188,-23.7486657940544 
2189,-24.1647916133323 
2190,-25.4560255585992 
2191,-22.8791479000496 
2192,-18.42333542466 
2193,-9.85452495429064 
2194, 4.44826359680159 
2195, 12.1923785877399 
2196, 19.1329227032201 
2197, 27.2325272044886 
2198, 38.4246990328491 
2199, 40.1103753347197 
2200, 34.4793997674927 
2201, 33.9317240186825 
2202, 23.7877037826243 
2203, 21.5780087752644 
2204, 31.3771816959946 
2205, 42.0710855821538 
2206, 32.1906346333624 
2207, 24.3868108838806 
2208, 24.6288283661817 
2209, 19.4798339697986 
2210, 23.3910259048859 
2211, 45.4338738689706 
2212, 50.2580340206507 
2213, 50.3633972023032 
2214, 45.9794636260216 
2215, 34.5604282652383 
2216, 22.6709525163214 
2217,-2.74024075164674 
2218,-9.07479992493509 
2219,-5.20594500963845 
2220,-3.06548456109438 
2221, 12.1991988915802 
2222, 18.8464115543155 
2223, 15.7952852697918 
2224, 17.8344287651639 
2225, 19.9514751180163 
2226, 25.8803887484966 
2227, 36.208067358741 
2228, 49.9860010228261 
2229, 52.1519868767288 
2230, 49.9764158618879 
2231, 48.1223514806275 
2232, 38.3029534891217 
2233, 29.622997004399 
2234, 21.2901603929734 
2235, 15.1668056069005 
2236, 6.34410444289858 
2237,-2.21526234298737 
2238,-4.35460211684475 
2239,-12.1295311453694 
2240,-33.1734888574438 
2241,-36.4500609481979 
2242,-29.4272293207214 
2243,-26.4817017829812 
2244,-16.375343399649 
2245,-10.7095558099206 
2246,-12.3024443638932 
2247,-6.26285317829386 
2248, 16.1345548971173 
2249, 20.5788726255301 
2250, 11.1015103174116 
2251, 10.9993336464327 
2252, 6.82369105080333 
2253,-3.38830945332377 
2254, 4.61186044910373 
2255, 17.8563635526575 
2256, 17.8259004218268 
2257, 10.8751772684512 
2258, 13.3739198171802 
2259, 19.5825934817563 
2260, 11.8703522314001 
2261, 5.64419053999396 
2262,-6.02414411488416 
2263,-41.491490454638 
2264,-45.0316338789188 
2265,-28.3833925811264 
2266,-25.1922341624559 
2267,-7.64462052891819 
2268,-10.3744794354537 
2269,-46.1439312667878 
2270,-47.4388726283318 
2271,-32.5064629648683 
2272,-27.2065431949387 
2273, 2.18881810960998 
2274, 12.329924107912 
2275,-0.076929316019259 
2276,-5.91167915028999 
2277,-25.2186717008845 
2278,-27.0815409896303 
2279,-15.7009736626723 
2280,-9.87083544577314 
2281, 10.5215228876019 
2282, 19.3766999479152 
2283, 19.32716595565 
2284, 28.7313985318077 
2285, 31.248954751132 
2286, 47.8234806226863 
2287, 36.8836416583583 
2288, 27.5028221559939 
2289, 31.5033247332739 
2290, 32.650017860782 
2291, 41.5706459294244 
2292, 78.6100191339749 
2293, 75.3800927226007 
2294, 52.0188843921444 
2295, 37.1861411935214 
2296, 3.66898889018243 
2297,-10.0889138829756 
2298,-11.5362919767135 
2299,-16.2036567807768 
2300,-18.0351013022145 
2301,-21.611385887845 
2302,-28.1717516607646 
2303,-24.2470549005647 
2304,-13.3895650960317 
2305,-0.912622272376664 
2306, 27.3883296348205 
2307, 35.4427363497094 
2308, 30.3597597666651 
2309, 25.8284727721597 
2310, 14.5880897924813 
2311, 3.493648664731 
2312,-13.1165742109632 
2313,-18.6779678612742 
2314,-17.5567531554433 
2315,-29.3540369902417 
2316,-23.613198846579 
2317,-4.93434074133003 
2318, 13.71606007232 
2319, 35.0430061149701 
2320, 44.3031333223813 
2321, 36.9126749612645 
2322, 22.3705210944062 
2323,-3.28751303339114 
2324,-27.3637498171951 
2325,-30.8282700687573 
2326,-37.4994550325709 
2327,-33.1961706287148 
2328,-23.8573300922157 
2329,-0.290545267295246 
2330, 6.40934328868654 
2331, 10.2586982454863 
2332, 11.9202076885845 
2333, 8.92493699729185 
2334, 8.28633225751826 
2335, 3.75044964410084 
2336, 8.55673232024241 
2337, 15.2355297849219 
2338, 18.8597154514265 
2339, 38.8582364705413 
2340, 36.8109389163289 
2341, 15.2930930774845 
2342, 6.60823372960981 
2343,-8.61519456153742 
2344,-17.9419228565414 
2345,-21.3415711975983 
2346,-19.3726848246006 
2347,-12.0047150997117 
2348,-11.9076336481631 
2349,-7.23946941477206 
2350,-4.61339230863909 
2351,-10.0155746360605 
2352,-10.6749947354487 
2353,-6.66800948782332 
2354,-3.28558875048774 
2355, 1.51434770753013 
2356,-2.74582208183722 
2357,-14.8429099805748 
2358,-17.4532238703623 
2359,-21.9503115200588 
2360,-20.2266212089437 
2361,-3.03114556163338 
2362, 5.46022900195301 
2363, 18.6471260944782 
2364, 8.11873252992604 
2365, 0.311111925946689 
2366,-15.4869398095034 
2367,-32.0090008251039 
2368,-27.1135511160672 
2369,-28.3275228856884 
2370,-12.7581347329668 
2371, 2.30328111138317 
2372, 4.1633068439271 
2373, 19.7837283884126 
2374, 30.4425700658415 
2375, 30.6228106573199 
2376, 20.7530081545153 
2377, 5.70063871400258 
2378,-5.06986243648999 
2379,-24.5612513757468 
2380,-41.6132909699103 
2381,-51.340443818757 
2382,-56.0893566789454 
2383,-36.8382226394238 
2384,-20.1764990548359 
2385, 2.61563738244386 
2386, 16.7115282998797 
2387,-4.32133977749226 
2388,-5.67339577910925 
2389,-8.3428777960555 
2390,-19.598096279611 
2391,-16.3879224141774 
2392,-20.0071992686618 
2393,-22.7737044402229 
2394,-24.3270097712362 
2395,-23.2571830983625 
2396,-18.1826965812949 
2397,-20.3071693531087 
2398,-26.1808262067149 
2399,-25.3762720313044 
2400,-19.7547348559745 
2401,-14.4155667457297 
2402,-4.51922490549879 
2403, 6.01809372470551 
2404, 13.3314904786698 
2405, 13.411061089835 
2406, 7.89944187984843 
2407, 2.18858833131163 
2408,-9.40195648922422 
2409,-18.6256880361727 
2410,-27.127803107061 
2411,-27.5012761765372 
2412,-26.5037533396338 
2413,-30.5908705012599 
2414,-32.1169585729042 
2415,-30.1788027444391 
2416,-33.2397285135793 
2417,-26.9617457277255 
2418,-9.4673646331689 
2419, 0.489071189340698 
2420, 12.3464928288442 
2421, 19.1719850409767 
2422, 26.3717720210735 
2423, 18.0844192049953 
2424,-2.05964911591138 
2425,-11.9239633132974 
2426,-29.9825359680077 
2427,-36.4455827666958 
2428,-36.280172711996 
2429,-39.065460106841 
2430,-37.6115807620324 
2431,-32.2008773590337 
2432,-15.4913499617242 
2433,-18.5937959578644 
2434,-38.3556233791812 
2435,-44.2633205721573 
2436,-51.9545545758515 
2437,-56.7579887293722 
2438,-55.2985390393821 
2439,-37.6343341139908 
2440,-15.0732166898298 
2441,-0.950270103604079 
2442, 34.953399200043 
2443, 34.9134833535825 
2444, 2.13019479530674 
2445,-12.2826563919159 
2446,-10.3426217505375 
2447,-28.551340337036 
2448,-39.5466028801045 
2449,-32.2884288583394 
2450,-46.3081929684593 
2451,-17.7173549494565 
2452, 19.6159714593009 
2453, 23.36198894991 
2454, 36.4281673657075 
2455, 19.7946803469406 
2456, 1.3286789988538 
2457, 12.0311751669274 
2458, 16.6533035909545 
2459, 28.3958395107055 
2460, 35.6836576790859 
2461, 25.7844540259363 
2462, 24.0014397624539 
2463, 43.8997294607053 
2464, 62.8089561625302 
2465, 68.8748784658997 
2466, 68.2590747806291 
2467, 47.2707211101665 
2468, 22.962844043586 
2469, 11.8389611029222 
2470, 7.76652428089714 
2471, 19.2428200247442 
2472, 12.3250492887594 
2473,-3.76524086713295 
2474, 0.644651020920665 
2475,-2.40987522347441 
2476, 6.88789483232609 
2477, 26.0098691969979 
2478, 30.3898955985244 
2479, 26.6366391517255 
2480, 24.8524349204352 
2481, 18.5190903471363 
2482,-1.12036548543386 
2483,-4.96438298717466 
2484,-6.64856570333953 
2485,-15.6930131617915 
2486,-11.2963827998556 
2487,-14.2681250795603 
2488,-30.6220847316479 
2489,-41.5708647455386 
2490,-21.8672541833298 
2491,-8.44985853350002 
2492,-8.43671160168318 
2493, 6.02049229506595 
2494,-6.28064175888855 
2495,-20.1089439865581 
2496,-20.3941284972791 
2497,-4.27705766966124 
2498,-2.90450433916532 
2499,-6.279022205408 
2500,-8.01787856888622 
