Wavelength,0212202100027.asd
350, 3520.72440228554 
351, 3700.53964897282 
352, 3866.36502695675 
353, 4007.67270825123 
354, 4149.77642461869 
355, 4298.78289109672 
356, 4453.87967350455 
357, 4611.06223714017 
358, 4772.62867309205 
359, 4944.44345977495 
360, 5136.78178219119 
361, 5372.14689462221 
362, 5637.61183977061 
363, 5919.53841955716 
364, 6207.0956658676 
365, 6499.98052644033 
366, 6779.68699678263 
367, 7022.76971057771 
368, 7203.69882421689 
369, 7309.44757840304 
370, 7347.04513935912 
371, 7337.88901193576 
372, 7314.65350319395 
373, 7308.583262047 
374, 7323.53524241164 
375, 7343.69306690528 
376, 7366.88501262348 
377, 7377.80340032382 
378, 7358.09375225647 
379, 7288.05578998155 
380, 7200.84563964439 
381, 7102.96608830922 
382, 6992.59561186053 
383, 6861.84920341428 
384, 6732.52751244893 
385, 6648.73695987413 
386, 6661.59498051511 
387, 6802.14904080364 
388, 6988.8946948431 
389, 7146.59184457945 
390, 7225.39378379839 
391, 7315.72440696107 
392, 7396.89208563506 
393, 7453.31486799888 
394, 7518.41637177995 
395, 7691.13387723658 
396, 8017.12854181534 
397, 8510.95238623346 
398, 9179.32683998499 
399, 9938.33838562618 
400, 10720.3796089519 
401, 11478.6635972949 
402, 12186.116875208 
403, 12767.6013524942 
404, 13194.6066131958 
405, 13530.2875969241 
406, 13794.879044546 
407, 14033.931455298 
408, 14302.1442117053 
409, 14659.704850757 
410, 15084.0951325334 
411, 15551.9067330502 
412, 16040.3763324887 
413, 16524.5070386913 
414, 16999.9683878529 
415, 17455.2542513909 
416, 17858.3482815181 
417, 18246.5249121616 
418, 18642.9069033308 
419, 19049.9746481596 
420, 19407.8196414248 
421, 19772.592142876 
422, 20169.9101371967 
423, 20592.4430454106 
424, 20979.0192851236 
425, 21282.0274298465 
426, 21456.4993088271 
427, 21450.8186404835 
428, 21374.9330138678 
429, 21413.5156729056 
430, 21700.7956791358 
431, 22094.1234794348 
432, 22625.4089084121 
433, 23408.4423259318 
434, 24563.7778543805 
435, 25740.5765570658 
436, 26638.1605030051 
437, 27213.8388564371 
438, 27826.5061160634 
439, 28449.0269502582 
440, 29038.105367319 
441, 29582.6168048336 
442, 30275.2829794552 
443, 30993.2648061278 
444, 31647.9240230295 
445, 32191.207973733 
446, 32624.3839048951 
447, 33020.313474389 
448, 33448.8518143479 
449, 33965.4641265827 
450, 34383.6764778347 
451, 34597.8988904474 
452, 34580.6331284271 
453, 34484.5922593408 
454, 34292.8579401462 
455, 34058.3896571775 
456, 33896.807710857 
457, 33857.1507432158 
458, 33865.0979463128 
459, 33841.6096698608 
460, 33750.4530283754 
461, 33617.791000678 
462, 33472.6997736561 
463, 33326.8571444371 
464, 33098.673372351 
465, 32754.5568059985 
466, 32335.9325208511 
467, 31954.7411050393 
468, 31634.334116655 
469, 31397.8639275697 
470, 31255.9955956449 
471, 31209.7686601153 
472, 31180.408168705 
473, 31175.0646520485 
474, 31224.3928886039 
475, 31214.7919971286 
476, 31184.4975566956 
477, 31171.1260901671 
478, 31193.1640308948 
479, 31300.1462571732 
480, 31440.7387696938 
481, 31530.8820926911 
482, 31496.6973944192 
483, 31243.8017766014 
484, 30727.8854920011 
485, 29980.5157968086 
486, 29284.2834571043 
487, 28807.1361382561 
488, 28685.1269376585 
489, 29050.4216186548 
490, 29585.6961706911 
491, 30011.6268490293 
492, 30162.1000971142 
493, 30220.7762156713 
494, 30312.8498029154 
495, 30490.6388719264 
496, 30725.5033307631 
497, 30792.7003184724 
498, 30699.4690672085 
499, 30501.2371766645 
500, 30241.9260238067 
501, 30054.5785973566 
502, 29990.9617392426 
503, 30070.7258460875 
504, 30371.8708222736 
505, 30772.072196647 
506, 31164.1077463939 
507, 31476.3588537844 
508, 31710.5515917633 
509, 31894.3831551079 
510, 32069.746572212 
511, 32306.5564898429 
512, 32464.7861272078 
513, 32485.9926109428 
514, 32362.1871450164 
515, 32083.5734629626 
516, 31713.0443324598 
517, 31360.3763875019 
518, 31177.7641813401 
519, 31478.1344189789 
520, 32271.0577376133 
521, 33355.7141403558 
522, 34238.6185715277 
523, 34891.1415464824 
524, 35349.0562456405 
525, 35688.3080643861 
526, 35826.9751335536 
527, 35884.5672824248 
528, 36087.9545661797 
529, 36849.2127158543 
530, 37808.9860291746 
531, 38589.5603239136 
532, 38902.075034889 
533, 39006.1968852556 
534, 39190.3565019729 
535, 39599.10624118 
536, 40202.6936750302 
537, 40621.7747036617 
538, 40803.087349381 
539, 40817.285891432 
540, 40804.0208622468 
541, 40848.1280119619 
542, 41073.0666098413 
543, 41574.8342461984 
544, 42132.1215915616 
545, 42606.364841052 
546, 42927.7203892306 
547, 43108.000196503 
548, 43232.3169411455 
549, 43383.7854374824 
550, 43609.5827239913 
551, 43840.0843176692 
552, 44014.9884223985 
553, 44142.8602496757 
554, 44284.3798313586 
555, 44390.3176748678 
556, 44342.6277960876 
557, 44081.2323725234 
558, 43665.9126529668 
559, 43321.9905437887 
560, 43181.8033826913 
561, 43287.0567706244 
562, 43494.8093717125 
563, 43607.9193896098 
564, 43536.1091343344 
565, 43321.5458897377 
566, 43019.9943621105 
567, 42721.3284858082 
568, 42477.9420066376 
569, 42219.9819744532 
570, 41875.7409108539 
571, 41553.6269144432 
572, 41456.4143327207 
573, 41525.6726837063 
574, 41529.3832219655 
575, 41328.496592063 
576, 40966.0814592695 
577, 40646.9225010619 
578, 40486.074112116 
579, 40536.058393857 
580, 40754.295288275 
581, 41138.488435118 
582, 41600.9196570637 
583, 41977.5150849062 
584, 42208.7091142433 
585, 42188.4624548642 
586, 41908.9045246076 
587, 41591.1045458997 
588, 41207.8011475765 
589, 40672.363014058 
590, 39976.684270638 
591, 39808.3807517014 
592, 40059.6896299777 
593, 40403.4944074081 
594, 40346.2613127734 
595, 40118.4720132592 
596, 39821.8087523334 
597, 39510.6184350862 
598, 39162.3386332453 
599, 38736.3705886227 
600, 38275.8208394455 
601, 37880.1625518257 
602, 37571.8110749504 
603, 37414.6060692697 
604, 37407.8573262201 
605, 37448.3814966635 
606, 37357.7172156594 
607, 37139.1212860369 
608, 36872.6053141513 
609, 36608.4962896688 
610, 36359.5274099741 
611, 36139.3171245923 
612, 35960.1304324232 
613, 35761.8971697412 
614, 35525.5882166557 
615, 35270.2163300257 
616, 35075.6911505166 
617, 34953.0362863014 
618, 34964.308233464 
619, 35149.7694671057 
620, 35312.6778982944 
621, 35325.489354908 
622, 35149.8003944148 
623, 34848.0459469912 
624, 34517.4158454373 
625, 34212.2724026006 
626, 33956.9907073876 
627, 33742.0275694749 
628, 33516.8428899534 
629, 33294.2689654813 
630, 33138.0714116766 
631, 33161.7289956284 
632, 33283.7315649389 
633, 33430.3660259018 
634, 33589.9826727553 
635, 33708.6747185827 
636, 33789.5037511874 
637, 33849.0813903987 
638, 33873.4870845566 
639, 33822.7558545995 
640, 33668.3050577914 
641, 33407.5567159096 
642, 33219.5228295484 
643, 33121.2127977542 
644, 33063.97331 
645, 32934.7380178777 
646, 32736.5368689532 
647, 32493.136289296 
648, 32246.2209914342 
649, 32040.7584078139 
650, 31872.2973392979 
651, 31780.7377788924 
652, 31838.8632231004 
653, 31763.9818946571 
654, 31398.9105567113 
655, 30722.3521903204 
656, 29897.8913392928 
657, 29323.6922825853 
658, 29381.4411648284 
659, 30233.5415428684 
660, 30971.1940132548 
661, 31363.8418155804 
662, 31445.6361348185 
663, 31484.5165934628 
664, 31447.9095707275 
665, 31398.6962732214 
666, 31388.4292959803 
667, 31398.0015575559 
668, 31387.9603453893 
669, 31361.0655765583 
670, 31337.9450080424 
671, 31271.6485659699 
672, 31193.6854333205 
673, 31148.5410451111 
674, 31185.6433614821 
675, 31228.9787083605 
676, 31258.6024670492 
677, 31275.6787913306 
678, 31297.2181279364 
679, 31306.8369815368 
680, 31303.441093852 
681, 31293.8072703073 
682, 31277.1154356456 
683, 31209.2609734813 
684, 30953.4505697377 
685, 30256.0475245274 
686, 29008.6357830621 
687, 27292.7146485448 
688, 25536.8313347081 
689, 24972.0244549162 
690, 25609.1204445433 
691, 26922.2022788885 
692, 28084.6893745849 
693, 29100.761675968 
694, 29833.8883304052 
695, 30268.277301481 
696, 30557.3221604856 
697, 30795.3643843288 
698, 30944.0227825395 
699, 30954.1354321037 
700, 30889.3494819758 
701, 30824.1948072855 
702, 30824.5377026698 
703, 30941.0352772215 
704, 31187.0517091274 
705, 31468.6594760304 
706, 31698.7199614822 
707, 31821.1168760278 
708, 31924.2443924937 
709, 32018.3461976175 
710, 32097.3747736796 
711, 32178.5622460047 
712, 32230.2174593394 
713, 32241.811961143 
714, 32206.0000885952 
715, 32066.9816572028 
716, 31695.0980559611 
717, 31028.9892065365 
718, 30106.230751716 
719, 29339.0566418277 
720, 29074.6303228645 
721, 29442.695153693 
722, 30161.6567334649 
723, 30628.5955670383 
724, 30672.7339603914 
725, 30447.9095178906 
726, 30421.9054044483 
727, 30510.2777636445 
728, 30608.4926125167 
729, 30656.7538836457 
730, 30833.0429405575 
731, 31166.7254026055 
732, 31619.7169211184 
733, 32097.4196097541 
734, 32499.590935037 
735, 32742.230259395 
736, 32789.9641657098 
737, 32747.1242025971 
738, 32685.0017953228 
739, 32618.6212093091 
740, 32522.3291767436 
741, 32484.3535206471 
742, 32520.3768774676 
743, 32619.1893193297 
744, 32751.7623083979 
745, 32838.3594662242 
746, 32873.8724631916 
747, 32874.9661530821 
748, 32836.5562344444 
749, 32732.5719247248 
750, 32588.6492671428 
751, 32464.8144261589 
752, 32410.1136952295 
753, 32404.6294902862 
754, 32412.1304860181 
755, 32386.2022862782 
756, 32240.8236975156 
757, 31584.3415632673 
758, 29764.2294111412 
759, 25619.4087810071 
760, 19598.6220974158 
761, 13853.8581578632 
762, 10879.5717116655 
763, 11093.722781254 
764, 12931.6596486613 
765, 15655.9235209414 
766, 19255.9019884772 
767, 23100.7790441672 
768, 26377.9913043779 
769, 28613.466417739 
770, 29845.1243833795 
771, 30446.0273164621 
772, 30681.0392102637 
773, 30744.4707268151 
774, 30737.2847183944 
775, 30674.1630485799 
776, 30590.0783763844 
777, 30510.9032207687 
778, 30394.1283816534 
779, 30256.0858710986 
780, 30121.3942947272 
781, 30012.744110126 
782, 29891.7933443521 
783, 29745.1965916732 
784, 29577.4976236658 
785, 29413.2139226424 
786, 29254.5086854265 
787, 29068.7202424732 
788, 28828.9161604162 
789, 28548.8060887408 
790, 28245.0737778629 
791, 27925.1171335613 
792, 27596.2117469264 
793, 27278.6770694236 
794, 27023.7351833996 
795, 26862.1466760033 
796, 26794.5455282531 
797, 26746.4989170949 
798, 26645.2156174303 
799, 26460.2984530135 
800, 26215.761555776 
801, 25951.4458160386 
802, 25706.2804995231 
803, 25494.8497574515 
804, 25283.4524409145 
805, 25094.138107152 
806, 24917.134679605 
807, 24726.6720713302 
808, 24483.9984401989 
809, 24199.0867948518 
810, 23890.327133907 
811, 23569.3755812786 
812, 23192.5946612473 
813, 22695.6136385357 
814, 22067.5849170897 
815, 21359.8749877255 
816, 20694.0007263516 
817, 20160.0539064098 
818, 19817.3478982302 
819, 19689.5207510168 
820, 19629.5441426912 
821, 19537.7304127349 
822, 19377.3240799864 
823, 19208.2634970601 
824, 19096.832810767 
825, 19099.3652733697 
826, 19192.128734616 
827, 19126.5599049043 
828, 18913.8069327308 
829, 18640.2914300766 
830, 18419.2539580749 
831, 18261.1916238864 
832, 18135.5761215999 
833, 18028.9723833724 
834, 17946.2374576528 
835, 17895.6906675587 
836, 17863.1323031861 
837, 17818.1952175244 
838, 17719.7747995053 
839, 17582.8565287342 
840, 17421.9639106103 
841, 17247.4123987738 
842, 17060.727344987 
843, 16871.9155504987 
844, 16687.4934002092 
845, 16508.9345914212 
846, 16333.6467267857 
847, 16116.6529947697 
848, 15855.9935487654 
849, 15568.2148206909 
850, 15273.6153870356 
851, 14934.4218427199 
852, 14587.4018809956 
853, 14297.8236025458 
854, 14080.2687548652 
855, 13909.2026515205 
856, 13838.1013142826 
857, 13937.6991128601 
858, 14079.529275804 
859, 14113.0415197084 
860, 14014.6599139784 
861, 13871.7956813247 
862, 13697.0296126537 
863, 13468.1926338037 
864, 13190.1907297877 
865, 12904.2157639726 
866, 12634.9197023186 
867, 12409.6101566058 
868, 12267.4741624531 
869, 12258.8612020209 
870, 12296.8290510377 
871, 12289.3446155809 
872, 12195.6627410379 
873, 12063.6740811757 
874, 11919.7830208686 
875, 11774.7624823388 
876, 11631.965954502 
877, 11492.5823386626 
878, 11355.3712218461 
879, 11221.6173599518 
880, 11089.9958246637 
881, 10949.6014995053 
882, 10812.4608259846 
883, 10683.8669695571 
884, 10563.3076844344 
885, 10441.9499460051 
886, 10311.9565102389 
887, 10173.8928102816 
888, 10033.4459306501 
889, 9898.64086527893 
890, 9766.34977597929 
891, 9619.79649781734 
892, 9439.25891001764 
893, 9221.92699507738 
894, 8970.33541537693 
895, 8691.75969482795 
896, 8397.23712220896 
897, 8098.24117695014 
898, 7814.86823744023 
899, 7575.68275981273 
900, 7406.99445533541 
901, 7306.68116903017 
902, 7256.92897390666 
903, 7231.65214506498 
904, 7203.12494115131 
905, 7160.53555899218 
906, 7084.97091000732 
907, 6962.1407302389 
908, 6791.03063261452 
909, 6610.11658722427 
910, 6459.54157701593 
911, 6350.6620368327 
912, 6270.13008433081 
913, 6201.93572820803 
914, 6135.73213319574 
915, 6067.90633748784 
916, 6002.21297062242 
917, 5954.6279365578 
918, 5915.41220322663 
919, 5877.41373888722 
920, 5837.31651765364 
921, 5792.53370573148 
922, 5736.94150837584 
923, 5660.49100228404 
924, 5553.2055716416 
925, 5417.87508001319 
926, 5259.66671086842 
927, 5071.61541317235 
928, 4841.21679963268 
929, 4572.76184906972 
930, 4268.68989013352 
931, 3944.90042134758 
932, 3627.90042268396 
933, 3346.78143841591 
934, 3122.45229961401 
935, 2968.40644233179 
936, 2887.38624103074 
937, 2864.91971430682 
938, 2878.42850254055 
939, 2906.89550851895 
940, 2934.1470670168 
941, 2955.48371671965 
942, 2958.3569511208 
943, 2932.08698909634 
944, 2874.60103217443 
945, 2801.6905024709 
946, 2742.00709933319 
947, 2705.97566251662 
948, 2690.67724069657 
949, 2684.20223635576 
950, 2676.41749232053 
951, 2665.64100395877 
952, 2653.00368106501 
953, 2637.17061569678 
954, 2621.89034934875 
955, 2608.14182210773 
956, 2596.29819719697 
957, 2587.19636257913 
958, 2583.16494304194 
959, 2580.43626550903 
960, 2577.81435034731 
961, 2579.81199766308 
962, 2581.59975534955 
963, 2585.46250601716 
964, 2592.24130982821 
965, 2599.02210958934 
966, 2598.89150972318 
967, 2595.00849902162 
968, 2587.40976867798 
969, 2573.03791168345 
970, 2557.53072113162 
971, 2536.21759468931 
972, 2506.75212127994 
973, 2469.37466325231 
974, 2423.50931114199 
975, 2378.93300343873 
976, 2336.26559945159 
977, 2294.19632346196 
978, 2262.81584035701 
979, 2237.35239422183 
980, 2215.12314954444 
981, 2193.83160829601 
982, 2170.6930421253 
983, 2145.9859594007 
984, 2119.87108609449 
985, 2092.23409728313 
986, 2062.46841983158 
987, 2029.88506480658 
988, 1994.92718377118 
989, 1958.70226706411 
990, 1922.4873843893 
991, 1885.91579493073 
992, 1848.76181327727 
993, 1811.70631762433 
994, 1775.73954599458 
995, 1740.64005174168 
996, 1702.7902576424 
997, 1664.09087146504 
998, 1627.44405196426 
999, 1590.45661596393 
1000, 1552.57878805692 
1001, 9757.86642170467 
1002, 9755.01484749859 
1003, 9756.63719587021 
1004, 9766.65613591269 
1005, 9777.06130128295 
1006, 9794.91436513405 
1007, 9824.90509170035 
1008, 9868.33765842317 
1009, 9917.09778325517 
1010, 9980.38288836648 
1011, 10042.1253264856 
1012, 10111.4572003206 
1013, 10176.3477477017 
1014, 10238.3682386569 
1015, 10305.1668656314 
1016, 10370.8612759737 
1017, 10430.248371983 
1018, 10493.5511435863 
1019, 10561.1336784368 
1020, 10627.1876417551 
1021, 10696.091837024 
1022, 10767.5448621463 
1023, 10841.4039926876 
1024, 10918.745723979 
1025, 10996.6933083365 
1026, 11067.3867749084 
1027, 11141.099829312 
1028, 11205.9452244306 
1029, 11259.3663462372 
1030, 11318.2462701715 
1031, 11371.5682893719 
1032, 11421.1363787858 
1033, 11470.5013536602 
1034, 11512.2612484867 
1035, 11548.9506934024 
1036, 11579.5000610238 
1037, 11603.2824934033 
1038, 11630.0183275792 
1039, 11660.3499677856 
1040, 11688.3168423415 
1041, 11712.9034404463 
1042, 11733.3166279216 
1043, 11745.7848810746 
1044, 11756.0489292155 
1045, 11767.9517114006 
1046, 11777.518331915 
1047, 11790.4490090177 
1048, 11805.8550367483 
1049, 11820.1198852461 
1050, 11829.626439787 
1051, 11840.532110034 
1052, 11848.2005981135 
1053, 11853.4808689174 
1054, 11865.5179234847 
1055, 11883.3343150681 
1056, 11898.4939837113 
1057, 11916.3494903079 
1058, 11942.8831318684 
1059, 11977.2907465163 
1060, 12021.0027944927 
1061, 12074.9952108635 
1062, 12137.2630207809 
1063, 12211.1047844534 
1064, 12284.4841483989 
1065, 12365.2543101701 
1066, 12454.236517817 
1067, 12541.2210257035 
1068, 12640.8939516691 
1069, 12759.6983398391 
1070, 12891.9087480706 
1071, 13039.9735136471 
1072, 13190.4512741879 
1073, 13340.1142776673 
1074, 13499.873470081 
1075, 13640.5334613631 
1076, 13776.5153687356 
1077, 13907.4896874044 
1078, 14015.408850412 
1079, 14117.449161958 
1080, 14211.6023761762 
1081, 14296.600151886 
1082, 14374.9334547267 
1083, 14449.2710522165 
1084, 14525.2115651575 
1085, 14595.622007132 
1086, 14660.7262323725 
1087, 14728.3626009952 
1088, 14781.5922683705 
1089, 14829.3612961875 
1090, 14860.2350509852 
1091, 14882.0271653764 
1092, 14888.9355033361 
1093, 14868.6381856103 
1094, 14844.3193048824 
1095, 14820.6773358416 
1096, 14792.6513211804 
1097, 14769.4218437788 
1098, 14750.5785576817 
1099, 14729.3518560925 
1100, 14704.9709839255 
1101, 14681.0304949636 
1102, 14664.6452933111 
1103, 14633.9830015148 
1104, 14605.90895817 
1105, 14561.4046190634 
1106, 14497.5187128757 
1107, 14390.0417015299 
1108, 14232.9605354274 
1109, 14020.6674424542 
1110, 13717.9406512588 
1111, 13359.3481917054 
1112, 12931.2535683822 
1113, 12399.479210054 
1114, 11875.3444138341 
1115, 11267.2142929926 
1116, 10715.0337968355 
1117, 10114.1126847759 
1118, 9608.23618580044 
1119, 9139.99381546695 
1120, 8717.6262349613 
1121, 8370.33878745544 
1122, 8090.50613093717 
1123, 7895.67126663632 
1124, 7770.68649714659 
1125, 7721.17980937347 
1126, 7784.50093013962 
1127, 7839.33368308812 
1128, 7960.58083894112 
1129, 8077.17861459141 
1130, 8225.51044658686 
1131, 8369.93398685901 
1132, 8512.49793239756 
1133, 8691.70885553469 
1134, 8878.23510445625 
1135, 9086.92941983644 
1136, 9388.08225970781 
1137, 9697.62814681467 
1138, 10005.5606273812 
1139, 10298.4696827355 
1140, 10493.6027872073 
1141, 10636.5778876321 
1142, 10708.0452861151 
1143, 10665.9330670264 
1144, 10661.5205532942 
1145, 10540.6051768394 
1146, 10557.8036302063 
1147, 10583.5370060531 
1148, 10716.8879614697 
1149, 10949.1139223102 
1150, 11233.7766091278 
1151, 11605.6984482104 
1152, 12031.6903258815 
1153, 12466.2482693994 
1154, 12964.6211997125 
1155, 13437.1697479347 
1156, 13933.5876501371 
1157, 14403.2116402299 
1158, 14880.3539156281 
1159, 15327.8284011827 
1160, 15766.9809800727 
1161, 16171.6192381393 
1162, 16560.1840297224 
1163, 16914.2942451136 
1164, 17240.0251223112 
1165, 17528.8819561988 
1166, 17789.526413591 
1167, 18020.8022534244 
1168, 18222.6326133981 
1169, 18390.294757967 
1170, 18537.2332609618 
1171, 18659.0168621104 
1172, 18751.74413199 
1173, 18809.6376811437 
1174, 18858.6384676214 
1175, 18875.6623942469 
1176, 18890.2777843915 
1177, 18884.6437045237 
1178, 18884.8080162646 
1179, 18872.0884304586 
1180, 18866.7155172641 
1181, 18858.163378854 
1182, 18858.0802645915 
1183, 18878.0441438765 
1184, 18896.8767374038 
1185, 18952.8090804402 
1186, 19038.0714597265 
1187, 19131.9844305042 
1188, 19254.444043634 
1189, 19372.6745941672 
1190, 19521.2212857097 
1191, 19635.5888275924 
1192, 19760.989457945 
1193, 19843.8190344383 
1194, 19904.6074082887 
1195, 19932.7357297089 
1196, 19919.9847857176 
1197, 19893.4282145215 
1198, 19850.0237544799 
1199, 19759.6158329037 
1200, 19716.8623262613 
1201, 19664.8152539491 
1202, 19651.6323930428 
1203, 19660.5650582569 
1204, 19694.536658944 
1205, 19755.6656230434 
1206, 19828.642806483 
1207, 19936.241893944 
1208, 20038.2391302498 
1209, 20150.9949931498 
1210, 20265.6767183669 
1211, 20393.0720510448 
1212, 20511.5705818158 
1213, 20628.1919933858 
1214, 20752.6623764271 
1215, 20851.7217696646 
1216, 20942.889240839 
1217, 21015.1076293778 
1218, 21069.1079297619 
1219, 21115.3947879807 
1220, 21139.9085825916 
1221, 21172.1718159716 
1222, 21191.8420696435 
1223, 21222.5632523461 
1224, 21259.4409601489 
1225, 21294.7009244882 
1226, 21332.6660127764 
1227, 21371.1134532267 
1228, 21413.1997507819 
1229, 21449.9781846173 
1230, 21484.8575287872 
1231, 21524.0020898061 
1232, 21547.4688963606 
1233, 21568.3320594124 
1234, 21568.745567817 
1235, 21556.563441342 
1236, 21533.0582183643 
1237, 21493.302032855 
1238, 21445.6669991177 
1239, 21383.0594727455 
1240, 21320.3935194778 
1241, 21242.3953506991 
1242, 21171.7040786275 
1243, 21103.4144068516 
1244, 21033.0752647465 
1245, 20967.2800620852 
1246, 20896.0024400667 
1247, 20813.06683528 
1248, 20730.2685651773 
1249, 20623.5897096635 
1250, 20506.2036401864 
1251, 20366.4341495999 
1252, 20213.928553017 
1253, 20032.3855659905 
1254, 19835.9370988883 
1255, 19601.9312901389 
1256, 19338.8586220327 
1257, 19048.1047157731 
1258, 18717.3014483362 
1259, 18375.2589096256 
1260, 17992.5276561779 
1261, 17619.7508775919 
1262, 17217.0862773408 
1263, 16830.3821995241 
1264, 16504.4299160451 
1265, 16172.4162071123 
1266, 15965.4244615753 
1267, 15812.4111503487 
1268, 15773.5596467861 
1269, 15829.9470444854 
1270, 15962.0691569685 
1271, 16224.7239532098 
1272, 16482.0986430351 
1273, 16844.4650750259 
1274, 17147.3027150579 
1275, 17488.6591538447 
1276, 17760.2799964416 
1277, 17995.8950502964 
1278, 18202.7997510591 
1279, 18365.1252062886 
1280, 18498.6586466845 
1281, 18628.2304643805 
1282, 18751.2357614842 
1283, 18879.9991594913 
1284, 19009.3760079153 
1285, 19131.6204688966 
1286, 19256.7054623543 
1287, 19366.0016838247 
1288, 19473.676785614 
1289, 19554.6450651353 
1290, 19620.7059933377 
1291, 19671.7713039316 
1292, 19697.4473201262 
1293, 19719.3461516797 
1294, 19734.454603607 
1295, 19733.9603583293 
1296, 19718.5544734797 
1297, 19695.1947098131 
1298, 19658.8304783369 
1299, 19610.8642753269 
1300, 19563.6373539157 
1301, 19509.4934717547 
1302, 19450.9883343465 
1303, 19390.1569692376 
1304, 19318.9625844464 
1305, 19239.6700111729 
1306, 19156.6093249558 
1307, 19064.8544865528 
1308, 18972.3757309725 
1309, 18872.4884488091 
1310, 18775.7906864788 
1311, 18676.5154238049 
1312, 18579.4533094986 
1313, 18480.267590073 
1314, 18388.8240245779 
1315, 18292.5425244604 
1316, 18213.5793047336 
1317, 18145.7048869883 
1318, 18088.2497151652 
1319, 18043.6795371386 
1320, 17997.2938692278 
1321, 17951.2594383776 
1322, 17885.8582573184 
1323, 17779.1362778923 
1324, 17659.4352646976 
1325, 17482.0764089133 
1326, 17249.812096361 
1327, 17004.9522933518 
1328, 16695.1031273236 
1329, 16425.1133772298 
1330, 16113.4898314507 
1331, 15880.9867760001 
1332, 15675.2401911917 
1333, 15522.9134239852 
1334, 15448.1448915088 
1335, 15370.8231188972 
1336, 15343.5633930136 
1337, 15311.0834633432 
1338, 15258.8201953463 
1339, 15147.4241499672 
1340, 14949.6595713747 
1341, 14650.0876157132 
1342, 14215.2977434242 
1343, 13665.1145796212 
1344, 13002.3703317175 
1345, 12192.6027758246 
1346, 11331.0571475269 
1347, 10329.1982244174 
1348, 9353.54589153839 
1349, 8277.03918599925 
1350, 7282.85886687281 
1351, 6252.2346134537 
1352, 5336.51004036776 
1353, 4450.34506371079 
1354, 3675.27544727593 
1355, 2981.5038175423 
1356, 2389.77245395353 
1357, 1888.72747368012 
1358, 1491.78476418876 
1359, 1181.7288526237 
1360, 944.544041914686 
1361, 763.19692031417 
1362, 626.480971623255 
1363, 529.7452611485 
1364, 464.888765951494 
1365, 420.503981320298 
1366, 409.028950223147 
1367, 412.494498601223 
1368, 441.44723440011 
1369, 482.074538621846 
1370, 546.763214936139 
1371, 617.705089023393 
1372, 711.317809122291 
1373, 796.664740675488 
1374, 910.275107970035 
1375, 982.133109718263 
1376, 1045.13669191074 
1377, 1077.68956935113 
1378, 1081.95107607809 
1379, 1058.80078570095 
1380, 1021.03724058323 
1381, 984.939125143628 
1382, 953.957223696148 
1383, 942.578388265963 
1384, 966.002163603663 
1385, 1028.60673344067 
1386, 1121.62965051643 
1387, 1245.75870650281 
1388, 1360.04892319643 
1389, 1505.39688073421 
1390, 1606.14646677218 
1391, 1697.21520549225 
1392, 1763.52324860879 
1393, 1796.1427611606 
1394, 1834.9379494016 
1395, 1850.21192216271 
1396, 1886.20052756285 
1397, 1918.30106701138 
1398, 1972.24853229527 
1399, 2041.4922125907 
1400, 2119.28180622608 
1401, 2216.09593045564 
1402, 2311.33854478989 
1403, 2406.21317193163 
1404, 2516.8036771346 
1405, 2632.17863875788 
1406, 2762.99104647735 
1407, 2923.60764464968 
1408, 3107.06977524311 
1409, 3321.69482234905 
1410, 3563.42620632568 
1411, 3808.41148294539 
1412, 4081.12152591645 
1413, 4339.89289126777 
1414, 4607.80538496311 
1415, 4858.46495964165 
1416, 5103.72543445161 
1417, 5341.58414314201 
1418, 5568.16645891375 
1419, 5792.42624940461 
1420, 6014.8193506408 
1421, 6231.10036754052 
1422, 6455.04144932736 
1423, 6647.36094690778 
1424, 6845.65994614209 
1425, 6986.81676372597 
1426, 7099.99663435597 
1427, 7160.35600864734 
1428, 7168.4934936052 
1429, 7142.23350453567 
1430, 7076.901914821 
1431, 6986.90046766664 
1432, 6898.98887109597 
1433, 6819.42091367714 
1434, 6756.47213105968 
1435, 6727.59568749706 
1436, 6725.70987129014 
1437, 6751.45386674892 
1438, 6802.52119090236 
1439, 6888.98157801778 
1440, 6983.0690467771 
1441, 7108.53152713109 
1442, 7223.15798942342 
1443, 7352.59049138367 
1444, 7468.70981258731 
1445, 7577.20361473 
1446, 7691.2936495854 
1447, 7794.91587264669 
1448, 7919.4301368254 
1449, 8047.68658250974 
1450, 8195.04157048363 
1451, 8364.37915706286 
1452, 8537.28204097396 
1453, 8747.57847591124 
1454, 8923.59846656534 
1455, 9107.57954975697 
1456, 9255.12925797573 
1457, 9361.87050337426 
1458, 9395.1622196669 
1459, 9354.07252360167 
1460, 9240.6915090257 
1461, 9059.75590232895 
1462, 8815.187795703 
1463, 8542.82816472262 
1464, 8240.98141871586 
1465, 7957.61917032853 
1466, 7644.43790979504 
1467, 7391.72199745622 
1468, 7144.77295317056 
1469, 6966.40930572171 
1470, 6829.64328201136 
1471, 6738.81363438208 
1472, 6707.98565816535 
1473, 6695.68042428431 
1474, 6734.21439159612 
1475, 6770.38598170328 
1476, 6840.22033215759 
1477, 6895.78847413731 
1478, 6957.54441610969 
1479, 7014.29184630232 
1480, 7063.1247648745 
1481, 7121.52151872808 
1482, 7177.60634352777 
1483, 7245.8149649464 
1484, 7319.39922648288 
1485, 7407.17557214435 
1486, 7501.45628083636 
1487, 7616.74576606069 
1488, 7743.01741832784 
1489, 7876.2650923351 
1490, 8018.29366583566 
1491, 8156.92984826549 
1492, 8290.55416732948 
1493, 8419.53517839791 
1494, 8534.77745197288 
1495, 8634.27657542339 
1496, 8717.08940416357 
1497, 8778.63523423806 
1498, 8825.07569370355 
1499, 8846.61536616277 
1500, 8869.7785235726 
1501, 8872.26165878029 
1502, 8891.92119497754 
1503, 8907.90828002763 
1504, 8938.14905160717 
1505, 8975.02228330653 
1506, 9026.45647709713 
1507, 9092.81666482225 
1508, 9159.73292298684 
1509, 9245.7957504442 
1510, 9316.05770625708 
1511, 9387.7096171447 
1512, 9444.90050027224 
1513, 9493.0282902545 
1514, 9531.10118089692 
1515, 9554.35001115859 
1516, 9577.47725782389 
1517, 9589.79993138211 
1518, 9607.03829677261 
1519, 9622.99039667833 
1520, 9639.98224125874 
1521, 9657.70795493093 
1522, 9677.28856505069 
1523, 9696.06756994121 
1524, 9715.01713842364 
1525, 9730.18396751563 
1526, 9741.77473397202 
1527, 9750.27528776113 
1528, 9753.78145332121 
1529, 9755.16622014957 
1530, 9753.402647168 
1531, 9754.16651720443 
1532, 9750.85700932863 
1533, 9750.14712963673 
1534, 9757.72754019424 
1535, 9762.72962777091 
1536, 9768.59955978578 
1537, 9776.73089184504 
1538, 9784.39405647532 
1539, 9796.85459928793 
1540, 9813.98901871342 
1541, 9829.39979562756 
1542, 9847.81678982869 
1543, 9863.45074930798 
1544, 9876.65929328403 
1545, 9892.14335351724 
1546, 9909.31626589041 
1547, 9925.74879703965 
1548, 9946.50319658213 
1549, 9957.83407196337 
1550, 9961.62905457664 
1551, 9968.30455939278 
1552, 9973.16356263324 
1553, 9975.36058551649 
1554, 9977.05427022953 
1555, 9979.38801484257 
1556, 9977.56316694247 
1557, 9977.18426298955 
1558, 9982.74808648205 
1559, 9981.29894022562 
1560, 9981.90335575214 
1561, 9969.22027263511 
1562, 9951.57162045801 
1563, 9923.10511187504 
1564, 9885.3277131071 
1565, 9834.11219595673 
1566, 9770.64912368323 
1567, 9698.31924594989 
1568, 9610.58530596542 
1569, 9515.58316056373 
1570, 9422.91373717107 
1571, 9337.49262376675 
1572, 9262.34478648752 
1573, 9211.12441412533 
1574, 9179.90460135069 
1575, 9171.05561845003 
1576, 9190.40425935461 
1577, 9232.82640585143 
1578, 9296.31034094161 
1579, 9375.53425008383 
1580, 9457.76200275031 
1581, 9558.19821341284 
1582, 9647.50799745759 
1583, 9743.51681189107 
1584, 9822.43606979501 
1585, 9897.91910457838 
1586, 9956.967438737 
1587, 10003.4003719614 
1588, 10040.2816406063 
1589, 10064.3667959723 
1590, 10083.132222232 
1591, 10093.3499341579 
1592, 10095.0300505925 
1593, 10091.5280849572 
1594, 10073.0085703322 
1595, 10045.5851227002 
1596, 10000.4835971301 
1597, 9938.3648888313 
1598, 9870.53184674987 
1599, 9780.86214801743 
1600, 9703.1899334504 
1601, 9612.08105649237 
1602, 9547.27160836687 
1603, 9491.73768340667 
1604, 9450.77288882169 
1605, 9426.8312353065 
1606, 9414.33614716901 
1607, 9414.08060881753 
1608, 9423.44132018029 
1609, 9448.36905249462 
1610, 9479.23629424446 
1611, 9522.35023008606 
1612, 9565.43686062554 
1613, 9619.73313566143 
1614, 9668.05909538431 
1615, 9720.30215204452 
1616, 9762.36475227358 
1617, 9805.48913732125 
1618, 9833.62166318197 
1619, 9848.61801444121 
1620, 9859.28485049042 
1621, 9856.07172280315 
1622, 9855.3990724266 
1623, 9851.35582573341 
1624, 9845.52850476609 
1625, 9841.44699479381 
1626, 9829.66765832317 
1627, 9818.08595321998 
1628, 9793.86804024115 
1629, 9762.37032454057 
1630, 9720.05628454357 
1631, 9664.60103006899 
1632, 9603.84629283537 
1633, 9529.94218274503 
1634, 9457.02710562064 
1635, 9374.56615169197 
1636, 9298.65874852658 
1637, 9222.3230410422 
1638, 9151.80014314737 
1639, 9079.15522888146 
1640, 9021.76616091041 
1641, 8971.54041363702 
1642, 8933.29583855632 
1643, 8916.34023949151 
1644, 8897.39071378244 
1645, 8886.85466519288 
1646, 8875.47998100442 
1647, 8862.36902725365 
1648, 8853.96313930007 
1649, 8850.10497290592 
1650, 8846.10937709409 
1651, 8845.53601346896 
1652, 8844.84183350864 
1653, 8843.87018260338 
1654, 8843.22581396799 
1655, 8839.56446645399 
1656, 8837.35331202865 
1657, 8825.71398201143 
1658, 8811.04273835708 
1659, 8785.7207823524 
1660, 8752.19852410999 
1661, 8715.29921565345 
1662, 8672.01676188784 
1663, 8621.37185915876 
1664, 8563.01632750829 
1665, 8508.11126153329 
1666, 8440.13003418011 
1667, 8399.14473969523 
1668, 8365.57831336577 
1669, 8349.59164071903 
1670, 8354.20781464516 
1671, 8352.69557867838 
1672, 8365.03663086755 
1673, 8360.49569266244 
1674, 8353.52289817975 
1675, 8336.83038050007 
1676, 8311.24357737327 
1677, 8283.39069528886 
1678, 8246.40642801247 
1679, 8216.18069788975 
1680, 8183.03559515057 
1681, 8157.29469939636 
1682, 8136.04541868447 
1683, 8116.16109706401 
1684, 8100.30055601858 
1685, 8082.100645751 
1686, 8064.14360806995 
1687, 8048.93662716817 
1688, 8034.56561632059 
1689, 8020.62321316907 
1690, 8012.24330465981 
1691, 7993.72183758215 
1692, 7970.78683980925 
1693, 7946.56709510669 
1694, 7918.93734862111 
1695, 7886.47133771873 
1696, 7850.37194515189 
1697, 7815.8868852896 
1698, 7775.52743772662 
1699, 7740.72799436635 
1700, 7709.57901085489 
1701, 7679.13624069931 
1702, 7649.65821783264 
1703, 7618.61012261125 
1704, 7591.06745305326 
1705, 7555.26193084854 
1706, 7513.35579012957 
1707, 7476.5478261461 
1708, 7434.987319885 
1709, 7406.42758060898 
1710, 7384.29346928309 
1711, 7363.79071939756 
1712, 7350.97781430443 
1713, 7333.99418492155 
1714, 7318.89134752346 
1715, 7302.00596136441 
1716, 7282.90387197018 
1717, 7257.58009872968 
1718, 7222.56601964777 
1719, 7186.05879463481 
1720, 7147.03045964957 
1721, 7098.76094090949 
1722, 7052.01015049746 
1723, 7000.26588791804 
1724, 6946.1648629614 
1725, 6905.26398315272 
1726, 6865.03113106499 
1727, 6824.89473078956 
1728, 6786.59006190558 
1729, 6741.84705936844 
1730, 6697.67821761242 
1731, 6652.78699247033 
1732, 6607.47716727215 
1733, 6563.10786124427 
1734, 6521.43951197622 
1735, 6484.5180532676 
1736, 6448.84662389464 
1737, 6425.33238141068 
1738, 6404.52296496554 
1739, 6390.90990825084 
1740, 6376.84720720499 
1741, 6348.20235420776 
1742, 6330.14041883838 
1743, 6309.2355480183 
1744, 6285.23828590902 
1745, 6270.52868378139 
1746, 6246.93050036796 
1747, 6226.67484592482 
1748, 6213.61209099433 
1749, 6197.72797423594 
1750, 6187.11470982981 
1751, 6178.71582447088 
1752, 6162.96163505243 
1753, 6148.81782498975 
1754, 6125.81173867571 
1755, 6087.81715504021 
1756, 6053.6131548179 
1757, 6016.07407898897 
1758, 5979.54083959703 
1759, 5943.81665284607 
1760, 5899.11110285268 
1761, 5851.80188162093 
1762, 5804.28407785869 
1763, 5755.71565060674 
1764, 5705.91915357367 
1765, 5651.29348576571 
1766, 5603.60709529695 
1767, 5556.90017618405 
1768, 5514.0700397457 
1769, 5485.8904742185 
1770, 5442.41433167373 
1771, 5397.88019792258 
1772, 5340.48967820381 
1773, 5270.07410105988 
1774, 5195.69210232213 
1775, 5106.41382157751 
1776, 5027.06263986646 
1777, 4942.62226012314 
1778, 4868.91533192828 
1779, 4801.86489927805 
1780, 4739.5055881351 
1781, 4688.04255163187 
1782, 4631.13050602679 
1783, 4575.82987226789 
1784, 4522.08083596847 
1785, 4469.66384807987 
1786, 4412.22044306981 
1787, 4362.39135410084 
1788, 4293.55437715949 
1789, 4215.78723300007 
1790, 4121.60140351239 
1791, 4012.8788001618 
1792, 3897.53316525996 
1793, 3767.94441552397 
1794, 3637.05808405692 
1795, 3501.70430435215 
1796, 3358.59337157949 
1797, 3199.35932535037 
1798, 3035.23628961976 
1799, 2871.25207200265 
1800, 2701.63593979955 
1801, 15889.8862321011 
1802, 15208.4372270186 
1803, 14621.4319569147 
1804, 14118.1201854395 
1805, 13668.5047658059 
1806, 13317.5726621551 
1807, 12965.5070018615 
1808, 12574.237168702 
1809, 12250.2884492683 
1810, 11818.4004312805 
1811, 11302.7678319752 
1812, 10789.7242284181 
1813, 10245.7406970588 
1814, 9649.11286013103 
1815, 9063.04892716308 
1816, 8533.3743149671 
1817, 8039.87346305334 
1818, 7606.1246224369 
1819, 7218.74174251843 
1820, 6904.39128865136 
1821, 6592.28723485694 
1822, 6343.5869723226 
1823, 6080.13865010635 
1824, 5782.07843723285 
1825, 5427.99930723256 
1826, 5032.92789438528 
1827, 4598.83454901513 
1828, 4139.05777881135 
1829, 3621.56002830046 
1830, 3155.73441477913 
1831, 2664.80805107946 
1832, 2189.83766546885 
1833, 1812.30504437234 
1834, 1492.07147790704 
1835, 1237.69879220869 
1836, 1056.61432281592 
1837, 910.998825633137 
1838, 798.643777043118 
1839, 733.352203028844 
1840, 710.206554041029 
1841, 726.020738809175 
1842, 800.673774683885 
1843, 908.513342737541 
1844, 999.72074045891 
1845, 1093.8941712623 
1846, 1141.89715705837 
1847, 1146.97947725732 
1848, 1128.52814422904 
1849, 1088.38186643356 
1850, 1052.64325974101 
1851, 999.114284563772 
1852, 943.956903355187 
1853, 911.546737677672 
1854, 893.040177407179 
1855, 896.289472983355 
1856, 919.466021540701 
1857, 964.683437846319 
1858, 1063.38187019238 
1859, 1167.48711225834 
1860, 1296.15934169039 
1861, 1435.51674207958 
1862, 1571.63805960183 
1863, 1654.93045270211 
1864, 1701.56560403874 
1865, 1689.66627698152 
1866, 1607.36550686974 
1867, 1490.32287757692 
1868, 1305.80196144441 
1869, 1089.55312300193 
1870, 922.932579739227 
1871, 754.371967457277 
1872, 623.372220082749 
1873, 550.061129387662 
1874, 556.970881929117 
1875, 647.778824930314 
1876, 789.765221522105 
1877, 994.196048979051 
1878, 1254.58186032185 
1879, 1525.98415099427 
1880, 1766.87419838274 
1881, 2006.78758318657 
1882, 2243.69558362371 
1883, 2453.83998985407 
1884, 2601.6074927586 
1885, 2744.45738856284 
1886, 2843.8229715052 
1887, 2871.28623566387 
1888, 2877.21352880638 
1889, 2847.99682249307 
1890, 2778.20833410514 
1891, 2702.10187151162 
1892, 2605.35845066294 
1893, 2499.89124352031 
1894, 2378.0203458966 
1895, 2252.79668014474 
1896, 2116.76687794613 
1897, 1963.08298136342 
1898, 1797.04614934231 
1899, 1625.38257063368 
1900, 1463.14470972569 
1901, 1266.00050636053 
1902, 1139.92214645062 
1903, 1035.1156304069 
1904, 973.534242012276 
1905, 971.273644006989 
1906, 1005.87959521913 
1907, 1062.59558771649 
1908, 1115.49908340465 
1909, 1183.33908980082 
1910, 1264.32559584124 
1911, 1347.32952824007 
1912, 1421.26646781981 
1913, 1544.22053787296 
1914, 1681.55622070997 
1915, 1850.0528664044 
1916, 2058.98476223874 
1917, 2294.51589937798 
1918, 2529.76452123804 
1919, 2755.9564423063 
1920, 2998.82439355139 
1921, 3222.87693755758 
1922, 3407.04774878963 
1923, 3598.01843252406 
1924, 3712.34216797132 
1925, 3766.99399052432 
1926, 3777.62868971977 
1927, 3782.7914757639 
1928, 3769.70889545439 
1929, 3779.25764817485 
1930, 3844.2531753052 
1931, 3936.86022628482 
1932, 4058.36979942127 
1933, 4176.18017823003 
1934, 4345.74767403271 
1935, 4460.10387987818 
1936, 4563.18383810451 
1937, 4628.83123870756 
1938, 4691.31276221079 
1939, 4730.14874841257 
1940, 4764.77618177974 
1941, 4826.02839659387 
1942, 4870.85926341735 
1943, 4923.80510216519 
1944, 4958.78755732207 
1945, 4998.42713305087 
1946, 4996.16717159593 
1947, 4994.09570314601 
1948, 4930.08376173689 
1949, 4819.55374410424 
1950, 4692.28494838751 
1951, 4500.24730010045 
1952, 4268.34462527044 
1953, 4044.4463576513 
1954, 3818.70182721159 
1955, 3660.69043612292 
1956, 3517.96711099824 
1957, 3462.26070147769 
1958, 3469.39187326452 
1959, 3524.2011589571 
1960, 3643.50794059602 
1961, 3806.55302650518 
1962, 4019.91989658713 
1963, 4244.65978041554 
1964, 4493.12253539278 
1965, 4758.88400075466 
1966, 5036.10944382066 
1967, 5319.97814413019 
1968, 5626.12438887288 
1969, 5957.02275626998 
1970, 6301.23712549183 
1971, 6674.31385767758 
1972, 7037.12802340479 
1973, 7430.93680248828 
1974, 7788.47217388004 
1975, 8123.23769049839 
1976, 8434.94986267264 
1977, 8724.07246918315 
1978, 8986.41103397903 
1979, 9223.42169602808 
1980, 9449.05918742793 
1981, 9632.18855952828 
1982, 9778.81964575106 
1983, 9896.89847590423 
1984, 9973.58844077589 
1985, 10036.5652980363 
1986, 10077.2236272992 
1987, 10093.6403582862 
1988, 10102.8579520016 
1989, 10067.5335934701 
1990, 9957.88794014618 
1991, 9833.09741276241 
1992, 9576.58439718806 
1993, 9248.87046510556 
1994, 8801.72718303452 
1995, 8229.72338298183 
1996, 7590.76115483563 
1997, 6825.05532727438 
1998, 6021.12590587515 
1999, 5152.17239854072 
2000, 4325.84257220277 
2001, 3591.69619557863 
2002, 2921.84886077971 
2003, 2431.62142330829 
2004, 2078.60543869046 
2005, 1839.6561990709 
2006, 1791.98560781461 
2007, 1751.97656574691 
2008, 1873.7494817288 
2009, 1922.1336208739 
2010, 1996.30039514761 
2011, 2051.57921368304 
2012, 2075.64688255764 
2013, 2139.40920223406 
2014, 2248.82031588418 
2015, 2358.35268253834 
2016, 2574.54639250676 
2017, 2835.70170097402 
2018, 3190.22102252591 
2019, 3658.87938238777 
2020, 4137.44250292064 
2021, 4719.17471204398 
2022, 5262.79031016319 
2023, 5826.17026303009 
2024, 6388.95174135806 
2025, 6950.91409263247 
2026, 7480.41983397662 
2027, 7959.20278418742 
2028, 8428.47963536052 
2029, 8816.8672811434 
2030, 9146.15783198965 
2031, 9427.24886583517 
2032, 9652.59729861673 
2033, 9836.35060228528 
2034, 9953.97549095632 
2035, 10052.4104037771 
2036, 10101.0676063776 
2037, 10136.6038999942 
2038, 10136.3787785706 
2039, 10132.5783632569 
2040, 10109.2307255292 
2041, 10080.2296924918 
2042, 9999.45191043784 
2043, 9912.8731074329 
2044, 9747.96112387448 
2045, 9532.12233663933 
2046, 9262.44570230867 
2047, 8923.86814139063 
2048, 8562.64241184257 
2049, 8099.07414470023 
2050, 7697.41080063023 
2051, 7267.12959217442 
2052, 6861.85861226876 
2053, 6546.99255202514 
2054, 6342.79108880229 
2055, 6225.13686400788 
2056, 6226.50192134389 
2057, 6253.89451720921 
2058, 6392.11893568311 
2059, 6497.73164982029 
2060, 6683.78475113761 
2061, 6790.37123235558 
2062, 6872.16811552756 
2063, 6945.95401994606 
2064, 6951.5935060515 
2065, 7004.73125238961 
2066, 7046.76674305113 
2067, 7139.02625279805 
2068, 7282.42740409197 
2069, 7457.96764033583 
2070, 7684.08917566 
2071, 7973.90566428675 
2072, 8275.22398460897 
2073, 8631.06767809733 
2074, 8966.6953984199 
2075, 9333.94229507699 
2076, 9681.34982816501 
2077, 10043.0341327782 
2078, 10361.8136578891 
2079, 10688.0533958595 
2080, 10955.0858406155 
2081, 11174.0430111367 
2082, 11349.1648233478 
2083, 11518.8046754273 
2084, 11640.7924954192 
2085, 11787.7282474745 
2086, 11934.6064325358 
2087, 12065.7639788275 
2088, 12183.0854895421 
2089, 12310.8234393904 
2090, 12422.8272657123 
2091, 12554.8130943364 
2092, 12706.2237945413 
2093, 12851.0683074944 
2094, 13011.7444147431 
2095, 13151.1033391108 
2096, 13278.7076045499 
2097, 13409.7863450397 
2098, 13521.3078560171 
2099, 13618.0998350596 
2100, 13702.7931360531 
2101, 13766.1689822196 
2102, 13846.081368808 
2103, 13919.5821122351 
2104, 13994.5882409971 
2105, 14084.2961585899 
2106, 14158.9275115369 
2107, 14207.6731921706 
2108, 14280.8803133475 
2109, 14364.2463702316 
2110, 14445.9571718348 
2111, 14538.7844085416 
2112, 14634.7341002905 
2113, 14714.8691478175 
2114, 14791.4303193462 
2115, 14868.4190854461 
2116, 14940.6836521021 
2117, 15015.2135738916 
2118, 15085.0935109198 
2119, 15167.3541883891 
2120, 15250.5573841826 
2121, 15344.9587997591 
2122, 15454.123336191 
2123, 15558.322002279 
2124, 15671.3549444345 
2125, 15774.7454057594 
2126, 15878.1446489115 
2127, 15976.6596486477 
2128, 16058.5265623176 
2129, 16156.1991119129 
2130, 16253.1383407466 
2131, 16346.8078282072 
2132, 16448.8942803291 
2133, 16570.1337264138 
2134, 16660.1702796696 
2135, 16741.9280121041 
2136, 16816.7422816523 
2137, 16862.255999873 
2138, 16932.5500358736 
2139, 17023.0192522927 
2140, 17091.5155977661 
2141, 17166.7826747914 
2142, 17221.4446295005 
2143, 17248.4530640192 
2144, 17277.8129845459 
2145, 17304.3584757873 
2146, 17316.0634970153 
2147, 17332.2737999785 
2148, 17356.797575218 
2149, 17368.1203026784 
2150, 17367.4054606384 
2151, 17389.1713997201 
2152, 17404.1702241359 
2153, 17444.9942804381 
2154, 17532.4646397144 
2155, 17573.9700291945 
2156, 17613.5009570051 
2157, 17632.6886084184 
2158, 17632.8254811917 
2159, 17611.4025984926 
2160, 17565.0624123484 
2161, 17522.5059010153 
2162, 17431.563081318 
2163, 17384.6140387224 
2164, 17353.9692987727 
2165, 17336.1236841503 
2166, 17362.6018125065 
2167, 17421.2545731151 
2168, 17506.5195741306 
2169, 17636.6569562134 
2170, 17760.2542313378 
2171, 17916.6070329444 
2172, 18044.0084325297 
2173, 18189.0563249218 
2174, 18285.3279587598 
2175, 18359.7011729711 
2176, 18412.7619631094 
2177, 18418.846756915 
2178, 18438.1509638911 
2179, 18444.0586821722 
2180, 18452.9112386718 
2181, 18449.149585226 
2182, 18463.5406337691 
2183, 18491.8925631702 
2184, 18509.4026955707 
2185, 18542.8018407451 
2186, 18582.5347658506 
2187, 18631.8531855932 
2188, 18696.0700825527 
2189, 18736.1526419226 
2190, 18796.3180347977 
2191, 18804.8773180513 
2192, 18794.0865476013 
2193, 18732.5606742163 
2194, 18638.8257099745 
2195, 18509.3190113891 
2196, 18315.0172418888 
2197, 18130.3682886663 
2198, 17876.9001444306 
2199, 17702.3885052645 
2200, 17507.1446131563 
2201, 17409.5921866109 
2202, 17385.5483491504 
2203, 17410.4396800622 
2204, 17512.6794781225 
2205, 17656.441427733 
2206, 17815.6969408483 
2207, 18002.7922780168 
2208, 18159.1945497785 
2209, 18329.2509042266 
2210, 18444.1891330696 
2211, 18545.649671487 
2212, 18597.8924069185 
2213, 18602.6857242353 
2214, 18591.9855444131 
2215, 18535.8314122691 
2216, 18489.598000625 
2217, 18413.3459768089 
2218, 18359.0047290572 
2219, 18318.7801341765 
2220, 18262.6124199674 
2221, 18212.1667290711 
2222, 18146.07365778 
2223, 18045.2379246023 
2224, 17971.3049448792 
2225, 17903.5532939222 
2226, 17838.3573498364 
2227, 17795.6535060274 
2228, 17752.6627786661 
2229, 17658.9822116631 
2230, 17560.7877838696 
2231, 17463.5800673769 
2232, 17334.1249785741 
2233, 17241.3997050975 
2234, 17176.4901697217 
2235, 17090.9520735198 
2236, 17005.4174071228 
2237, 16917.9286501021 
2238, 16829.0735966522 
2239, 16730.9580499771 
2240, 16624.486268553 
2241, 16524.974930357 
2242, 16426.2743841909 
2243, 16315.468612436 
2244, 16202.3601012646 
2245, 16092.7623645174 
2246, 15976.762545668 
2247, 15855.2366920406 
2248, 15740.7607813901 
2249, 15615.6386623557 
2250, 15473.0297760891 
2251, 15334.2084782084 
2252, 15192.8598078327 
2253, 15058.6138543779 
2254, 14919.086894981 
2255, 14753.2127713962 
2256, 14599.0716202745 
2257, 14454.6120256646 
2258, 14304.1169881468 
2259, 14156.5457239941 
2260, 14014.337048113 
2261, 13860.2231728059 
2262, 13732.4327484979 
2263, 13617.5425120254 
2264, 13515.0686926869 
2265, 13434.9906172663 
2266, 13347.398662817 
2267, 13276.1211565471 
2268, 13188.8026864498 
2269, 13093.5161660493 
2270, 12997.1369620721 
2271, 12891.2568317226 
2272, 12790.1634398479 
2273, 12686.7028063154 
2274, 12588.5649593071 
2275, 12501.3011444753 
2276, 12402.5941581322 
2277, 12303.7010803666 
2278, 12199.7208857431 
2279, 12084.896796074 
2280, 11968.8464509607 
2281, 11847.1104689045 
2282, 11723.8439624279 
2283, 11612.5140555673 
2284, 11534.0588081632 
2285, 11445.6170562479 
2286, 11358.0873411433 
2287, 11257.130718918 
2288, 11108.3955653396 
2289, 10969.678450447 
2290, 10828.0581108151 
2291, 10663.4498911755 
2292, 10480.5032204683 
2293, 10296.8821847097 
2294, 10078.1183654535 
2295, 9905.37239539022 
2296, 9740.76341811584 
2297, 9604.65305894526 
2298, 9503.51149037345 
2299, 9399.74586130343 
2300, 9290.49335491822 
2301, 9227.00716509995 
2302, 9193.50586411502 
2303, 9168.19070211015 
2304, 9178.97095627104 
2305, 9190.58532252888 
2306, 9213.21229037288 
2307, 9231.93465863898 
2308, 9296.00382390307 
2309, 9299.87984973324 
2310, 9309.86390922435 
2311, 9233.32523481329 
2312, 9093.8961261112 
2313, 8911.99347111177 
2314, 8649.78421059201 
2315, 8364.85600571939 
2316, 8078.89437772768 
2317, 7822.31156169453 
2318, 7615.63875135071 
2319, 7463.75693076861 
2320, 7397.41422557723 
2321, 7365.93090816722 
2322, 7388.03967541266 
2323, 7455.44349093455 
2324, 7506.37766221004 
2325, 7549.61385872149 
2326, 7561.2499921347 
2327, 7536.87955257072 
2328, 7504.60845739171 
2329, 7452.18469651098 
2330, 7374.414703887 
2331, 7279.91354961087 
2332, 7167.82857132038 
2333, 7016.68905814007 
2334, 6882.73454717621 
2335, 6742.29252163885 
2336, 6603.42492992361 
2337, 6462.90150715877 
2338, 6323.20161418284 
2339, 6171.12392760921 
2340, 6048.02465781484 
2341, 5932.39582728986 
2342, 5837.90891081377 
2343, 5781.581215667 
2344, 5701.57821212862 
2345, 5638.48374351857 
2346, 5537.46831845445 
2347, 5390.41955737876 
2348, 5284.04731593802 
2349, 5163.33703786255 
2350, 5078.82595657591 
2351, 5033.68847673168 
2352, 4989.77979638242 
2353, 4950.15106013966 
2354, 4935.02014798274 
2355, 4950.20499060927 
2356, 4958.32578191822 
2357, 4988.65624363325 
2358, 5007.69829451811 
2359, 5027.95797446034 
2360, 5030.62220047309 
2361, 5045.26076594423 
2362, 5010.9282404179 
2363, 4937.07956416856 
2364, 4863.41814858314 
2365, 4737.9292410559 
2366, 4598.79365534883 
2367, 4457.37320355986 
2368, 4288.04008770233 
2369, 4128.24578177349 
2370, 3985.39257438708 
2371, 3858.42744347351 
2372, 3777.06136887889 
2373, 3732.62215802905 
2374, 3718.64327869199 
2375, 3751.97512902776 
2376, 3779.12515146925 
2377, 3802.39244071434 
2378, 3835.4614542703 
2379, 3844.39485033633 
2380, 3831.75203293181 
2381, 3790.59474713464 
2382, 3736.68332756315 
2383, 3679.65942323109 
2384, 3609.85526498691 
2385, 3548.38473699728 
2386, 3496.06626686311 
2387, 3460.20373995962 
2388, 3432.8671043518 
2389, 3420.60831402052 
2390, 3417.67252518087 
2391, 3371.47102179598 
2392, 3340.03997782332 
2393, 3322.93383543625 
2394, 3288.09433252679 
2395, 3285.42262343741 
2396, 3266.59360407547 
2397, 3234.29312228167 
2398, 3227.33622450962 
2399, 3199.76173216543 
2400, 3178.50817000153 
2401, 3162.11225117604 
2402, 3115.19362556486 
2403, 3062.1139773568 
2404, 2998.26211269794 
2405, 2946.5064385555 
2406, 2895.02240669327 
2407, 2839.08512919257 
2408, 2795.1745999247 
2409, 2739.22594381368 
2410, 2666.41030965086 
2411, 2600.32058339042 
2412, 2531.19031344989 
2413, 2465.26048993191 
2414, 2394.72900992906 
2415, 2337.66986099541 
2416, 2293.19794894695 
2417, 2253.33799102593 
2418, 2211.84288856631 
2419, 2191.8290739589 
2420, 2187.77232570772 
2421, 2180.05284397034 
2422, 2187.96546581501 
2423, 2196.79675181655 
2424, 2201.17099682303 
2425, 2213.65799019116 
2426, 2241.70606941595 
2427, 2244.72114454238 
2428, 2248.81098958959 
2429, 2227.08086069706 
2430, 2189.45482229342 
2431, 2132.62226404258 
2432, 2052.8653917663 
2433, 1981.37337334262 
2434, 1881.62556046037 
2435, 1821.07542040637 
2436, 1768.11971467299 
2437, 1742.65799075344 
2438, 1749.36196344984 
2439, 1750.26740122107 
2440, 1776.23396521732 
2441, 1768.03776988624 
2442, 1758.87649440817 
2443, 1718.67594698157 
2444, 1651.2829951738 
2445, 1576.77028682236 
2446, 1498.08725089687 
2447, 1434.17119382276 
2448, 1359.60490096687 
2449, 1301.98240898128 
2450, 1270.64125825164 
2451, 1254.67701132648 
2452, 1275.75814630213 
2453, 1318.8233036961 
2454, 1357.27495366164 
2455, 1392.89560444423 
2456, 1425.43839768122 
2457, 1453.6512796237 
2458, 1465.80459940372 
2459, 1469.35169429958 
2460, 1476.21950613572 
2461, 1455.55621496664 
2462, 1426.82191232372 
2463, 1397.45836279252 
2464, 1358.35273333902 
2465, 1327.67410599204 
2466, 1296.47422578744 
2467, 1263.17855639419 
2468, 1220.19845279136 
2469, 1179.8865832035 
2470, 1153.49555637652 
2471, 1135.15115486062 
2472, 1121.1673946993 
2473, 1087.97780756482 
2474, 1059.01108676608 
2475, 1035.28238331044 
2476, 999.065678592704 
2477, 978.711722922962 
2478, 956.887300380994 
2479, 935.16163553199 
2480, 918.782559121556 
2481, 887.280049404848 
2482, 843.201021429306 
2483, 772.853081174094 
2484, 692.17382729467 
2485, 629.487158273269 
2486, 581.977650085844 
2487, 562.204448938544 
2488, 553.285149175724 
2489, 534.9348149023 
2490, 530.669354714091 
2491, 519.671305112718 
2492, 525.575521412003 
2493, 562.264643575788 
2494, 576.02331055723 
2495, 582.804743370181 
2496, 583.600799017269 
2497, 572.20426571438 
2498, 566.674225321413 
2499, 572.246920064892 
2500, 557.944821150327 
