Wavelength,0212202100001.asd
350, 3589.09803571538 
351, 3766.87217316124 
352, 3930.47395188383 
353, 4073.91164223174 
354, 4220.31116529797 
355, 4373.26304600211 
356, 4530.17976740427 
357, 4687.59447835021 
358, 4850.35142735379 
359, 5027.66429867436 
360, 5231.44242438703 
361, 5475.75768464664 
362, 5744.23096092505 
363, 6026.66211088899 
364, 6320.90878435301 
365, 6616.62440136103 
366, 6896.1899688887 
367, 7137.55597625861 
368, 7313.5669663173 
369, 7414.1631786656 
370, 7450.95076158127 
371, 7447.75148256862 
372, 7430.42498950145 
373, 7429.52695159544 
374, 7446.84599543893 
375, 7464.93178263647 
376, 7491.37742448809 
377, 7502.17834974723 
378, 7475.82618342755 
379, 7399.81122381057 
380, 7311.9806938097 
381, 7214.23789304874 
382, 7101.45084146195 
383, 6973.25309708134 
384, 6850.35438890612 
385, 6778.24850154051 
386, 6807.74667560243 
387, 6955.94126378282 
388, 7134.70003840085 
389, 7279.70282074839 
390, 7367.3053272564 
391, 7466.06956689841 
392, 7546.03320807602 
393, 7596.51389780459 
394, 7682.24838354987 
395, 7884.10525956428 
396, 8239.32516568785 
397, 8758.06801942108 
398, 9447.65097776206 
399, 10224.2466080144 
400, 11021.5330593459 
401, 11794.1971757614 
402, 12504.0613220785 
403, 13089.046590801 
404, 13528.4481838015 
405, 13875.8695082681 
406, 14152.7128094995 
407, 14407.601249798 
408, 14697.0659571348 
409, 15074.6771844682 
410, 15517.2443577694 
411, 16002.530637564 
412, 16509.9582777239 
413, 17012.7795999428 
414, 17504.4440140573 
415, 17972.8255774652 
416, 18387.6040664099 
417, 18796.1590767881 
418, 19213.3971336121 
419, 19632.4580258873 
420, 20003.9056493549 
421, 20387.7563617755 
422, 20805.4759380579 
423, 21240.546021614 
424, 21634.3955578229 
425, 21943.1005546382 
426, 22119.4791016729 
427, 22097.9201811808 
428, 22033.8309951341 
429, 22103.4177639414 
430, 22419.0744633588 
431, 22835.3404792843 
432, 23412.1868339705 
433, 24255.178938545 
434, 25450.0270488802 
435, 26632.3117458485 
436, 27537.4517799301 
437, 28141.7573065613 
438, 28781.581752677 
439, 29424.9388567277 
440, 30038.7284345694 
441, 30620.4492210068 
442, 31343.0482296389 
443, 32078.3968113782 
444, 32744.3443527924 
445, 33307.0320615239 
446, 33759.9982861022 
447, 34179.4351618646 
448, 34634.8104607435 
449, 35173.0209474502 
450, 35589.326640292 
451, 35793.0377654418 
452, 35777.1931138133 
453, 35679.9580290145 
454, 35486.226393961 
455, 35252.3769646342 
456, 35097.5423546626 
457, 35061.1334908859 
458, 35071.0400230768 
459, 35050.1402298981 
460, 34958.6624019946 
461, 34824.9487155931 
462, 34678.8319947653 
463, 34530.4728361551 
464, 34287.604470263 
465, 33926.2700628152 
466, 33496.254886122 
467, 33114.2906839234 
468, 32788.9727269736 
469, 32550.3502287968 
470, 32413.914370829 
471, 32368.1195028421 
472, 32342.2583137155 
473, 32341.2937612879 
474, 32389.7466163603 
475, 32374.1674473047 
476, 32344.2836703672 
477, 32338.7715567719 
478, 32363.2971949859 
479, 32481.1401294988 
480, 32634.3075799022 
481, 32728.2395982518 
482, 32684.161461648 
483, 32404.0120438662 
484, 31849.7873796681 
485, 31067.5688613243 
486, 30362.3491566226 
487, 29897.6969064896 
488, 29803.357070152 
489, 30210.331508189 
490, 30758.4227629185 
491, 31179.46654505 
492, 31331.329880568 
493, 31392.7991714215 
494, 31498.679156408 
495, 31693.6352199871 
496, 31928.6795993229 
497, 31986.6717284666 
498, 31882.0044787749 
499, 31673.5105104747 
500, 31398.3507288537 
501, 31213.1021552516 
502, 31162.6678429739 
503, 31252.3158704654 
504, 31580.3477921529 
505, 32001.3901795586 
506, 32400.8399058095 
507, 32719.4002640355 
508, 32960.6680628379 
509, 33155.2333997461 
510, 33345.3172516903 
511, 33596.8746863687 
512, 33753.3212717521 
513, 33763.9486320267 
514, 33637.6228156782 
515, 33335.3298210515 
516, 32939.193914091 
517, 32577.0641995051 
518, 32409.1999646699 
519, 32762.8996023819 
520, 33622.4603068473 
521, 34754.7935201838 
522, 35657.4993037668 
523, 36326.3215019436 
524, 36799.0062967315 
525, 37136.3184747614 
526, 37261.5380976139 
527, 37319.2877553552 
528, 37554.8664704463 
529, 38384.5534367105 
530, 39396.3368802645 
531, 40188.3443871016 
532, 40473.6586943115 
533, 40572.826376082 
534, 40783.2540070549 
535, 41236.7796904351 
536, 41871.9793859219 
537, 42296.0355840906 
538, 42469.536762648 
539, 42478.9975363437 
540, 42461.5158804512 
541, 42512.2750787736 
542, 42762.9295374288 
543, 43310.3757943931 
544, 43892.0002223898 
545, 44380.257108583 
546, 44712.7396093561 
547, 44892.4279206701 
548, 45018.679566987 
549, 45182.3392889963 
550, 45429.9029075117 
551, 45668.0037464652 
552, 45846.199244192 
553, 45980.0692177316 
554, 46132.9891642104 
555, 46245.7272606179 
556, 46188.3661749379 
557, 45898.8588982073 
558, 45453.8633208969 
559, 45097.7273389795 
560, 44966.1404114397 
561, 45093.2305391 
562, 45321.2259896912 
563, 45433.8811201167 
564, 45341.4201973769 
565, 45109.3319643962 
566, 44785.6848183001 
567, 44471.6675683349 
568, 44224.5145330319 
569, 43947.2587717407 
570, 43571.60188761 
571, 43222.7566061682 
572, 43126.1379480397 
573, 43217.1599653359 
574, 43219.8660731659 
575, 42980.1395682773 
576, 42580.7475855019 
577, 42247.5057128915 
578, 42089.0735370438 
579, 42145.4318314966 
580, 42389.9626989288 
581, 42810.5970295462 
582, 43307.2341716276 
583, 43702.7409378603 
584, 43938.8350338124 
585, 43903.8469589585 
586, 43594.7855745916 
587, 43267.176113819 
588, 42860.5984229597 
589, 42273.6389327125 
590, 41511.2960361978 
591, 41397.0042541112 
592, 41709.9219397848 
593, 42056.0678001308 
594, 41964.4515796534 
595, 41709.5883350367 
596, 41400.3131574373 
597, 41082.115228313 
598, 40711.3558033878 
599, 40260.0881525692 
600, 39778.3560266611 
601, 39367.7104460872 
602, 39043.4041799407 
603, 38891.0645333218 
604, 38908.8279709702 
605, 38944.9941998087 
606, 38832.7929158594 
607, 38591.3846566912 
608, 38313.6700841337 
609, 38032.4226476294 
610, 37769.1734711836 
611, 37541.4511051587 
612, 37359.0238214921 
613, 37147.8197975723 
614, 36893.1416735783 
615, 36620.9587177829 
616, 36414.5487888178 
617, 36280.6679053963 
618, 36294.6562730812 
619, 36508.0339367 
620, 36669.9831730027 
621, 36661.5337261771 
622, 36455.7164337912 
623, 36122.3032598074 
624, 35768.88942411 
625, 35445.6387702559 
626, 35172.0935310189 
627, 34949.682495364 
628, 34693.6902399377 
629, 34434.0469208865 
630, 34279.2549533107 
631, 34315.000981899 
632, 34452.9648212773 
633, 34614.0133996435 
634, 34779.5428992749 
635, 34897.9743930886 
636, 34975.9278480235 
637, 35033.9691880816 
638, 35062.745447295 
639, 35003.3025796422 
640, 34824.3055723166 
641, 34536.1237614978 
642, 34341.759452429 
643, 34246.203236476 
644, 34186.2023629847 
645, 34042.9011338788 
646, 33822.9364587562 
647, 33559.2328624888 
648, 33301.0934525921 
649, 33078.6280498128 
650, 32896.2712513434 
651, 32805.045940567 
652, 32886.8905695495 
653, 32803.0493179151 
654, 32405.9644959988 
655, 31685.3616963215 
656, 30768.718897534 
657, 30168.7839840627 
658, 30299.6215932279 
659, 31283.7877393789 
660, 32011.7353247925 
661, 32366.2916422091 
662, 32442.9120112621 
663, 32473.298403252 
664, 32421.8836771769 
665, 32366.5308486859 
666, 32365.0704076441 
667, 32363.901701752 
668, 32345.7529493232 
669, 32318.2124884591 
670, 32295.6866533236 
671, 32218.0226488758 
672, 32129.7438229324 
673, 32084.1093715242 
674, 32129.6619482912 
675, 32168.2029861236 
676, 32189.2209368217 
677, 32205.8827319695 
678, 32225.286184471 
679, 32230.8264208791 
680, 32222.1414252025 
681, 32207.5957550201 
682, 32189.3087061969 
683, 32116.8627808755 
684, 31845.3307378227 
685, 31113.0886042389 
686, 29777.4248653821 
687, 27908.1904470063 
688, 25991.9353229818 
689, 25527.544478788 
690, 26297.2756170835 
691, 27693.120273079 
692, 28909.9134272826 
693, 29957.1851826628 
694, 30695.9139568729 
695, 31121.0526132233 
696, 31417.1595777396 
697, 31669.1314945457 
698, 31823.0596714587 
699, 31821.2497396585 
700, 31749.9287594492 
701, 31680.9880505371 
702, 31685.6858351515 
703, 31822.6835148836 
704, 32094.7092493052 
705, 32393.4440072007 
706, 32628.7547614803 
707, 32757.9243343642 
708, 32870.2170607463 
709, 32973.9729381337 
710, 33062.0836393362 
711, 33158.3872408159 
712, 33219.2102505656 
713, 33237.0369098123 
714, 33213.2808745911 
715, 33075.4500103209 
716, 32682.5079077328 
717, 31969.5864854982 
718, 30980.2415158934 
719, 30184.4655095538 
720, 29954.8423274286 
721, 30413.7251849744 
722, 31223.9735528875 
723, 31702.6072907339 
724, 31705.9657074002 
725, 31467.7564304888 
726, 31472.5289022883 
727, 31588.5437172146 
728, 31694.12241472 
729, 31752.720798784 
730, 31959.623249158 
731, 32334.712882142 
732, 32828.7605070672 
733, 33349.1689758068 
734, 33782.8711464931 
735, 34038.3889342154 
736, 34081.0051732944 
737, 34038.9404268657 
738, 33979.9021725235 
739, 33914.4922134701 
740, 33814.3950031333 
741, 33781.064898327 
742, 33826.3923688434 
743, 33933.7333388138 
744, 34071.340748047 
745, 34152.6368959499 
746, 34179.93199518 
747, 34176.7464203678 
748, 34125.972718313 
749, 34001.8507665727 
750, 33836.8879679592 
751, 33700.2461404288 
752, 33635.0178887347 
753, 33619.3889969245 
754, 33613.7730438216 
755, 33566.6328888155 
756, 33404.0652380675 
757, 32703.7992893344 
758, 30748.5926177613 
759, 26237.9213289691 
760, 19794.6805454902 
761, 13801.3286781604 
762, 10908.2174450619 
763, 11260.0994528482 
764, 13213.5732364815 
765, 16053.72285527 
766, 19852.0255437716 
767, 23856.4360245019 
768, 27218.7277345152 
769, 29467.7211567763 
770, 30680.2933876506 
771, 31252.086759588 
772, 31458.935212929 
773, 31497.6442685654 
774, 31463.4531385496 
775, 31372.9749309512 
776, 31262.7257015515 
777, 31159.3312198322 
778, 31017.9149878483 
779, 30852.8034327526 
780, 30691.7204218235 
781, 30563.455063276 
782, 30419.5090572453 
783, 30246.4538568035 
784, 30052.9413156833 
785, 29871.3298320134 
786, 29688.5428735633 
787, 29477.0094565451 
788, 29215.5028015883 
789, 28908.9235860527 
790, 28583.9724912753 
791, 28246.9694424574 
792, 27900.8432262888 
793, 27570.6153480293 
794, 27309.8707556866 
795, 27145.988126991 
796, 27072.3734490429 
797, 27014.1258991534 
798, 26901.7066720877 
799, 26706.7933614198 
800, 26453.0985306723 
801, 26182.9558334712 
802, 25933.720741808 
803, 25718.7553223893 
804, 25505.8230439649 
805, 25320.5836654848 
806, 25147.3914468751 
807, 24954.3721573416 
808, 24708.8186868402 
809, 24420.573126099 
810, 24109.8353547366 
811, 23788.6459757247 
812, 23399.1581061579 
813, 22884.7380587719 
814, 22240.1026995583 
815, 21518.7185253332 
816, 20849.5286531775 
817, 20322.9259330988 
818, 19995.1729341546 
819, 19884.2635495694 
820, 19833.4771786022 
821, 19746.8310192935 
822, 19591.6276376101 
823, 19423.0116735226 
824, 19321.0735132418 
825, 19339.2051081913 
826, 19443.8571716273 
827, 19375.5155014254 
828, 19157.0969041696 
829, 18881.1794892636 
830, 18662.7824307547 
831, 18510.5449895943 
832, 18390.4589188296 
833, 18287.9538174646 
834, 18209.1184459616 
835, 18165.8697705865 
836, 18136.7636846772 
837, 18089.9175214046 
838, 17990.3729370859 
839, 17845.6621305308 
840, 17676.6580537204 
841, 17497.6469892024 
842, 17305.9633756697 
843, 17109.3470711762 
844, 16915.4420172495 
845, 16727.4030450601 
846, 16543.3367480342 
847, 16313.7967717098 
848, 16038.223028585 
849, 15735.8895265926 
850, 15426.5725976963 
851, 15072.3452414644 
852, 14712.427816166 
853, 14414.1248075202 
854, 14186.6960049612 
855, 14005.2344530131 
856, 13925.4220649706 
857, 14018.8287192099 
858, 14143.9136211021 
859, 14159.5620310657 
860, 14044.8359658257 
861, 13882.5680312823 
862, 13686.4213291206 
863, 13440.5011879311 
864, 13150.6880039681 
865, 12852.7119504983 
866, 12571.4476941797 
867, 12335.0743524808 
868, 12181.859260053 
869, 12158.637670083 
870, 12178.428390426 
871, 12153.9299914201 
872, 12046.2523705481 
873, 11898.1825243731 
874, 11741.2295420499 
875, 11584.0249213433 
876, 11427.7532227093 
877, 11275.5132762748 
878, 11127.9312623304 
879, 10982.6001788809 
880, 10836.4670177809 
881, 10687.3920543462 
882, 10540.0528926526 
883, 10401.1798703124 
884, 10273.1129349433 
885, 10144.3197214522 
886, 10004.0070676812 
887, 9857.19931226942 
888, 9713.93809720206 
889, 9573.92262082426 
890, 9436.06167484127 
891, 9284.66145261918 
892, 9100.29323540268 
893, 8879.02628227065 
894, 8626.24287606118 
895, 8349.14558977872 
896, 8057.42028650078 
897, 7763.85462322189 
898, 7488.6642505454 
899, 7258.32982811906 
900, 7095.99937978803 
901, 6998.13021591323 
902, 6946.41380553039 
903, 6918.4739838937 
904, 6891.21210386389 
905, 6848.47625341714 
906, 6771.8452278822 
907, 6650.36557957563 
908, 6486.46984651529 
909, 6313.52262343024 
910, 6168.20423469083 
911, 6062.06173794422 
912, 5984.42495664616 
913, 5919.86895848177 
914, 5857.51476836897 
915, 5793.73706183425 
916, 5732.34596005966 
917, 5686.63624125506 
918, 5650.53232802417 
919, 5616.30150816633 
920, 5577.44132565765 
921, 5534.40643356761 
922, 5481.05790952749 
923, 5406.79169958795 
924, 5301.39463326737 
925, 5170.68563645068 
926, 5016.82820729953 
927, 4832.52723258296 
928, 4607.29502121204 
929, 4347.47429395272 
930, 4054.54105224677 
931, 3744.39484409685 
932, 3443.35765466426 
933, 3176.13038636159 
934, 2963.66883394812 
935, 2817.56667586756 
936, 2738.78147754362 
937, 2716.58005419778 
938, 2729.05739405035 
939, 2754.88757020657 
940, 2777.92908063384 
941, 2796.5475198958 
942, 2799.76554894116 
943, 2774.31792563968 
944, 2716.13752688067 
945, 2648.28728964509 
946, 2592.21432483244 
947, 2556.2349826778 
948, 2538.5872063841 
949, 2530.91786597706 
950, 2522.6041382493 
951, 2511.35326254295 
952, 2497.91258297624 
953, 2481.46405863497 
954, 2465.27398841218 
955, 2449.86847594275 
956, 2435.91369586162 
957, 2425.80507392899 
958, 2417.72575673236 
959, 2411.32784257585 
960, 2407.08331214322 
961, 2405.93912578549 
962, 2404.42047385385 
963, 2404.49407672907 
964, 2407.03931970776 
965, 2409.7142725904 
966, 2404.00714994084 
967, 2394.28244719222 
968, 2382.35380329274 
969, 2366.15954433696 
970, 2346.99589718099 
971, 2322.12814179834 
972, 2289.20347530435 
973, 2247.862337824 
974, 2202.91789833941 
975, 2156.50532302176 
976, 2110.69125053758 
977, 2067.95043242758 
978, 2032.44918092647 
979, 2002.41474361155 
980, 1975.68208103628 
981, 1949.91783936741 
982, 1923.08589121121 
983, 1895.98445441946 
984, 1867.94082385042 
985, 1838.09796270675 
986, 1805.94166579006 
987, 1770.92820882852 
988, 1734.74841814519 
989, 1698.384139226 
990, 1661.64791150646 
991, 1625.56729210933 
992, 1589.59171671282 
993, 1552.92444666224 
994, 1515.42366869952 
995, 1479.90437375983 
996, 1444.22309374011 
997, 1407.29874774911 
998, 1369.43203998917 
999, 1332.62706678349 
1000, 1297.95281397938 
1001, 8012.69191616171 
1002, 7987.39071878734 
1003, 7957.19254654723 
1004, 7938.08935343263 
1005, 7924.31172925326 
1006, 7920.24540133051 
1007, 7927.09394810211 
1008, 7939.11259830138 
1009, 7956.54761067443 
1010, 7979.89294717111 
1011, 8006.17019920984 
1012, 8038.75927039615 
1013, 8075.32217687797 
1014, 8111.09877357966 
1015, 8147.48334870442 
1016, 8182.6082406168 
1017, 8219.65593138241 
1018, 8250.31573590888 
1019, 8283.1495857293 
1020, 8323.29749051835 
1021, 8359.17228283723 
1022, 8400.19219413652 
1023, 8446.411457822 
1024, 8495.23398521731 
1025, 8545.87389450242 
1026, 8600.63497981399 
1027, 8651.84031510387 
1028, 8701.78599098615 
1029, 8744.83675331451 
1030, 8785.02560790599 
1031, 8826.6143017168 
1032, 8862.85870672407 
1033, 8897.80586963419 
1034, 8934.96166544338 
1035, 8972.82005439748 
1036, 9010.54102494903 
1037, 9052.65565349385 
1038, 9091.86155800533 
1039, 9122.93499615612 
1040, 9151.02974762999 
1041, 9173.78388640593 
1042, 9197.19464192245 
1043, 9219.51277444929 
1044, 9241.66505308845 
1045, 9265.72299257367 
1046, 9285.58045437143 
1047, 9308.5859602745 
1048, 9333.10837916226 
1049, 9358.07113076879 
1050, 9385.5103856827 
1051, 9419.72804668118 
1052, 9456.55641665921 
1053, 9494.23443880921 
1054, 9528.3110151587 
1055, 9566.28781696626 
1056, 9606.46223729591 
1057, 9642.0781481809 
1058, 9685.44404565001 
1059, 9737.39608745495 
1060, 9795.36246728014 
1061, 9858.81976146665 
1062, 9931.81923658199 
1063, 10014.7440750653 
1064, 10098.7581048447 
1065, 10190.4930003567 
1066, 10288.1542731968 
1067, 10395.1968637408 
1068, 10511.6303367253 
1069, 10636.644560136 
1070, 10775.0486160781 
1071, 10923.2576158677 
1072, 11067.3253620864 
1073, 11211.7829013138 
1074, 11367.6277894203 
1075, 11504.2997115102 
1076, 11632.4398050495 
1077, 11758.1861821728 
1078, 11870.1433887878 
1079, 11969.0703570242 
1080, 12055.0415226463 
1081, 12130.7887153616 
1082, 12205.0810220159 
1083, 12278.3443190069 
1084, 12349.3780407412 
1085, 12418.5662886503 
1086, 12481.2172697752 
1087, 12540.8908807286 
1088, 12586.5621101719 
1089, 12630.7932284255 
1090, 12656.3011775143 
1091, 12666.4649717211 
1092, 12662.8261229629 
1093, 12650.7156349025 
1094, 12631.6902329393 
1095, 12605.7442836329 
1096, 12578.0152816311 
1097, 12547.3673022116 
1098, 12515.2596043181 
1099, 12485.7752799187 
1100, 12461.8141929933 
1101, 12426.4540879142 
1102, 12391.060658155 
1103, 12346.8139084382 
1104, 12300.4972880979 
1105, 12238.836759768 
1106, 12174.4595025234 
1107, 12077.9974570887 
1108, 11931.8709267001 
1109, 11745.4308892811 
1110, 11482.2416203629 
1111, 11160.8432020241 
1112, 10789.0469270504 
1113, 10337.9643609602 
1114, 9886.3734710996 
1115, 9358.78695346917 
1116, 8885.7073900941 
1117, 8372.45336687093 
1118, 7940.71454999819 
1119, 7546.97622077812 
1120, 7188.38222071665 
1121, 6893.4238273406 
1122, 6651.41154976807 
1123, 6479.80215412532 
1124, 6366.85053859746 
1125, 6313.71634661264 
1126, 6350.25734229917 
1127, 6383.72826558554 
1128, 6471.4744660759 
1129, 6559.13266025279 
1130, 6677.06595886237 
1131, 6790.51487939192 
1132, 6904.2407693637 
1133, 7045.98431721935 
1134, 7194.45380063238 
1135, 7359.39275595527 
1136, 7597.23313776753 
1137, 7841.16490065064 
1138, 8076.10774582378 
1139, 8295.20676705857 
1140, 8437.86679866896 
1141, 8535.7114331705 
1142, 8577.17255108844 
1143, 8533.76663245105 
1144, 8509.11725247144 
1145, 8378.58301736256 
1146, 8367.59719460574 
1147, 8363.60299959068 
1148, 8446.15455019654 
1149, 8612.55113295889 
1150, 8821.57451080142 
1151, 9098.78194891984 
1152, 9402.59272876625 
1153, 9712.39572531442 
1154, 10069.2936905748 
1155, 10402.6038697683 
1156, 10748.6909444486 
1157, 11070.7941687119 
1158, 11396.9950721245 
1159, 11694.5570543396 
1160, 11980.7122268747 
1161, 12235.85901665 
1162, 12473.6393688883 
1163, 12681.6987963608 
1164, 12862.6610072723 
1165, 13010.7430823056 
1166, 13140.445193257 
1167, 13242.8263169119 
1168, 13320.8233822778 
1169, 13373.413833772 
1170, 13402.1515607539 
1171, 13401.8770332957 
1172, 13386.8235660336 
1173, 13340.7812989623 
1174, 13294.2060286145 
1175, 13229.872280308 
1176, 13162.5194351135 
1177, 13086.6555918717 
1178, 13005.688998171 
1179, 12906.0442569676 
1180, 12818.5038374207 
1181, 12729.0586166551 
1182, 12641.1804552731 
1183, 12572.9519590319 
1184, 12514.2789845254 
1185, 12470.5548141887 
1186, 12441.1330614909 
1187, 12422.0920522775 
1188, 12419.1243498851 
1189, 12418.692505245 
1190, 12443.5273075712 
1191, 12444.2166925978 
1192, 12455.52491723 
1193, 12436.6552733097 
1194, 12398.3261273614 
1195, 12344.5531655456 
1196, 12269.5551543786 
1197, 12179.9009702891 
1198, 12084.0561178242 
1199, 11963.580027221 
1200, 11869.2884299495 
1201, 11766.7213077119 
1202, 11690.7925546011 
1203, 11630.0063858465 
1204, 11583.0858573121 
1205, 11552.3328068789 
1206, 11530.5178557313 
1207, 11529.7379715046 
1208, 11526.4942912644 
1209, 11531.7740528618 
1210, 11538.0880825984 
1211, 11549.2307455671 
1212, 11559.8760749776 
1213, 11571.9884661385 
1214, 11591.3022042857 
1215, 11596.1329089518 
1216, 11600.09050574 
1217, 11591.3791427554 
1218, 11569.8915043427 
1219, 11548.8609535314 
1220, 11517.2626058768 
1221, 11491.9747140619 
1222, 11462.813824109 
1223, 11440.3338221889 
1224, 11425.2662637749 
1225, 11405.6041400556 
1226, 11383.953732162 
1227, 11367.1894294695 
1228, 11349.5531818427 
1229, 11334.5899055521 
1230, 11322.8148741178 
1231, 11322.4005312806 
1232, 11304.543618293 
1233, 11284.0233945516 
1234, 11254.9294058479 
1235, 11214.6716861633 
1236, 11174.3869729905 
1237, 11127.845861026 
1238, 11082.4973429466 
1239, 11035.489470561 
1240, 10985.3762463422 
1241, 10933.9250803515 
1242, 10880.4821177998 
1243, 10820.5687307861 
1244, 10763.8846245939 
1245, 10708.1904148797 
1246, 10653.7169031392 
1247, 10594.0783825839 
1248, 10535.7969779778 
1249, 10469.4817511771 
1250, 10400.4363572412 
1251, 10320.1181942699 
1252, 10239.0618291251 
1253, 10137.8750971354 
1254, 10024.466291428 
1255, 9897.80861996945 
1256, 9757.0566583832 
1257, 9603.29582505926 
1258, 9434.23718118438 
1259, 9257.27067497648 
1260, 9054.69477909013 
1261, 8863.69147269069 
1262, 8662.83914915859 
1263, 8466.83929219177 
1264, 8306.41482174666 
1265, 8148.0710733383 
1266, 8051.78165151238 
1267, 7983.02158932733 
1268, 7974.61494816489 
1269, 8015.19680832361 
1270, 8098.00130507975 
1271, 8252.96373254132 
1272, 8399.16171678736 
1273, 8598.5625685154 
1274, 8767.43856161855 
1275, 8949.32209141363 
1276, 9102.08212665941 
1277, 9242.81595085752 
1278, 9366.4267602183 
1279, 9469.17056035656 
1280, 9555.54834706461 
1281, 9640.10658576074 
1282, 9714.36034885091 
1283, 9792.28421655921 
1284, 9866.91229348887 
1285, 9942.015794409 
1286, 10019.5187693946 
1287, 10088.1404098352 
1288, 10159.2071508143 
1289, 10211.6288056426 
1290, 10252.6306960183 
1291, 10286.0110385979 
1292, 10305.6280000342 
1293, 10321.9644501916 
1294, 10332.5699090767 
1295, 10336.2592570989 
1296, 10331.0912612205 
1297, 10322.1022917118 
1298, 10307.4954230975 
1299, 10286.6181998425 
1300, 10264.9244997647 
1301, 10238.4207767131 
1302, 10207.71404743 
1303, 10174.0656038069 
1304, 10135.2457027796 
1305, 10088.8600848753 
1306, 10044.7483759237 
1307, 9997.51880437659 
1308, 9950.3835074465 
1309, 9903.14351512599 
1310, 9854.64872697256 
1311, 9800.59239954343 
1312, 9753.72667419625 
1313, 9710.44561388221 
1314, 9666.37335075831 
1315, 9621.86381422832 
1316, 9584.73286989859 
1317, 9549.01800764655 
1318, 9518.24276964177 
1319, 9495.62741552454 
1320, 9474.93958971814 
1321, 9452.01182006533 
1322, 9415.84398017164 
1323, 9356.73640372409 
1324, 9287.75474838726 
1325, 9191.44317346985 
1326, 9065.93977712965 
1327, 8933.36323802399 
1328, 8769.34152939642 
1329, 8623.00970287468 
1330, 8450.20057997237 
1331, 8323.30057811968 
1332, 8211.24062289512 
1333, 8127.53536942769 
1334, 8088.1971717901 
1335, 8044.60807586138 
1336, 8024.10551231478 
1337, 8005.17581410899 
1338, 7973.22140109366 
1339, 7907.61901224084 
1340, 7800.16275301213 
1341, 7639.25943053933 
1342, 7407.37278663414 
1343, 7117.52859631302 
1344, 6764.69862064748 
1345, 6332.17767770887 
1346, 5873.01429781759 
1347, 5337.06615179998 
1348, 4818.82417462903 
1349, 4246.43949331693 
1350, 3724.23096389035 
1351, 3188.84785276865 
1352, 2713.11938818495 
1353, 2255.73459335099 
1354, 1858.6596892079 
1355, 1508.15181599233 
1356, 1206.63639843614 
1357, 954.269267840693 
1358, 755.302265418912 
1359, 592.435394853947 
1360, 468.196706733094 
1361, 378.19728119284 
1362, 310.169990289398 
1363, 259.679878015652 
1364, 225.563520213602 
1365, 200.924808042302 
1366, 187.038322843423 
1367, 187.353730324673 
1368, 204.973067400361 
1369, 226.457382203993 
1370, 261.156999733804 
1371, 298.275887743581 
1372, 348.197987564798 
1373, 391.814924310656 
1374, 444.836252397231 
1375, 482.769275170036 
1376, 522.62774979732 
1377, 538.76336459244 
1378, 539.38814871157 
1379, 526.371798265892 
1380, 500.675518395203 
1381, 474.702904744366 
1382, 458.433883885091 
1383, 456.513525153318 
1384, 468.567205459451 
1385, 498.290465833089 
1386, 540.266671521344 
1387, 593.940311239884 
1388, 645.334403642473 
1389, 708.931374880214 
1390, 756.080761410231 
1391, 807.217044498012 
1392, 835.849818841765 
1393, 845.279522482428 
1394, 856.766283757645 
1395, 848.826525708546 
1396, 854.139860223008 
1397, 860.048554679694 
1398, 875.592968277881 
1399, 899.61601245769 
1400, 925.211218422678 
1401, 958.727629634761 
1402, 989.768155391964 
1403, 1021.74393466745 
1404, 1052.06500738685 
1405, 1084.14579002052 
1406, 1127.89414155641 
1407, 1176.77605176944 
1408, 1230.09040563628 
1409, 1290.08775279243 
1410, 1356.03485264596 
1411, 1419.6739198396 
1412, 1488.45419416446 
1413, 1551.58232798045 
1414, 1616.32310434765 
1415, 1668.69112902843 
1416, 1716.04513761649 
1417, 1756.22739829079 
1418, 1788.02167737514 
1419, 1814.15922365804 
1420, 1833.44884294798 
1421, 1850.72534054536 
1422, 1862.56738523743 
1423, 1868.67418153551 
1424, 1880.99155717685 
1425, 1870.01081282105 
1426, 1843.46110200932 
1427, 1808.40005160974 
1428, 1756.71983991358 
1429, 1698.2098638044 
1430, 1635.03792622163 
1431, 1564.72051186996 
1432, 1486.63102609272 
1433, 1406.42663003172 
1434, 1327.15924279589 
1435, 1254.46545058205 
1436, 1200.20907689418 
1437, 1155.72059854459 
1438, 1112.74599294899 
1439, 1082.6930196683 
1440, 1048.92929343479 
1441, 1015.08623274246 
1442, 983.285399832224 
1443, 956.099942587487 
1444, 926.895446255315 
1445, 896.741374337481 
1446, 866.114781604637 
1447, 834.208619629026 
1448, 805.836064201477 
1449, 777.465976513633 
1450, 753.235505408693 
1451, 732.814983577211 
1452, 713.302738790226 
1453, 701.404498843626 
1454, 681.163968170634 
1455, 656.854772768351 
1456, 634.812328740553 
1457, 607.999569401827 
1458, 575.922013671023 
1459, 547.709365770341 
1460, 518.771156539113 
1461, 488.616863712715 
1462, 457.390366727631 
1463, 421.630864581893 
1464, 384.247554239126 
1465, 354.87778292374 
1466, 325.77152249853 
1467, 302.006705881956 
1468, 288.352427454271 
1469, 270.71995355837 
1470, 251.647823020093 
1471, 234.546492243436 
1472, 217.721600559767 
1473, 204.902834023824 
1474, 193.790979719423 
1475, 186.915887064462 
1476, 185.351222402111 
1477, 182.454063965547 
1478, 182.469659836459 
1479, 180.843825450353 
1480, 180.834772354454 
1481, 177.545842571737 
1482, 169.21184091585 
1483, 165.17499924645 
1484, 159.667536551208 
1485, 158.342051069143 
1486, 160.817131538884 
1487, 168.116038822837 
1488, 171.877615381592 
1489, 171.961153660453 
1490, 173.569283188941 
1491, 170.628366571129 
1492, 169.054466548217 
1493, 173.892699888345 
1494, 176.379686296363 
1495, 181.366201237023 
1496, 184.825299476984 
1497, 185.436871188892 
1498, 189.649664230326 
1499, 195.630942803993 
1500, 198.049738163526 
1501, 201.943811778642 
1502, 202.138433412154 
1503, 195.886217779298 
1504, 195.385983597969 
1505, 197.423917149616 
1506, 198.624216682391 
1507, 200.157457309923 
1508, 203.611219459588 
1509, 207.516306971059 
1510, 211.646961031672 
1511, 218.380995694951 
1512, 223.861635522178 
1513, 229.21479629929 
1514, 232.914955193182 
1515, 235.752393774015 
1516, 238.315072803168 
1517, 239.880516453494 
1518, 240.536745396638 
1519, 240.08211593095 
1520, 241.906294317252 
1521, 245.576823051291 
1522, 244.80300047239 
1523, 247.529792627486 
1524, 246.288810554925 
1525, 243.839118729371 
1526, 245.321591572996 
1527, 246.584316230007 
1528, 250.968835326056 
1529, 253.523765190826 
1530, 257.006354314201 
1531, 263.407644980361 
1532, 268.918979171728 
1533, 275.223184141253 
1534, 278.007989005311 
1535, 282.210624068362 
1536, 285.308525263474 
1537, 290.229617716536 
1538, 297.098516772013 
1539, 301.471389448144 
1540, 303.884605235996 
1541, 307.973673966203 
1542, 311.999889254135 
1543, 316.110103185896 
1544, 322.570085127412 
1545, 327.032635112515 
1546, 329.20080281777 
1547, 332.130622829912 
1548, 335.792196206027 
1549, 338.523402855873 
1550, 337.17955361814 
1551, 342.407132451098 
1552, 351.127552203862 
1553, 358.425943844404 
1554, 372.223916289273 
1555, 381.113038073865 
1556, 386.278558913334 
1557, 391.499532140352 
1558, 393.932503410941 
1559, 397.103851977513 
1560, 398.109993527654 
1561, 402.192427620505 
1562, 410.752207760953 
1563, 415.770302136488 
1564, 419.838138909083 
1565, 425.425770155675 
1566, 428.388660794166 
1567, 433.130243699398 
1568, 442.091492958605 
1569, 449.490850154988 
1570, 450.630837147352 
1571, 449.705548851816 
1572, 449.840561696605 
1573, 450.619784453126 
1574, 452.106793898841 
1575, 461.332955702227 
1576, 469.034978857119 
1577, 472.753895866682 
1578, 487.896909206317 
1579, 502.09341173368 
1580, 518.065093503713 
1581, 540.028233480145 
1582, 554.507824109763 
1583, 565.83084222618 
1584, 579.006532440058 
1585, 591.408524978627 
1586, 600.497530758598 
1587, 608.638180983008 
1588, 616.66550695634 
1589, 621.256669344642 
1590, 626.445689351747 
1591, 632.977456068383 
1592, 638.426355367903 
1593, 641.847546833395 
1594, 645.749517834357 
1595, 650.258832607766 
1596, 654.92746957347 
1597, 659.624968232599 
1598, 661.348110281485 
1599, 662.646469501087 
1600, 664.129921758634 
1601, 661.434727177496 
1602, 662.733669144743 
1603, 668.340452381314 
1604, 670.382915650757 
1605, 670.44046110925 
1606, 673.635619320681 
1607, 676.203314917591 
1608, 680.568892400803 
1609, 688.078093704394 
1610, 694.580240944922 
1611, 701.300901408766 
1612, 707.965652899933 
1613, 714.89440011643 
1614, 722.740499879364 
1615, 730.191678308895 
1616, 738.894806119717 
1617, 750.109170225387 
1618, 758.871689944626 
1619, 767.57640420454 
1620, 775.047619912696 
1621, 781.020097256486 
1622, 786.776567632195 
1623, 795.29103674528 
1624, 796.933775774467 
1625, 789.801935561937 
1626, 789.77711297929 
1627, 788.69324112371 
1628, 788.906669012184 
1629, 796.317481610004 
1630, 800.326037697724 
1631, 802.541243203833 
1632, 803.03536167019 
1633, 804.066546009057 
1634, 802.161324955709 
1635, 790.641591769971 
1636, 788.2097862565 
1637, 790.536355251649 
1638, 792.08813522846 
1639, 803.718081063759 
1640, 806.971246538113 
1641, 799.109472371101 
1642, 798.712198725922 
1643, 799.555794516018 
1644, 800.16301554037 
1645, 804.521885890853 
1646, 810.020518581432 
1647, 816.685932485163 
1648, 820.347724207414 
1649, 825.349018615796 
1650, 829.231810369759 
1651, 826.53734000069 
1652, 827.088330858776 
1653, 832.670280018184 
1654, 841.046523158946 
1655, 852.641616242263 
1656, 871.109755734119 
1657, 880.749167253105 
1658, 891.75271059446 
1659, 892.719747198479 
1660, 884.381352834251 
1661, 883.496573479866 
1662, 878.715764330571 
1663, 881.56496623569 
1664, 891.206026106941 
1665, 895.633713025927 
1666, 900.305790027085 
1667, 904.839276783925 
1668, 908.287995512924 
1669, 911.699766466355 
1670, 915.326656113001 
1671, 919.865341858842 
1672, 923.187535068156 
1673, 929.030817858098 
1674, 939.413145224705 
1675, 941.566824693508 
1676, 940.438305718088 
1677, 941.337500095303 
1678, 937.52827347359 
1679, 939.801742261046 
1680, 945.274131112022 
1681, 952.724505400959 
1682, 964.140814383348 
1683, 969.576946014026 
1684, 975.80276321943 
1685, 979.712959068204 
1686, 977.914364220008 
1687, 980.801669436102 
1688, 986.786775592813 
1689, 989.698265990098 
1690, 990.394257792039 
1691, 995.090539064233 
1692, 1001.20832255899 
1693, 1005.30556678596 
1694, 1011.80302942606 
1695, 1014.97313609413 
1696, 1013.83631166683 
1697, 1016.12258394674 
1698, 1021.01020595639 
1699, 1021.73349971674 
1700, 1019.71988112724 
1701, 1022.34149636404 
1702, 1025.51301360161 
1703, 1025.71140017541 
1704, 1028.21914436255 
1705, 1029.21777609289 
1706, 1025.74208265284 
1707, 1025.08608453209 
1708, 1026.46868770417 
1709, 1028.11774628298 
1710, 1027.92089751138 
1711, 1032.12753259746 
1712, 1042.64866808264 
1713, 1045.82119252679 
1714, 1046.03429347809 
1715, 1050.52924847844 
1716, 1049.50187274914 
1717, 1046.13914534703 
1718, 1052.58177214793 
1719, 1056.74735625367 
1720, 1051.45885061169 
1721, 1049.83099560853 
1722, 1049.07136912604 
1723, 1044.50333106959 
1724, 1044.25281408695 
1725, 1044.08123477276 
1726, 1045.22888053292 
1727, 1044.9520261162 
1728, 1045.19032951449 
1729, 1049.69591120367 
1730, 1046.54850875713 
1731, 1040.14657230474 
1732, 1039.55129898701 
1733, 1034.82593173458 
1734, 1027.92678183834 
1735, 1027.54448788887 
1736, 1022.2669078453 
1737, 1019.10691646835 
1738, 1023.4035835353 
1739, 1026.55419713228 
1740, 1030.39396666135 
1741, 1033.35027860693 
1742, 1033.90737437657 
1743, 1031.80971055915 
1744, 1025.58984447834 
1745, 1019.82062337676 
1746, 1016.58153992954 
1747, 1012.82367929857 
1748, 1016.01683531842 
1749, 1018.9219615374 
1750, 1018.00041569399 
1751, 1025.13079156366 
1752, 1027.56925062482 
1753, 1028.55418273495 
1754, 1031.87916125169 
1755, 1027.7830513627 
1756, 1023.87536364729 
1757, 1021.76428495563 
1758, 1015.88219386138 
1759, 1008.98582841937 
1760, 1002.86130384406 
1761, 991.878634772343 
1762, 986.367502524899 
1763, 977.994444590476 
1764, 974.777759767427 
1765, 979.487408877293 
1766, 977.126443852057 
1767, 977.61674719538 
1768, 972.94903552777 
1769, 959.475511918707 
1770, 949.617050207858 
1771, 936.961608482673 
1772, 927.825213325888 
1773, 923.352996476291 
1774, 913.715859897457 
1775, 906.87712871486 
1776, 895.689240552925 
1777, 877.038770081846 
1778, 861.741189575886 
1779, 841.098437602528 
1780, 829.104090451919 
1781, 823.554425244101 
1782, 817.843936256188 
1783, 820.243967083477 
1784, 817.339740944768 
1785, 812.238903283183 
1786, 804.758884997477 
1787, 794.693338467346 
1788, 782.46921471703 
1789, 766.336078496066 
1790, 752.818454602805 
1791, 742.155858594273 
1792, 723.269328944559 
1793, 702.836623012779 
1794, 678.521107741984 
1795, 645.156919204214 
1796, 618.971486571555 
1797, 590.804336830319 
1798, 563.51956686327 
1799, 538.76258898921 
1800, 512.45048046779 
1801, 2961.49225711944 
1802, 2866.64469903293 
1803, 2771.98382024048 
1804, 2687.02093930406 
1805, 2613.6279166762 
1806, 2540.48548859855 
1807, 2475.72255315874 
1808, 2403.538756961 
1809, 2333.00387309602 
1810, 2257.39098547154 
1811, 2191.23166792076 
1812, 2103.33724344456 
1813, 2001.59715489778 
1814, 1892.20842976583 
1815, 1797.6211590506 
1816, 1697.80036712469 
1817, 1623.42152705589 
1818, 1564.89872072463 
1819, 1495.34591922375 
1820, 1413.1534303668 
1821, 1345.63361312801 
1822, 1284.06624933232 
1823, 1232.93624730074 
1824, 1171.47843228552 
1825, 1106.25872954917 
1826, 1033.91797614084 
1827, 929.601678020141 
1828, 830.461108120143 
1829, 720.231780098085 
1830, 622.98228749094 
1831, 518.310618300104 
1832, 427.971140142658 
1833, 360.947093957281 
1834, 284.311610288209 
1835, 232.114300623079 
1836, 200.637112017152 
1837, 176.684702611086 
1838, 172.096559503471 
1839, 162.669337949301 
1840, 155.51337914179 
1841, 158.174684963378 
1842, 164.130527584595 
1843, 175.775007423215 
1844, 202.757993056695 
1845, 231.561723826225 
1846, 262.862647685671 
1847, 270.144297211635 
1848, 250.50849680951 
1849, 228.624866765868 
1850, 208.301093469759 
1851, 166.583439998718 
1852, 146.223945419377 
1853, 168.732084474212 
1854, 171.516250143428 
1855, 198.836412230206 
1856, 239.575580967104 
1857, 236.785496083344 
1858, 257.835870546956 
1859, 272.622282089415 
1860, 282.024658828062 
1861, 273.266947898552 
1862, 287.096624688812 
1863, 308.87389467201 
1864, 319.565916113819 
1865, 316.175708822892 
1866, 303.486965998121 
1867, 259.217475778352 
1868, 212.078218451669 
1869, 172.682463451872 
1870, 131.015585579093 
1871, 86.5001276923596 
1872, 50.7919663830873 
1873, 34.0588288814467 
1874, 39.9468380328151 
1875, 63.94827365514 
1876, 122.717928451284 
1877, 169.924848775611 
1878, 190.842176158617 
1879, 236.6877797484 
1880, 262.868923977276 
1881, 270.58935663346 
1882, 278.195309898427 
1883, 301.978261842642 
1884, 288.881284413147 
1885, 289.120580559819 
1886, 290.776078520214 
1887, 278.051493671068 
1888, 270.090604813191 
1889, 260.327899508377 
1890, 263.354698038098 
1891, 257.323598355142 
1892, 251.385777021395 
1893, 246.059528134969 
1894, 218.272130562298 
1895, 178.40647316767 
1896, 167.399554512686 
1897, 144.851718479568 
1898, 138.019041709988 
1899, 137.340823134271 
1900, 124.945268507895 
1901, 98.704498561608 
1902, 81.7605594045615 
1903, 60.9613634319824 
1904, 51.8226363377465 
1905, 50.1576469748531 
1906, 40.3094372206085 
1907, 65.3230678993591 
1908, 73.8441045520704 
1909, 65.8761936363545 
1910, 62.8600699523255 
1911, 61.3986860629117 
1912, 49.9000548860711 
1913, 50.433035873007 
1914, 55.3151201348021 
1915, 78.6761029693837 
1916, 90.5856843690806 
1917, 93.9929681629438 
1918, 103.803104294971 
1919, 99.1543314129217 
1920, 100.326288869302 
1921, 104.454875752287 
1922, 106.26833735167 
1923, 110.247396926423 
1924, 108.55975840037 
1925, 107.666273055928 
1926, 100.363051723174 
1927, 60.597852036299 
1928, 42.8487505788912 
1929, 26.6352001306493 
1930,-1.83487379947563 
1931, 2.50336860591846 
1932, 9.20364300105897 
1933, 18.9154502990739 
1934, 42.0963343114676 
1935, 51.0244092688642 
1936, 52.1178561143215 
1937, 67.7335914543125 
1938, 81.8048353923451 
1939, 65.872529776586 
1940, 62.7165720074441 
1941, 46.5991051913035 
1942, 32.4090570315057 
1943, 32.5679642560219 
1944, 27.7531748227002 
1945, 34.6590502857428 
1946, 36.1248643251534 
1947, 29.126484869453 
1948, 26.7560729577313 
1949, 27.8982363010569 
1950, 37.2610087954741 
1951, 29.2595612072341 
1952, 12.3916805517347 
1953, 8.65439009932692 
1954, 0.30732142878585 
1955, 3.16514594252706 
1956, 25.9917425438563 
1957, 31.7449726461805 
1958, 23.7053372086312 
1959, 34.3395340808575 
1960, 54.5712584194362 
1961, 67.1594229286651 
1962, 71.3592418620486 
1963, 90.4088601654275 
1964, 85.7869020672555 
1965, 62.1898492931403 
1966, 50.3089522919181 
1967, 35.2325591929752 
1968, 33.1192409486146 
1969, 42.789685544733 
1970, 43.0999662874484 
1971, 51.3580016834637 
1972, 54.8606556369846 
1973, 48.3255934139022 
1974, 37.9909441976188 
1975, 36.0776523527191 
1976, 51.5268448937485 
1977, 75.5016408488826 
1978, 71.190612804138 
1979, 73.311400395137 
1980, 73.6002955858474 
1981, 77.6364928646525 
1982, 79.4564328063954 
1983, 85.5381668719986 
1984, 105.797610820436 
1985, 104.116405468481 
1986, 88.8740738248465 
1987, 71.0736682992951 
1988, 51.2327173455758 
1989, 44.7713358210236 
1990, 37.8047725215259 
1991, 38.6507369883461 
1992, 40.8832861669293 
1993, 42.4831387244622 
1994, 48.2074209756195 
1995, 68.0390702203144 
1996, 73.2407969585151 
1997, 78.680427346697 
1998, 74.3765245379115 
1999, 40.2737225160672 
2000, 24.6215490994555 
2001, 17.05224047134 
2002, 11.9644214782903 
2003, 15.268521104545 
2004, 43.8455421838982 
2005, 51.3246142155328 
2006, 54.9730803624179 
2007, 51.7382738286546 
2008, 33.5257579759286 
2009, 28.5432811029242 
2010, 22.1321830462807 
2011, 18.9352069541754 
2012, 26.0571068914285 
2013, 48.7842426683356 
2014, 57.500114658156 
2015, 65.4519428023362 
2016, 67.8186005634741 
2017, 58.8630510862427 
2018, 61.7657688102932 
2019, 72.8559134901956 
2020, 75.203121081934 
2021, 80.0353091313592 
2022, 80.7549634464169 
2023, 71.7508032009949 
2024, 63.6003971886529 
2025, 68.9523238307746 
2026, 59.9339010992252 
2027, 57.0645497231118 
2028, 54.9466365714817 
2029, 49.7488483313969 
2030, 40.6880646519986 
2031, 42.4100191343074 
2032, 53.3024881226876 
2033, 55.4273626750395 
2034, 58.2492028811698 
2035, 59.2187526850925 
2036, 47.3625379283319 
2037, 44.7690788614333 
2038, 45.6799959226779 
2039, 56.6449532039029 
2040, 64.0666351960152 
2041, 77.3495149751183 
2042, 81.4288885581986 
2043, 82.9891183295897 
2044, 83.9248948373889 
2045, 79.0986582997802 
2046, 76.3516489453522 
2047, 75.9196458325702 
2048, 72.1082574074491 
2049, 62.0996085091201 
2050, 57.4511308737578 
2051, 48.4428754771467 
2052, 51.3866228251327 
2053, 63.0990047417684 
2054, 68.7642601379334 
2055, 73.9378836308382 
2056, 86.4701026893971 
2057, 84.3555678813981 
2058, 70.5845222563558 
2059, 62.9886808392913 
2060, 47.1027659970635 
2061, 39.0937745949672 
2062, 36.2379495068821 
2063, 34.9717462601432 
2064, 30.8184775178258 
2065, 38.5857577878496 
2066, 60.4064068741509 
2067, 70.757350079269 
2068, 89.9336189464857 
2069, 127.157328120477 
2070, 134.69863917922 
2071, 126.14673516306 
2072, 129.053655721678 
2073, 112.547735948554 
2074, 120.491202067303 
2075, 159.82696649264 
2076, 171.87560079276 
2077, 180.343015433506 
2078, 187.581787761024 
2079, 180.771024349281 
2080, 174.383043795486 
2081, 169.550386598212 
2082, 160.345225625973 
2083, 157.880273156231 
2084, 147.282714020743 
2085, 151.146777247253 
2086, 172.202087050853 
2087, 180.262307621756 
2088, 190.13671933045 
2089, 196.374322441676 
2090, 203.163155401791 
2091, 198.17571807859 
2092, 171.767193952534 
2093, 167.244266651158 
2094, 162.793473760327 
2095, 165.064413230044 
2096, 179.256260220681 
2097, 209.580611169321 
2098, 228.985393044756 
2099, 245.077777337073 
2100, 261.699233265202 
2101, 287.039276975963 
2102, 295.074965464078 
2103, 284.728458863744 
2104, 293.454612339777 
2105, 299.522065312808 
2106, 312.132724673088 
2107, 346.590668938668 
2108, 365.226200819811 
2109, 380.0406394324 
2110, 388.593412183663 
2111, 389.457409538487 
2112, 385.467300996034 
2113, 390.029873166135 
2114, 382.251277649655 
2115, 389.490316728814 
2116, 407.445019391259 
2117, 416.065817549499 
2118, 423.949258857408 
2119, 437.251983982453 
2120, 445.731612951735 
2121, 464.98750718767 
2122, 500.038647520677 
2123, 522.822408898131 
2124, 543.246713266826 
2125, 563.657394055968 
2126, 588.849303275671 
2127, 597.85863282444 
2128, 590.787053000601 
2129, 592.069406004864 
2130, 604.27884463492 
2131, 609.632512003551 
2132, 629.30293528332 
2133, 673.202014360326 
2134, 701.726852327621 
2135, 724.793783000472 
2136, 747.208252408464 
2137, 780.575215146348 
2138, 791.610910452357 
2139, 780.180331433595 
2140, 784.83542621957 
2141, 777.450537110975 
2142, 785.549419692962 
2143, 811.553234013732 
2144, 832.971409266847 
2145, 854.23575510809 
2146, 881.947222744923 
2147, 909.364726381188 
2148, 955.801066612395 
2149, 982.644649272132 
2150, 1010.4926639466 
2151, 1030.86810814578 
2152, 1031.45513338065 
2153, 1052.77277146233 
2154, 1086.73403495868 
2155, 1110.78270113807 
2156, 1142.36249243653 
2157, 1161.85616642056 
2158, 1171.03694951227 
2159, 1177.65394832774 
2160, 1162.95385017752 
2161, 1175.69149235533 
2162, 1201.73159956184 
2163, 1226.10028527929 
2164, 1276.59610986131 
2165, 1311.58972040492 
2166, 1334.53981818817 
2167, 1343.92924155526 
2168, 1357.24208080563 
2169, 1356.89951901461 
2170, 1374.62870328616 
2171, 1395.29192332675 
2172, 1420.76489387947 
2173, 1457.84112528747 
2174, 1493.06230397762 
2175, 1541.40454741376 
2176, 1570.05969823448 
2177, 1589.7734973949 
2178, 1610.19606532201 
2179, 1613.34853501917 
2180, 1625.52768217014 
2181, 1642.00290455446 
2182, 1661.34392278277 
2183, 1683.74337935237 
2184, 1707.46197340939 
2185, 1724.90006295583 
2186, 1753.45005783255 
2187, 1778.99091717497 
2188, 1800.30668689528 
2189, 1827.34910293343 
2190, 1866.45056635975 
2191, 1889.7293552705 
2192, 1916.36830163911 
2193, 1921.38360940335 
2194, 1909.3282350395 
2195, 1896.81423046625 
2196, 1854.72464537929 
2197, 1843.69540418745 
2198, 1843.99671520887 
2199, 1844.83011496065 
2200, 1860.30759331166 
2201, 1877.39694019101 
2202, 1891.08998279256 
2203, 1917.04131885673 
2204, 1960.9020473503 
2205, 1996.30363960817 
2206, 2043.77092140118 
2207, 2083.00669516358 
2208, 2114.26783145001 
2209, 2136.96992530783 
2210, 2164.89116146454 
2211, 2193.14674542247 
2212, 2210.23412621995 
2213, 2222.02945395268 
2214, 2240.06673950997 
2215, 2251.78390725616 
2216, 2260.60586671124 
2217, 2277.19193529863 
2218, 2285.12879743074 
2219, 2276.28113837045 
2220, 2278.08727793014 
2221, 2289.726082734 
2222, 2293.88199947013 
2223, 2288.3381999561 
2224, 2296.13747164491 
2225, 2312.72923065973 
2226, 2320.79272819941 
2227, 2336.87391874822 
2228, 2346.99536244744 
2229, 2342.62991539893 
2230, 2326.43606879954 
2231, 2328.86738886814 
2232, 2338.10857327566 
2233, 2342.01086916008 
2234, 2358.96231034075 
2235, 2355.61583429054 
2236, 2337.31520904764 
2237, 2323.30355964572 
2238, 2301.64110549691 
2239, 2285.16100466104 
2240, 2264.71738169554 
2241, 2256.43036574968 
2242, 2256.14240391374 
2243, 2253.68259557501 
2244, 2267.36915338004 
2245, 2261.42118244296 
2246, 2243.98372119773 
2247, 2225.43759266467 
2248, 2192.76651891639 
2249, 2168.66668215025 
2250, 2141.65835602128 
2251, 2124.55756875935 
2252, 2117.97121015622 
2253, 2111.72611932142 
2254, 2095.30545299838 
2255, 2080.68168851499 
2256, 2056.30247530661 
2257, 2020.92512738765 
2258, 1997.41401989568 
2259, 1981.85826193569 
2260, 1954.60114337035 
2261, 1921.45933875784 
2262, 1901.79739082207 
2263, 1884.1926919812 
2264, 1865.46647154327 
2265, 1861.36844129778 
2266, 1837.30709561934 
2267, 1788.77547575637 
2268, 1765.83588767827 
2269, 1749.70480049649 
2270, 1733.36060862455 
2271, 1744.38387001794 
2272, 1724.54556785106 
2273, 1686.60280413812 
2274, 1648.96332165449 
2275, 1584.3810273294 
2276, 1543.61356076105 
2277, 1512.25763640617 
2278, 1481.97999201456 
2279, 1469.54291382971 
2280, 1446.48473674262 
2281, 1414.92183450455 
2282, 1390.49423217626 
2283, 1367.50347741153 
2284, 1343.08653123746 
2285, 1309.48216607261 
2286, 1290.76193438244 
2287, 1271.0152410676 
2288, 1249.02782607615 
2289, 1219.37926823973 
2290, 1192.30318374098 
2291, 1152.38326778416 
2292, 1089.72254537724 
2293, 1052.36213094168 
2294, 1026.08810460243 
2295, 994.080328670176 
2296, 968.724283766088 
2297, 943.000573805404 
2298, 907.913198102147 
2299, 886.001293948309 
2300, 876.19147952651 
2301, 862.283846251085 
2302, 849.70927558784 
2303, 842.922750045489 
2304, 835.224314004333 
2305, 835.460269888115 
2306, 845.714771471213 
2307, 851.030287589026 
2308, 873.229198710223 
2309, 869.995759984551 
2310, 861.690179968545 
2311, 838.440252998517 
2312, 770.02668703389 
2313, 735.388587079046 
2314, 727.273616986799 
2315, 684.033776911938 
2316, 641.723601855022 
2317, 617.621843409592 
2318, 576.836206444326 
2319, 536.227960484964 
2320, 540.42429038592 
2321, 552.987997156333 
2322, 546.800345164441 
2323, 563.109371869241 
2324, 570.919562252321 
2325, 558.414220807051 
2326, 546.262355008873 
2327, 526.918762762403 
2328, 514.260311961622 
2329, 493.845002979078 
2330, 488.325734233888 
2331, 502.891453727876 
2332, 486.295155985902 
2333, 456.033664292534 
2334, 438.775539422174 
2335, 410.619371307574 
2336, 393.384734974725 
2337, 395.283800873442 
2338, 378.198330275439 
2339, 339.841104723896 
2340, 328.097125226787 
2341, 328.317227794131 
2342, 324.136552706205 
2343, 333.133189400989 
2344, 336.590063615892 
2345, 335.987809627153 
2346, 330.877922292149 
2347, 327.36621632946 
2348, 319.207129788656 
2349, 298.375189407141 
2350, 285.155338969048 
2351, 278.910516176533 
2352, 267.266019671918 
2353, 248.640416045977 
2354, 240.474098702629 
2355, 233.609101547107 
2356, 227.281504565178 
2357, 233.749642896255 
2358, 232.529618978707 
2359, 217.825535986319 
2360, 221.721170333176 
2361, 243.030364716449 
2362, 246.000911539102 
2363, 246.712208659899 
2364, 253.003032012891 
2365, 236.612676521971 
2366, 219.186122559703 
2367, 231.528638240573 
2368, 244.184261869471 
2369, 243.162384273926 
2370, 239.523385589142 
2371, 228.580018493 
2372, 203.954235554613 
2373, 187.964897320107 
2374, 183.742868838986 
2375, 179.511271902352 
2376, 170.999233632792 
2377, 162.649823480305 
2378, 149.814315747227 
2379, 118.119965617924 
2380, 103.2557251332 
2381, 98.0552417642708 
2382, 82.9133935608725 
2383, 95.0257818501326 
2384, 106.46020746699 
2385, 102.149792567959 
2386, 127.895017416673 
2387, 163.656522454207 
2388, 179.981377078209 
2389, 201.308601395815 
2390, 214.299535121615 
2391, 185.961400032172 
2392, 156.077958495315 
2393, 130.669364563216 
2394, 104.131938590329 
2395, 116.193178715165 
2396, 129.604106020822 
2397, 138.52306294247 
2398, 159.161265343793 
2399, 174.884073367522 
2400, 174.840358016977 
2401, 156.296854095458 
2402, 142.05045576183 
2403, 93.7606883293081 
2404, 46.6968603615133 
2405, 24.9646022461529 
2406, 9.30465820707917 
2407, 10.6973845531893 
2408, 41.3614802046293 
2409, 56.5467754668139 
2410, 82.397515638218 
2411, 92.6648664574657 
2412, 101.524072952861 
2413, 89.7364890278657 
2414, 56.097445203961 
2415, 39.1538137892777 
2416, 8.35173213826257 
2417, 2.90442544140546 
2418, 12.3761627034075 
2419, 27.6162001383371 
2420, 60.5690122786842 
2421, 81.8471785905596 
2422, 114.541653807039 
2423, 122.016224362755 
2424, 109.999101673854 
2425, 102.81714434476 
2426, 83.1831099461897 
2427, 76.6060761456117 
2428, 80.9971593848928 
2429, 73.3935969424577 
2430, 63.7382254479511 
2431, 53.0510674946051 
2432, 32.2833658207446 
2433, 21.6978414220955 
2434, 9.44330530077709 
2435, 12.5119403662673 
2436, 30.9996995051418 
2437, 37.6116335913421 
2438, 54.9723362971463 
2439, 55.7296708461527 
2440, 34.8604898906975 
2441, 34.1600027005999 
2442, 37.7790321328668 
2443, 45.5916621526042 
2444, 67.3651812703101 
2445, 66.8121748855071 
2446, 71.6890246909624 
2447, 70.6137498506801 
2448, 54.6814080174149 
2449, 76.9169641230923 
2450, 91.1864468267118 
2451, 80.8950243743444 
2452, 97.3208954411626 
2453, 87.0081736074942 
2454, 74.7763173966855 
2455, 85.158349812619 
2456, 84.8341030741511 
2457, 91.9470945198618 
2458, 96.0221875307436 
2459, 83.4250529763357 
2460, 65.1700498505659 
2461, 55.1347241029561 
2462, 36.9201350455019 
2463, 34.6460393661125 
2464, 48.9488693258089 
2465, 57.4802382107792 
2466, 55.150408684892 
2467, 41.6988126964036 
2468, 38.6581034383086 
2469, 27.2767494791294 
2470, 24.7799544849593 
2471, 27.8327539645618 
2472, 22.5183199381482 
2473, 19.0511000133704 
2474, 17.0303293152289 
2475, 16.6621069398449 
2476, 9.2530537121866 
2477, 5.92754467207763 
2478,-3.415669416404 
2479,-11.3231885271901 
2480,-9.79372721146401 
2481,-11.4341652416631 
2482, 4.10599756014878 
2483, 4.29719957572966 
2484,-8.66867047373459 
2485,-2.59907992145196 
2486,-13.3238845582012 
2487,-15.6656910388791 
2488, 0.372458582838798 
2489, 0.504202666869431 
2490,-3.50782302429204 
2491,-0.316155824893855 
2492, 6.01042336359265 
2493, 16.037474880275 
2494, 28.8938302744363 
2495, 35.7920665768605 
2496, 29.293074570868 
2497, 2.10950083366755 
2498,-3.762065697947 
2499,-7.10900211438591 
2500, 2.75338953672695 
