Wavelength,0212202100108.asd
350, 2573.18721459804 
351, 2707.14843647003 
352, 2832.01011264921 
353, 2934.6430235597 
354, 3033.76746080045 
355, 3138.51994689201 
356, 3251.51743487915 
357, 3365.05459753559 
358, 3480.28683817341 
359, 3600.8638375682 
360, 3734.16436100281 
361, 3897.91754104316 
362, 4087.65972111521 
363, 4294.02896183712 
364, 4505.13997618573 
365, 4718.28282624235 
366, 4921.51254842465 
367, 5099.98817956349 
368, 5237.35335695807 
369, 5317.17205989427 
370, 5344.63667005234 
371, 5336.74544258369 
372, 5313.53570531144 
373, 5302.83455829879 
374, 5309.71397700626 
375, 5322.22853772607 
376, 5334.07563754558 
377, 5340.1929444643 
378, 5329.48810811141 
379, 5283.06986546274 
380, 5219.85312045103 
381, 5147.4134066704 
382, 5067.22984048988 
383, 4970.11734267371 
384, 4869.70041215044 
385, 4797.67207541076 
386, 4793.58088511506 
387, 4889.58455436211 
388, 5031.80242954155 
389, 5158.13029103164 
390, 5213.3416185608 
391, 5270.33015389434 
392, 5327.25858427511 
393, 5375.24724757536 
394, 5414.55268478603 
395, 5521.72658793069 
396, 5737.88594475314 
397, 6082.28070843674 
398, 6560.55645042476 
399, 7106.6391518777 
400, 7669.38223094539 
401, 8216.51152135076 
402, 8739.11464979262 
403, 9169.23895854934 
404, 9477.82766021466 
405, 9719.40467898181 
406, 9908.61553404951 
407, 10075.5633490381 
408, 10258.2714218054 
409, 10508.5181708222 
410, 10811.6849185555 
411, 11149.1959636528 
412, 11500.4607087504 
413, 11844.11370251 
414, 12184.8077699569 
415, 12516.4497166469 
416, 12806.0914952197 
417, 13078.4824436461 
418, 13357.8153525093 
419, 13652.4017846128 
420, 13908.3363320026 
421, 14166.268322612 
422, 14447.1074895915 
423, 14749.2794838082 
424, 15028.1395225814 
425, 15248.1144011301 
426, 15378.1556425715 
427, 15388.1323255551 
428, 15327.5077323737 
429, 15334.4806218659 
430, 15521.2843602009 
431, 15793.9229073099 
432, 16155.6432577461 
433, 16690.7942589046 
434, 17506.3997082864 
435, 18372.8809540067 
436, 19036.2184380559 
437, 19443.5148860043 
438, 19871.734290258 
439, 20313.5181327466 
440, 20730.8278447802 
441, 21106.8699770211 
442, 21592.4439160446 
443, 22106.7385400998 
444, 22580.8493466814 
445, 22966.647505889 
446, 23276.3639298753 
447, 23553.6794480841 
448, 23847.1411556779 
449, 24212.399765783 
450, 24523.1150627954 
451, 24690.784187972 
452, 24680.6260412467 
453, 24615.5472165629 
454, 24476.0888569428 
455, 24299.5054593654 
456, 24174.5859327138 
457, 24141.4603235035 
458, 24146.279611182 
459, 24130.4148707586 
460, 24066.1814895382 
461, 23967.0964014847 
462, 23859.8813931485 
463, 23760.7025750319 
464, 23603.4393758644 
465, 23359.147198378 
466, 23057.4503078461 
467, 22783.0746561374 
468, 22549.3988452397 
469, 22372.7168828863 
470, 22262.1909057881 
471, 22222.9405496755 
472, 22197.502571817 
473, 22189.960754528 
474, 22221.4542857085 
475, 22212.8247832082 
476, 22186.6134128456 
477, 22169.8889072977 
478, 22182.7405694869 
479, 22253.6127438374 
480, 22353.0167014502 
481, 22425.9549819409 
482, 22406.1418300538 
483, 22241.3218240389 
484, 21894.7414563028 
485, 21371.0734574389 
486, 20861.5565694368 
487, 20498.1409758792 
488, 20387.1630544287 
489, 20621.5258058882 
490, 21001.9817403869 
491, 21317.1514258107 
492, 21428.1409073984 
493, 21469.3104794756 
494, 21528.5767134486 
495, 21647.9443237974 
496, 21815.8662991214 
497, 21868.8602067748 
498, 21809.0513481214 
499, 21672.7914467308 
500, 21488.5396103008 
501, 21347.7885496401 
502, 21289.5127462459 
503, 21331.8619020643 
504, 21529.647060244 
505, 21805.3813529395 
506, 22084.8971240682 
507, 22310.756658237 
508, 22482.6192727412 
509, 22616.0559043426 
510, 22739.4621652675 
511, 22908.6846116314 
512, 23027.4743974962 
513, 23051.6147277059 
514, 22970.3150173979 
515, 22782.7704112149 
516, 22529.3814226826 
517, 22280.6051559849 
518, 22133.9843725709 
519, 22317.1344303757 
520, 22851.9409201688 
521, 23611.0757832725 
522, 24249.5198835031 
523, 24724.0706104342 
524, 25055.2718548 
525, 25306.5489060372 
526, 25416.9445502954 
527, 25459.216646276 
528, 25587.5580551956 
529, 26097.7765778825 
530, 26766.5514532714 
531, 27332.8125408559 
532, 27581.5955113598 
533, 27663.9738045607 
534, 27786.9338072235 
535, 28062.8616681789 
536, 28485.3894490743 
537, 28791.0947940533 
538, 28932.9024770282 
539, 28950.212806048 
540, 28939.3132136355 
541, 28962.8288912774 
542, 29109.0423915967 
543, 29447.6090433784 
544, 29835.6877978973 
545, 30175.6782298761 
546, 30414.149524001 
547, 30551.9650953788 
548, 30641.4522565972 
549, 30745.6695913871 
550, 30905.0114995875 
551, 31069.2343905514 
552, 31195.8853582524 
553, 31289.0580013067 
554, 31388.4510312916 
555, 31463.9415042977 
556, 31438.1019516211 
557, 31267.5707196756 
558, 30978.8396676861 
559, 30731.1415110314 
560, 30618.0957887696 
561, 30673.0855277236 
562, 30814.0134226792 
563, 30896.8701168811 
564, 30852.0146322709 
565, 30704.6167733746 
566, 30489.977010692 
567, 30269.636991046 
568, 30083.147576539 
569, 29894.0162850528 
570, 29649.6162395359 
571, 29418.1497530246 
572, 29332.3199689485 
573, 29359.8275256176 
574, 29353.7021163603 
575, 29220.7368073909 
576, 28975.9687721368 
577, 28748.685609875 
578, 28628.5079588708 
579, 28665.0276453459 
580, 28815.633000217 
581, 29079.9420708831 
582, 29402.745103115 
583, 29678.4734769805 
584, 29854.8543807518 
585, 29856.6335943947 
586, 29673.1644489734 
587, 29438.8371886252 
588, 29147.2961930841 
589, 28753.8149721188 
590, 28259.9243045635 
591, 28078.6693521984 
592, 28209.7445663336 
593, 28459.1497883843 
594, 28448.6116511765 
595, 28307.6888637909 
596, 28108.0947914094 
597, 27898.5985853141 
598, 27670.9896737284 
599, 27390.662355481 
600, 27082.6532940906 
601, 26812.8740839852 
602, 26599.8778922378 
603, 26484.371889959 
604, 26468.2615264575 
605, 26494.2524904147 
606, 26437.3671629705 
607, 26291.2359119848 
608, 26103.0459921458 
609, 25916.6025969133 
610, 25740.5611737125 
611, 25582.3646187542 
612, 25447.8263283837 
613, 25307.4917632872 
614, 25143.0187800191 
615, 24962.0522721106 
616, 24822.178128357 
617, 24734.1383219201 
618, 24732.9722800492 
619, 24839.8463315759 
620, 24955.7111514172 
621, 24972.1153570328 
622, 24851.1275454877 
623, 24642.2373625139 
624, 24408.5408914068 
625, 24187.4711665928 
626, 23995.7522824715 
627, 23820.9276029457 
628, 23651.3814581058 
629, 23492.7540890654 
630, 23370.9712586585 
631, 23379.362634813 
632, 23464.5079152753 
633, 23573.0268265266 
634, 23688.1903952161 
635, 23778.628555373 
636, 23841.6980273502 
637, 23883.4254987696 
638, 23899.1252443921 
639, 23866.3565386427 
640, 23765.3393234746 
641, 23589.3345309643 
642, 23453.0340615723 
643, 23372.4936182306 
644, 23320.5808982946 
645, 23225.8293500552 
646, 23077.9468981998 
647, 22891.0620350654 
648, 22698.1002800092 
649, 22543.0639441534 
650, 22424.3839442418 
651, 22362.4966344076 
652, 22393.988943052 
653, 22346.9966231914 
654, 22103.3224258484 
655, 21641.6426445787 
656, 21098.166753923 
657, 20703.1595990614 
658, 20704.25507209 
659, 21230.1415735808 
660, 21773.6413866552 
661, 22088.672472839 
662, 22154.1867836004 
663, 22184.1331922277 
664, 22164.0062982549 
665, 22131.3488280118 
666, 22117.8359487719 
667, 22124.5909004554 
668, 22116.9415535194 
669, 22095.5933041845 
670, 22077.181140944 
671, 22031.8815131503 
672, 21978.9439104467 
673, 21945.5374741431 
674, 21961.6605278637 
675, 21989.6922092067 
676, 22010.8251677526 
677, 22019.0130479978 
678, 22032.0484696864 
679, 22037.5539299346 
680, 22034.9317079541 
681, 22029.0873259389 
682, 22014.3272853167 
683, 21963.2672182145 
684, 21781.3746551351 
685, 21287.3919209255 
686, 20409.247260845 
687, 19223.6303278895 
688, 18018.4615510746 
689, 17513.219659523 
690, 17876.1979332416 
691, 18778.5551196427 
692, 19595.9555225286 
693, 20310.9018925892 
694, 20828.1905668303 
695, 21141.2297268867 
696, 21362.4072847968 
697, 21556.0751222493 
698, 21689.2247686933 
699, 21718.1329468403 
700, 21671.0209384113 
701, 21623.9129783609 
702, 21630.6478710286 
703, 21723.2666153974 
704, 21911.1813543979 
705, 22127.5331984623 
706, 22310.9211924375 
707, 22422.9318620925 
708, 22517.8914865413 
709, 22602.635827132 
710, 22674.6095670571 
711, 22746.1931761848 
712, 22798.9142305998 
713, 22820.8858165085 
714, 22797.2999285099 
715, 22683.4644478762 
716, 22381.0920428798 
717, 21846.0886756725 
718, 21111.7304671562 
719, 20498.7219807859 
720, 20273.2575538565 
721, 20539.6105343191 
722, 21103.5159563807 
723, 21500.9557514462 
724, 21568.8957187608 
725, 21388.1206721005 
726, 21348.3953052299 
727, 21416.5336651759 
728, 21518.7474286724 
729, 21587.5534002896 
730, 21745.5193145647 
731, 22020.0593061932 
732, 22393.3961364596 
733, 22809.6190124298 
734, 23171.0558866235 
735, 23406.4434157551 
736, 23486.1335352419 
737, 23479.7529928383 
738, 23460.0219456947 
739, 23443.2178766192 
740, 23401.4055878163 
741, 23399.3335900968 
742, 23445.6550867461 
743, 23531.2401843551 
744, 23637.1823058875 
745, 23713.9901130165 
746, 23754.6209591865 
747, 23766.3122549133 
748, 23749.7407636333 
749, 23685.8871445257 
750, 23591.6480182116 
751, 23508.4452296487 
752, 23474.1905825437 
753, 23475.6471299474 
754, 23486.5668218819 
755, 23472.0592859799 
756, 23368.8876867244 
757, 22895.2110826584 
758, 21595.5726071482 
759, 18691.8342228388 
760, 14401.26861954 
761, 10179.8667586268 
762, 7796.89795566969 
763, 7774.38928247636 
764, 9021.67116131837 
765, 10976.7884819706 
766, 13563.3700449857 
767, 16392.0793347474 
768, 18854.9985742421 
769, 20575.2147197915 
770, 21545.6396280207 
771, 22028.8544456912 
772, 22223.7090391476 
773, 22281.4730877863 
774, 22278.388916941 
775, 22231.6598432792 
776, 22168.2683522369 
777, 22106.652376949 
778, 22020.6672799128 
779, 21915.2497285173 
780, 21809.0515454045 
781, 21725.925295181 
782, 21635.5810344822 
783, 21525.7577842766 
784, 21397.7984119798 
785, 21268.7372798098 
786, 21140.7583641195 
787, 20991.5533573719 
788, 20802.1718467066 
789, 20579.5016946121 
790, 20344.4363894533 
791, 20105.4170576497 
792, 19867.2726338884 
793, 19642.8287124806 
794, 19462.3378829165 
795, 19341.6543915336 
796, 19278.1086784577 
797, 19235.1756080841 
798, 19161.5219465622 
799, 19030.9366051271 
800, 18852.8135862426 
801, 18657.0533382377 
802, 18476.1953613464 
803, 18323.9983982367 
804, 18174.3482713417 
805, 18047.9322333356 
806, 17932.0304552171 
807, 17800.9259827823 
808, 17629.7524536197 
809, 17417.5696868653 
810, 17179.4184641676 
811, 16929.2392514584 
812, 16625.880158637 
813, 16224.9562321358 
814, 15722.4450313687 
815, 15160.8164306257 
816, 14641.2517247126 
817, 14235.1647437375 
818, 13988.200981911 
819, 13917.1989567051 
820, 13906.0889331069 
821, 13864.9670866649 
822, 13756.4776940215 
823, 13631.2420401506 
824, 13547.8465601625 
825, 13561.9467656379 
826, 13661.6474809229 
827, 13639.4468052853 
828, 13493.005251579 
829, 13291.4610395808 
830, 13132.4561836433 
831, 13030.8932964033 
832, 12958.9592482738 
833, 12901.8835324931 
834, 12860.3253105696 
835, 12843.0440290757 
836, 12838.5295783682 
837, 12822.3346309794 
838, 12761.7968238164 
839, 12671.2541779658 
840, 12561.1276141925 
841, 12439.274532072 
842, 12309.0394131143 
843, 12173.6882900353 
844, 12040.0009943915 
845, 11911.9100096198 
846, 11788.5768390962 
847, 11634.2528691612 
848, 11444.5812589472 
849, 11231.3636074115 
850, 11017.6972369884 
851, 10769.387136418 
852, 10512.5792896594 
853, 10297.1767773018 
854, 10135.4165148085 
855, 10004.7400901332 
856, 9943.63032163451 
857, 10006.6484175151 
858, 10108.0469662873 
859, 10132.9316523397 
860, 10060.0557181543 
861, 9951.95307531221 
862, 9822.52536718789 
863, 9654.74166195437 
864, 9450.68830488024 
865, 9239.1601198305 
866, 9037.90085819374 
867, 8866.14023054767 
868, 8752.73432149716 
869, 8736.08502992627 
870, 8757.27369797428 
871, 8748.13906417698 
872, 8676.87478976742 
873, 8577.06982006804 
874, 8468.24515617795 
875, 8358.12282264587 
876, 8248.9770830129 
877, 8141.46191335979 
878, 8036.34439001502 
879, 7933.98082139523 
880, 7833.02600831138 
881, 7727.97735416721 
882, 7623.89359159426 
883, 7525.37709984827 
884, 7433.91229778327 
885, 7343.09225584928 
886, 7244.93086179446 
887, 7140.26252254484 
888, 7034.91010784833 
889, 6936.73973194679 
890, 6836.52588168243 
891, 6723.22021788308 
892, 6586.35574316979 
893, 6420.71203400338 
894, 6226.80795986653 
895, 6010.8671346632 
896, 5783.15907264081 
897, 5553.62616496888 
898, 5336.56612285767 
899, 5155.41277262329 
900, 5032.59801984189 
901, 4963.95138355685 
902, 4934.03967724479 
903, 4923.54026072739 
904, 4912.10549148943 
905, 4884.04844659919 
906, 4831.80613355339 
907, 4744.52789545691 
908, 4617.19270356645 
909, 4483.87604206961 
910, 4370.67042604705 
911, 4287.81507341301 
912, 4230.66147086674 
913, 4186.04741245187 
914, 4139.6343616505 
915, 4091.56571082695 
916, 4052.30813300782 
917, 4024.42513844702 
918, 4003.65703705731 
919, 3985.86521067802 
920, 3967.4056496311 
921, 3944.138747408 
922, 3912.07679316459 
923, 3862.59499494265 
924, 3786.49969186213 
925, 3688.41875864418 
926, 3571.61702090599 
927, 3431.43374207244 
928, 3259.7141273041 
929, 3059.03307846083 
930, 2833.05441873674 
931, 2593.59751621147 
932, 2359.04006022834 
933, 2149.71956878281 
934, 1985.40889149509 
935, 1875.71938078183 
936, 1819.70023818538 
937, 1806.24462532959 
938, 1820.71525355967 
939, 1845.53511432016 
940, 1866.31009053695 
941, 1884.25202543982 
942, 1891.25830189957 
943, 1876.64166630294 
944, 1836.38956243693 
945, 1787.46742288807 
946, 1747.47605267101 
947, 1722.70086494096 
948, 1711.45546472939 
949, 1707.71883793084 
950, 1705.05832187107 
951, 1700.22236641946 
952, 1692.95348415176 
953, 1686.21406736718 
954, 1676.93438144803 
955, 1668.10214965922 
956, 1662.57866178395 
957, 1659.50680626598 
958, 1657.25320025096 
959, 1655.8883086484 
960, 1656.26035863636 
961, 1659.42151727631 
962, 1662.50432890926 
963, 1667.42989236804 
964, 1674.99608702353 
965, 1683.1839277531 
966, 1686.96656341147 
967, 1686.84198270783 
968, 1683.68036206476 
969, 1677.5238969819 
970, 1666.30391948035 
971, 1651.11608860524 
972, 1630.93894552423 
973, 1603.85117897096 
974, 1570.96677422384 
975, 1536.98587374583 
976, 1504.20821587776 
977, 1474.22855498128 
978, 1451.63092536238 
979, 1432.11332364033 
980, 1415.1051761914 
981, 1400.25698484414 
982, 1384.71258067847 
983, 1365.23311349808 
984, 1345.50157778254 
985, 1326.98532321034 
986, 1304.85360336134 
987, 1279.80744615793 
988, 1255.05161200328 
989, 1230.56109569241 
990, 1203.20922413685 
991, 1177.7541352089 
992, 1152.05344427303 
993, 1125.83555860846 
994, 1100.07597658673 
995, 1072.1410444045 
996, 1046.43208370938 
997, 1021.65644353161 
998, 994.843781492839 
999, 966.720844740949 
1000, 941.14472026956 
1001, 6044.28716523018 
1002, 6022.59896372879 
1003, 6004.87428285262 
1004, 5985.75161119158 
1005, 5975.13933824235 
1006, 5972.47321587336 
1007, 5972.66705943527 
1008, 5984.27383707667 
1009, 5996.89155034214 
1010, 6014.34521190716 
1011, 6034.3711797762 
1012, 6061.54768167484 
1013, 6081.69383117062 
1014, 6103.66624388918 
1015, 6129.82690481793 
1016, 6156.00074146385 
1017, 6182.82074820889 
1018, 6214.13307630054 
1019, 6245.89104217326 
1020, 6268.08276854239 
1021, 6296.5106209279 
1022, 6329.44223161555 
1023, 6364.68260643926 
1024, 6397.79626170694 
1025, 6440.60199704823 
1026, 6481.38309276438 
1027, 6518.65471777225 
1028, 6551.55871701284 
1029, 6582.07794698469 
1030, 6619.20636508653 
1031, 6649.03780917462 
1032, 6678.97065660394 
1033, 6713.85309540283 
1034, 6740.10824934412 
1035, 6765.12307321602 
1036, 6786.6403215984 
1037, 6812.50217736241 
1038, 6834.91327366394 
1039, 6855.89228668326 
1040, 6882.65213704215 
1041, 6904.50010178661 
1042, 6924.90099460679 
1043, 6946.3342264796 
1044, 6958.77945884959 
1045, 6970.8906896964 
1046, 6987.11392109408 
1047, 7007.45714434379 
1048, 7030.25744059439 
1049, 7055.52212475043 
1050, 7084.1134216338 
1051, 7111.44088316055 
1052, 7130.9192784187 
1053, 7154.88090272409 
1054, 7176.70910133746 
1055, 7199.36454358231 
1056, 7229.75200832516 
1057, 7261.78204618401 
1058, 7302.48425587868 
1059, 7346.70973947979 
1060, 7394.31899968406 
1061, 7447.43256830318 
1062, 7501.81309115854 
1063, 7557.45061021777 
1064, 7618.7118202078 
1065, 7684.45514587533 
1066, 7755.23747667822 
1067, 7834.60420916226 
1068, 7918.83496912235 
1069, 8008.89960107268 
1070, 8104.99415073623 
1071, 8210.7145881283 
1072, 8317.51991426112 
1073, 8422.2935338618 
1074, 8533.69219989841 
1075, 8634.0549823216 
1076, 8728.43216966897 
1077, 8823.51351847978 
1078, 8907.06070270888 
1079, 8985.43967183475 
1080, 9054.97534457267 
1081, 9113.10644536345 
1082, 9168.50520067239 
1083, 9219.00838603132 
1084, 9270.80452017931 
1085, 9322.01187382075 
1086, 9363.98799730977 
1087, 9401.69344314205 
1088, 9432.43975665126 
1089, 9460.9439975566 
1090, 9473.26135706583 
1091, 9474.34127208257 
1092, 9473.21417922106 
1093, 9452.27123664668 
1094, 9421.09456040579 
1095, 9390.2130196322 
1096, 9353.54590625356 
1097, 9319.19877643759 
1098, 9282.71273228543 
1099, 9249.44491426764 
1100, 9219.68694971272 
1101, 9186.83469708445 
1102, 9159.43375909298 
1103, 9120.61126732466 
1104, 9083.82212295866 
1105, 9028.44847937453 
1106, 8965.44017777764 
1107, 8878.91000014264 
1108, 8754.20011438222 
1109, 8600.49672647056 
1110, 8388.94845034801 
1111, 8133.05726018777 
1112, 7835.60071619535 
1113, 7477.68472862425 
1114, 7115.4892506395 
1115, 6688.65351200037 
1116, 6308.24132885243 
1117, 5894.43746644701 
1118, 5545.53707642326 
1119, 5225.21361416682 
1120, 4942.29352280015 
1121, 4702.4508701023 
1122, 4513.5384825845 
1123, 4385.38385500029 
1124, 4294.72372003184 
1125, 4250.31349937981 
1126, 4275.64743081038 
1127, 4298.27227870077 
1128, 4360.05728576831 
1129, 4422.29202040846 
1130, 4506.52668104899 
1131, 4590.77235434297 
1132, 4674.87308397383 
1133, 4783.70669089395 
1134, 4902.64675102058 
1135, 5036.08683901988 
1136, 5218.0819737528 
1137, 5403.7439273961 
1138, 5584.68576192808 
1139, 5752.66854831554 
1140, 5861.97131436725 
1141, 5940.48435202413 
1142, 5972.18103920744 
1143, 5935.31519434734 
1144, 5913.49892043812 
1145, 5811.82583290498 
1146, 5798.38926498561 
1147, 5782.58278111834 
1148, 5841.67340264984 
1149, 5966.20859701448 
1150, 6129.66043542901 
1151, 6341.39781801891 
1152, 6574.15538985392 
1153, 6816.56437450734 
1154, 7091.73429676208 
1155, 7355.85079080713 
1156, 7639.36426067231 
1157, 7902.88509346113 
1158, 8171.26888405095 
1159, 8417.26661772341 
1160, 8657.82528083819 
1161, 8872.21318449657 
1162, 9073.23928914228 
1163, 9247.8236737675 
1164, 9398.18601406306 
1165, 9527.71499706562 
1166, 9634.19595528518 
1167, 9719.84498364281 
1168, 9785.8708915074 
1169, 9830.00769605313 
1170, 9857.10456296798 
1171, 9862.22462030376 
1172, 9854.30823286083 
1173, 9824.05803435218 
1174, 9789.2152155395 
1175, 9737.08755517105 
1176, 9683.31994255339 
1177, 9618.86720234338 
1178, 9553.49113002695 
1179, 9478.10421707444 
1180, 9407.53977909126 
1181, 9333.26367949475 
1182, 9261.99515491237 
1183, 9203.14616900231 
1184, 9145.6256376146 
1185, 9107.48851704541 
1186, 9081.19793750893 
1187, 9067.8839830642 
1188, 9075.62134793986 
1189, 9078.55849016324 
1190, 9102.90910998029 
1191, 9104.76577732018 
1192, 9109.68030058521 
1193, 9091.43759844548 
1194, 9054.94494348484 
1195, 9010.21335903584 
1196, 8947.87369849345 
1197, 8877.71162574878 
1198, 8803.87497838611 
1199, 8716.55644705631 
1200, 8641.63984815339 
1201, 8557.52720290511 
1202, 8495.73080831384 
1203, 8441.17692875428 
1204, 8402.43941672786 
1205, 8379.52544565767 
1206, 8363.6456385758 
1207, 8368.56382635013 
1208, 8366.07105752957 
1209, 8368.17376879326 
1210, 8371.33689622011 
1211, 8375.7442546644 
1212, 8378.67857413622 
1213, 8382.18606797894 
1214, 8391.01123476644 
1215, 8390.91452579936 
1216, 8387.10333543396 
1217, 8380.08402139029 
1218, 8368.22921177734 
1219, 8356.86975856706 
1220, 8342.72084604997 
1221, 8327.69707596356 
1222, 8311.90652713965 
1223, 8294.82654579845 
1224, 8271.43769323578 
1225, 8254.81123141819 
1226, 8240.63732760798 
1227, 8227.5473770709 
1228, 8221.9838943615 
1229, 8211.50325489748 
1230, 8199.29737540628 
1231, 8185.90613667088 
1232, 8170.68739230655 
1233, 8153.20028153122 
1234, 8134.12763540448 
1235, 8118.57383392921 
1236, 8090.05977646703 
1237, 8052.61304317592 
1238, 8016.16486900961 
1239, 7969.40338269721 
1240, 7927.95500190362 
1241, 7889.5919394128 
1242, 7849.91686591338 
1243, 7808.3467699735 
1244, 7768.69606693488 
1245, 7732.68072195605 
1246, 7693.79009465322 
1247, 7649.91080584589 
1248, 7605.84840873616 
1249, 7555.5999294131 
1250, 7499.00486523687 
1251, 7440.78342908558 
1252, 7384.57916986253 
1253, 7314.37062498036 
1254, 7240.17362676444 
1255, 7152.08154841367 
1256, 7053.01214473429 
1257, 6943.52314445931 
1258, 6818.96455348352 
1259, 6692.08957592217 
1260, 6550.40342447632 
1261, 6413.09541953581 
1262, 6268.23091918818 
1263, 6127.1916607861 
1264, 6007.4561377831 
1265, 5882.82999539435 
1266, 5808.98192897995 
1267, 5754.39193750669 
1268, 5747.09234812108 
1269, 5779.31397015201 
1270, 5839.60528986536 
1271, 5951.63595177512 
1272, 6059.86098810298 
1273, 6208.2197167591 
1274, 6333.95822311349 
1275, 6473.46660170262 
1276, 6586.58668767747 
1277, 6683.64489068708 
1278, 6773.32127332682 
1279, 6848.31351943552 
1280, 6914.24605772266 
1281, 6970.39964533042 
1282, 7027.31780923139 
1283, 7084.73918288293 
1284, 7137.07003395443 
1285, 7188.67402913157 
1286, 7245.61807451569 
1287, 7291.65578139762 
1288, 7332.43741543216 
1289, 7365.0935487597 
1290, 7391.22880218954 
1291, 7412.88452455323 
1292, 7425.21126786475 
1293, 7435.32706527693 
1294, 7443.84927823752 
1295, 7446.42065353192 
1296, 7444.43360173889 
1297, 7436.27221754693 
1298, 7424.84659210533 
1299, 7402.28877539115 
1300, 7376.1990303898 
1301, 7349.14581899044 
1302, 7321.29986513497 
1303, 7291.20256210208 
1304, 7261.40395819386 
1305, 7231.71505287543 
1306, 7197.69235363235 
1307, 7161.95587619907 
1308, 7124.97446495443 
1309, 7084.94626423209 
1310, 7043.68633680599 
1311, 6998.16477690401 
1312, 6956.96653069582 
1313, 6915.41444856482 
1314, 6875.61501724449 
1315, 6838.0224260396 
1316, 6803.14985278232 
1317, 6768.28659381394 
1318, 6736.20284902601 
1319, 6711.53674710671 
1320, 6688.4882378114 
1321, 6665.23304621277 
1322, 6636.79874840825 
1323, 6588.53034666051 
1324, 6533.4991655098 
1325, 6455.96803605017 
1326, 6353.61093169099 
1327, 6250.04261183259 
1328, 6124.43001246185 
1329, 6010.41006502897 
1330, 5880.88845908277 
1331, 5780.14717959882 
1332, 5682.78774883312 
1333, 5613.4349026834 
1334, 5576.37559317612 
1335, 5540.41712293196 
1336, 5529.44302719542 
1337, 5515.35870984518 
1338, 5492.16376885805 
1339, 5444.33681835724 
1340, 5362.09618843423 
1341, 5242.97522039966 
1342, 5072.67734759413 
1343, 4859.30945208008 
1344, 4602.14997647103 
1345, 4287.73021943568 
1346, 3957.84508864286 
1347, 3574.97652639591 
1348, 3205.62404745454 
1349, 2800.72355147107 
1350, 2430.3296525573 
1351, 2044.51474934906 
1352, 1712.11423031366 
1353, 1400.27167212128 
1354, 1129.870814876 
1355, 899.777138361974 
1356, 703.850200918755 
1357, 543.592771236207 
1358, 416.427423831095 
1359, 322.66856581241 
1360, 254.648639049667 
1361, 202.013678395114 
1362, 162.719990890736 
1363, 134.265162711054 
1364, 112.624042362725 
1365, 99.1126681650036 
1366, 97.7946289813378 
1367, 96.573450304867 
1368, 102.108700898303 
1369, 109.089220275686 
1370, 117.823424981908 
1371, 132.470751409861 
1372, 153.679112015407 
1373, 174.82633690113 
1374, 206.686714548932 
1375, 226.130087367709 
1376, 247.848960221433 
1377, 254.784390810162 
1378, 247.824890940299 
1379, 237.042346977309 
1380, 225.087661447561 
1381, 215.24471872208 
1382, 208.93286881596 
1383, 209.229470833398 
1384, 217.44144472686 
1385, 227.46376515353 
1386, 251.503639393589 
1387, 285.280852727986 
1388, 313.378008933721 
1389, 346.500632776633 
1390, 372.277606142143 
1391, 398.90796818958 
1392, 412.964018357186 
1393, 415.286240642404 
1394, 422.435403377311 
1395, 419.868839221412 
1396, 426.249083364753 
1397, 438.847223857219 
1398, 451.412236219488 
1399, 464.850159535901 
1400, 480.585741126081 
1401, 501.395269221617 
1402, 519.974843679034 
1403, 539.416029018063 
1404, 557.121301445937 
1405, 574.358849358861 
1406, 591.088653835965 
1407, 618.801223063741 
1408, 655.58455713845 
1409, 697.238903069314 
1410, 743.604598459048 
1411, 785.590597154964 
1412, 829.735453233355 
1413, 867.262809126178 
1414, 902.012422939947 
1415, 932.874807125134 
1416, 959.674140698048 
1417, 982.802293370625 
1418, 1002.23591438229 
1419, 1019.48059512737 
1420, 1033.5913111486 
1421, 1044.14074125384 
1422, 1051.03837051995 
1423, 1056.55744977694 
1424, 1063.99847071667 
1425, 1059.87266189827 
1426, 1053.71314395794 
1427, 1035.93740248166 
1428, 1007.24893028635 
1429, 967.807627890265 
1430, 923.280647081207 
1431, 878.268984026666 
1432, 836.514850044371 
1433, 790.944949526062 
1434, 747.741808133319 
1435, 709.558730219384 
1436, 669.073010504894 
1437, 636.039581049263 
1438, 607.376839922183 
1439, 585.852891197631 
1440, 562.535557366448 
1441, 542.555577200166 
1442, 524.580414073907 
1443, 508.300935766511 
1444, 490.322037759956 
1445, 476.312452769279 
1446, 457.716186343731 
1447, 432.851921365418 
1448, 414.10789927185 
1449, 396.893412433224 
1450, 380.945408693398 
1451, 367.421574729601 
1452, 355.140191252058 
1453, 347.053175125942 
1454, 334.05680565173 
1455, 318.271805585418 
1456, 306.407355215108 
1457, 291.136224596931 
1458, 272.705342706838 
1459, 259.930005814931 
1460, 245.461259311106 
1461, 232.244214733825 
1462, 221.838690836955 
1463, 210.604154307959 
1464, 201.741924935807 
1465, 187.448915206312 
1466, 168.733823620647 
1467, 154.645757117999 
1468, 137.417424774616 
1469, 126.671158892546 
1470, 123.784399325393 
1471, 114.457777502463 
1472, 101.905252143175 
1473, 95.2602573875641 
1474, 86.4738574555749 
1475, 86.0210927943788 
1476, 98.5363620136861 
1477, 100.752327209388 
1478, 102.457303615632 
1479, 101.01710705333 
1480, 90.591767304293 
1481, 87.4806014189167 
1482, 88.1305108268833 
1483, 87.1457432199047 
1484, 87.6854052329076 
1485, 87.910818961954 
1486, 83.966040561216 
1487, 87.9099980755047 
1488, 93.7018380457302 
1489, 94.6000738730562 
1490, 96.9708439773294 
1491, 95.6697685845949 
1492, 94.7566335526221 
1493, 100.259951518639 
1494, 98.6880293050053 
1495, 95.4217477458705 
1496, 100.122510382494 
1497, 100.713670269753 
1498, 100.756000210783 
1499, 107.442162908961 
1500, 106.138200391954 
1501, 92.6871147592495 
1502, 91.2857818478736 
1503, 95.4142909477663 
1504, 96.233778125412 
1505, 102.556345951848 
1506, 103.037239741383 
1507, 95.9809724762459 
1508, 95.230067830357 
1509, 95.8852316500782 
1510, 95.7487766008669 
1511, 97.579358488462 
1512, 100.380776639789 
1513, 102.358852754968 
1514, 105.132213777369 
1515, 112.099205902508 
1516, 115.900459162895 
1517, 116.639440910088 
1518, 119.552129852107 
1519, 123.275489400453 
1520, 124.190002001902 
1521, 123.347476923983 
1522, 125.839733777544 
1523, 122.582585731323 
1524, 124.548566254509 
1525, 126.617080952477 
1526, 123.508487452973 
1527, 121.183860661686 
1528, 121.642534466583 
1529, 122.626140430914 
1530, 123.567705517264 
1531, 126.47669711003 
1532, 125.788172081243 
1533, 124.071764506471 
1534, 125.101426220893 
1535, 126.188816367063 
1536, 128.096184099967 
1537, 129.285781722429 
1538, 131.410663049298 
1539, 131.545187258861 
1540, 127.801831588441 
1541, 130.325887582542 
1542, 136.284478217795 
1543, 140.281511346088 
1544, 147.256774480254 
1545, 151.633275394943 
1546, 153.686157150502 
1547, 155.378533750799 
1548, 158.421703983267 
1549, 158.235436377484 
1550, 152.518051135465 
1551, 152.008465655963 
1552, 149.931728547703 
1553, 154.147391903155 
1554, 166.900415398673 
1555, 173.431810991472 
1556, 180.860626215095 
1557, 186.942379500707 
1558, 189.03651661004 
1559, 192.801261666931 
1560, 197.187771051308 
1561, 201.534811761235 
1562, 203.842279693687 
1563, 209.056544799891 
1564, 221.632929435568 
1565, 226.346990409659 
1566, 227.383836564744 
1567, 228.743898055116 
1568, 225.253062779618 
1569, 220.611133922633 
1570, 222.151066010149 
1571, 221.352938164557 
1572, 217.001273302876 
1573, 219.951802946884 
1574, 227.012366541016 
1575, 232.185857303147 
1576, 242.781297742519 
1577, 249.398507934475 
1578, 251.520864339123 
1579, 257.718373406711 
1580, 262.610435683945 
1581, 266.32858229214 
1582, 274.357106594667 
1583, 285.174469812932 
1584, 293.456271871853 
1585, 303.433767432834 
1586, 310.961740945346 
1587, 315.048196709975 
1588, 323.009431704309 
1589, 334.047307282379 
1590, 341.068147617668 
1591, 347.894911553531 
1592, 351.74296775207 
1593, 353.193617527179 
1594, 353.2008332662 
1595, 349.550023115746 
1596, 350.098360608844 
1597, 350.977569399981 
1598, 350.560643258189 
1599, 352.504676890311 
1600, 353.067319308722 
1601, 349.316167629284 
1602, 350.144879966889 
1603, 354.092009552432 
1604, 357.105432940876 
1605, 362.854361226485 
1606, 365.188313028837 
1607, 363.161151804152 
1608, 366.979292676219 
1609, 373.785896271466 
1610, 377.255714027485 
1611, 383.611532448892 
1612, 387.723472155269 
1613, 385.374202474519 
1614, 387.847563057104 
1615, 394.095573087869 
1616, 398.607449155122 
1617, 405.883545497996 
1618, 408.792616410867 
1619, 407.109979975407 
1620, 408.879210775977 
1621, 409.188105813928 
1622, 411.048628860432 
1623, 415.961442950182 
1624, 420.379639118639 
1625, 426.205792521036 
1626, 429.122369729029 
1627, 428.97018479118 
1628, 432.658464538189 
1629, 438.278064088444 
1630, 440.774590989283 
1631, 446.20510058847 
1632, 448.051245885703 
1633, 440.871175845789 
1634, 439.939298143228 
1635, 446.758273716526 
1636, 445.538750308835 
1637, 441.56049197972 
1638, 438.162912802063 
1639, 422.970413981574 
1640, 418.763078579694 
1641, 426.619356249785 
1642, 429.219098171075 
1643, 434.382334338988 
1644, 438.775334139218 
1645, 437.678426964787 
1646, 439.909261607881 
1647, 446.976417906722 
1648, 451.692132879293 
1649, 456.62385531189 
1650, 460.371455843939 
1651, 460.744771521922 
1652, 463.769845908913 
1653, 465.523182140891 
1654, 466.660369679985 
1655, 468.882285613426 
1656, 469.760221101256 
1657, 477.688558956945 
1658, 490.66923397851 
1659, 496.300396116801 
1660, 505.104309431918 
1661, 505.984737176445 
1662, 497.123685984776 
1663, 497.247475664964 
1664, 499.226437319461 
1665, 500.394299372536 
1666, 504.128613574187 
1667, 504.541452771067 
1668, 501.894188292647 
1669, 503.352083956609 
1670, 505.91844477535 
1671, 507.800530438003 
1672, 510.965355356399 
1673, 514.907470382563 
1674, 517.697731002793 
1675, 523.398996165822 
1676, 533.696227052075 
1677, 536.687470841064 
1678, 537.577050041525 
1679, 538.470049827534 
1680, 534.404838979765 
1681, 536.984507682936 
1682, 542.343255389925 
1683, 548.299929499889 
1684, 557.103252378148 
1685, 563.729757052928 
1686, 571.947594405466 
1687, 575.634467416222 
1688, 577.738659373127 
1689, 577.326308560947 
1690, 572.739806173476 
1691, 570.007011520515 
1692, 564.27526285582 
1693, 566.051149204196 
1694, 571.664913737319 
1695, 575.207687831372 
1696, 583.14688444244 
1697, 585.663414750199 
1698, 584.899090081804 
1699, 584.877204893733 
1700, 582.467295583637 
1701, 584.444180477441 
1702, 587.314806614217 
1703, 589.549160518584 
1704, 595.085370633161 
1705, 598.30812280647 
1706, 599.612019492613 
1707, 601.730064265878 
1708, 604.144168474532 
1709, 605.508411848266 
1710, 604.693816450287 
1711, 607.932140343632 
1712, 614.133907109621 
1713, 617.088308746471 
1714, 620.5854897762 
1715, 623.408942474429 
1716, 622.801850375346 
1717, 622.630150602375 
1718, 623.171667278713 
1719, 620.04886162976 
1720, 620.402266283256 
1721, 621.585502940122 
1722, 622.237065829585 
1723, 622.099175756943 
1724, 619.404509246392 
1725, 623.340824404088 
1726, 627.612936248683 
1727, 626.325933927421 
1728, 627.680952419121 
1729, 623.319112086645 
1730, 614.913417366747 
1731, 612.959445780355 
1732, 610.322558932667 
1733, 603.961063813886 
1734, 600.120598219207 
1735, 594.51866399808 
1736, 587.772251667053 
1737, 590.947059820578 
1738, 597.49736286105 
1739, 602.995491760959 
1740, 608.195089665119 
1741, 609.019273229151 
1742, 607.123663836479 
1743, 605.731880682486 
1744, 608.326327622513 
1745, 608.733269604536 
1746, 604.127422726833 
1747, 604.266713528416 
1748, 607.085792463269 
1749, 608.104720004461 
1750, 609.062572007321 
1751, 607.862050985472 
1752, 605.037428432555 
1753, 609.638871392744 
1754, 615.169615966498 
1755, 615.198732085506 
1756, 617.466263983329 
1757, 617.673822239047 
1758, 615.717563966334 
1759, 618.33398168646 
1760, 619.007121413418 
1761, 611.654163515428 
1762, 606.399023897238 
1763, 601.282895120965 
1764, 595.79325749848 
1765, 589.397886299073 
1766, 584.503676300539 
1767, 581.113044877315 
1768, 577.214177786098 
1769, 575.814516161584 
1770, 572.508873098424 
1771, 568.199497057715 
1772, 560.90529656978 
1773, 549.180663659584 
1774, 542.286177856983 
1775, 536.165918986982 
1776, 528.852238696701 
1777, 524.056627263698 
1778, 518.647955796452 
1779, 508.957934812722 
1780, 504.105487979659 
1781, 504.842951757866 
1782, 501.763431376002 
1783, 500.927454782995 
1784, 495.29023809712 
1785, 482.203695567986 
1786, 475.62559510875 
1787, 470.94395822153 
1788, 464.698553181198 
1789, 463.982021618915 
1790, 456.113976818363 
1791, 442.103602782845 
1792, 429.226663728542 
1793, 414.689234581096 
1794, 402.472837413158 
1795, 390.373937441608 
1796, 377.334054496519 
1797, 359.072275069609 
1798, 338.233760976121 
1799, 319.089132925312 
1800, 294.576999924611 
1801, 1791.35695891049 
1802, 1688.48931015497 
1803, 1614.89952539546 
1804, 1552.48376725998 
1805, 1503.18675266976 
1806, 1481.10314803377 
1807, 1462.21561679998 
1808, 1422.08274582484 
1809, 1376.12959385592 
1810, 1326.19451566754 
1811, 1260.40770464358 
1812, 1200.51376947123 
1813, 1139.71094772311 
1814, 1085.04111693745 
1815, 1025.84087081199 
1816, 962.252205566028 
1817, 900.722719861768 
1818, 842.10629101667 
1819, 800.081401058254 
1820, 772.304426273409 
1821, 743.984934601946 
1822, 733.372668387244 
1823, 715.345863055315 
1824, 683.264876326258 
1825, 623.48101064058 
1826, 562.388615180748 
1827, 516.355515884579 
1828, 464.404611790935 
1829, 412.645769109225 
1830, 359.659692917818 
1831, 308.083685340518 
1832, 242.5977668099 
1833, 180.779285082745 
1834, 157.718379830008 
1835, 143.309337952458 
1836, 119.751334369166 
1837, 104.064041375301 
1838, 76.1780715297988 
1839, 62.056085969645 
1840, 48.2664956884755 
1841, 50.7713648698879 
1842, 68.6327752021087 
1843, 95.709548411918 
1844, 111.044735447124 
1845, 118.533804133317 
1846, 127.636881141847 
1847, 111.061029294725 
1848, 101.874961514695 
1849, 110.711369387964 
1850, 116.491835047285 
1851, 124.284490755214 
1852, 141.378802120562 
1853, 139.801865245722 
1854, 131.099485099292 
1855, 130.779235709055 
1856, 122.484916894496 
1857, 126.391658672178 
1858, 130.626067810647 
1859, 129.647336286069 
1860, 115.383568112379 
1861, 115.742456007153 
1862, 129.939157091841 
1863, 145.772568208099 
1864, 168.580543254052 
1865, 192.067936405822 
1866, 196.35151341186 
1867, 196.570626893792 
1868, 173.773923792591 
1869, 122.421688742965 
1870, 95.1127535323577 
1871, 65.7075975020805 
1872, 53.468150137397 
1873, 61.9772618076915 
1874, 76.3276937917812 
1875, 92.2414511653095 
1876, 94.8927125681827 
1877, 81.232102544939 
1878, 93.703853964955 
1879, 117.118238268753 
1880, 127.246525662568 
1881, 133.065929217283 
1882, 143.103273638822 
1883, 145.895975108586 
1884, 141.853908539613 
1885, 138.467389658424 
1886, 135.313813227287 
1887, 140.028591418214 
1888, 121.121702657054 
1889, 91.0342339200165 
1890, 90.2825225795589 
1891, 87.41954258926 
1892, 79.5794032891677 
1893, 82.6103354850662 
1894, 114.611431685683 
1895, 129.394628957848 
1896, 128.04515381299 
1897, 120.139814345439 
1898, 106.921967646929 
1899, 85.8295877799354 
1900, 71.7819720929396 
1901, 63.5530296826697 
1902, 59.8592425473329 
1903, 58.9285899273464 
1904, 57.2030527591636 
1905, 61.3868920635196 
1906, 61.6116741946209 
1907, 50.2840814543444 
1908, 54.6273927874963 
1909, 53.9092426699056 
1910, 50.0277715641412 
1911, 48.5405875250918 
1912, 47.8487673448385 
1913, 40.7978059260345 
1914, 21.7680060873391 
1915, 23.1609467773006 
1916, 48.7292425826934 
1917, 79.387493856873 
1918, 107.071301020905 
1919, 131.128040966076 
1920, 124.362163229475 
1921, 101.790403285655 
1922, 92.9006925987228 
1923, 88.7514062539541 
1924, 80.5540301556281 
1925, 72.2945376711101 
1926, 66.8383669734006 
1927, 62.709927471453 
1928, 54.5944907259955 
1929, 39.7601007947012 
1930, 46.3618559309962 
1931, 44.1824258305018 
1932, 28.5704911953162 
1933, 31.8881813386347 
1934, 55.1517828864741 
1935, 60.6759545633661 
1936, 59.736913641921 
1937, 71.4202412764126 
1938, 94.5055764326573 
1939, 93.9286429494919 
1940, 83.9983321160675 
1941, 81.4809688460268 
1942, 67.9431964345776 
1943, 56.3496364294181 
1944, 44.7076556013649 
1945, 46.2489246841332 
1946, 39.2844345528576 
1947, 14.6696815086646 
1948, 0.531883694784715 
1949,-15.3025930493557 
1950,-7.31127428625509 
1951,-1.81883381553586 
1952, 17.780744206491 
1953, 40.0567543411203 
1954, 54.8535757217379 
1955, 61.6516028025994 
1956, 53.1575470724923 
1957, 56.0625331494361 
1958, 61.2303429956553 
1959, 57.7147183735168 
1960, 49.188475433601 
1961, 55.2175800944341 
1962, 44.9001353475747 
1963, 39.9288215787637 
1964, 47.8081281936999 
1965, 54.747782702211 
1966, 55.0487583670981 
1967, 52.9839831030409 
1968, 54.1785946335337 
1969, 49.5543285498116 
1970, 48.6356739672805 
1971, 48.8634082818442 
1972, 51.5959865292075 
1973, 62.831261864766 
1974, 67.1143744112652 
1975, 57.360278957197 
1976, 42.473459585387 
1977, 18.4257820325038 
1978, 11.1829410333629 
1979, 19.9925675444255 
1980, 61.5996181168057 
1981, 78.474096471354 
1982, 107.614081007804 
1983, 114.697218511266 
1984, 91.4689087268693 
1985, 85.741573076933 
1986, 80.2397415745858 
1987, 72.2192238300234 
1988, 82.1333437154247 
1989, 80.9065133529904 
1990, 77.6590345099676 
1991, 75.0514018926833 
1992, 64.3202268464853 
1993, 39.1274083828597 
1994, 31.5618614506244 
1995, 21.7907555005402 
1996, 22.5288176195374 
1997, 42.7793138531283 
1998, 52.4815325136111 
1999, 62.1703425111585 
2000, 56.9628092490756 
2001, 49.5339479292469 
2002, 59.888263152009 
2003, 54.4817313280084 
2004, 51.6398272340252 
2005, 41.9368141575274 
2006, 1.56140223831168 
2007,-2.93797287229954 
2008, 22.7352463044995 
2009, 27.17348624577 
2010, 42.0698714928684 
2011, 45.3416540379523 
2012, 41.4938346140515 
2013, 20.5494647849636 
2014, 16.2700256022236 
2015, 23.558064940761 
2016, 24.0770484190527 
2017, 26.8658159143086 
2018, 25.0656507895627 
2019, 21.9280288940155 
2020, 16.2336804773557 
2021,-0.804427570556514 
2022,-9.10768641539916 
2023,-21.5012994035695 
2024,-18.1967570911206 
2025,-9.56271669114066 
2026, 2.99437161791209 
2027, 7.66810795913546 
2028, 9.24491059393639 
2029, 14.2158372074809 
2030, 14.2863360129946 
2031, 23.133790288748 
2032, 36.8106716622054 
2033, 56.2895709163184 
2034, 85.4433348865527 
2035, 106.21956193723 
2036, 151.416891591912 
2037, 159.078961925044 
2038, 135.101023006635 
2039, 115.122911247533 
2040, 96.9912756308034 
2041, 51.7996996708039 
2042, 38.1265376983043 
2043, 43.8215422835776 
2044, 46.2514203208869 
2045, 61.0198947589359 
2046, 65.4612692227686 
2047, 71.3900036398589 
2048, 74.9908284890252 
2049, 69.9696390508053 
2050, 67.9131558780699 
2051, 66.6195165011214 
2052, 71.2097637741398 
2053, 65.5894604711316 
2054, 52.6348998198488 
2055, 45.0038048006671 
2056, 23.0418642337945 
2057, 30.8862592483696 
2058, 65.8900888394939 
2059, 75.3157728843138 
2060, 99.7020602667062 
2061, 100.342311271472 
2062, 57.8989283533266 
2063, 47.6747069932712 
2064, 44.480193638663 
2065, 44.5311494237937 
2066, 62.3964136281041 
2067, 79.0692250924647 
2068, 84.0780838981166 
2069, 82.4090729941086 
2070, 86.0610908555994 
2071, 84.2921760786775 
2072, 86.2642930546222 
2073, 98.9790304640583 
2074, 94.3590799111746 
2075, 73.0566154518424 
2076, 68.7324966753555 
2077, 58.317194238627 
2078, 60.0518593201569 
2079, 88.1778334285164 
2080, 98.8811519681086 
2081, 107.779049624664 
2082, 111.914320083566 
2083, 106.413455934144 
2084, 81.449034774926 
2085, 81.9155139316388 
2086, 85.3078170579227 
2087, 92.9075394588563 
2088, 123.74161531338 
2089, 129.474865952581 
2090, 119.916220295153 
2091, 118.859045877458 
2092, 106.536716750425 
2093, 106.51173271626 
2094, 123.626389313993 
2095, 129.095282957735 
2096, 125.056979314264 
2097, 135.695325554852 
2098, 140.288197985949 
2099, 140.41443221778 
2100, 140.808046849936 
2101, 142.055574967604 
2102, 145.985156923594 
2103, 149.179238221522 
2104, 150.872566235438 
2105, 154.701316786289 
2106, 160.809828674276 
2107, 162.684500512109 
2108, 167.75311226142 
2109, 171.994585678046 
2110, 188.417866959099 
2111, 213.569879348406 
2112, 241.288591777169 
2113, 266.470767202427 
2114, 277.851414750995 
2115, 276.414951900801 
2116, 241.631492316834 
2117, 239.922681990545 
2118, 242.99429702515 
2119, 251.842158800633 
2120, 287.252411719769 
2121, 293.673041313179 
2122, 274.196932606838 
2123, 281.55451663115 
2124, 286.649766656147 
2125, 300.637955935608 
2126, 357.779145236589 
2127, 377.892397089213 
2128, 380.366056998903 
2129, 371.457741628736 
2130, 369.060858253445 
2131, 347.827104674506 
2132, 349.649547246759 
2133, 370.792109425454 
2134, 374.006943748663 
2135, 365.616845965723 
2136, 377.214632276868 
2137, 395.291293335192 
2138, 409.566789863367 
2139, 442.97052829695 
2140, 458.354572580336 
2141, 448.326325075532 
2142, 457.890834262857 
2143, 480.70763724836 
2144, 492.724722089519 
2145, 505.713640553014 
2146, 522.653900376656 
2147, 522.487684087378 
2148, 514.970987398433 
2149, 521.308353142322 
2150, 535.261223788386 
2151, 542.492973061446 
2152, 558.524662299891 
2153, 559.182427053047 
2154, 535.098383999281 
2155, 542.140003582918 
2156, 558.712279873612 
2157, 574.192703690013 
2158, 610.220812435249 
2159, 635.783113811352 
2160, 654.500743945385 
2161, 672.685003541089 
2162, 696.946598081541 
2163, 712.653104940072 
2164, 733.300374996796 
2165, 721.101613706545 
2166, 724.511838389374 
2167, 723.599277033915 
2168, 728.492850107262 
2169, 735.603333297422 
2170, 745.475029379112 
2171, 755.541461661062 
2172, 772.941247316976 
2173, 792.317789501061 
2174, 817.872077055346 
2175, 859.307023972943 
2176, 884.654130645709 
2177, 911.551924677831 
2178, 929.502249707258 
2179, 936.665846628516 
2180, 941.068429335057 
2181, 932.11460189996 
2182, 933.306612963246 
2183, 929.674999912806 
2184, 934.204213437613 
2185, 953.656757450513 
2186, 976.549814111696 
2187, 1007.76342685921 
2188, 1053.97009175973 
2189, 1082.85086784373 
2190, 1122.61709824731 
2191, 1134.34045274872 
2192, 1122.30680626331 
2193, 1116.35299728724 
2194, 1093.16000981584 
2195, 1082.96077802198 
2196, 1081.57443133159 
2197, 1075.42464738943 
2198, 1060.41355841927 
2199, 1061.30915492461 
2200, 1068.97864655857 
2201, 1076.10084536067 
2202, 1091.97002680872 
2203, 1112.75774606533 
2204, 1132.59845852379 
2205, 1158.51195239639 
2206, 1193.97235171133 
2207, 1224.86230875862 
2208, 1249.26864322731 
2209, 1268.60968048209 
2210, 1284.53487841412 
2211, 1293.79658308492 
2212, 1307.4418038548 
2213, 1316.86485200487 
2214, 1329.65319766752 
2215, 1352.24943163628 
2216, 1359.88047916932 
2217, 1362.64796490904 
2218, 1363.31503989894 
2219, 1347.03390988878 
2220, 1344.64645423722 
2221, 1343.7428528077 
2222, 1349.9597453837 
2223, 1382.12933464422 
2224, 1387.75127303347 
2225, 1380.41546303276 
2226, 1374.49976592568 
2227, 1349.80967864312 
2228, 1328.87474993855 
2229, 1314.87400735265 
2230, 1321.10309788623 
2231, 1329.83446661248 
2232, 1348.90300862598 
2233, 1358.41184068158 
2234, 1376.9693256067 
2235, 1382.01037258276 
2236, 1371.42766384471 
2237, 1376.65622126073 
2238, 1396.22216751016 
2239, 1391.83251130403 
2240, 1374.82683318324 
2241, 1369.95630431046 
2242, 1350.10644569186 
2243, 1342.21935565594 
2244, 1363.30298574701 
2245, 1360.73480575576 
2246, 1334.14246119247 
2247, 1328.73047623575 
2248, 1326.87538594201 
2249, 1325.20714542088 
2250, 1345.47043467553 
2251, 1348.07545823164 
2252, 1341.28932963098 
2253, 1326.04486918696 
2254, 1310.02870894913 
2255, 1292.93853413395 
2256, 1270.86840875726 
2257, 1247.34172147518 
2258, 1221.61550676482 
2259, 1183.88246336903 
2260, 1166.5569744001 
2261, 1158.72567606064 
2262, 1147.03804914726 
2263, 1149.22065854018 
2264, 1137.30081691766 
2265, 1116.43842989375 
2266, 1094.15615627141 
2267, 1061.84668755688 
2268, 1042.15929221831 
2269, 1024.7248252999 
2270, 1010.71017808793 
2271, 1007.31581129879 
2272, 1000.40335552608 
2273, 995.253491638552 
2274, 983.446611857649 
2275, 973.588024855611 
2276, 955.048121499477 
2277, 919.135575742971 
2278, 894.450365633099 
2279, 874.81534623658 
2280, 851.137020781537 
2281, 822.958775451532 
2282, 812.97473908841 
2283, 782.266004190477 
2284, 754.429847683283 
2285, 737.441849238566 
2286, 714.711181714342 
2287, 709.626012613674 
2288, 709.716013901966 
2289, 703.056978448997 
2290, 702.613341990247 
2291, 687.225334957349 
2292, 660.256916238003 
2293, 636.447562969097 
2294, 604.090931460762 
2295, 585.065915086136 
2296, 570.279147396252 
2297, 557.488361267261 
2298, 549.343426934775 
2299, 543.019575688606 
2300, 539.766215117294 
2301, 535.280505976851 
2302, 537.901944525251 
2303, 535.011274516492 
2304, 530.007463363252 
2305, 523.451729958668 
2306, 512.51118002666 
2307, 500.307190878747 
2308, 480.035806486327 
2309, 468.313222089289 
2310, 463.228124573621 
2311, 458.358054253245 
2312, 462.343555167217 
2313, 457.061432756348 
2314, 454.154872865538 
2315, 437.73717384234 
2316, 396.206407424023 
2317, 364.056283218449 
2318, 314.714977144771 
2319, 269.116064596613 
2320, 261.760938757962 
2321, 253.435403362261 
2322, 265.062281058835 
2323, 278.34846525735 
2324, 281.457486351077 
2325, 287.519972621638 
2326, 278.963572368238 
2327, 291.821254288405 
2328, 298.124965133558 
2329, 308.050437916472 
2330, 300.657689831361 
2331, 286.843795411824 
2332, 276.631761410942 
2333, 254.024890836115 
2334, 244.385186423601 
2335, 247.781061928371 
2336, 241.64171219231 
2337, 229.232959012679 
2338, 224.072760983236 
2339, 225.738291946545 
2340, 214.380825412343 
2341, 195.484242463281 
2342, 186.750068518944 
2343, 168.95198442023 
2344, 168.402837664317 
2345, 189.261231368768 
2346, 198.154750313391 
2347, 214.793525664971 
2348, 215.246606248322 
2349, 200.964028367281 
2350, 194.273469187014 
2351, 180.905114832973 
2352, 172.270822012555 
2353, 158.272483314253 
2354, 163.000725339873 
2355, 188.627746005784 
2356, 195.846350001811 
2357, 221.332043061558 
2358, 220.024548200851 
2359, 176.89692130817 
2360, 157.322157724575 
2361, 138.652175186143 
2362, 124.009516906398 
2363, 118.732603308572 
2364, 117.441721706102 
2365, 109.016939574141 
2366, 111.484314926018 
2367, 105.538136028908 
2368, 93.0046219836928 
2369, 87.0394282265552 
2370, 59.2725110833418 
2371, 38.5795260008375 
2372, 50.1045262740434 
2373, 78.0952730884653 
2374, 95.7925854910782 
2375, 115.206453057573 
2376, 121.790158041934 
2377, 92.1709820367797 
2378, 79.4029318508394 
2379, 81.3472293718658 
2380, 83.6889437135526 
2381, 96.7729143662714 
2382, 111.112472144744 
2383, 109.945799008948 
2384, 105.60315407631 
2385, 106.101572277859 
2386, 96.0492601157654 
2387, 98.7914312903504 
2388, 107.155791291017 
2389, 93.4290003110498 
2390, 81.071267341344 
2391, 76.2556264900718 
2392, 52.6219974770915 
2393, 50.207347948545 
2394, 87.2247146052447 
2395, 106.533141567318 
2396, 118.365504040979 
2397, 125.326427253625 
2398, 101.316165250143 
2399, 88.2718823712235 
2400, 79.9850093721744 
2401, 77.765481990583 
2402, 91.320055888247 
2403, 105.655883194467 
2404, 134.024988132539 
2405, 141.18856204382 
2406, 139.161432556171 
2407, 145.103659630694 
2408, 144.239645299216 
2409, 137.273299952707 
2410, 138.504508268604 
2411, 124.487013197715 
2412, 90.0569974759235 
2413, 68.0081692324551 
2414, 42.0533672851131 
2415, 40.9053129828036 
2416, 52.2662925290532 
2417, 58.4241626669477 
2418, 84.6744586341107 
2419, 81.7951302173313 
2420, 53.0647702569606 
2421, 50.932739027188 
2422, 59.1207217346208 
2423, 56.6076552024683 
2424, 65.4580403096585 
2425, 59.2122960681663 
2426, 24.222320918774 
2427, 16.218493305506 
2428, 21.7841298713059 
2429, 23.3527359523266 
2430, 33.1186038472818 
2431, 36.6801934801257 
2432, 38.7161142717582 
2433, 40.531536345268 
2434, 40.9536395162672 
2435, 41.1979479640841 
2436, 34.07645652962 
2437, 38.09697346812 
2438, 45.3134213731483 
2439, 64.9393813220183 
2440, 106.549907410137 
2441, 114.567942615117 
2442, 115.456284706996 
2443, 112.222261658508 
2444, 90.9719167799788 
2445, 77.9742850171899 
2446, 49.779849226471 
2447, 26.2880524732105 
2448, 27.1636986408614 
2449, 48.8276791828992 
2450, 90.3241974727258 
2451, 117.946320420942 
2452, 126.2381243658 
2453, 138.54304174459 
2454, 142.419915138985 
2455, 135.300540044575 
2456, 131.576847360884 
2457, 106.393149703991 
2458, 78.5435521715655 
2459, 78.2180146949714 
2460, 74.9194213177572 
2461, 67.9876160274841 
2462, 61.508774566286 
2463, 61.8666724117526 
2464, 56.8442251488106 
2465, 36.2161183318804 
2466, 40.2139218787296 
2467, 48.902435847392 
2468, 29.7325596227583 
2469, 38.6101189096278 
2470, 42.4797360464884 
2471, 12.0206722100467 
2472, 6.57033470354725 
2473,-1.85002921935847 
2474,-1.70468294901316 
2475, 19.7233691546048 
2476, 38.2462674647264 
2477, 69.692115749743 
2478, 80.2355936691377 
2479, 62.9605006270478 
2480, 56.137566595884 
2481, 45.6952230826185 
2482, 37.5487942579526 
2483, 56.5274004293495 
2484, 69.8655838727832 
2485, 67.5072916075843 
2486, 68.1100210920892 
2487, 56.2232325229298 
2488, 37.2360457616869 
2489, 39.0332162333122 
2490, 47.0229352103809 
2491, 47.8350114466406 
2492, 39.4195859036577 
2493, 28.7683103715403 
2494, 23.2387586277403 
2495, 41.7308865249855 
2496, 85.9359549262723 
2497, 105.827486159431 
2498, 119.611116267604 
2499, 105.499694436639 
2500, 98.2122745394429 
