Wavelength,0212202100029.asd
350, 3846.30702841869 
351, 4043.6601787496 
352, 4226.83522185553 
353, 4382.50656423686 
354, 4538.30172488285 
355, 4701.99528763005 
356, 4872.7893205676 
357, 5042.01057955223 
358, 5217.86878085864 
359, 5407.59706926366 
360, 5620.33043626886 
361, 5877.04713165209 
362, 6168.44206284117 
363, 6480.87713140391 
364, 6799.62709577229 
365, 7122.64750729783 
366, 7430.51341965474 
367, 7698.85380872094 
368, 7900.95096757386 
369, 8019.49694902083 
370, 8061.98247140941 
371, 8052.86306251582 
372, 8029.57220707109 
373, 8024.899694239 
374, 8043.13664687648 
375, 8067.93051404035 
376, 8096.17909033313 
377, 8110.92405491103 
378, 8092.05987389093 
379, 8018.17980452048 
380, 7925.73777616882 
381, 7821.12445987562 
382, 7702.01107672723 
383, 7561.54820796165 
384, 7418.80812210073 
385, 7324.90007697339 
386, 7341.29179487395 
387, 7498.76093011081 
388, 7710.55230597273 
389, 7891.42082870639 
390, 7978.69697900953 
391, 8078.71317872787 
392, 8171.73343822381 
393, 8239.93159596636 
394, 8312.55642922427 
395, 8505.06305201258 
396, 8867.45411436854 
397, 9414.82598039224 
398, 10163.5458444979 
399, 11011.3583177189 
400, 11881.4871671962 
401, 12727.5754559395 
402, 13523.3395558424 
403, 14180.2654542979 
404, 14662.6573786983 
405, 15041.4834748351 
406, 15341.540848392 
407, 15612.822192453 
408, 15915.6756068422 
409, 16321.8933880875 
410, 16803.5139823357 
411, 17332.958234865 
412, 17884.900423833 
413, 18433.8293636365 
414, 18974.8483465365 
415, 19493.4091391755 
416, 19949.8617415481 
417, 20391.0419898621 
418, 20842.9184972462 
419, 21306.5845547343 
420, 21713.0242348782 
421, 22127.6618723688 
422, 22579.1436184787 
423, 23057.7633437326 
424, 23499.9001549975 
425, 23848.7140850055 
426, 24052.0738583704 
427, 24055.5231299111 
428, 23975.1777472263 
429, 24019.0919570404 
430, 24341.6904529425 
431, 24787.4237909504 
432, 25385.8701634746 
433, 26264.3171599227 
434, 27563.1537704549 
435, 28903.0963520089 
436, 29927.7095802771 
437, 30578.8351500589 
438, 31271.8921941613 
439, 31979.4581044549 
440, 32648.7665576409 
441, 33263.5354138264 
442, 34049.3229718287 
443, 34866.7676910975 
444, 35613.2865278804 
445, 36231.5166626903 
446, 36729.3661865218 
447, 37181.7434968673 
448, 37665.6710969802 
449, 38255.9225047071 
450, 38738.5724503072 
451, 38989.7175183296 
452, 38975.7247104121 
453, 38880.4839245195 
454, 38671.4915887492 
455, 38407.4119495492 
456, 38229.0736579423 
457, 38193.2708377769 
458, 38211.1953875969 
459, 38191.115049224 
460, 38098.0246130426 
461, 37954.7612819478 
462, 37796.9879538153 
463, 37642.4569316853 
464, 37391.9753866893 
465, 37008.0508837022 
466, 36540.0736020037 
467, 36118.2957353166 
468, 35759.0755719903 
469, 35494.9147243642 
470, 35342.555380933 
471, 35294.6427355278 
472, 35266.1696109537 
473, 35267.7935080243 
474, 35334.7806107191 
475, 35330.6017464321 
476, 35303.3437009612 
477, 35296.192109742 
478, 35324.182043813 
479, 35449.8411418543 
480, 35614.2676492789 
481, 35719.7983147526 
482, 35680.0118695968 
483, 35397.9552155835 
484, 34821.1169580231 
485, 33975.8948385469 
486, 33183.7657500832 
487, 32639.493230945 
488, 32498.6965704184 
489, 32906.6268259422 
490, 33517.6266455219 
491, 34008.9452201823 
492, 34182.9503632248 
493, 34253.7180202142 
494, 34361.2429701129 
495, 34565.1120347418 
496, 34835.0271410823 
497, 34917.4757770557 
498, 34817.8352454527 
499, 34596.1452505292 
500, 34300.1338823132 
501, 34090.0811281744 
502, 34023.0911510933 
503, 34115.7867555624 
504, 34454.8196951133 
505, 34912.1196731392 
506, 35365.2286555024 
507, 35719.4605599513 
508, 35989.3728902948 
509, 36204.00140856 
510, 36407.1392486006 
511, 36679.9729518216 
512, 36863.0219746046 
513, 36891.4202983335 
514, 36757.8348083959 
515, 36446.2757899156 
516, 36029.790940913 
517, 35632.4122248869 
518, 35421.8854100032 
519, 35761.2245014807 
520, 36660.318436119 
521, 37890.1141273322 
522, 38899.1064498714 
523, 39651.8140387069 
524, 40184.2762784615 
525, 40577.5566185948 
526, 40740.3208500553 
527, 40810.4991305598 
528, 41045.4454126686 
529, 41906.0159136978 
530, 43000.7360102683 
531, 43899.6957636362 
532, 44266.4687078743 
533, 44390.1625029166 
534, 44602.5643618689 
535, 45069.4869332999 
536, 45755.3425364939 
537, 46237.5369607779 
538, 46452.1618376762 
539, 46474.431373191 
540, 46461.4771489362 
541, 46512.8966311903 
542, 46769.740464692 
543, 47340.673173982 
544, 47975.7472351961 
545, 48520.7528364973 
546, 48895.9714245132 
547, 49109.0011944642 
548, 49252.8888032202 
549, 49426.7550155542 
550, 49689.2371450873 
551, 49955.0380747539 
552, 50158.2108709866 
553, 50308.1594115198 
554, 50471.4110478796 
555, 50598.5433670882 
556, 50553.3109098945 
557, 50264.4851257721 
558, 49799.0547059823 
559, 49410.3908549247 
560, 49249.8118345137 
561, 49368.4683217615 
562, 49613.208987871 
563, 49750.1075236511 
564, 49672.8456796397 
565, 49434.7539682205 
566, 49095.5931250592 
567, 48759.6908434653 
568, 48489.1953154941 
569, 48204.0964195888 
570, 47824.3822224122 
571, 47466.7766741193 
572, 47352.7185942149 
573, 47432.4526202393 
574, 47443.1962664283 
575, 47224.3918016038 
576, 46820.9599949591 
577, 46457.7678964697 
578, 46272.1491236282 
579, 46331.7150863532 
580, 46577.2698746399 
581, 47004.8083726642 
582, 47519.7370811591 
583, 47945.5735873013 
584, 48207.6824179556 
585, 48184.3669210426 
586, 47866.5144273192 
587, 47505.0249399211 
588, 47069.6586636396 
589, 46465.2535949738 
590, 45682.926478944 
591, 45476.0981382458 
592, 45750.0316874446 
593, 46144.861390529 
594, 46084.8721220443 
595, 45827.8270774801 
596, 45489.2355480868 
597, 45132.6106943388 
598, 44733.8367505626 
599, 44247.8360612022 
600, 43722.4290319329 
601, 43268.6077820288 
602, 42918.1239733483 
603, 42736.8450723907 
604, 42721.6436497461 
605, 42763.6384041663 
606, 42661.1892650272 
607, 42413.2306156309 
608, 42106.3108519406 
609, 41807.8319719524 
610, 41522.1856873901 
611, 41264.4945117074 
612, 41057.99259911 
613, 40831.7301652504 
614, 40560.4804590316 
615, 40264.1452920133 
616, 40036.4180539497 
617, 39896.5402904133 
618, 39907.9871530009 
619, 40107.1412392113 
620, 40293.3598600095 
621, 40308.2982930699 
622, 40103.7931501277 
623, 39761.2603707131 
624, 39383.4963514664 
625, 39033.5734188469 
626, 38741.9655311411 
627, 38497.8739635428 
628, 38244.8001696069 
629, 37993.3066684786 
630, 37809.4062790064 
631, 37824.03720653 
632, 37949.2637360694 
633, 38104.5274673869 
634, 38276.7111877943 
635, 38404.7930776328 
636, 38488.782188219 
637, 38545.0176023256 
638, 38563.8632978519 
639, 38499.4463400214 
640, 38318.609929299 
641, 38017.4634088091 
642, 37795.4464745075 
643, 37673.8883733379 
644, 37600.7779838417 
645, 37451.7314406712 
646, 37223.128760324 
647, 36943.6666582238 
648, 36663.6564909337 
649, 36424.5879137003 
650, 36227.5011062481 
651, 36118.4268415007 
652, 36174.769940611 
653, 36084.5226008019 
654, 35666.0146259723 
655, 34894.306416425 
656, 33969.5641946562 
657, 33318.5420292568 
658, 33365.0346264536 
659, 34299.5136813903 
660, 35140.1777726152 
661, 35592.9992423239 
662, 35681.7161934093 
663, 35725.0383200835 
664, 35681.5497112266 
665, 35622.6461265272 
666, 35607.111518078 
667, 35611.1266216406 
668, 35595.9194016528 
669, 35564.5917245338 
670, 35537.0271227491 
671, 35458.3571663567 
672, 35367.3052095536 
673, 35313.9643825234 
674, 35348.8244594213 
675, 35394.2096241532 
676, 35423.1308071443 
677, 35433.1453425408 
678, 35453.1962779589 
679, 35461.6715355168 
680, 35455.5122823722 
681, 35441.3379781755 
682, 35417.0783069207 
683, 35335.4678665626 
684, 35044.1646933848 
685, 34257.3625130264 
686, 32859.5976205975 
687, 30954.2957515268 
688, 29016.2162689683 
689, 28353.8624435639 
690, 29038.095634246 
691, 30495.6428863612 
692, 31787.4742573242 
693, 32920.3857827924 
694, 33740.9418929558 
695, 34228.2298838214 
696, 34547.3350994532 
697, 34802.034414917 
698, 34960.3030993482 
699, 34974.5829666287 
700, 34898.8228908483 
701, 34820.3887533542 
702, 34815.0514672124 
703, 34940.1334816423 
704, 35208.9343163786 
705, 35520.2471581581 
706, 35777.9863227284 
707, 35916.4469565147 
708, 36030.8201607726 
709, 36134.2109062589 
710, 36222.7153645503 
711, 36316.8190061102 
712, 36379.6536171113 
713, 36396.8218281 
714, 36358.0159431771 
715, 36206.9811419601 
716, 35801.5543499581 
717, 35072.3881101646 
718, 34056.8133560741 
719, 33207.1307940115 
720, 32910.4095428943 
721, 33315.7059089427 
722, 34117.7274328966 
723, 34652.6235005834 
724, 34723.2521178883 
725, 34487.4174469212 
726, 34464.3522491409 
727, 34568.3592968781 
728, 34685.2373429112 
729, 34743.1167129297 
730, 34946.3689423714 
731, 35325.6755827446 
732, 35835.8199886253 
733, 36370.4367129141 
734, 36822.5348529505 
735, 37099.1174867888 
736, 37158.3787938193 
737, 37109.356590184 
738, 37034.8025993454 
739, 36955.0709029929 
740, 36844.2686641634 
741, 36795.348820544 
742, 36828.247471575 
743, 36932.2110156624 
744, 37073.0491894079 
745, 37166.0057585689 
746, 37200.1336001859 
747, 37189.1211259409 
748, 37134.1199411133 
749, 37006.8461010775 
750, 36833.5707913167 
751, 36677.9392880988 
752, 36598.9702076265 
753, 36578.1051260946 
754, 36573.45349182 
755, 36525.9505128675 
756, 36342.1089932933 
757, 35583.5110966482 
758, 33527.6899907969 
759, 28905.4523797543 
760, 22189.7085305519 
761, 15754.7711404078 
762, 12374.7949422323 
763, 12582.3417968089 
764, 14621.4513865633 
765, 17648.6764398507 
766, 21630.2803680982 
767, 25885.6513412774 
768, 29511.9168861628 
769, 31979.8784324185 
770, 33329.7565687122 
771, 33974.5914791661 
772, 34209.8867085787 
773, 34252.9939748584 
774, 34215.3298390577 
775, 34117.79857459 
776, 33998.2863967314 
777, 33883.0449221431 
778, 33729.7230673429 
779, 33550.9243663214 
780, 33374.5568898142 
781, 33231.493062185 
782, 33075.0248808551 
783, 32890.4620029708 
784, 32683.3524169614 
785, 32481.0869159696 
786, 32283.5834985719 
787, 32058.749153098 
788, 31778.9508210938 
789, 31451.2449477251 
790, 31101.2302491543 
791, 30735.7600074553 
792, 30358.624150467 
793, 29992.6180147068 
794, 29698.829398801 
795, 29510.3734804801 
796, 29423.4698556731 
797, 29359.764665452 
798, 29241.7493742706 
799, 29034.8451352817 
800, 28760.0076463508 
801, 28466.3983680816 
802, 28194.3079143292 
803, 27957.3082578646 
804, 27719.5633765036 
805, 27508.6450582726 
806, 27313.3499832576 
807, 27103.8928777551 
808, 26838.3500480865 
809, 26526.6166687144 
810, 26191.072758213 
811, 25846.9521907533 
812, 25438.1681811702 
813, 24901.2954774163 
814, 24224.8373790982 
815, 23458.3738693572 
816, 22734.7080778653 
817, 22153.7229462172 
818, 21780.0947965107 
819, 21636.8802855695 
820, 21570.6197047386 
821, 21473.8183967824 
822, 21304.5192736745 
823, 21122.9552526313 
824, 21001.8660696645 
825, 21004.6910949808 
826, 21107.9941361542 
827, 21042.6856746307 
828, 20812.0873494049 
829, 20511.4441331811 
830, 20269.3629745585 
831, 20092.4744879718 
832, 19952.230268643 
833, 19834.3806295761 
834, 19741.2679009937 
835, 19686.3958946403 
836, 19647.9700678901 
837, 19592.4780077918 
838, 19482.3550559121 
839, 19327.0149807346 
840, 19142.1747082573 
841, 18942.2027074301 
842, 18734.8741896634 
843, 18520.4421089147 
844, 18307.6272285269 
845, 18101.948214248 
846, 17902.0662973377 
847, 17654.1478305322 
848, 17356.9197323862 
849, 17030.8865264302 
850, 16699.2973771151 
851, 16313.9118049019 
852, 15919.1449995859 
853, 15593.0665130944 
854, 15343.7183120009 
855, 15140.815624605 
856, 15045.7944917633 
857, 15140.890256156 
858, 15279.9045689193 
859, 15302.2618409038 
860, 15180.7166967295 
861, 15005.58664317 
862, 14801.1027414652 
863, 14539.291622215 
864, 14222.6599170349 
865, 13896.6003046101 
866, 13589.0105163185 
867, 13328.7445632665 
868, 13157.2176902942 
869, 13128.2014144459 
870, 13151.4988342813 
871, 13127.7265618631 
872, 13012.0314288999 
873, 12855.4405239301 
874, 12685.1283635845 
875, 12513.9411622061 
876, 12346.2704249974 
877, 12181.5143980787 
878, 12020.7407278139 
879, 11862.2887915668 
880, 11703.9794496778 
881, 11544.6064103347 
882, 11385.463988027 
883, 11234.6510655304 
884, 11096.3795613313 
885, 10956.6436540314 
886, 10805.8028185228 
887, 10647.5118886086 
888, 10490.943413894 
889, 10340.6947097036 
890, 10192.578448805 
891, 10030.6842902214 
892, 9836.20661080317 
893, 9602.95723272899 
894, 9336.69352672977 
895, 9044.03377767689 
896, 8733.66308985862 
897, 8417.85494400752 
898, 8118.68089408991 
899, 7866.88226134435 
900, 7689.61908136146 
901, 7579.22640811587 
902, 7521.43177273488 
903, 7491.71740237276 
904, 7461.28428147745 
905, 7414.12838591078 
906, 7333.60408548158 
907, 7205.87016528678 
908, 7029.06213305404 
909, 6843.58753039298 
910, 6685.81485388901 
911, 6569.37839077189 
912, 6486.29647606221 
913, 6415.59383982455 
914, 6345.19654304115 
915, 6273.41437190109 
916, 6206.97610752571 
917, 6155.37953058902 
918, 6111.8573131577 
919, 6070.7881549147 
920, 6028.69685714869 
921, 5983.72191552046 
922, 5924.95403583669 
923, 5842.98347316963 
924, 5732.07907942083 
925, 5594.637326688 
926, 5432.39816667908 
927, 5238.00100832286 
928, 5000.41250009277 
929, 4721.73314365884 
930, 4409.59457046959 
931, 4078.75711198737 
932, 3751.58071193763 
933, 3460.75508123359 
934, 3228.58957101212 
935, 3068.34496095507 
936, 2982.08675421799 
937, 2957.20752466445 
938, 2970.63709370264 
939, 2999.28003841492 
940, 3025.07187300469 
941, 3045.09711297295 
942, 3047.62381974211 
943, 3018.72835001211 
944, 2954.50111836233 
945, 2880.23173420087 
946, 2817.53579195887 
947, 2777.01570761116 
948, 2758.14511738551 
949, 2748.73766815322 
950, 2738.41510807615 
951, 2725.36857170873 
952, 2710.26601570376 
953, 2690.42408366098 
954, 2671.69201479027 
955, 2654.24299205225 
956, 2638.28402195493 
957, 2627.18566565354 
958, 2618.29739017807 
959, 2611.25316551927 
960, 2605.61608903446 
961, 2600.27113231687 
962, 2597.24782923413 
963, 2595.97375657266 
964, 2595.77380784223 
965, 2596.04196564561 
966, 2591.77935363747 
967, 2583.43873984641 
968, 2570.08675364514 
969, 2549.62495242438 
970, 2525.28228027712 
971, 2497.78198057656 
972, 2463.02053546919 
973, 2416.83352823142 
974, 2368.63931040455 
975, 2317.33551929856 
976, 2266.8815191628 
977, 2222.41318460134 
978, 2183.88435816425 
979, 2150.20701751379 
980, 2121.56879654327 
981, 2095.99372929646 
982, 2066.02587118096 
983, 2034.77146419786 
984, 2002.37767549878 
985, 1968.95419842685 
986, 1935.32929195461 
987, 1898.13114109309 
988, 1858.89062984853 
989, 1819.70413243191 
990, 1781.55537789267 
991, 1741.1149424783 
992, 1700.80180177657 
993, 1661.60109698476 
994, 1623.10869185336 
995, 1586.40769044765 
996, 1546.83679579522 
997, 1506.39095019542 
998, 1468.30161305376 
999, 1429.31177336038 
1000, 1390.68633479997 
1001, 8700.27902501952 
1002, 8676.87097954508 
1003, 8652.31998661154 
1004, 8626.03057333187 
1005, 8612.07298240821 
1006, 8605.37542045423 
1007, 8610.84880135671 
1008, 8628.04008818808 
1009, 8647.69184966549 
1010, 8680.4311340815 
1011, 8710.3934029912 
1012, 8741.82498800145 
1013, 8772.34654660822 
1014, 8816.85259905711 
1015, 8853.84494100593 
1016, 8892.98676830754 
1017, 8938.55126308404 
1018, 8973.19892551532 
1019, 9006.63131177583 
1020, 9042.61730727693 
1021, 9082.81536924805 
1022, 9128.27444877307 
1023, 9176.86631163886 
1024, 9231.59341818359 
1025, 9290.52602206595 
1026, 9345.75414401175 
1027, 9399.42538501568 
1028, 9449.84443928297 
1029, 9496.92392893086 
1030, 9545.07043919424 
1031, 9588.34831339369 
1032, 9630.30133973684 
1033, 9674.18224982194 
1034, 9710.43916537837 
1035, 9746.95595616825 
1036, 9781.65149428932 
1037, 9816.54585368143 
1038, 9847.85542571564 
1039, 9884.36797993459 
1040, 9916.00278117099 
1041, 9939.76566472877 
1042, 9966.32522156593 
1043, 9991.14110721941 
1044, 10017.6926314853 
1045, 10046.3447225202 
1046, 10070.5564889982 
1047, 10098.3724691077 
1048, 10124.9169389371 
1049, 10155.9638355099 
1050, 10190.5693096754 
1051, 10229.9355155624 
1052, 10267.2104923499 
1053, 10302.9329548088 
1054, 10339.3542410762 
1055, 10373.6064272521 
1056, 10413.2834857398 
1057, 10453.6123100277 
1058, 10501.1920978459 
1059, 10566.2874050191 
1060, 10638.2541502172 
1061, 10726.8762983252 
1062, 10810.4913755856 
1063, 10899.2277606806 
1064, 10987.0686774134 
1065, 11079.8613260849 
1066, 11180.5599397518 
1067, 11282.6137619696 
1068, 11396.4415273601 
1069, 11529.9422196228 
1070, 11668.9331798089 
1071, 11817.9180439775 
1072, 11978.4938383517 
1073, 12132.9567623249 
1074, 12286.6998998872 
1075, 12430.9346992805 
1076, 12577.752404801 
1077, 12712.7349116712 
1078, 12829.3057905933 
1079, 12942.4202483927 
1080, 13036.4107235393 
1081, 13120.3162516552 
1082, 13195.9567805674 
1083, 13265.7439264048 
1084, 13341.3988926737 
1085, 13417.4234320939 
1086, 13486.1989388617 
1087, 13560.0490553151 
1088, 13611.2319214251 
1089, 13653.5623596933 
1090, 13678.8251689267 
1091, 13684.5468762966 
1092, 13685.5432688688 
1093, 13670.8040889583 
1094, 13651.0358478376 
1095, 13631.9752474256 
1096, 13604.4337240531 
1097, 13578.4107350902 
1098, 13550.6497563686 
1099, 13522.7694169561 
1100, 13492.1991731089 
1101, 13462.0757901304 
1102, 13441.0503850164 
1103, 13401.9017820697 
1104, 13364.5105229484 
1105, 13306.5454942157 
1106, 13225.7569928471 
1107, 13110.5608210517 
1108, 12952.9262195519 
1109, 12749.1244894531 
1110, 12465.2971799222 
1111, 12130.12795759 
1112, 11735.4419490832 
1113, 11250.1201096189 
1114, 10768.7330350422 
1115, 10210.6174558062 
1116, 9705.75423862049 
1117, 9157.49974720164 
1118, 8695.99695201897 
1119, 8273.11003517996 
1120, 7887.46140296904 
1121, 7570.58112512306 
1122, 7310.81551316173 
1123, 7128.52116052059 
1124, 7012.49402868684 
1125, 6959.20730568521 
1126, 7004.50849261717 
1127, 7043.13015278342 
1128, 7137.98624540156 
1129, 7233.5230459543 
1130, 7360.3678999991 
1131, 7482.47421761886 
1132, 7606.44335816864 
1133, 7757.3372143633 
1134, 7911.23375052517 
1135, 8088.19816742352 
1136, 8340.52423342807 
1137, 8601.31880388691 
1138, 8855.15332193825 
1139, 9091.43037497587 
1140, 9247.79331958008 
1141, 9357.06149823692 
1142, 9406.28860375593 
1143, 9365.91396897309 
1144, 9347.30035756511 
1145, 9218.59010625274 
1146, 9213.25960996056 
1147, 9215.47339907643 
1148, 9307.49102138768 
1149, 9483.38826413992 
1150, 9709.42739939688 
1151, 10004.2906839246 
1152, 10328.101374632 
1153, 10658.5004269443 
1154, 11037.5150352024 
1155, 11392.172737107 
1156, 11761.8203999534 
1157, 12107.0248939313 
1158, 12457.6525069499 
1159, 12775.471715581 
1160, 13079.0005967274 
1161, 13352.0107059703 
1162, 13605.6076524167 
1163, 13828.9777066398 
1164, 14022.9412464887 
1165, 14192.9500837498 
1166, 14329.8611802191 
1167, 14439.4745125272 
1168, 14523.4440615434 
1169, 14575.745697925 
1170, 14608.7839777282 
1171, 14614.4312364865 
1172, 14606.3929013613 
1173, 14572.5402687837 
1174, 14529.7593090624 
1175, 14466.6027050218 
1176, 14398.7872964887 
1177, 14310.0621552901 
1178, 14227.7167574378 
1179, 14138.8389176379 
1180, 14052.6938256214 
1181, 13964.75545429 
1182, 13878.9583831779 
1183, 13804.3048646793 
1184, 13724.3454792411 
1185, 13675.131265859 
1186, 13643.1160735897 
1187, 13623.312508558 
1188, 13628.1367087546 
1189, 13630.774021294 
1190, 13659.1106200639 
1191, 13659.5754520427 
1192, 13668.5035561674 
1193, 13647.3601547527 
1194, 13604.6960718483 
1195, 13545.2263455233 
1196, 13462.0495666202 
1197, 13366.5327484539 
1198, 13266.4702301433 
1199, 13140.4403696162 
1200, 13042.5516762593 
1201, 12939.7113240265 
1202, 12863.8326153044 
1203, 12802.8271810376 
1204, 12756.7541304712 
1205, 12730.0115030362 
1206, 12710.7579509921 
1207, 12709.3623341562 
1208, 12709.9195167381 
1209, 12726.1929963705 
1210, 12736.1428356131 
1211, 12751.4807451977 
1212, 12762.2027280847 
1213, 12770.439874486 
1214, 12775.9259479593 
1215, 12778.740384512 
1216, 12783.7587771416 
1217, 12773.9480956119 
1218, 12756.0440503887 
1219, 12734.8874074775 
1220, 12698.7625892272 
1221, 12671.4324150802 
1222, 12644.4385082322 
1223, 12618.3314443128 
1224, 12591.1471157896 
1225, 12568.7399072121 
1226, 12548.0810998553 
1227, 12530.0977524411 
1228, 12519.048121929 
1229, 12505.6272217162 
1230, 12492.2683246232 
1231, 12483.0146254832 
1232, 12462.6432573104 
1233, 12440.2808904312 
1234, 12409.5373875944 
1235, 12369.9763185436 
1236, 12328.1774036955 
1237, 12280.6755801731 
1238, 12231.2434333291 
1239, 12176.6097425703 
1240, 12121.2632778642 
1241, 12060.5605603232 
1242, 12003.484865765 
1243, 11947.9089537327 
1244, 11890.0225453785 
1245, 11831.4718593253 
1246, 11775.6017693455 
1247, 11714.8935555241 
1248, 11653.9341867647 
1249, 11582.7593142334 
1250, 11510.7884563404 
1251, 11425.5716606993 
1252, 11332.9259774891 
1253, 11226.2600797906 
1254, 11113.3833759486 
1255, 10981.3547022083 
1256, 10837.592401156 
1257, 10673.5977096074 
1258, 10483.4508302385 
1259, 10292.7704980611 
1260, 10077.2802472598 
1261, 9871.35953228987 
1262, 9655.08186385158 
1263, 9450.84548100174 
1264, 9277.36621706268 
1265, 9097.93799276084 
1266, 8995.91710575783 
1267, 8929.69714246658 
1268, 8920.37387467762 
1269, 8968.28509126759 
1270, 9050.97886351703 
1271, 9196.31037004065 
1272, 9344.83492455893 
1273, 9550.8119916686 
1274, 9727.11916262891 
1275, 9926.92440111716 
1276, 10089.4389962002 
1277, 10235.8328159268 
1278, 10364.639768838 
1279, 10468.4459574959 
1280, 10559.3641553678 
1281, 10640.3500079824 
1282, 10718.146977714 
1283, 10797.1863239922 
1284, 10870.796971251 
1285, 10946.8848417088 
1286, 11026.2198627719 
1287, 11098.8600619048 
1288, 11172.1045523884 
1289, 11233.8280573655 
1290, 11296.6304195072 
1291, 11337.7226254775 
1292, 11364.507327804 
1293, 11382.4535492299 
1294, 11379.0881485384 
1295, 11378.175288547 
1296, 11372.4073086309 
1297, 11361.0973269755 
1298, 11346.7978930629 
1299, 11324.8145552591 
1300, 11295.1929300244 
1301, 11266.7174585166 
1302, 11233.8960408135 
1303, 11197.1570288586 
1304, 11158.7042199595 
1305, 11115.5805258936 
1306, 11074.5348599061 
1307, 11036.812494487 
1308, 10988.9426156015 
1309, 10936.2003040495 
1310, 10883.2520394203 
1311, 10816.5280105756 
1312, 10762.5037893944 
1313, 10714.8588428418 
1314, 10669.0142810868 
1315, 10627.9515323277 
1316, 10589.250965958 
1317, 10552.8588932394 
1318, 10519.018849226 
1319, 10492.2398473504 
1320, 10464.0500082202 
1321, 10430.0803542021 
1322, 10390.0448370086 
1323, 10325.4839138039 
1324, 10249.4940765618 
1325, 10145.6050109599 
1326, 10014.0775574271 
1327, 9875.42614584364 
1328, 9702.90688902622 
1329, 9549.3721659449 
1330, 9374.23974774272 
1331, 9240.2019151374 
1332, 9114.13553830575 
1333, 9023.59561604971 
1334, 8978.38048624415 
1335, 8930.86729179944 
1336, 8911.9218167191 
1337, 8895.24095313633 
1338, 8859.17573746774 
1339, 8786.8535169699 
1340, 8666.65175602344 
1341, 8485.06014611579 
1342, 8229.5225147002 
1343, 7910.77643266563 
1344, 7527.17588666458 
1345, 7061.35163161307 
1346, 6561.14526211675 
1347, 5979.43769694801 
1348, 5410.87808218102 
1349, 4778.28183287279 
1350, 4199.59313417095 
1351, 3602.45416178501 
1352, 3071.67337333779 
1353, 2559.19091748514 
1354, 2113.234575843 
1355, 1718.6391235213 
1356, 1377.93048191266 
1357, 1091.62102727519 
1358, 860.044806315236 
1359, 672.507056829195 
1360, 529.916491083428 
1361, 422.719741273719 
1362, 347.266283226762 
1363, 297.41110907362 
1364, 264.083748881506 
1365, 239.604311276995 
1366, 233.041380254588 
1367, 231.241479688724 
1368, 238.507639784093 
1369, 257.065845538221 
1370, 286.798455548621 
1371, 324.917339503486 
1372, 381.987101028211 
1373, 431.061597898937 
1374, 497.519759604516 
1375, 538.12088549586 
1376, 571.404949370492 
1377, 588.159875907012 
1378, 588.81200165558 
1379, 572.956298546814 
1380, 546.921541001565 
1381, 523.563476966552 
1382, 504.513536572923 
1383, 500.754434383832 
1384, 519.013220307972 
1385, 554.456060151092 
1386, 604.318200295881 
1387, 667.917589073458 
1388, 726.281411854209 
1389, 799.568542175227 
1390, 851.375557344742 
1391, 898.975163375935 
1392, 930.734633131547 
1393, 944.780813269431 
1394, 960.601422110732 
1395, 960.437780254556 
1396, 972.228901739399 
1397, 984.693196534956 
1398, 1004.20343546781 
1399, 1031.67792106326 
1400, 1060.06462330047 
1401, 1092.89702412451 
1402, 1124.70671905768 
1403, 1155.80986855442 
1404, 1189.84787493736 
1405, 1227.70292702461 
1406, 1270.73163419061 
1407, 1319.845019202 
1408, 1372.24848082633 
1409, 1438.73304959747 
1410, 1518.85300509089 
1411, 1596.82548028654 
1412, 1690.95151586157 
1413, 1769.65254981217 
1414, 1847.71859697505 
1415, 1909.37432841892 
1416, 1959.5082763583 
1417, 2006.93518087799 
1418, 2043.50477844575 
1419, 2077.51612942972 
1420, 2112.17676324541 
1421, 2136.12121263668 
1422, 2152.89286465842 
1423, 2160.07984161126 
1424, 2163.19291971026 
1425, 2151.82990050877 
1426, 2129.8727186462 
1427, 2092.94873220445 
1428, 2043.71052392638 
1429, 1979.71463165647 
1430, 1897.32553688611 
1431, 1812.1827811189 
1432, 1725.70734799955 
1433, 1641.20908116499 
1434, 1567.39850795929 
1435, 1499.9451319725 
1436, 1436.90468068634 
1437, 1380.58347699781 
1438, 1330.42634433599 
1439, 1289.18108550218 
1440, 1247.45467730859 
1441, 1211.589268482 
1442, 1175.51360071215 
1443, 1138.86694478802 
1444, 1107.67311033543 
1445, 1082.10809631532 
1446, 1052.57101852031 
1447, 1025.17129452555 
1448, 997.204900003217 
1449, 966.682645271069 
1450, 940.475586709487 
1451, 915.555415868023 
1452, 891.741627733879 
1453, 870.291930604576 
1454, 848.239956470344 
1455, 826.304731865663 
1456, 809.833268453845 
1457, 785.215820622416 
1458, 758.663386495975 
1459, 726.219881267076 
1460, 686.804532317545 
1461, 653.504897781414 
1462, 611.535441068524 
1463, 565.559403413012 
1464, 524.35363368869 
1465, 484.294344630233 
1466, 440.520276011829 
1467, 404.453557707184 
1468, 372.855030082435 
1469, 347.471190650803 
1470, 326.726756403175 
1471, 308.844182999327 
1472, 297.686139930273 
1473, 287.061864791145 
1474, 278.323437715675 
1475, 270.581000001767 
1476, 268.236484251334 
1477, 263.225277050876 
1478, 255.839861932094 
1479, 251.271883282182 
1480, 247.43858396322 
1481, 245.077891399769 
1482, 243.645162019929 
1483, 244.950243180181 
1484, 249.873836711469 
1485, 253.311939791526 
1486, 260.01903198345 
1487, 261.57667046084 
1488, 264.006086056541 
1489, 265.631141063553 
1490, 267.993686622129 
1491, 275.776614289825 
1492, 277.975780832145 
1493, 279.388136803972 
1494, 285.059591149258 
1495, 286.65374547049 
1496, 285.9094737986 
1497, 285.848646747277 
1498, 288.213125533608 
1499, 286.77951270905 
1500, 291.6026859682 
1501, 306.317097546346 
1502, 310.612517217574 
1503, 310.756722202838 
1504, 311.724186972471 
1505, 307.260183010006 
1506, 308.371782807179 
1507, 315.177145473204 
1508, 317.339806292235 
1509, 316.614278522381 
1510, 319.728130297173 
1511, 322.906959942198 
1512, 324.643292864058 
1513, 329.195834546968 
1514, 333.253976561634 
1515, 334.18895766633 
1516, 337.41590979079 
1517, 343.343394811373 
1518, 348.21228569092 
1519, 353.882015754524 
1520, 357.325482662053 
1521, 358.741571573801 
1522, 361.595884850949 
1523, 364.579871706304 
1524, 368.788675273204 
1525, 374.177537152823 
1526, 378.988289452413 
1527, 379.244344933104 
1528, 379.307170900271 
1529, 381.985605075993 
1530, 382.141312297901 
1531, 385.318596284504 
1532, 389.946887027726 
1533, 390.58000926599 
1534, 394.788928982133 
1535, 401.324902096086 
1536, 410.5527409838 
1537, 416.478596592981 
1538, 425.475253084895 
1539, 429.094826464562 
1540, 426.950667174239 
1541, 430.077233038426 
1542, 432.648173779251 
1543, 437.400212080997 
1544, 445.640298159334 
1545, 451.103810005652 
1546, 456.247297538699 
1547, 461.925053325191 
1548, 465.522784604558 
1549, 472.648858594119 
1550, 484.266129567249 
1551, 491.1790661346 
1552, 498.481346479372 
1553, 503.810464394213 
1554, 502.347586654475 
1555, 506.46209843781 
1556, 513.558477579572 
1557, 519.883349739057 
1558, 527.50697489343 
1559, 536.437999052834 
1560, 545.643314773794 
1561, 555.407032065232 
1562, 570.844855785505 
1563, 579.372207563076 
1564, 584.50069474416 
1565, 588.137282938489 
1566, 584.808856263895 
1567, 584.896088267286 
1568, 586.739637888124 
1569, 586.61056542394 
1570, 589.249309525348 
1571, 592.596309085016 
1572, 596.947330037956 
1573, 607.726616254772 
1574, 618.155092097014 
1575, 632.788540765821 
1576, 646.843984563487 
1577, 653.529876513577 
1578, 660.337205856477 
1579, 664.059494191823 
1580, 673.98202072527 
1581, 686.165093405153 
1582, 698.312930242833 
1583, 714.252680843137 
1584, 728.478360586195 
1585, 739.99173714631 
1586, 754.620228068619 
1587, 773.709330460876 
1588, 787.038018232811 
1589, 799.70553893149 
1590, 808.240491196589 
1591, 811.658518744281 
1592, 817.528297323639 
1593, 821.271843042092 
1594, 827.854868704608 
1595, 837.421967321703 
1596, 842.878530819271 
1597, 848.149811823866 
1598, 851.629644110213 
1599, 852.556441374366 
1600, 852.871619290354 
1601, 851.448384587074 
1602, 850.862236352775 
1603, 846.421692354448 
1604, 848.392311370831 
1605, 853.660718076641 
1606, 860.497940473328 
1607, 873.939731160575 
1608, 882.070850185562 
1609, 887.960079145787 
1610, 895.246122955042 
1611, 900.571565063359 
1612, 907.618010566636 
1613, 914.387937578062 
1614, 925.547050649828 
1615, 942.389155247332 
1616, 953.535246725902 
1617, 968.599512398095 
1618, 976.799177926499 
1619, 972.741834699505 
1620, 976.778001586519 
1621, 984.70179956808 
1622, 988.694600321216 
1623, 992.90394578707 
1624, 998.403951671462 
1625, 1002.04306916098 
1626, 1004.9732417478 
1627, 1014.29511504542 
1628, 1015.39825384032 
1629, 1004.48406650301 
1630, 1001.91709951567 
1631, 1001.74373809807 
1632, 999.307824357501 
1633, 1002.67037403115 
1634, 1001.50543535171 
1635, 991.787106866015 
1636, 987.10596589927 
1637, 982.903082178399 
1638, 981.158991716282 
1639, 984.586911625536 
1640, 985.643810559951 
1641, 983.866365070188 
1642, 987.194247392788 
1643, 993.364812831692 
1644, 998.716991108651 
1645, 1009.99762645453 
1646, 1017.45623469638 
1647, 1020.77635766099 
1648, 1024.32620907092 
1649, 1023.24515448044 
1650, 1027.65533514505 
1651, 1033.31389087559 
1652, 1043.84493125388 
1653, 1052.34844323865 
1654, 1065.11227813365 
1655, 1073.20408024909 
1656, 1079.46945868534 
1657, 1082.61791389716 
1658, 1083.05078530233 
1659, 1087.15187168048 
1660, 1089.19938194102 
1661, 1093.3212619336 
1662, 1103.44787644828 
1663, 1103.17284937883 
1664, 1097.01039913198 
1665, 1094.80997831551 
1666, 1087.25358412154 
1667, 1090.78815145582 
1668, 1100.77228605142 
1669, 1108.85940854576 
1670, 1121.94291618708 
1671, 1130.24816706151 
1672, 1137.4255210582 
1673, 1141.78468378007 
1674, 1144.09445667202 
1675, 1146.95266348835 
1676, 1146.28659080374 
1677, 1150.72234204941 
1678, 1158.38993002196 
1679, 1163.25767092833 
1680, 1170.35627197825 
1681, 1171.96894911591 
1682, 1168.70752683715 
1683, 1170.55428502158 
1684, 1171.36305483492 
1685, 1174.5559771292 
1686, 1181.06914813134 
1687, 1186.82589375485 
1688, 1193.83498789344 
1689, 1196.97121318121 
1690, 1199.47035893442 
1691, 1202.47563918379 
1692, 1201.19055601072 
1693, 1205.81619855933 
1694, 1215.86197037828 
1695, 1219.96570996453 
1696, 1223.25567669733 
1697, 1225.90500678549 
1698, 1225.12273953826 
1699, 1228.08808857436 
1700, 1231.99161512574 
1701, 1238.01937053062 
1702, 1248.40860843753 
1703, 1250.13949601861 
1704, 1251.12537596989 
1705, 1248.23658387011 
1706, 1236.82947951956 
1707, 1232.91035417545 
1708, 1229.8217562391 
1709, 1230.03578619335 
1710, 1232.69490650838 
1711, 1236.52191745945 
1712, 1244.53648929446 
1713, 1248.442450054 
1714, 1252.29143358482 
1715, 1254.72115456203 
1716, 1252.38275534534 
1717, 1253.06417830469 
1718, 1255.32501542963 
1719, 1251.8059896785 
1720, 1249.93132794623 
1721, 1246.08933507431 
1722, 1245.15543790446 
1723, 1250.34169719254 
1724, 1251.43705573886 
1725, 1249.32391243643 
1726, 1246.64471165215 
1727, 1246.58333423501 
1728, 1247.17706934244 
1729, 1244.20098484139 
1730, 1242.50168797814 
1731, 1230.3677432314 
1732, 1219.00703705661 
1733, 1221.40064524039 
1734, 1214.44517236315 
1735, 1210.70852486255 
1736, 1208.84621581412 
1737, 1204.85276612939 
1738, 1211.62583007015 
1739, 1218.00541899318 
1740, 1225.01644037455 
1741, 1226.5546330874 
1742, 1220.69045891563 
1743, 1213.03350129068 
1744, 1207.44508812543 
1745, 1207.57534048029 
1746, 1207.55845176683 
1747, 1214.66484720006 
1748, 1220.74979905588 
1749, 1216.65804242045 
1750, 1215.00837049826 
1751, 1211.40008821344 
1752, 1207.76778553902 
1753, 1208.95919802018 
1754, 1208.29118993992 
1755, 1205.7429886464 
1756, 1203.91861083369 
1757, 1201.10261361667 
1758, 1193.0451331878 
1759, 1186.3707596513 
1760, 1181.03657779838 
1761, 1172.39985514991 
1762, 1167.50182907275 
1763, 1165.38118222185 
1764, 1158.39345488027 
1765, 1151.77739398204 
1766, 1146.58312688689 
1767, 1136.74724648566 
1768, 1130.87886311767 
1769, 1132.02751396554 
1770, 1125.77937261744 
1771, 1116.76636099992 
1772, 1107.1347940198 
1773, 1093.04333987583 
1774, 1080.71647901577 
1775, 1069.62652865217 
1776, 1056.74890373382 
1777, 1040.71346549815 
1778, 1027.90572112578 
1779, 1013.42020419795 
1780, 1003.9641319759 
1781, 1005.27890442348 
1782, 994.313806466429 
1783, 976.561363558847 
1784, 964.809028582715 
1785, 949.774299565695 
1786, 936.467669611344 
1787, 931.129606131838 
1788, 919.863031101948 
1789, 901.30847526266 
1790, 882.353820920281 
1791, 866.316227113085 
1792, 844.610042906046 
1793, 819.66704241991 
1794, 794.420140419595 
1795, 765.125293942207 
1796, 733.005988997731 
1797, 701.552952548687 
1798, 666.738127751302 
1799, 630.596623487439 
1800, 595.321270393745 
1801, 3501.50573442677 
1802, 3351.48604408061 
1803, 3225.6962665416 
1804, 3119.04725576478 
1805, 3038.88588573246 
1806, 2982.88165824747 
1807, 2928.10608599524 
1808, 2854.30080111993 
1809, 2804.90565971857 
1810, 2703.91910866225 
1811, 2544.9442700051 
1812, 2424.15070378244 
1813, 2297.69756430853 
1814, 2170.68776700902 
1815, 2079.84445845494 
1816, 2001.73656698715 
1817, 1895.17513858206 
1818, 1786.66762965847 
1819, 1687.25897869392 
1820, 1569.3752783113 
1821, 1479.30322472204 
1822, 1401.18620748159 
1823, 1355.63699287212 
1824, 1310.06677173598 
1825, 1241.49159311157 
1826, 1180.53911701913 
1827, 1072.11658424333 
1828, 960.878735300564 
1829, 824.603992579978 
1830, 707.658414011071 
1831, 570.812028011579 
1832, 465.940962136347 
1833, 399.352417464248 
1834, 333.50917878718 
1835, 283.664534349816 
1836, 251.13970253141 
1837, 197.875554647327 
1838, 154.832429934915 
1839, 141.2380308344 
1840, 153.010232486748 
1841, 161.70285069894 
1842, 192.504905450239 
1843, 234.510318140964 
1844, 243.900235845827 
1845, 256.274449035887 
1846, 284.398205072522 
1847, 261.999849515853 
1848, 252.228061169197 
1849, 255.809938408713 
1850, 242.068109473747 
1851, 202.516788644384 
1852, 202.175392666267 
1853, 201.505267879102 
1854, 193.019196792485 
1855, 207.137210098259 
1856, 209.005496863311 
1857, 215.571626231136 
1858, 235.183938131611 
1859, 253.948094392717 
1860, 273.347750643572 
1861, 314.56165580879 
1862, 347.23819865641 
1863, 355.156050858305 
1864, 354.062998778663 
1865, 328.609037462284 
1866, 302.564641262772 
1867, 277.202876623826 
1868, 244.441733477549 
1869, 218.739396931583 
1870, 193.296447089876 
1871, 162.997526595387 
1872, 132.342082654207 
1873, 118.637215860416 
1874, 113.646916606013 
1875, 116.517583708147 
1876, 129.809905475645 
1877, 161.038822616153 
1878, 222.133857840255 
1879, 271.232560840102 
1880, 305.038085960666 
1881, 339.950598957582 
1882, 361.032279652391 
1883, 357.951589162372 
1884, 365.681886297937 
1885, 368.61783999411 
1886, 370.659174336105 
1887, 349.172198535811 
1888, 310.325801431456 
1889, 298.136432995547 
1890, 288.043290251689 
1891, 273.321186569813 
1892, 266.575523793244 
1893, 262.233712534053 
1894, 231.220359360436 
1895, 197.168412753754 
1896, 174.320540458501 
1897, 146.77481077215 
1898, 140.635272444951 
1899, 132.482356699163 
1900, 123.817353205564 
1901, 118.951343950856 
1902, 116.92690019814 
1903, 114.431379569328 
1904, 118.445034647294 
1905, 109.88729059103 
1906, 108.309239840408 
1907, 97.8927917561192 
1908, 84.1851709900131 
1909, 82.727943093736 
1910, 74.8052052937687 
1911, 74.3432157851151 
1912, 82.1448388178344 
1913, 80.4253609541874 
1914, 79.0395786648813 
1915, 74.8019592037206 
1916, 69.1380538269575 
1917, 68.6090599456501 
1918, 68.7654904977788 
1919, 76.6616589491032 
1920, 78.7720399241121 
1921, 94.8467364232197 
1922, 106.603555428687 
1923, 124.780165968749 
1924, 132.65849045658 
1925, 141.4608705332 
1926, 136.106517095588 
1927, 123.920732359877 
1928, 118.579933393715 
1929, 119.929436497292 
1930, 102.679699074839 
1931, 84.1471556587071 
1932, 68.2833204646942 
1933, 65.9682481520984 
1934, 73.4509438374318 
1935, 80.7364733941611 
1936, 95.9456001402303 
1937, 121.716737418882 
1938, 129.606748368828 
1939, 129.079067778162 
1940, 142.862246093217 
1941, 128.313499832717 
1942, 103.064571004336 
1943, 74.2980397642217 
1944, 53.4068627219847 
1945, 16.7404176793203 
1946, 11.4434566266936 
1947, 38.0202551410364 
1948, 48.6460908152578 
1949, 72.7253758699661 
1950, 72.1826878421286 
1951, 76.1053798011554 
1952, 72.5303187791555 
1953, 71.5033062229529 
1954, 90.917828910408 
1955, 92.1770239884287 
1956, 81.9230457791284 
1957, 78.5092117769289 
1958, 71.9373362657424 
1959, 69.881702637796 
1960, 71.664302958786 
1961, 75.6068082679133 
1962, 87.9165503703808 
1963, 84.9350891746959 
1964, 80.4637672732521 
1965, 86.366831321781 
1966, 85.4746622553641 
1967, 74.1019845034609 
1968, 72.1188786868806 
1969, 77.8394118666069 
1970, 78.4278499737668 
1971, 74.8594044372086 
1972, 79.4922645787519 
1973, 82.3455609309753 
1974, 92.0881157375157 
1975, 118.982931303702 
1976, 135.190122137465 
1977, 153.731440014653 
1978, 165.796640615993 
1979, 166.338065093905 
1980, 153.091586245072 
1981, 144.733003864817 
1982, 118.329208639255 
1983, 113.473815012564 
1984, 135.063493421474 
1985, 128.724769623505 
1986, 114.027005907725 
1987, 101.064578423386 
1988, 82.4789409567793 
1989, 65.1519863175329 
1990, 61.1841258767268 
1991, 86.3014956702192 
1992, 85.2755575993188 
1993, 73.4187011170194 
1994, 68.5463921561089 
1995, 60.5008156820498 
1996, 56.3952576765282 
1997, 55.5089065097615 
1998, 51.7861042969881 
1999, 65.8431372717448 
2000, 60.4692899908269 
2001, 63.3429004175409 
2002, 64.3441300434526 
2003, 57.6065538471173 
2004, 33.9692805727729 
2005, 31.9019582089627 
2006, 34.0282240107313 
2007, 38.784259582739 
2008, 65.2152274715359 
2009, 68.3401145502342 
2010, 60.7617934175515 
2011, 56.4257423354928 
2012, 24.142591138775 
2013,-4.63358735227946 
2014,-10.5122082823318 
2015,-14.3181826778021 
2016,-2.18330249765098 
2017, 45.0511954407519 
2018, 64.99763405473 
2019, 86.7425523438979 
2020, 94.5372471893615 
2021, 77.4666199453121 
2022, 78.632664892254 
2023, 82.3801320117463 
2024, 86.3276461978273 
2025, 90.1258675621487 
2026, 101.565457293761 
2027, 107.711139077247 
2028, 105.256087984202 
2029, 109.963716663417 
2030, 123.953953707808 
2031, 127.377253163343 
2032, 121.694582104647 
2033, 124.106318973415 
2034, 123.971311214726 
2035, 130.493319553592 
2036, 153.620856585914 
2037, 161.221828312416 
2038, 171.251959498803 
2039, 167.630610340329 
2040, 152.88430911903 
2041, 112.409177465 
2042, 106.71355544142 
2043, 108.03312923303 
2044, 103.643239630635 
2045, 116.606427078274 
2046, 119.034844415539 
2047, 103.405370233117 
2048, 103.421238106777 
2049, 122.647420086542 
2050, 125.440541703182 
2051, 135.865992454601 
2052, 116.59772488291 
2053, 93.8438863437637 
2054, 79.349668589724 
2055, 68.5167157165415 
2056, 57.0924779866353 
2057, 57.5109477929213 
2058, 70.0226653364981 
2059, 75.2616551672587 
2060, 86.5801581788638 
2061, 90.148999027734 
2062, 92.9093593207281 
2063, 87.5569740949883 
2064, 62.2290162783141 
2065, 58.838415606453 
2066, 56.2073067262068 
2067, 63.2862057964028 
2068, 78.2025764354739 
2069, 112.362015000636 
2070, 137.147273795105 
2071, 168.197616546877 
2072, 184.69755932968 
2073, 199.207067682044 
2074, 211.241777800572 
2075, 216.784161670115 
2076, 213.878388352468 
2077, 203.721257534889 
2078, 195.87094110588 
2079, 158.445143721146 
2080, 155.09433841344 
2081, 177.736374387245 
2082, 201.488329345538 
2083, 222.584350086631 
2084, 264.763727173906 
2085, 284.559399731613 
2086, 288.523863179707 
2087, 299.031308845612 
2088, 318.401997931353 
2089, 314.809905764417 
2090, 278.394344618851 
2091, 280.681356197558 
2092, 285.116984060059 
2093, 297.997541204334 
2094, 354.085203333065 
2095, 384.002998310395 
2096, 403.125136788681 
2097, 414.70116034473 
2098, 421.076424190461 
2099, 420.082363945064 
2100, 417.223954306941 
2101, 402.961178277953 
2102, 399.974993826652 
2103, 393.725507685072 
2104, 396.382163990779 
2105, 407.032349161586 
2106, 418.846257513626 
2107, 436.633555418652 
2108, 454.373627497461 
2109, 482.148581945667 
2110, 499.163185082938 
2111, 510.21617263019 
2112, 520.121658399395 
2113, 534.172725706415 
2114, 534.75542424798 
2115, 549.726716750736 
2116, 578.598177375233 
2117, 589.771290646737 
2118, 598.257476345668 
2119, 602.310999350499 
2120, 584.144120742665 
2121, 590.995888427312 
2122, 615.211243390193 
2123, 628.000622682287 
2124, 642.587916871344 
2125, 663.414944504256 
2126, 668.38960938781 
2127, 694.217810165261 
2128, 741.451811351509 
2129, 796.083094188178 
2130, 830.592141387923 
2131, 867.838112082777 
2132, 896.212669763456 
2133, 908.011693900618 
2134, 923.505095787262 
2135, 934.094286862408 
2136, 956.977924077983 
2137, 986.127120712687 
2138, 1004.94782539625 
2139, 1033.68884310149 
2140, 1048.98073895631 
2141, 1036.74166000719 
2142, 1045.04303335093 
2143, 1060.85134268705 
2144, 1078.93615132169 
2145, 1107.95296556112 
2146, 1132.90328056014 
2147, 1160.02350440574 
2148, 1184.56366800508 
2149, 1207.53188967053 
2150, 1228.30305922026 
2151, 1252.38431308883 
2152, 1274.31851011609 
2153, 1301.46102295997 
2154, 1339.59175059514 
2155, 1361.15813912884 
2156, 1376.9019408898 
2157, 1391.08391945582 
2158, 1392.59747577602 
2159, 1402.69326923008 
2160, 1415.87576630957 
2161, 1430.77212271837 
2162, 1445.09838413678 
2163, 1462.0713957953 
2164, 1483.39492090885 
2165, 1502.29728531831 
2166, 1530.43339295467 
2167, 1564.89868886335 
2168, 1599.61059979311 
2169, 1644.02698180935 
2170, 1676.12900711148 
2171, 1700.9222073659 
2172, 1731.64255890381 
2173, 1764.65438474959 
2174, 1788.77966097924 
2175, 1812.82399755284 
2176, 1835.89284593678 
2177, 1837.11711627053 
2178, 1863.2262399815 
2179, 1914.58463127551 
2180, 1946.82912594821 
2181, 1993.89439113742 
2182, 2018.95412078367 
2183, 2009.56589608071 
2184, 2013.22949819298 
2185, 2033.67509567136 
2186, 2052.60854934723 
2187, 2079.50656290527 
2188, 2129.23114246007 
2189, 2159.90883311626 
2190, 2182.66075552054 
2191, 2205.89147089121 
2192, 2234.35984963402 
2193, 2245.68186236783 
2194, 2248.32597236936 
2195, 2244.87866157151 
2196, 2219.5155196105 
2197, 2212.85913039459 
2198, 2210.13983746465 
2199, 2206.99483046096 
2200, 2208.00672870062 
2201, 2214.39027728929 
2202, 2213.65280274837 
2203, 2228.92835902766 
2204, 2250.91767911962 
2205, 2293.90359132414 
2206, 2355.22518544211 
2207, 2392.2081524676 
2208, 2434.10101242724 
2209, 2477.87658642736 
2210, 2519.19302476526 
2211, 2562.53001469138 
2212, 2590.21115379773 
2213, 2613.64220546966 
2214, 2629.18409856411 
2215, 2621.01685009001 
2216, 2629.03594804062 
2217, 2650.10189738477 
2218, 2653.12138050932 
2219, 2640.68505448832 
2220, 2646.24519314914 
2221, 2650.61422988345 
2222, 2657.77257341348 
2223, 2683.17584171801 
2224, 2700.86546474088 
2225, 2718.75942053367 
2226, 2723.72356240176 
2227, 2726.90953423723 
2228, 2717.86477934366 
2229, 2694.78148183815 
2230, 2685.0038004322 
2231, 2683.57123323317 
2232, 2694.11853980848 
2233, 2699.8404472478 
2234, 2714.19097898459 
2235, 2714.98258291467 
2236, 2709.44724772778 
2237, 2704.6827520168 
2238, 2692.7191422103 
2239, 2685.98043285556 
2240, 2683.06890627376 
2241, 2675.32548370193 
2242, 2668.7390077906 
2243, 2658.93924990032 
2244, 2652.40193575128 
2245, 2631.6669238346 
2246, 2585.96174550354 
2247, 2563.56758844681 
2248, 2552.39306185469 
2249, 2530.344823651 
2250, 2518.0308706935 
2251, 2504.10245268363 
2252, 2480.98008790627 
2253, 2449.13353154883 
2254, 2425.35311674947 
2255, 2419.74651211042 
2256, 2408.34458587924 
2257, 2371.24285995319 
2258, 2342.2010837469 
2259, 2311.48769154663 
2260, 2277.8939933641 
2261, 2240.08335724202 
2262, 2204.51796683226 
2263, 2165.61565132427 
2264, 2131.26947095365 
2265, 2099.36172437362 
2266, 2067.74914496999 
2267, 2034.70378259992 
2268, 2010.81303885707 
2269, 1995.04122374507 
2270, 1971.18519332477 
2271, 1954.43104077007 
2272, 1928.14261906391 
2273, 1880.50561956961 
2274, 1853.63128391566 
2275, 1837.52393106378 
2276, 1818.37328526549 
2277, 1822.01455935409 
2278, 1801.66093758019 
2279, 1762.11329926374 
2280, 1724.3597112169 
2281, 1672.93334267728 
2282, 1618.13282593815 
2283, 1593.66575409221 
2284, 1589.92565465114 
2285, 1568.56427374881 
2286, 1543.14251890153 
2287, 1505.27284423268 
2288, 1442.48236720664 
2289, 1404.83865476237 
2290, 1381.49823897374 
2291, 1354.44166024675 
2292, 1335.58784775628 
2293, 1300.54178203699 
2294, 1259.24680127717 
2295, 1216.89760588508 
2296, 1156.00888324154 
2297, 1123.25678162357 
2298, 1102.55516049277 
2299, 1084.15978128368 
2300, 1085.4752907548 
2301, 1072.12750191244 
2302, 1060.88315573504 
2303, 1035.64483653715 
2304, 991.066472666461 
2305, 965.10283280024 
2306, 927.723854702989 
2307, 912.623551286611 
2308, 934.073499867748 
2309, 927.917141989261 
2310, 921.547368540481 
2311, 911.495192421158 
2312, 888.652257078394 
2313, 861.400933860615 
2314, 841.988686409738 
2315, 795.44903558439 
2316, 743.1453589958 
2317, 697.266336133632 
2318, 664.131406290937 
2319, 647.907252222953 
2320, 623.418017725974 
2321, 603.402886198659 
2322, 598.125309561103 
2323, 595.701735490829 
2324, 594.659479754563 
2325, 596.802976509291 
2326, 585.841543203702 
2327, 554.057116855256 
2328, 544.411274230533 
2329, 548.552937241632 
2330, 544.526621636046 
2331, 543.37835262207 
2332, 540.973331262915 
2333, 540.351627945181 
2334, 524.364152515503 
2335, 498.731802979559 
2336, 487.462390175748 
2337, 467.610346116863 
2338, 456.221058516905 
2339, 464.879968178412 
2340, 457.414788743733 
2341, 442.468422650921 
2342, 428.610485504619 
2343, 409.609260149486 
2344, 395.094732951689 
2345, 376.965017899408 
2346, 363.039345950654 
2347, 357.249210025612 
2348, 350.395884900984 
2349, 339.701065430478 
2350, 337.883990803826 
2351, 343.766332818793 
2352, 343.320395617304 
2353, 352.205468725669 
2354, 344.791965712685 
2355, 324.897310035619 
2356, 310.543920822488 
2357, 282.052063365078 
2358, 269.290589926858 
2359, 270.545326604632 
2360, 262.608951426063 
2361, 253.891275562719 
2362, 251.68163472607 
2363, 248.199248080517 
2364, 248.185590581458 
2365, 269.865974475881 
2366, 265.325727963843 
2367, 254.289948058858 
2368, 243.373302601627 
2369, 222.892871211335 
2370, 216.429824925341 
2371, 207.000550002497 
2372, 193.366325131227 
2373, 171.389530426272 
2374, 170.099233487734 
2375, 168.698341301332 
2376, 158.26388927098 
2377, 165.957661899211 
2378, 151.758407280019 
2379, 139.783218182931 
2380, 144.303559346882 
2381, 135.857734822614 
2382, 124.451070441005 
2383, 133.66358403804 
2384, 131.982555167613 
2385, 114.844862933901 
2386, 117.514871886723 
2387, 110.514675854133 
2388, 109.864343453941 
2389, 148.244315418828 
2390, 172.108468315757 
2391, 179.18324285234 
2392, 189.495904909968 
2393, 174.403312609311 
2394, 174.832336896612 
2395, 185.597586358815 
2396, 172.845934526073 
2397, 162.943417820662 
2398, 149.08789707185 
2399, 129.840043951305 
2400, 125.499251095252 
2401, 121.261932887605 
2402, 105.94652451572 
2403, 90.776758820179 
2404, 79.314521089163 
2405, 72.0431750624507 
2406, 65.7035660604533 
2407, 71.0250511001072 
2408, 90.0487196198124 
2409, 95.8909014712749 
2410, 105.809129688081 
2411, 106.097610232639 
2412, 85.004875874702 
2413, 89.7092351881217 
2414, 117.303434980567 
2415, 115.129127175373 
2416, 107.968009789899 
2417, 108.683190174818 
2418, 88.429946960845 
2419, 86.4652608649266 
2420, 107.365491882868 
2421, 104.450251768035 
2422, 93.2460345943478 
2423, 89.5321965019639 
2424, 81.7615632858645 
2425, 80.0835786254837 
2426, 83.049160557883 
2427, 76.4600765054842 
2428, 65.5579209869087 
2429, 65.0942064092174 
2430, 66.594430314297 
2431, 62.6957166770359 
2432, 62.1958124532011 
2433, 64.2483350746415 
2434, 64.8615942426165 
2435, 61.4139583809898 
2436, 61.4475259747036 
2437, 56.1947844963584 
2438, 39.9352520013887 
2439, 26.1168691371859 
2440, 15.6107291671136 
2441, 11.1685151003282 
2442,-3.19825866774094 
2443, 9.33630921815382 
2444, 46.1240411660317 
2445, 68.8148082105554 
2446, 78.4160817956949 
2447, 65.6930092025248 
2448, 67.1215182540447 
2449, 54.4658766744535 
2450, 57.4447887430236 
2451, 57.3652128379563 
2452, 26.0517344417161 
2453, 19.821027146443 
2454, 10.33827867245 
2455, 11.5975983720334 
2456, 35.896756949967 
2457, 30.6509255403917 
2458, 16.8336431647266 
2459, 16.9472065462466 
2460, 19.8068200893199 
2461, 33.8519350278331 
2462, 64.880272215375 
2463, 60.9446588130237 
2464, 33.8350970911344 
2465, 18.3231530053084 
2466,-9.66364021894372 
2467,-19.4199198855234 
2468,-3.54850801890866 
2469, 4.89000972652862 
2470, 14.6690626175022 
2471, 24.6082344248973 
2472, 13.3533302944986 
2473, 7.38440301059125 
2474, 6.02136159500951 
2475,-7.24137169560949 
2476,-12.2072916438675 
2477,-16.8406738897953 
2478,-26.309970688179 
2479,-23.9877437374602 
2480,-10.2003011789589 
2481, 4.05780163141449 
2482, 23.1204497233246 
2483, 29.8184742889448 
2484, 31.5524470591033 
2485, 47.3469896909718 
2486, 30.4925875677827 
2487, 9.35968988314983 
2488, 8.90953356784864 
2489,-17.9356832886113 
2490,-30.2888306347776 
2491,-7.16237740745598 
2492, 14.9296449255135 
2493, 40.381975333306 
2494, 68.9027513354303 
2495, 68.1222629622958 
2496, 47.1260665405173 
2497, 22.8873593353015 
2498, 14.0060507729157 
2499, 29.4721256694691 
2500, 22.9413346629511 
