Wavelength,0212202100040.asd
350, 3069.12826776982 
351, 3227.15813655429 
352, 3373.0177960897 
353, 3495.32145620552 
354, 3615.93238535638 
355, 3743.49115914191 
356, 3878.89779048961 
357, 4012.14896528199 
358, 4149.82744373381 
359, 4297.93417638954 
360, 4464.1331934165 
361, 4665.28790772757 
362, 4893.43196116273 
363, 5138.25620937152 
364, 5389.51237517817 
365, 5643.38688177546 
366, 5886.08240302875 
367, 6099.00837904951 
368, 6258.77062624671 
369, 6352.89681644463 
370, 6386.10684380676 
371, 6376.32073725031 
372, 6353.61730998811 
373, 6346.54283355619 
374, 6358.02556748364 
375, 6372.9598790277 
376, 6390.96257837844 
377, 6401.37747217545 
378, 6387.57736692438 
379, 6327.31422871396 
380, 6251.91469768694 
381, 6166.10604633252 
382, 6068.39055350383 
383, 5957.7307530221 
384, 5842.67355121327 
385, 5763.37573208387 
386, 5771.42957146371 
387, 5892.82350825176 
388, 6059.91182481053 
389, 6203.3731108507 
390, 6269.23600410151 
391, 6345.12045032312 
392, 6416.68737055646 
393, 6469.14292745688 
394, 6521.63816690293 
395, 6666.19734470988 
396, 6943.51739857341 
397, 7366.78787825405 
398, 7948.60260153442 
399, 8610.20731866725 
400, 9290.24399875173 
401, 9949.43909196096 
402, 10572.6823685046 
403, 11086.3363585474 
404, 11459.8864587499 
405, 11752.6001172399 
406, 11984.0465015884 
407, 12192.3085649945 
408, 12423.5073258488 
409, 12734.5555124255 
410, 13105.7343211755 
411, 13515.112539586 
412, 13940.7987569887 
413, 14364.8739758838 
414, 14782.7971408407 
415, 15182.64211938 
416, 15533.8354141678 
417, 15871.8889872188 
418, 16218.9578635027 
419, 16577.2422856774 
420, 16888.4095082537 
421, 17205.8760243653 
422, 17552.6733891324 
423, 17920.567683322 
424, 18259.5168984228 
425, 18527.5965273076 
426, 18684.8997134989 
427, 18686.5803739183 
428, 18619.5774324417 
429, 18645.4159493489 
430, 18886.1490038442 
431, 19226.831566843 
432, 19681.9789853329 
433, 20350.7816090347 
434, 21349.4734087011 
435, 22389.0199464034 
436, 23182.8843297766 
437, 23680.3621128107 
438, 24209.3895323668 
439, 24751.3009018796 
440, 25263.258942212 
441, 25730.334680861 
442, 26330.584490291 
443, 26957.1892122983 
444, 27530.1042731561 
445, 28003.0865324562 
446, 28382.8785720073 
447, 28725.3326557618 
448, 29090.3545454152 
449, 29541.0731555195 
450, 29912.3180313972 
451, 30105.428599391 
452, 30091.2358516395 
453, 30013.9010302033 
454, 29847.0737219382 
455, 29636.1286029534 
456, 29491.1374899036 
457, 29456.1588208819 
458, 29464.5886537395 
459, 29445.6247115978 
460, 29367.3463854883 
461, 29252.2882381928 
462, 29127.0150211612 
463, 29002.785033716 
464, 28805.3126004176 
465, 28507.2240220372 
466, 28144.0321427816 
467, 27810.1025011439 
468, 27529.399213919 
469, 27321.7536752435 
470, 27195.3793087107 
471, 27150.0022866334 
472, 27120.8501308916 
473, 27114.4433963247 
474, 27156.0535936881 
475, 27146.770371415 
476, 27118.9894387227 
477, 27105.4535853413 
478, 27123.3875703152 
479, 27214.3547341757 
480, 27338.4520742693 
481, 27424.7981370887 
482, 27398.5345115478 
483, 27185.0345998024 
484, 26745.8098237021 
485, 26102.8466794365 
486, 25491.8119220673 
487, 25063.4692871554 
488, 24942.9573551496 
489, 25251.7179899785 
490, 25718.1512667015 
491, 26092.608589137 
492, 26222.7291780577 
493, 26272.2635932482 
494, 26350.0354469539 
495, 26502.9482550513 
496, 26708.3681117403 
497, 26768.0227570568 
498, 26689.3006550996 
499, 26519.9745541758 
500, 26293.1076921481 
501, 26128.3771835113 
502, 26069.461869449 
503, 26131.3745393059 
504, 26386.3942708758 
505, 26732.618477582 
506, 27075.4749070398 
507, 27345.5107270835 
508, 27551.6601550378 
509, 27714.0269625251 
510, 27865.8238075621 
511, 28073.6071292505 
512, 28214.8587538605 
513, 28237.4749461232 
514, 28133.2320140913 
515, 27896.1268155765 
516, 27579.5262422103 
517, 27275.8106540756 
518, 27112.4712810016 
519, 27359.2340080367 
520, 28033.4013890933 
521, 28970.9196831064 
522, 29745.5809130235 
523, 30320.5879271088 
524, 30723.7602152747 
525, 31024.7436259213 
526, 31149.2606597494 
527, 31200.7561896136 
528, 31374.9002671797 
529, 32023.6097651336 
530, 32851.3539154442 
531, 33535.4370452043 
532, 33822.1128513631 
533, 33919.1376892579 
534, 34078.3503188429 
535, 34429.5655144823 
536, 34952.8075693927 
537, 35322.7444080011 
538, 35489.5696753833 
539, 35509.3392377931 
540, 35499.1463404073 
541, 35535.8322087859 
542, 35726.4546825964 
543, 36153.7936419123 
544, 36636.1354423815 
545, 37053.4519095801 
546, 37341.9112566718 
547, 37505.5960871152 
548, 37616.3551648996 
549, 37749.6838266022 
550, 37949.8745335758 
551, 38150.8289568071 
552, 38305.8741616531 
553, 38421.5604907776 
554, 38544.492761199 
555, 38636.7843401328 
556, 38601.261722168 
557, 38385.7365905241 
558, 38030.6324167255 
559, 37731.9124907694 
560, 37604.9764335422 
561, 37688.5746674165 
562, 37868.2074348823 
563, 37968.9101061161 
564, 37909.4668769935 
565, 37726.1787952541 
566, 37461.7730075483 
567, 37196.6699913059 
568, 36980.3176255381 
569, 36753.6172186542 
570, 36454.4742087883 
571, 36171.3399090982 
572, 36072.8833371262 
573, 36120.567321264 
574, 36118.6189112579 
575, 35946.2159034458 
576, 35633.1502733022 
577, 35350.8207015048 
578, 35205.8381780217 
579, 35252.015220184 
580, 35444.0737934209 
581, 35778.228224588 
582, 36180.3490078043 
583, 36513.0926282667 
584, 36723.7232346551 
585, 36718.0741419889 
586, 36484.8358679477 
587, 36206.0376541019 
588, 35865.201662457 
589, 35395.2230021987 
590, 34792.1969023525 
591, 34617.1485897044 
592, 34814.2846053945 
593, 35117.138990456 
594, 35080.4049826677 
595, 34889.7783467592 
596, 34634.6256326689 
597, 34367.4592570796 
598, 34070.1617570822 
599, 33707.6212826086 
600, 33314.7057275587 
601, 32974.0225940197 
602, 32709.8518404553 
603, 32571.4256246443 
604, 32557.7471301959 
605, 32591.827785909 
606, 32513.1423472538 
607, 32323.820921748 
608, 32093.4567976054 
609, 31863.2873866798 
610, 31644.8445040501 
611, 31449.531253819 
612, 31287.0473638753 
613, 31113.8230632714 
614, 30908.1833488599 
615, 30682.2082192686 
616, 30509.4928415581 
617, 30400.3565723641 
618, 30403.6886045239 
619, 30550.3638248123 
620, 30690.883740997 
621, 30701.0913844906 
622, 30543.6879032587 
623, 30284.5090592892 
624, 29992.8583022671 
625, 29719.2259581206 
626, 29489.2544521566 
627, 29285.4708400913 
628, 29080.6538439843 
629, 28883.8438680068 
630, 28737.9899471163 
631, 28754.169838702 
632, 28860.4296037368 
633, 28989.885939173 
634, 29129.6398409875 
635, 29235.457253747 
636, 29307.569837261 
637, 29357.7327742519 
638, 29376.3853169021 
639, 29332.1868923156 
640, 29201.1892848668 
641, 28979.1435983163 
642, 28811.1132178426 
643, 28715.6004008212 
644, 28656.7412292245 
645, 28543.6616041145 
646, 28365.7523206492 
647, 28145.4507999417 
648, 27925.4232870292 
649, 27741.7964926908 
650, 27592.6973045346 
651, 27511.1405830751 
652, 27555.3399154074 
653, 27490.0454381019 
654, 27175.4957524496 
655, 26592.555361252 
656, 25900.2059294084 
657, 25408.9457883533 
658, 25435.5810697301 
659, 26129.1162755311 
660, 26777.514155457 
661, 27134.180924131 
662, 27204.7434673298 
663, 27238.2426671978 
664, 27207.5230157373 
665, 27163.3549769757 
666, 27148.5767576414 
667, 27154.7205473563 
668, 27144.769043056 
669, 27119.5442685404 
670, 27096.3787638641 
671, 27036.9177838526 
672, 26968.7912744661 
673, 26928.1900691511 
674, 26952.325155096 
675, 26988.4338024135 
676, 27013.5304917942 
677, 27022.2244428981 
678, 27037.9376430922 
679, 27043.7523901958 
680, 27038.7907895184 
681, 27030.074642185 
682, 27012.1845819217 
683, 26950.4869625975 
684, 26727.5948350089 
685, 26119.8097430088 
686, 25036.9346937929 
687, 23561.9399563774 
688, 22059.3789092669 
689, 21512.1706091021 
690, 22020.0299190863 
691, 23150.5537774826 
692, 24163.7830080354 
693, 25052.7899205028 
694, 25698.2567716758 
695, 26086.3293485484 
696, 26348.4769605028 
697, 26566.6970025782 
698, 26710.083714451 
699, 26735.5169516573 
700, 26685.5949270516 
701, 26634.4096358057 
702, 26643.2252144824 
703, 26755.7066097898 
704, 26977.4012925519 
705, 27234.4579908298 
706, 27453.9173899726 
707, 27580.4322222486 
708, 27686.6179862467 
709, 27782.5362977409 
710, 27865.8700949436 
711, 27954.2673100934 
712, 28016.7821705642 
713, 28042.4572895983 
714, 28023.5817410291 
715, 27906.8154962149 
716, 27580.5180035711 
717, 26991.4714070477 
718, 26170.4560126082 
719, 25490.9882486535 
720, 25258.4574440638 
721, 25587.8030492638 
722, 26243.3712711265 
723, 26687.0398446816 
724, 26753.5103625991 
725, 26563.8207247621 
726, 26542.5901094068 
727, 26629.4222130861 
728, 26736.7234638511 
729, 26805.3302174691 
730, 26982.2681274883 
731, 27296.905182243 
732, 27721.5639883982 
733, 28177.7193913923 
734, 28567.1231162465 
735, 28812.6287555469 
736, 28881.3830491867 
737, 28855.6394195838 
738, 28813.611745976 
739, 28772.0963867803 
740, 28700.8703384479 
741, 28678.8386363434 
742, 28718.3539469501 
743, 28809.6434115588 
744, 28930.2778475044 
745, 29010.7378018731 
746, 29045.2402110777 
747, 29046.7291425872 
748, 29009.705977319 
749, 28917.2131988546 
750, 28789.5573648971 
751, 28673.2992603538 
752, 28616.7914000476 
753, 28603.2305358539 
754, 28601.0966996562 
755, 28569.8669524204 
756, 28429.4538530544 
757, 27834.4732159815 
758, 26220.3494568609 
759, 22602.7143847951 
760, 17319.7549828246 
761, 12215.794226377 
762, 9469.00793800185 
763, 9549.20959056493 
764, 11108.0002168256 
765, 13483.926400328 
766, 16630.2976279364 
767, 20033.569716019 
768, 22960.8221606032 
769, 24972.931118543 
770, 26088.7095147261 
771, 26633.2412978528 
772, 26842.2887250289 
773, 26891.858971061 
774, 26874.7932540548 
775, 26807.4616325681 
776, 26720.3268990745 
777, 26635.0571734817 
778, 26520.0982643707 
779, 26385.5666278832 
780, 26252.3520356768 
781, 26143.1079219217 
782, 26024.6401095388 
783, 25883.0387678872 
784, 25721.8064735558 
785, 25565.228024577 
786, 25410.3342263048 
787, 25231.066003376 
788, 25006.4567316678 
789, 24745.2677836698 
790, 24467.2810639216 
791, 24179.7546847597 
792, 23887.5004284921 
793, 23606.3363509549 
794, 23381.3779270969 
795, 23235.9982908825 
796, 23165.7825497839 
797, 23114.7297479228 
798, 23022.1870867402 
799, 22861.1866008044 
800, 22649.0966200475 
801, 22416.6068196585 
802, 22199.9549718673 
803, 22014.9275340034 
804, 21833.1849447974 
805, 21673.7989725953 
806, 21525.6066363101 
807, 21363.6148464503 
808, 21155.648114016 
809, 20909.116409606 
810, 20638.9969487758 
811, 20354.6896156156 
812, 20017.9769717861 
813, 19572.7408954495 
814, 19011.8832063344 
815, 18384.3733527175 
816, 17796.0508409923 
817, 17327.3653768779 
818, 17032.1183152639 
819, 16932.8077139007 
820, 16897.174601791 
821, 16831.3578544083 
822, 16698.8552172166 
823, 16554.0124762922 
824, 16458.0813356269 
825, 16467.1258868116 
826, 16564.010380882 
827, 16521.8040663081 
828, 16341.8433951378 
829, 16103.3010637728 
830, 15914.3950931755 
831, 15784.2023311247 
832, 15684.1445603616 
833, 15600.6339690929 
834, 15536.7255930122 
835, 15502.0442026989 
836, 15480.1238146755 
837, 15444.5066040366 
838, 15364.4988674826 
839, 15247.8159711902 
840, 15107.868881549 
841, 14955.7825236573 
842, 14795.2892990159 
843, 14629.4011118362 
844, 14465.2565593074 
845, 14306.4977265569 
846, 14150.5194658049 
847, 13958.5154260662 
848, 13727.4909593073 
849, 13471.1307122602 
850, 13210.5211297243 
851, 12907.7216559303 
852, 12597.3234244989 
853, 12340.5154942566 
854, 12145.0277179245 
855, 11985.6117015019 
856, 11910.2303772872 
857, 11984.6874991934 
858, 12099.165246326 
859, 12121.3557598074 
860, 12028.4754587463 
861, 11894.3560129323 
862, 11731.6523007294 
863, 11525.2312125791 
864, 11278.1942297561 
865, 11019.696650273 
866, 10775.9972808389 
867, 10570.987017948 
868, 10436.7031438165 
869, 10413.3519080447 
870, 10433.4764019123 
871, 10417.2162101644 
872, 10326.9507372176 
873, 10201.4594253503 
874, 10066.7733113582 
875, 9931.54369376743 
876, 9798.2717149307 
877, 9670.57666290727 
878, 9543.16101264706 
879, 9417.07920034236 
880, 9293.09446857879 
881, 9165.40113382213 
882, 9039.09956591403 
883, 8919.51920253602 
884, 8808.53001731317 
885, 8698.49844002532 
886, 8579.69325925111 
887, 8454.40987598531 
888, 8329.81347488535 
889, 8208.67531127923 
890, 8089.43507865267 
891, 7959.27951496962 
892, 7802.03144291205 
893, 7611.80460880474 
894, 7392.80934488373 
895, 7151.31489040968 
896, 6895.94276993179 
897, 6637.41310108723 
898, 6393.99326319463 
899, 6190.35751440867 
900, 6048.0858533014 
901, 5961.51373708496 
902, 5919.77377137378 
903, 5900.80485364646 
904, 5878.18620298095 
905, 5841.52030878807 
906, 5778.6356247908 
907, 5676.75706677084 
908, 5531.84210221933 
909, 5379.96408145469 
910, 5252.05798386003 
911, 5159.38213740495 
912, 5094.41129708257 
913, 5036.92302227237 
914, 4981.51384768328 
915, 4927.05031562893 
916, 4876.1974443353 
917, 4838.24800162617 
918, 4807.44481862101 
919, 4778.2647672204 
920, 4747.2616077121 
921, 4716.70160117751 
922, 4674.86536010082 
923, 4612.2160839189 
924, 4523.73052130685 
925, 4412.53868492753 
926, 4280.51630531603 
927, 4121.90205362577 
928, 3927.85908185537 
929, 3700.53618197147 
930, 3446.67589728459 
931, 3177.38408287362 
932, 2909.91408757825 
933, 2674.28161861835 
934, 2487.07287682106 
935, 2359.38525177235 
936, 2293.30372634553 
937, 2273.70613262229 
938, 2285.33780972653 
939, 2310.0627015212 
940, 2332.40422521766 
941, 2350.9314509859 
942, 2354.09246815903 
943, 2332.43334186947 
944, 2284.34483183347 
945, 2224.33320558697 
946, 2175.15719196411 
947, 2143.7831932758 
948, 2127.9781446207 
949, 2124.25287781023 
950, 2117.51064557187 
951, 2108.00129426924 
952, 2098.70142090856 
953, 2084.63065785295 
954, 2070.75710149916 
955, 2057.95744080001 
956, 2046.76296605361 
957, 2039.17790751765 
958, 2033.77858691411 
959, 2029.11015627421 
960, 2025.62378005303 
961, 2026.15439211247 
962, 2024.63286914283 
963, 2024.48255082628 
964, 2027.18278462793 
965, 2029.53908893083 
966, 2027.83417829825 
967, 2022.80085414485 
968, 2014.54476521094 
969, 2002.05480636764 
970, 1985.37383380648 
971, 1964.14349425639 
972, 1936.81073231052 
973, 1902.01122307545 
974, 1861.92424703508 
975, 1821.79863388301 
976, 1783.14247770376 
977, 1746.30782374378 
978, 1715.21184520657 
979, 1689.72213543183 
980, 1667.72140128441 
981, 1646.74706463075 
982, 1625.73360589297 
983, 1603.62364503183 
984, 1579.00316778982 
985, 1552.08897498624 
986, 1525.3314269272 
987, 1496.58163392562 
988, 1465.5959911834 
989, 1432.97529510672 
990, 1400.13258050772 
991, 1371.11235490552 
992, 1340.02393789977 
993, 1307.60084958459 
994, 1278.47559646753 
995, 1248.62997257756 
996, 1216.5543071756 
997, 1183.68397818138 
998, 1152.47890179129 
999, 1124.15873919768 
1000, 1094.76863793551 
1001, 6862.40213289405 
1002, 6839.07753920032 
1003, 6819.18386872064 
1004, 6800.11974353933 
1005, 6788.96697802467 
1006, 6786.19686758056 
1007, 6793.12560686074 
1008, 6810.94745368588 
1009, 6827.9578334995 
1010, 6852.43084326688 
1011, 6873.41879119987 
1012, 6896.66053043723 
1013, 6913.61656025428 
1014, 6931.49443880244 
1015, 6953.44597106146 
1016, 6975.72597128319 
1017, 7001.34299722056 
1018, 7037.52200959329 
1019, 7073.78330196398 
1020, 7110.20641519402 
1021, 7156.92098932777 
1022, 7198.59496911364 
1023, 7237.92195215264 
1024, 7276.22131474261 
1025, 7318.00788864528 
1026, 7354.59024503165 
1027, 7395.54932709067 
1028, 7436.99657680523 
1029, 7477.47058955446 
1030, 7516.37612745163 
1031, 7546.37658307556 
1032, 7578.59180491806 
1033, 7612.06340111586 
1034, 7638.72208303264 
1035, 7667.59854888136 
1036, 7697.93384625309 
1037, 7728.59700544451 
1038, 7755.16475262541 
1039, 7782.00720399825 
1040, 7809.05576839508 
1041, 7832.65697868187 
1042, 7853.8917424258 
1043, 7875.48757587204 
1044, 7892.61374014949 
1045, 7910.74777660333 
1046, 7932.95500666552 
1047, 7954.29534762526 
1048, 7976.14754596115 
1049, 8004.37399960771 
1050, 8029.80489159194 
1051, 8053.62575635848 
1052, 8087.41076353808 
1053, 8123.78879878906 
1054, 8160.2614780231 
1055, 8195.90829874812 
1056, 8226.08562661501 
1057, 8256.01368368708 
1058, 8296.59811881345 
1059, 8351.26304764274 
1060, 8407.72845698584 
1061, 8474.46607432387 
1062, 8541.55669765796 
1063, 8612.22480091694 
1064, 8680.98596930919 
1065, 8756.8766206991 
1066, 8847.05911883916 
1067, 8938.5925262981 
1068, 9032.74852655209 
1069, 9137.04863758415 
1070, 9245.79703164408 
1071, 9366.09683148479 
1072, 9488.93929581856 
1073, 9612.57456166911 
1074, 9748.96476173678 
1075, 9868.47702471588 
1076, 9982.56891488524 
1077, 10093.1575546344 
1078, 10190.9264542238 
1079, 10280.8921799439 
1080, 10360.6167646029 
1081, 10432.906270398 
1082, 10503.5713719822 
1083, 10563.015698191 
1084, 10619.8564423519 
1085, 10680.3233341522 
1086, 10734.0246811331 
1087, 10785.1111283633 
1088, 10826.2474661413 
1089, 10869.7628517123 
1090, 10891.5408657631 
1091, 10897.5988581419 
1092, 10894.0712713921 
1093, 10880.193785425 
1094, 10864.2208110369 
1095, 10839.0077414381 
1096, 10807.4278829415 
1097, 10775.0024043117 
1098, 10732.9248103625 
1099, 10700.9567061206 
1100, 10678.8390592205 
1101, 10648.3939123818 
1102, 10621.4062939574 
1103, 10584.0382744734 
1104, 10546.6894535302 
1105, 10492.8173269514 
1106, 10430.5842223145 
1107, 10345.9282437837 
1108, 10217.0062666165 
1109, 10050.6027416042 
1110, 9824.70513604966 
1111, 9551.44944221218 
1112, 9229.00736308905 
1113, 8838.14723729753 
1114, 8442.84748158605 
1115, 7974.80568928495 
1116, 7557.07485466074 
1117, 7101.04114831251 
1118, 6722.4360612994 
1119, 6381.24281504416 
1120, 6071.02118774063 
1121, 5809.99278506844 
1122, 5599.87907880784 
1123, 5447.82988171713 
1124, 5344.11708123448 
1125, 5296.51770438264 
1126, 5332.01927047135 
1127, 5362.06010262863 
1128, 5441.40837171893 
1129, 5514.14481120994 
1130, 5609.80439742318 
1131, 5704.21470938043 
1132, 5792.51101614098 
1133, 5911.13976959598 
1134, 6040.82489781098 
1135, 6185.87884291515 
1136, 6392.77001216565 
1137, 6599.38641881371 
1138, 6801.76216534685 
1139, 6990.46455338058 
1140, 7112.60218647943 
1141, 7198.38611105369 
1142, 7231.78733874509 
1143, 7186.63736174428 
1144, 7163.24762755498 
1145, 7050.94702727407 
1146, 7040.68576821137 
1147, 7041.2479227085 
1148, 7109.88733621987 
1149, 7246.92549728081 
1150, 7418.98240020834 
1151, 7644.3265555477 
1152, 7898.91743695188 
1153, 8162.46822707817 
1154, 8469.16750713536 
1155, 8755.24744739861 
1156, 9057.82418546412 
1157, 9338.15892459017 
1158, 9622.72739239237 
1159, 9880.44821500904 
1160, 10127.8291777779 
1161, 10347.0118055953 
1162, 10549.0276919823 
1163, 10725.6447943375 
1164, 10875.7498300986 
1165, 11004.1493210638 
1166, 11115.8580062904 
1167, 11201.9984251831 
1168, 11267.7915414978 
1169, 11314.2166688189 
1170, 11336.7684174617 
1171, 11332.4944060562 
1172, 11314.5800719417 
1173, 11270.9118471894 
1174, 11220.8885652145 
1175, 11146.7372632714 
1176, 11079.0959055121 
1177, 11000.8500561464 
1178, 10925.9808123519 
1179, 10851.9859752028 
1180, 10776.3269148245 
1181, 10691.4955974081 
1182, 10616.6992479131 
1183, 10551.4827751517 
1184, 10485.1992268617 
1185, 10439.9762085524 
1186, 10411.1233268723 
1187, 10387.4704645415 
1188, 10375.8031084471 
1189, 10370.9827188134 
1190, 10391.5602510325 
1191, 10386.3761042892 
1192, 10392.9042197285 
1193, 10369.5644814973 
1194, 10319.4770505706 
1195, 10262.4237694926 
1196, 10191.2758486766 
1197, 10104.2347849569 
1198, 10016.2240934557 
1199, 9910.43656030167 
1200, 9825.70324668392 
1201, 9736.12415874914 
1202, 9666.480052066 
1203, 9607.09792575282 
1204, 9563.44568782792 
1205, 9534.84431422826 
1206, 9512.5095898841 
1207, 9508.49413411982 
1208, 9504.41295082092 
1209, 9507.7048170119 
1210, 9511.80629901452 
1211, 9525.63427074133 
1212, 9534.04418127627 
1213, 9541.10771943132 
1214, 9550.3999040365 
1215, 9548.69017312463 
1216, 9543.70831347192 
1217, 9529.85083681744 
1218, 9504.97026271956 
1219, 9482.23922326049 
1220, 9451.84659356345 
1221, 9426.14732676089 
1222, 9398.70027196063 
1223, 9375.70855057163 
1224, 9354.49908832627 
1225, 9335.70641206791 
1226, 9322.48536006962 
1227, 9307.09049460262 
1228, 9293.81959326566 
1229, 9278.2915103083 
1230, 9261.54522607612 
1231, 9243.33542163897 
1232, 9224.88838301522 
1233, 9207.83880109755 
1234, 9183.57405411856 
1235, 9158.15586783494 
1236, 9126.22560856717 
1237, 9085.66862948124 
1238, 9046.69896190668 
1239, 9005.84189765413 
1240, 8962.11583502022 
1241, 8914.68882062656 
1242, 8868.27235353433 
1243, 8815.0324600122 
1244, 8769.16195071533 
1245, 8729.9294548172 
1246, 8689.83676041234 
1247, 8644.46153842154 
1248, 8603.86067755518 
1249, 8549.63951377956 
1250, 8485.19476312724 
1251, 8420.95093446682 
1252, 8358.79168760022 
1253, 8277.32652840932 
1254, 8189.88698280755 
1255, 8088.62389812791 
1256, 7973.4544814347 
1257, 7845.33744851454 
1258, 7701.28449767469 
1259, 7554.37141933417 
1260, 7383.31776384745 
1261, 7225.21073611114 
1262, 7062.65277810301 
1263, 6908.62909771397 
1264, 6779.83927340222 
1265, 6651.67249846809 
1266, 6574.6541422014 
1267, 6521.01036480907 
1268, 6513.92082718938 
1269, 6546.55105997212 
1270, 6611.9940888135 
1271, 6731.00967251862 
1272, 6849.15216042142 
1273, 7010.81479565245 
1274, 7151.45415722312 
1275, 7312.08204343838 
1276, 7440.9361615557 
1277, 7558.06221258616 
1278, 7660.65009961388 
1279, 7739.59297471451 
1280, 7810.57931679114 
1281, 7876.55947087014 
1282, 7937.35909850013 
1283, 8004.40202641478 
1284, 8070.68573631905 
1285, 8135.0047481436 
1286, 8205.65392668664 
1287, 8264.49893861672 
1288, 8320.3457368226 
1289, 8364.28343354172 
1290, 8400.47364436273 
1291, 8428.86819275277 
1292, 8448.03001904388 
1293, 8459.15185607252 
1294, 8459.64205959695 
1295, 8459.01882751435 
1296, 8448.40247362828 
1297, 8437.92109366701 
1298, 8427.18501761306 
1299, 8412.65341700691 
1300, 8397.82546038447 
1301, 8374.86021366192 
1302, 8347.34257958373 
1303, 8313.57106914951 
1304, 8281.45436585299 
1305, 8243.24741183578 
1306, 8209.74557226505 
1307, 8181.73585078353 
1308, 8145.54198287824 
1309, 8106.07523354398 
1310, 8064.63161008747 
1311, 8014.41712428192 
1312, 7971.57157615781 
1313, 7926.72676684826 
1314, 7890.07953096208 
1315, 7861.62779254437 
1316, 7832.85881341303 
1317, 7808.29047148384 
1318, 7786.64260527467 
1319, 7764.62079384006 
1320, 7739.60350271125 
1321, 7711.35297434635 
1322, 7675.20497658697 
1323, 7624.72612330342 
1324, 7569.52038376638 
1325, 7487.20531821064 
1326, 7382.54483374468 
1327, 7273.6515108601 
1328, 7133.27625543493 
1329, 7014.08628278431 
1330, 6884.26567944939 
1331, 6783.54516738266 
1332, 6693.57747400627 
1333, 6623.66729801559 
1334, 6583.83031611456 
1335, 6543.62799814066 
1336, 6519.41719655697 
1337, 6499.78246819092 
1338, 6475.78844866506 
1339, 6426.15704753016 
1340, 6347.18839285287 
1341, 6218.36110839741 
1342, 6027.22000141579 
1343, 5782.58245786075 
1344, 5492.13394026163 
1345, 5131.94483102722 
1346, 4758.53749542469 
1347, 4330.49881093503 
1348, 3911.86262837251 
1349, 3451.23484648952 
1350, 3028.67510124204 
1351, 2593.72976025422 
1352, 2206.09063495814 
1353, 1833.54765412653 
1354, 1506.5404184807 
1355, 1208.70002891738 
1356, 959.390822958692 
1357, 750.970296322546 
1358, 590.452075498565 
1359, 463.254578846286 
1360, 367.913927948873 
1361, 297.506403543617 
1362, 239.747212150485 
1363, 197.885364737182 
1364, 172.271159609406 
1365, 155.853643273944 
1366, 152.941135685896 
1367, 154.57658914444 
1368, 170.910345923676 
1369, 184.29413888623 
1370, 198.821652002895 
1371, 221.980621096869 
1372, 253.621475661468 
1373, 285.917712871584 
1374, 333.084574681878 
1375, 362.583307491239 
1376, 390.84900644705 
1377, 405.400743131076 
1378, 408.806618943323 
1379, 401.113979175982 
1380, 386.06208764587 
1381, 365.735128869531 
1382, 346.160675792337 
1383, 337.694466983742 
1384, 341.422507663946 
1385, 363.799947752938 
1386, 400.98341366399 
1387, 446.47689654521 
1388, 486.358363734648 
1389, 537.052928385902 
1390, 571.683861281669 
1391, 600.088563179622 
1392, 620.098624739585 
1393, 628.054566690765 
1394, 639.366660676646 
1395, 644.34107117698 
1396, 651.29749279501 
1397, 654.322505438057 
1398, 667.575956759356 
1399, 683.891654043157 
1400, 701.975895552463 
1401, 730.196222793914 
1402, 755.659684787642 
1403, 779.897321912366 
1404, 804.262891354537 
1405, 825.090782306526 
1406, 852.100502319947 
1407, 883.738812947648 
1408, 920.409812223909 
1409, 971.904483806953 
1410, 1026.14479714827 
1411, 1077.64307335664 
1412, 1134.73332345813 
1413, 1180.47989834293 
1414, 1222.37825538218 
1415, 1261.35252419964 
1416, 1294.18736692956 
1417, 1324.44619161826 
1418, 1355.98805599496 
1419, 1375.46527846816 
1420, 1385.79638384869 
1421, 1393.86960302722 
1422, 1393.90203203456 
1423, 1392.96901744432 
1424, 1394.93123239756 
1425, 1384.16911576932 
1426, 1368.42890470747 
1427, 1340.65823146693 
1428, 1301.90556034219 
1429, 1252.133420374 
1430, 1195.9784883732 
1431, 1138.61502352581 
1432, 1081.23461773405 
1433, 1028.82236203095 
1434, 976.177383370254 
1435, 925.968620529095 
1436, 878.87021315967 
1437, 830.810886403043 
1438, 792.527996928523 
1439, 762.89173575077 
1440, 733.318492924709 
1441, 711.991929818332 
1442, 685.10896403577 
1443, 653.186792897263 
1444, 629.615083837079 
1445, 610.706761209695 
1446, 588.427089532853 
1447, 571.860415767239 
1448, 549.826609450031 
1449, 517.917183163278 
1450, 495.34480653497 
1451, 476.788740320206 
1452, 460.092110395345 
1453, 449.398627250753 
1454, 436.546022957786 
1455, 425.204996340151 
1456, 410.677036895349 
1457, 395.988550124394 
1458, 379.835937741727 
1459, 360.281340086275 
1460, 335.551401658668 
1461, 311.642800328742 
1462, 286.704154045999 
1463, 261.087217425396 
1464, 241.094244621878 
1465, 221.642156550673 
1466, 202.521604986357 
1467, 187.027547970107 
1468, 174.016183997648 
1469, 163.568036681452 
1470, 158.147737581599 
1471, 149.441307070828 
1472, 142.890478235052 
1473, 134.526836441252 
1474, 120.109242421717 
1475, 113.193606025482 
1476, 109.627595391642 
1477, 106.119699437853 
1478, 108.741377328506 
1479, 106.866883391698 
1480, 100.867441591013 
1481, 99.8742445937559 
1482, 100.084189390407 
1483, 100.506212306668 
1484, 106.853003715012 
1485, 108.418181938895 
1486, 108.22005431524 
1487, 103.102494231215 
1488, 100.614581609203 
1489, 99.6328553192502 
1490, 101.232734964429 
1491, 108.640568423758 
1492, 114.152915856335 
1493, 115.44540094639 
1494, 113.848329360413 
1495, 110.618906295061 
1496, 110.621940756332 
1497, 108.7297788205 
1498, 108.058152463682 
1499, 110.231375164165 
1500, 107.907313163846 
1501, 100.168983247656 
1502, 102.404562664474 
1503, 106.809560253271 
1504, 112.187216097424 
1505, 129.61176716146 
1506, 131.739885671578 
1507, 121.48660251318 
1508, 122.621434628846 
1509, 120.595759058357 
1510, 123.967487489788 
1511, 141.815896461955 
1512, 146.405924282208 
1513, 143.407470974087 
1514, 144.353101655467 
1515, 140.348324361188 
1516, 141.117479077954 
1517, 148.393657985231 
1518, 151.559680097899 
1519, 152.455082510685 
1520, 154.539654754184 
1521, 157.295190639579 
1522, 157.196358730274 
1523, 156.949294151364 
1524, 159.761746896174 
1525, 161.329638582679 
1526, 164.054515398045 
1527, 164.757105670214 
1528, 165.861575637375 
1529, 166.98597766785 
1530, 164.067123680534 
1531, 162.113953498559 
1532, 162.620217310782 
1533, 161.079639336615 
1534, 158.382139542473 
1535, 158.30934382511 
1536, 158.620986993074 
1537, 162.537920366653 
1538, 170.826058285676 
1539, 175.741437726349 
1540, 183.646853199975 
1541, 186.923120938098 
1542, 184.65082770214 
1543, 186.08738476364 
1544, 187.823059053831 
1545, 190.087187176708 
1546, 193.513448714111 
1547, 196.294660883177 
1548, 197.96433072462 
1549, 201.176245450584 
1550, 206.558500560958 
1551, 210.080610868218 
1552, 213.500836706703 
1553, 216.438182172687 
1554, 217.90190187133 
1555, 219.658924812031 
1556, 221.849499728317 
1557, 223.703380368028 
1558, 222.478482809992 
1559, 225.716901015439 
1560, 232.164339010027 
1561, 238.297136741549 
1562, 248.643024654693 
1563, 256.342007019856 
1564, 261.952636451432 
1565, 265.755622196565 
1566, 268.18103198845 
1567, 270.356049481577 
1568, 266.742712107587 
1569, 272.337872632191 
1570, 279.606004568988 
1571, 281.843717819145 
1572, 289.898666354188 
1573, 297.542725269778 
1574, 299.898334122061 
1575, 306.061639437998 
1576, 308.728989066519 
1577, 311.914596608507 
1578, 314.307335624235 
1579, 316.906025783888 
1580, 324.048460462047 
1581, 332.506488672471 
1582, 341.726067001952 
1583, 357.217977101475 
1584, 365.510192175164 
1585, 370.071955193894 
1586, 377.005288388655 
1587, 381.089348706714 
1588, 389.362683911332 
1589, 401.172932125126 
1590, 410.407894770915 
1591, 424.516225004589 
1592, 427.753077991644 
1593, 421.288640978008 
1594, 424.104544286497 
1595, 423.052605526011 
1596, 427.228112304646 
1597, 444.46061759094 
1598, 448.334312602512 
1599, 445.094297749606 
1600, 445.109143195871 
1601, 439.512541698339 
1602, 438.772194736157 
1603, 440.901783199568 
1604, 444.344588552472 
1605, 450.7319267723 
1606, 455.267646196019 
1607, 461.00148603634 
1608, 465.331877913807 
1609, 466.444039579509 
1610, 470.805403628237 
1611, 478.487303856389 
1612, 483.761890536957 
1613, 488.285105247508 
1614, 493.796203388351 
1615, 498.181865704874 
1616, 503.141116973408 
1617, 511.431124425199 
1618, 515.919912098318 
1619, 518.136927908432 
1620, 519.988418201243 
1621, 517.439397662653 
1622, 519.434072127075 
1623, 526.593821989191 
1624, 528.208268879119 
1625, 528.278295599269 
1626, 529.122598677462 
1627, 525.088761634711 
1628, 524.175657314161 
1629, 529.66987797138 
1630, 530.023267539077 
1631, 525.652242206443 
1632, 524.182477107877 
1633, 521.288282375329 
1634, 519.860527769557 
1635, 522.490394290872 
1636, 523.422228826042 
1637, 521.622644732518 
1638, 522.585153622288 
1639, 523.578254715122 
1640, 526.848555716853 
1641, 538.156017702897 
1642, 542.042967619059 
1643, 539.681558993487 
1644, 541.641932840036 
1645, 540.129015003761 
1646, 541.090968330646 
1647, 549.713767038073 
1648, 554.87761256385 
1649, 556.048310226914 
1650, 559.740450647058 
1651, 563.191279387019 
1652, 568.485547345835 
1653, 573.960106987382 
1654, 580.303308037924 
1655, 590.308081086399 
1656, 603.255453932456 
1657, 610.678435904433 
1658, 620.364138765607 
1659, 624.269204229257 
1660, 621.907064399074 
1661, 621.225145383506 
1662, 618.917578238608 
1663, 620.547193094638 
1664, 623.302630846829 
1665, 621.457863516141 
1666, 619.857536356126 
1667, 620.121824449341 
1668, 615.60651085869 
1669, 617.63188263699 
1670, 626.365111043335 
1671, 631.475722693957 
1672, 635.901947509786 
1673, 640.033891503994 
1674, 645.698539456257 
1675, 647.845892350565 
1676, 647.467915310993 
1677, 648.765616529969 
1678, 647.594565602151 
1679, 652.503025354646 
1680, 662.162534534795 
1681, 664.738827193664 
1682, 667.182473743013 
1683, 670.326606371277 
1684, 669.006365636057 
1685, 671.483552397771 
1686, 678.578087690939 
1687, 682.260684066164 
1688, 684.207636976655 
1689, 684.964955419625 
1690, 684.092670300402 
1691, 686.851249266949 
1692, 689.616901627977 
1693, 692.18860036731 
1694, 697.329497827724 
1695, 702.642818105377 
1696, 706.908549024579 
1697, 710.57453580159 
1698, 716.798951795836 
1699, 720.991070942667 
1700, 723.208074851636 
1701, 721.010001359684 
1702, 717.115012210958 
1703, 714.790509240707 
1704, 706.400176675303 
1705, 708.206645563224 
1706, 717.761309860026 
1707, 721.571696929881 
1708, 726.803535502048 
1709, 728.957405981305 
1710, 727.938819596345 
1711, 730.08093926405 
1712, 732.695492940596 
1713, 734.315778822687 
1714, 737.381609144081 
1715, 735.549767702228 
1716, 734.828721073434 
1717, 736.171529545916 
1718, 733.891187273943 
1719, 730.1839861836 
1720, 730.959026842027 
1721, 732.834300664004 
1722, 731.420225273547 
1723, 728.396606624499 
1724, 722.784546622991 
1725, 716.987757176598 
1726, 716.436978965581 
1727, 722.290896715118 
1728, 729.563006980451 
1729, 735.867701014561 
1730, 739.410963269082 
1731, 740.24520983042 
1732, 738.160328573864 
1733, 729.613676842921 
1734, 723.822257302236 
1735, 722.280301757574 
1736, 724.272228571984 
1737, 730.384550173517 
1738, 731.561126223815 
1739, 731.040033204726 
1740, 731.77553432071 
1741, 735.117181366098 
1742, 740.941337378064 
1743, 742.929621432895 
1744, 742.098557541099 
1745, 739.325533728276 
1746, 734.425253817351 
1747, 733.650024517414 
1748, 733.244012692097 
1749, 728.92941533103 
1750, 726.617273546393 
1751, 725.739986630137 
1752, 724.021518522478 
1753, 723.905049246879 
1754, 727.116648472056 
1755, 724.674184178612 
1756, 721.490640611136 
1757, 725.950222585091 
1758, 725.684094887651 
1759, 723.800629812245 
1760, 722.376168901595 
1761, 716.096149677887 
1762, 710.216096573829 
1763, 711.350467922081 
1764, 709.848467089473 
1765, 708.410271307154 
1766, 705.112736790257 
1767, 700.011292146662 
1768, 694.45832911228 
1769, 686.479201101554 
1770, 680.402407592694 
1771, 673.01279160972 
1772, 669.008862935587 
1773, 669.962004316263 
1774, 665.981479528247 
1775, 663.293727627216 
1776, 655.310034317264 
1777, 640.887467885725 
1778, 630.880656266818 
1779, 619.526925191204 
1780, 611.255466391323 
1781, 605.807700736256 
1782, 599.185348057811 
1783, 591.274629329145 
1784, 587.875358639501 
1785, 588.107915943149 
1786, 583.908480985 
1787, 583.505152657654 
1788, 576.936515723234 
1789, 562.21160818165 
1790, 555.199131790838 
1791, 550.964980086856 
1792, 538.551676194931 
1793, 530.16505546562 
1794, 514.182963645265 
1795, 485.858078178679 
1796, 470.475083336133 
1797, 444.80128048412 
1798, 421.060374282292 
1799, 402.92325217304 
1800, 382.10801162667 
1801, 2157.03912885946 
1802, 2035.62581237095 
1803, 1956.94870338619 
1804, 1926.76698124076 
1805, 1904.00480881382 
1806, 1864.71685353923 
1807, 1821.97131802039 
1808, 1773.93932229827 
1809, 1722.41253282092 
1810, 1667.46824630526 
1811, 1613.93243512074 
1812, 1544.5858056608 
1813, 1463.22600889326 
1814, 1383.98074799023 
1815, 1287.99514483361 
1816, 1191.80478970193 
1817, 1120.25855295949 
1818, 1051.11181015739 
1819, 996.919545470221 
1820, 960.19501188353 
1821, 927.665211234957 
1822, 911.628489023658 
1823, 895.072567864192 
1824, 859.809111589943 
1825, 821.603064161218 
1826, 759.564019017841 
1827, 659.601620186422 
1828, 584.544716514173 
1829, 511.995111611117 
1830, 443.855250799443 
1831, 375.664686423287 
1832, 325.352088030222 
1833, 270.850689020799 
1834, 201.781638636432 
1835, 164.614791462861 
1836, 135.72622311335 
1837, 100.873391194987 
1838, 84.3558383693169 
1839, 74.435841109761 
1840, 63.6581818849879 
1841, 61.4858566388493 
1842, 74.5735373158138 
1843, 95.5691523284673 
1844, 109.529415808398 
1845, 135.756338764441 
1846, 157.909429429714 
1847, 161.777908400176 
1848, 167.025334025168 
1849, 156.040845399098 
1850, 148.347939003536 
1851, 141.241940747572 
1852, 136.911938854965 
1853, 114.253524642349 
1854, 115.68960857177 
1855, 127.616282807103 
1856, 134.582461482041 
1857, 155.20359012102 
1858, 160.89271440873 
1859, 173.026539925547 
1860, 180.233457136639 
1861, 202.570694022866 
1862, 216.274088331651 
1863, 238.314813793369 
1864, 241.484498281457 
1865, 223.571390755227 
1866, 215.90971692117 
1867, 189.80657792577 
1868, 159.453682818638 
1869, 141.196325802139 
1870, 118.544752049842 
1871, 88.8769592688622 
1872, 63.6427598947183 
1873, 55.9211843556771 
1874, 55.8669649790171 
1875, 56.9490816996563 
1876, 67.2413116913412 
1877, 80.2683951237684 
1878, 87.1320650472158 
1879, 94.4928936714425 
1880, 101.592941110314 
1881, 109.890283047259 
1882, 118.614852690737 
1883, 135.068283047176 
1884, 152.084330044217 
1885, 178.988939519383 
1886, 204.402679071197 
1887, 214.166460383362 
1888, 209.582448792454 
1889, 192.169755524346 
1890, 174.477308349934 
1891, 159.583471949487 
1892, 134.493115905223 
1893, 136.017367177663 
1894, 133.963887579749 
1895, 116.828312742116 
1896, 121.825885162127 
1897, 95.8865077741096 
1898, 81.3122754852807 
1899, 83.490500947854 
1900, 73.2585244078073 
1901, 55.2040835771837 
1902, 46.9294559266683 
1903, 35.1314208989529 
1904, 35.9991359803492 
1905, 41.0887292803251 
1906, 27.5117263441534 
1907, 16.4536557411422 
1908, 5.9222243961079 
1909, 4.258833672458 
1910, 15.9743517815413 
1911, 16.1392427427487 
1912, 18.5570834858084 
1913, 18.78811858617 
1914, 7.554364323909 
1915,-0.35253595272318 
1916, 21.5330029831618 
1917, 25.2103202085666 
1918, 13.5004710715874 
1919, 31.1373483016601 
1920, 34.9015438541321 
1921, 44.6322901312384 
1922, 59.0259148579523 
1923, 90.3952089299737 
1924, 97.945287214778 
1925, 100.857002878082 
1926, 94.2537714105922 
1927, 79.6674815411405 
1928, 64.3032466845817 
1929, 42.6089347155795 
1930, 29.7692932262702 
1931, 23.7118731962523 
1932, 21.9247893058398 
1933, 16.5365885582496 
1934, 21.7808002757599 
1935, 17.4777761392316 
1936, 7.17513341030642 
1937,-12.9406092289803 
1938,-16.9862516601109 
1939,-36.8887420263709 
1940,-48.1837209405202 
1941,-31.8633870154735 
1942,-17.5685804221849 
1943,-6.66531192535762 
1944, 4.88848579627768 
1945, 24.5814242574523 
1946, 26.9708492370907 
1947, 9.09937458810905 
1948, 14.3417682084032 
1949, 25.3463619670125 
1950, 30.7049970149046 
1951, 44.3090470970895 
1952, 70.6272726907241 
1953, 85.9347901451875 
1954, 72.2070769277484 
1955, 62.3529127638719 
1956, 41.9615023880886 
1957, 28.2815247499943 
1958, 13.2143040547822 
1959, 3.55860800647794 
1960, 0.227711651743411 
1961,-5.40114817597145 
1962,-14.3070457763554 
1963,-31.6800721692118 
1964,-45.2027537277898 
1965,-39.4543664122479 
1966,-30.9598692242916 
1967,-9.85944448624883 
1968, 4.38143271654426 
1969, 26.5217833070267 
1970, 35.3330611126614 
1971, 39.262635879335 
1972, 38.6140509803389 
1973, 20.8856410241317 
1974, 20.2822449399298 
1975, 28.5783677316453 
1976, 34.5110739026418 
1977, 37.0722065268182 
1978, 43.798668671285 
1979, 48.613222894891 
1980, 43.3480051920627 
1981, 44.3188353123442 
1982, 62.2450388686445 
1983, 60.6304232927587 
1984, 39.4507935612204 
1985, 32.8986463814724 
1986, 25.8519321503903 
1987, 11.4179455178745 
1988, 27.0859069888588 
1989, 51.4052943589548 
1990, 52.9235470029964 
1991, 57.6124216169374 
1992, 42.477747570903 
1993,-19.016367809382 
1994,-31.0017987264656 
1995,-29.2475717633459 
1996,-26.005125549216 
1997, 4.3953495693975 
1998, 32.7011372938155 
1999, 37.2052874017608 
2000, 45.542128688674 
2001, 31.1165111615704 
2002, 21.1257154217946 
2003, 14.7814038430578 
2004, 1.9522361376224 
2005,-4.05384876187214 
2006,-0.706770305285394 
2007, 0.519212898272628 
2008, 0.371444233042673 
2009,-0.673011475374594 
2010, 6.41664232352985 
2011, 3.02187297868763 
2012,-9.31285440960614 
2013,-9.788308553561 
2014,-17.6941568966833 
2015,-34.6041148399687 
2016,-36.3790026839661 
2017,-34.1424510875592 
2018,-31.7605504587286 
2019,-18.4583777323364 
2020,-8.16192471844423 
2021, 3.47339800010914 
2022, 10.1099667530516 
2023, 19.1266197647967 
2024, 19.7424382711065 
2025, 15.6126898332942 
2026, 16.2578310613961 
2027, 18.3570802548045 
2028, 26.4420352452475 
2029, 24.7928320767869 
2030, 20.0465385289543 
2031, 14.4707898414056 
2032, 8.26279936015588 
2033,-6.76821584895226 
2034,-36.848954649111 
2035,-48.855865471396 
2036,-70.8990055450913 
2037,-70.8261020193419 
2038,-42.009541653169 
2039,-15.360888555671 
2040, 2.58400890737006 
2041, 28.1354780409734 
2042, 37.6374656549887 
2043, 39.9078651331461 
2044, 31.2296925155577 
2045, 3.00225515056074 
2046,-7.98538668684827 
2047,-29.0108360183437 
2048,-34.0805071082153 
2049,-17.4212509665261 
2050,-9.21145768638605 
2051, 0.758934263115477 
2052, 13.4169088464886 
2053, 6.99441670205209 
2054, 0.837086135575818 
2055, 3.77541020387595 
2056, 4.01519835536732 
2057, 2.59342248065504 
2058, 8.89423408107678 
2059, 14.7004312472143 
2060, 17.398359632786 
2061, 18.9665453859411 
2062, 24.4565432443592 
2063, 30.4948891059065 
2064, 37.194641647642 
2065, 34.2188344541978 
2066, 22.668133071367 
2067, 18.7395528546185 
2068, 24.88221491404 
2069, 28.0848310512754 
2070, 32.8841093305532 
2071, 62.6161644224818 
2072, 63.4287578224692 
2073, 32.0229373028752 
2074, 31.16388004906 
2075, 40.0486790206539 
2076, 42.5765092272479 
2077, 65.5089172271593 
2078, 70.0402579459461 
2079, 55.5120708408906 
2080, 45.8724737707574 
2081, 29.2942074895369 
2082, 9.44278199558287 
2083, 14.1830756127563 
2084, 32.4567332005965 
2085, 42.8431822212015 
2086, 71.9315690027235 
2087, 82.8891553938915 
2088, 75.9071285708883 
2089, 82.3736854968888 
2090, 95.5801692885945 
2091, 102.376191622282 
2092, 108.078124340771 
2093, 114.032594163283 
2094, 117.032777323149 
2095, 120.041602424898 
2096, 124.957828665833 
2097, 128.4881155634 
2098, 130.292981342177 
2099, 125.004317168693 
2100, 133.481951187297 
2101, 151.618729069875 
2102, 159.409959368766 
2103, 173.56786347442 
2104, 177.331163701483 
2105, 164.085742033231 
2106, 163.473280306073 
2107, 166.181510622956 
2108, 169.353241414356 
2109, 182.746252849578 
2110, 184.783166127671 
2111, 176.411459150739 
2112, 173.169182021441 
2113, 177.066818646976 
2114, 179.801791204461 
2115, 185.175424540893 
2116, 200.644078656501 
2117, 210.77165042592 
2118, 214.71805693971 
2119, 225.83632399977 
2120, 244.657667248983 
2121, 258.083339865959 
2122, 265.01820946235 
2123, 282.133092539454 
2124, 308.209787102335 
2125, 325.007202145002 
2126, 345.095619187338 
2127, 361.876451598671 
2128, 363.331534237443 
2129, 378.927177112997 
2130, 390.644168846738 
2131, 406.337374774603 
2132, 416.94412728681 
2133, 425.398234115751 
2134, 433.199332725552 
2135, 441.744002162257 
2136, 444.977583554942 
2137, 437.095094016372 
2138, 446.260219129996 
2139, 461.532447890172 
2140, 473.260196215937 
2141, 499.081847450139 
2142, 513.2502103179 
2143, 510.822959966041 
2144, 521.513521439379 
2145, 539.669468760149 
2146, 551.373374804284 
2147, 578.441674294349 
2148, 602.83614814133 
2149, 619.612471160002 
2150, 635.749095284712 
2151, 646.201941053733 
2152, 639.696238189511 
2153, 655.078549450059 
2154, 676.313840666821 
2155, 700.291108287136 
2156, 748.523627304296 
2157, 769.384337387668 
2158, 775.805910374057 
2159, 786.335618705752 
2160, 783.302645478521 
2161, 786.606738199537 
2162, 787.376747444391 
2163, 799.727375520569 
2164, 813.01434989503 
2165, 839.941540013649 
2166, 863.781940090049 
2167, 904.540506844643 
2168, 920.939703950791 
2169, 927.321708539499 
2170, 930.800045371663 
2171, 915.80771403047 
2172, 923.661940823832 
2173, 936.83755296073 
2174, 953.853877176072 
2175, 988.238818348418 
2176, 1009.71642905181 
2177, 1022.12944223439 
2178, 1042.30266506605 
2179, 1070.23242776564 
2180, 1087.53954987296 
2181, 1107.36527455447 
2182, 1119.7397725721 
2183, 1114.36325473671 
2184, 1113.86848220886 
2185, 1133.06652666938 
2186, 1139.43015144367 
2187, 1154.41514838624 
2188, 1178.78890619782 
2189, 1196.34043130435 
2190, 1212.37385159632 
2191, 1228.47660241164 
2192, 1246.97787170219 
2193, 1260.55815861749 
2194, 1270.83520100206 
2195, 1278.10837407242 
2196, 1282.4203226756 
2197, 1284.05165779038 
2198, 1284.08476788706 
2199, 1279.25403769149 
2200, 1256.22035037541 
2201, 1257.37206970607 
2202, 1262.77796666427 
2203, 1277.47151669045 
2204, 1304.63552071478 
2205, 1353.80014542483 
2206, 1388.06704355169 
2207, 1421.55803189477 
2208, 1446.23206427302 
2209, 1462.46082122009 
2210, 1481.56543235705 
2211, 1498.5797456126 
2212, 1511.41394541912 
2213, 1518.69839373351 
2214, 1538.36807501527 
2215, 1559.94472395232 
2216, 1578.79933942539 
2217, 1618.49815033514 
2218, 1627.50097055716 
2219, 1610.27844008819 
2220, 1603.73290569178 
2221, 1584.22809675416 
2222, 1575.80946894268 
2223, 1578.31706495214 
2224, 1578.15580969762 
2225, 1577.70995610115 
2226, 1576.89743731437 
2227, 1576.35663733557 
2228, 1574.27300494374 
2229, 1577.18917628839 
2230, 1596.57320366664 
2231, 1602.52449650225 
2232, 1610.1629832426 
2233, 1616.23313852254 
2234, 1617.65312391645 
2235, 1616.66024229345 
2236, 1615.74757294691 
2237, 1617.16681161423 
2238, 1613.26534142586 
2239, 1610.49661289558 
2240, 1620.02574348897 
2241, 1612.86583152897 
2242, 1585.90157245255 
2243, 1577.67316434826 
2244, 1576.41367036226 
2245, 1566.33334369681 
2246, 1567.2209916009 
2247, 1556.65009601072 
2248, 1522.62843328607 
2249, 1503.6389991544 
2250, 1485.89369964376 
2251, 1472.85698491904 
2252, 1467.81923544934 
2253, 1473.83833377233 
2254, 1447.979236796 
2255, 1432.28768527696 
2256, 1410.44625811609 
2257, 1374.0378596506 
2258, 1358.50437410442 
2259, 1358.23361917556 
2260, 1350.79133852966 
2261, 1353.64555444625 
2262, 1340.59387050743 
2263, 1321.16002765482 
2264, 1299.79690171287 
2265, 1263.53502586321 
2266, 1238.16677916863 
2267, 1214.43359169073 
2268, 1196.33061484987 
2269, 1187.37248972089 
2270, 1173.84764691105 
2271, 1161.63876752041 
2272, 1148.58594333956 
2273, 1130.81021004714 
2274, 1116.51086817394 
2275, 1105.91967781351 
2276, 1095.81321613798 
2277, 1099.60643789745 
2278, 1082.59759490921 
2279, 1044.37145791407 
2280, 1019.29285283453 
2281, 990.09040252024 
2282, 955.044895566536 
2283, 956.805521804268 
2284, 939.919813565003 
2285, 907.144099067929 
2286, 881.300434877507 
2287, 839.175939585923 
2288, 817.437686205621 
2289, 793.423502258434 
2290, 780.181736182913 
2291, 758.319956004524 
2292, 730.592205530001 
2293, 713.210543221668 
2294, 699.951193829901 
2295, 683.04370397038 
2296, 669.615064245117 
2297, 658.3611666833 
2298, 644.38525167493 
2299, 635.622260073082 
2300, 640.503189871172 
2301, 625.24198952663 
2302, 597.140225700433 
2303, 577.641687944821 
2304, 551.484028375917 
2305, 533.325106127339 
2306, 522.04776672381 
2307, 510.038905865642 
2308, 496.832922232895 
2309, 487.215613051089 
2310, 488.873480563446 
2311, 482.20344867185 
2312, 476.969594441052 
2313, 461.399685382609 
2314, 437.811493389154 
2315, 409.364462450096 
2316, 362.191266696761 
2317, 335.677362971798 
2318, 317.498389976881 
2319, 295.285386582026 
2320, 305.886845135367 
2321, 302.097516963283 
2322, 296.303998443167 
2323, 310.37566362872 
2324, 305.788384450277 
2325, 308.623466934084 
2326, 325.022111612667 
2327, 325.444323015195 
2328, 314.736956419244 
2329, 296.935917919877 
2330, 278.417094178174 
2331, 238.938859668916 
2332, 224.396653624326 
2333, 222.695871569601 
2334, 222.646377057538 
2335, 231.110622055654 
2336, 235.554729240662 
2337, 244.498179936382 
2338, 246.888127791902 
2339, 247.826823625716 
2340, 242.233019100016 
2341, 230.078594058633 
2342, 221.820204694026 
2343, 210.076305757864 
2344, 204.756579687764 
2345, 213.921035447479 
2346, 198.32016903823 
2347, 156.779609308905 
2348, 143.176385738212 
2349, 133.646166426731 
2350, 122.466983531071 
2351, 133.531967008971 
2352, 133.943700705681 
2353, 110.004878251211 
2354, 108.413224222452 
2355, 131.818914077583 
2356, 137.727213805796 
2357, 141.500133372069 
2358, 140.604690089103 
2359, 128.846529651152 
2360, 118.409346278837 
2361, 107.504477039436 
2362, 100.724443436763 
2363, 93.6413975982768 
2364, 84.5933934091127 
2365, 82.4385647534663 
2366, 81.0478440860822 
2367, 74.54818548846 
2368, 68.2948205994711 
2369, 68.4490677954488 
2370, 57.5946106956401 
2371, 49.1878252258064 
2372, 48.809873218204 
2373, 31.9554955940952 
2374, 27.0297054917471 
2375, 30.9795194569242 
2376, 13.1181645383761 
2377, 13.1422643146077 
2378, 35.6630585075394 
2379, 30.7687637380033 
2380, 50.0557911664104 
2381, 79.7722611133126 
2382, 71.2939096986745 
2383, 87.0415377895342 
2384, 81.6604953375851 
2385, 53.1997388570802 
2386, 46.4030654533588 
2387, 38.7245428585735 
2388, 52.9491708236108 
2389, 68.9415260814174 
2390, 81.0002943009407 
2391, 95.1078946042574 
2392, 94.9781045876891 
2393, 102.703799794799 
2394, 121.525254873455 
2395, 129.313168588635 
2396, 114.001837400538 
2397, 88.1084969068502 
2398, 54.4826815986019 
2399, 21.9911498779334 
2400, 13.4015031508204 
2401, 14.3040799848582 
2402, 25.8583099520478 
2403, 45.2299566804907 
2404, 41.7830516187751 
2405, 45.3085673687337 
2406, 49.1088443191091 
2407, 48.9581909093631 
2408, 44.885543658999 
2409, 53.3098829938097 
2410, 70.9513542344646 
2411, 71.2480215967508 
2412, 71.2169246834864 
2413, 62.9204907579158 
2414, 29.8641719056315 
2415, 24.4345413664142 
2416, 34.947208467952 
2417, 35.595346348945 
2418, 42.6845176876114 
2419, 43.6012977903071 
2420, 33.6295450870421 
2421, 40.0454334167698 
2422, 59.2185356822158 
2423, 60.2832870544039 
2424, 58.2447730877385 
2425, 51.7155645278418 
2426, 28.3177704526942 
2427, 25.1976806285679 
2428, 37.065776582266 
2429, 37.7586956751494 
2430, 44.1535901837935 
2431, 44.6428217865164 
2432, 26.4191571646631 
2433, 33.8250146830338 
2434, 54.5629592232873 
2435, 61.0912542787493 
2436, 80.1714528588123 
2437, 79.7592169997121 
2438, 59.9962173465 
2439, 46.8910605307112 
2440, 30.670328959627 
2441, 19.8785453382071 
2442, 10.9506471502417 
2443, 6.86554992255795 
2444, 5.65973361026175 
2445, 22.828652524583 
2446, 20.1224911881879 
2447, 16.6608954521289 
2448, 3.74542511899835 
2449,-4.82972007961677 
2450,-3.76300066873387 
2451,-9.89602896677979 
2452,-4.16029316513028 
2453, 5.66168832312602 
2454,-10.7911921621938 
2455,-20.0295512626428 
2456,-22.0565867095987 
2457,-41.6679384111208 
2458,-36.5460030341396 
2459,-25.1263543051165 
2460,-14.3193366613842 
2461, 13.0981851004278 
2462, 24.718587507031 
2463, 27.9288676806218 
2464, 26.3879059948134 
2465, 23.0299838687168 
2466, 7.82233157617128 
2467,-9.51597708087632 
2468, 1.70609360252106 
2469, 9.55232437910295 
2470, 21.9870732432988 
2471, 39.4679862818308 
2472, 37.1647389446356 
2473, 27.2582346175439 
2474, 32.9062059958126 
2475, 37.2999556868646 
2476, 26.3872104013126 
2477, 23.1291565582778 
2478, 7.93966221115302 
2479, 0.504513022030426 
2480, 12.9240069538915 
2481, 24.3683460816924 
2482, 26.4423296922229 
2483, 26.1313850887318 
2484, 32.93687768931 
2485, 32.4578058326941 
2486, 23.1644001686915 
2487, 4.16807575084829 
2488,-9.49276209638164 
2489,-22.5367314806261 
2490,-13.585250069563 
2491, 9.63247922159732 
2492, 33.7903988634134 
2493, 70.5571602287072 
2494, 78.2764002081385 
2495, 80.3568799194864 
2496, 58.7846976250898 
2497,-1.31167624715735 
2498,-21.2852542432812 
2499,-30.4721074792013 
2500,-36.349766241867 
