Wavelength,0212202100020.asd
350, 3648.65172406029 
351, 3835.83174927925 
352, 4007.47662691163 
353, 4156.94311748319 
354, 4308.19273356777 
355, 4466.55883100265 
356, 4630.45234518144 
357, 4794.54045251476 
358, 4964.61707088386 
359, 5148.21133053069 
360, 5355.58723338604 
361, 5606.33400694672 
362, 5885.93043011449 
363, 6181.7429983081 
364, 6486.01339311177 
365, 6795.47475948985 
366, 7089.6912596153 
367, 7344.2830414684 
368, 7534.29444956592 
369, 7646.11134684058 
370, 7688.42693655769 
371, 7684.46324564515 
372, 7666.13529189753 
373, 7665.99844756287 
374, 7687.60665581646 
375, 7713.62547138997 
376, 7740.21116891698 
377, 7754.46608879474 
378, 7736.9815999799 
379, 7661.87073078664 
380, 7571.70474138152 
381, 7473.22857776542 
382, 7362.4618199797 
383, 7229.3363656637 
384, 7098.76600359532 
385, 7018.27082286988 
386, 7041.46220120012 
387, 7197.28065375507 
388, 7393.78643206516 
389, 7555.69854590759 
390, 7644.03948286811 
391, 7743.3878691972 
392, 7829.80089553403 
393, 7889.82554518255 
394, 7969.50039362242 
395, 8166.82111416385 
396, 8525.21136646776 
397, 9056.99127276668 
398, 9772.76530071287 
399, 10582.7536114813 
400, 11415.2992526151 
401, 12221.596689859 
402, 12971.2690976439 
403, 13590.6303427861 
404, 14051.2601969678 
405, 14411.7501937861 
406, 14699.1092108961 
407, 14961.664032761 
408, 15255.8707573446 
409, 15645.185877181 
410, 16107.0769032902 
411, 16614.1551684996 
412, 17137.8978823799 
413, 17661.9692335065 
414, 18178.2705986191 
415, 18671.0980986526 
416, 19106.357690105 
417, 19529.2840182115 
418, 19962.0739463084 
419, 20403.7937072476 
420, 20793.4016004394 
421, 21191.4920054631 
422, 21624.2186293553 
423, 22081.644689212 
424, 22501.5138644911 
425, 22831.2327765171 
426, 23021.5232898976 
427, 23017.4016161622 
428, 22948.5522224369 
429, 23007.2064618871 
430, 23328.1368998325 
431, 23758.8405472281 
432, 24347.7313610952 
433, 25212.2850984613 
434, 26463.9895430211 
435, 27724.6819841683 
436, 28687.8274967922 
437, 29316.0846981966 
438, 29985.7050745836 
439, 30662.9225285575 
440, 31306.6200526933 
441, 31909.5398336522 
442, 32665.9262550427 
443, 33445.0541111724 
444, 34155.0054421636 
445, 34748.5495959326 
446, 35226.8711854481 
447, 35667.0815822017 
448, 36142.5653026617 
449, 36711.4465800179 
450, 37164.1480180686 
451, 37394.5659428313 
452, 37383.4136654536 
453, 37288.841208778 
454, 37089.5912338166 
455, 36843.8852979702 
456, 36680.6248095991 
457, 36648.5204685123 
458, 36665.2871465252 
459, 36646.1250594096 
460, 36557.3235136798 
461, 36421.8903433338 
462, 36272.3062667227 
463, 36123.1518506696 
464, 35879.2681756757 
465, 35509.3737558599 
466, 35062.8203435331 
467, 34663.2005736948 
468, 34320.5564273301 
469, 34070.2950561223 
470, 33930.7393967351 
471, 33886.2534001121 
472, 33862.2110068572 
473, 33864.6752772448 
474, 33920.7465595025 
475, 33911.4109553967 
476, 33883.6602520814 
477, 33878.5109304007 
478, 33909.653527415 
479, 34036.4042112129 
480, 34197.9064401702 
481, 34298.5208249353 
482, 34264.3740231505 
483, 33989.2677860512 
484, 33426.1715127705 
485, 32614.0209596731 
486, 31867.2184158506 
487, 31364.6425783862 
488, 31249.8928016439 
489, 31664.3990608797 
490, 32250.7740766894 
491, 32711.1100249703 
492, 32875.2562588181 
493, 32944.8947554128 
494, 33056.4953788494 
495, 33260.7498441276 
496, 33516.5084910217 
497, 33590.2763216112 
498, 33490.6347766799 
499, 33277.3089283856 
500, 32998.2343145311 
501, 32800.7801271657 
502, 32740.5228441509 
503, 32836.746154192 
504, 33173.7561953612 
505, 33617.6925442302 
506, 34049.886233062 
507, 34389.4967529411 
508, 34649.8104294434 
509, 34858.2078499859 
510, 35055.8284399582 
511, 35319.5208942279 
512, 35494.8639117353 
513, 35520.8131137221 
514, 35391.7275119841 
515, 35081.7344324285 
516, 34674.979796262 
517, 34298.5616489068 
518, 34108.8853372357 
519, 34458.2432423225 
520, 35347.5218400554 
521, 36544.226668219 
522, 37504.7344140248 
523, 38218.3843016936 
524, 38726.1134578249 
525, 39097.8448099508 
526, 39243.0493968524 
527, 39307.8757591288 
528, 39547.3219070857 
529, 40396.8396620814 
530, 41460.4551144638 
531, 42315.8526642157 
532, 42643.358863291 
533, 42759.6358705465 
534, 42976.1802665636 
535, 43441.3948551632 
536, 44110.0659453839 
537, 44568.6341319881 
538, 44765.5291426258 
539, 44783.708748088 
540, 44774.1295202927 
541, 44828.8424474783 
542, 45086.0053497664 
543, 45653.2443404204 
544, 46268.1262960619 
545, 46790.4527914715 
546, 47150.0041052851 
547, 47351.9775607208 
548, 47491.0533075911 
549, 47663.560069263 
550, 47923.4921885486 
551, 48179.2538725478 
552, 48373.8416995104 
553, 48519.6311842036 
554, 48680.3594111208 
555, 48802.1829861171 
556, 48752.3556937461 
557, 48463.6483789708 
558, 48004.5155049397 
559, 47631.7439152079 
560, 47487.9525192729 
561, 47611.8311961108 
562, 47850.7513301957 
563, 47979.1415497927 
564, 47896.354849362 
565, 47657.1871719076 
566, 47326.1613603481 
567, 47002.4709628662 
568, 46741.3292207573 
569, 46458.9201977843 
570, 46077.4603964587 
571, 45720.6198223442 
572, 45617.5353617221 
573, 45705.0053494554 
574, 45712.7746681235 
575, 45483.1341553679 
576, 45078.9896528898 
577, 44730.5063013889 
578, 44560.1282785991 
579, 44620.4422671271 
580, 44873.2085219354 
581, 45310.6275956446 
582, 45831.3449414928 
583, 46251.353432932 
584, 46508.8992970292 
585, 46485.9655295895 
586, 46174.9554238981 
587, 45828.9449521798 
588, 45409.0771064969 
589, 44812.7804933696 
590, 44032.0508787875 
591, 43873.4373893659 
592, 44176.1368906899 
593, 44557.055609477 
594, 44485.415883312 
595, 44228.6682355706 
596, 43902.6531352598 
597, 43565.5852658339 
598, 43185.4313328411 
599, 42714.8493886585 
600, 42205.7241235898 
601, 41775.5114386843 
602, 41438.4489322599 
603, 41272.6975136934 
604, 41277.9940038747 
605, 41323.5958541061 
606, 41218.8934387404 
607, 40975.2541711335 
608, 40686.1284340117 
609, 40395.0038016096 
610, 40122.5283470555 
611, 39885.0657457094 
612, 39691.7763296948 
613, 39475.4690991617 
614, 39214.8463705745 
615, 38932.2410805801 
616, 38720.7400553953 
617, 38587.4867050506 
618, 38605.4950135136 
619, 38824.2738845989 
620, 39006.0227331376 
621, 39014.2621434778 
622, 38812.8506439093 
623, 38476.2622124116 
624, 38112.5796841142 
625, 37778.0720769337 
626, 37496.7730860827 
627, 37264.0228333415 
628, 37008.8850692367 
629, 36753.5852378779 
630, 36588.8422554265 
631, 36625.5176210177 
632, 36771.5713751974 
633, 36943.9097002514 
634, 37126.1071577114 
635, 37260.7043128981 
636, 37351.6365844827 
637, 37418.6273736259 
638, 37453.3398678143 
639, 37401.4093260974 
640, 37227.6179355871 
641, 36932.6627809348 
642, 36731.159823207 
643, 36631.7494419144 
644, 36571.416205782 
645, 36427.8327650968 
646, 36206.5197966019 
647, 35936.9934648423 
648, 35667.0750501037 
649, 35438.5003747626 
650, 35252.4468719974 
651, 35156.9046024308 
652, 35232.3455399842 
653, 35150.5418708401 
654, 34741.5829543992 
655, 33985.9352858857 
656, 33053.8812917381 
657, 32417.8313835337 
658, 32509.6987196245 
659, 33497.1354989356 
660, 34305.8948949378 
661, 34725.2609925127 
662, 34815.3083433199 
663, 34855.8410442377 
664, 34811.7291536959 
665, 34757.4639005067 
666, 34751.4603338041 
667, 34759.5426644047 
668, 34747.8080159313 
669, 34721.7144396017 
670, 34701.3648915508 
671, 34626.2594869874 
672, 34539.3987323632 
673, 34493.3502457242 
674, 34537.2179804198 
675, 34586.9396942528 
676, 34620.6679934944 
677, 34640.0927002578 
678, 34663.753402294 
679, 34678.2621450957 
680, 34678.9655364542 
681, 34666.543878726 
682, 34651.1346225457 
683, 34579.578253823 
684, 34296.273996444 
685, 33519.5607440553 
686, 32118.2419702761 
687, 30176.5380150054 
688, 28187.3442939165 
689, 27609.889271834 
690, 28366.6442457514 
691, 29845.707905995 
692, 31145.1370097254 
693, 32279.4980110781 
694, 33092.8840551255 
695, 33569.3663035985 
696, 33892.494063957 
697, 34160.9073990436 
698, 34328.656626876 
699, 34340.2369781209 
700, 34271.6960356656 
701, 34202.0905222928 
702, 34206.4321578008 
703, 34345.481438811 
704, 34629.7537815218 
705, 34949.4129542707 
706, 35207.4710456351 
707, 35349.013382729 
708, 35466.3657459833 
709, 35573.7888309941 
710, 35668.1537464782 
711, 35767.7351682726 
712, 35829.2481827104 
713, 35843.4770861551 
714, 35809.6042623236 
715, 35658.6548751028 
716, 35244.1881332265 
717, 34497.8735199941 
718, 33463.5935505168 
719, 32612.7584842016 
720, 32335.5632575255 
721, 32772.974322375 
722, 33599.9090613573 
723, 34116.0772270976 
724, 34145.7608173615 
725, 33893.7460371432 
726, 33879.1107622929 
727, 33986.2873420537 
728, 34093.6185608336 
729, 34149.0948391298 
730, 34354.1391115738 
731, 34735.5596519742 
732, 35247.1967781715 
733, 35791.2031868759 
734, 36245.3224781318 
735, 36514.9576303017 
736, 36564.842820238 
737, 36519.3135087066 
738, 36454.3008651997 
739, 36383.9038852881 
740, 36278.6610817925 
741, 36241.0441704223 
742, 36287.656797017 
743, 36404.0975803306 
744, 36555.9003800929 
745, 36654.4178021032 
746, 36695.8387207899 
747, 36699.7718550881 
748, 36656.4443618896 
749, 36539.0372594269 
750, 36378.8625685103 
751, 36244.86908733 
752, 36187.1482683127 
753, 36183.59625256 
754, 36193.4220645298 
755, 36163.4010504464 
756, 36002.5121946072 
757, 35268.0373578148 
758, 33214.943471623 
759, 28503.8644403409 
760, 21699.5840784109 
761, 15268.0180786871 
762, 12023.8353561527 
763, 12323.0894960088 
764, 14403.9316517758 
765, 17462.8116446551 
766, 21525.8705753276 
767, 25847.5742595516 
768, 29513.1868988881 
769, 31998.6119385717 
770, 33362.3697289048 
771, 34026.7250173643 
772, 34287.258604993 
773, 34357.8220905026 
774, 34346.3146885152 
775, 34275.1578315714 
776, 34182.9411491441 
777, 34095.900246185 
778, 33970.0683866373 
779, 33816.1472686799 
780, 33663.0991456237 
781, 33544.9723952347 
782, 33412.8954974063 
783, 33248.2182944253 
784, 33057.7333898069 
785, 32878.0940800813 
786, 32702.5191647178 
787, 32493.7033483625 
788, 32223.05871042 
789, 31906.9272830192 
790, 31568.5133798636 
791, 31213.1358599541 
792, 30844.4733196374 
793, 30490.9257100205 
794, 30210.3624536878 
795, 30035.0647702808 
796, 29962.0120631289 
797, 29907.9025601941 
798, 29793.6041514468 
799, 29586.4243877561 
800, 29312.7834755145 
801, 29020.0273767484 
802, 28749.1839535518 
803, 28513.7354224962 
804, 28274.6014798922 
805, 28066.2307531139 
806, 27872.4612899579 
807, 27657.7753409332 
808, 27387.9609121774 
809, 27068.4719149139 
810, 26721.5204648086 
811, 26364.3646219902 
812, 25940.396650785 
813, 25380.2005580088 
814, 24673.6861301907 
815, 23879.342891928 
816, 23138.2473539099 
817, 22547.5292422717 
818, 22169.2966501707 
819, 22027.3337189804 
820, 21961.3999989832 
821, 21860.5239414858 
822, 21683.0815759057 
823, 21495.20350874 
824, 21373.610512662 
825, 21380.6843485444 
826, 21487.3510453248 
827, 21410.6088250704 
828, 21168.8482477528 
829, 20862.0644961261 
830, 20617.5808037761 
831, 20443.178355315 
832, 20303.7532932782 
833, 20184.8893217197 
834, 20093.7335644213 
835, 20041.0136643994 
836, 20006.6494688135 
837, 19955.6536237224 
838, 19845.38973844 
839, 19691.2743053612 
840, 19511.2299471014 
841, 19317.5274013708 
842, 19110.2738918682 
843, 18898.7117613641 
844, 18691.1702003059 
845, 18490.8860125335 
846, 18295.9672893467 
847, 18051.6725597729 
848, 17757.783272161 
849, 17435.6317366346 
850, 17105.7432272314 
851, 16723.2281312485 
852, 16333.8798575499 
853, 16015.8533557314 
854, 15776.4893194141 
855, 15585.5903974017 
856, 15506.1503643263 
857, 15621.3961774403 
858, 15777.5545643289 
859, 15814.1358975163 
860, 15705.8374362876 
861, 15544.6789273152 
862, 15344.6917493246 
863, 15087.7793570053 
864, 14779.1290596968 
865, 14456.6060792313 
866, 14154.1188489245 
867, 13904.6301902221 
868, 13749.1562086643 
869, 13735.5533099082 
870, 13777.6704771827 
871, 13770.3599677794 
872, 13664.9105378394 
873, 13515.3864756252 
874, 13353.6608902344 
875, 13192.4284411729 
876, 13034.6581031119 
877, 12879.0432211782 
878, 12725.957141084 
879, 12575.8208815717 
880, 12427.1481593666 
881, 12273.2634121202 
882, 12118.0415483735 
883, 11971.4538265757 
884, 11838.4354993372 
885, 11702.6865463036 
886, 11555.7710830476 
887, 11399.6907944592 
888, 11242.2310096131 
889, 11091.9730783025 
890, 10944.0724005436 
891, 10779.1986089676 
892, 10575.5241350907 
893, 10331.167231972 
894, 10050.235981524 
895, 9738.88587899442 
896, 9406.95478021882 
897, 9070.69101602152 
898, 8755.18112522727 
899, 8491.28751001285 
900, 8304.9929398094 
901, 8191.25997253395 
902, 8131.66377961351 
903, 8101.15028640274 
904, 8072.2077905846 
905, 8025.17215782588 
906, 7940.13296464682 
907, 7801.84920394852 
908, 7609.6232731893 
909, 7410.0127836524 
910, 7241.71653463368 
911, 7117.16727068767 
912, 7025.76172895685 
913, 6950.29141893854 
914, 6877.65467341455 
915, 6803.60979390081 
916, 6732.6048294867 
917, 6678.13639093732 
918, 6632.38106126827 
919, 6588.87018482413 
920, 6543.79410781072 
921, 6495.14877560992 
922, 6432.5085742015 
923, 6345.1918744832 
924, 6225.1565057348 
925, 6074.00354050399 
926, 5895.72070018087 
927, 5682.64863631964 
928, 5422.29883294607 
929, 5120.08926435269 
930, 4780.39417426451 
931, 4419.62038486335 
932, 4064.95372063779 
933, 3751.1690832786 
934, 3502.31539858146 
935, 3331.69516287682 
936, 3240.41305787124 
937, 3215.94530478643 
938, 3231.28827561212 
939, 3262.13556569497 
940, 3290.85083600754 
941, 3314.8532091083 
942, 3317.95297880627 
943, 3286.92410660982 
944, 3220.1537467512 
945, 3140.82020322814 
946, 3076.73442696867 
947, 3037.2776661774 
948, 3018.80825281887 
949, 3010.07259275299 
950, 3002.48228791163 
951, 2991.48215308768 
952, 2976.20797410539 
953, 2959.12187684458 
954, 2941.62593191007 
955, 2925.75296289553 
956, 2913.24211006296 
957, 2904.99375752551 
958, 2898.22440181365 
959, 2894.89337995236 
960, 2895.69659708757 
961, 2897.74158410934 
962, 2898.40971353896 
963, 2901.88944194565 
964, 2908.71842255331 
965, 2913.70283167478 
966, 2915.31048514968 
967, 2911.73104317878 
968, 2902.3428211049 
969, 2887.77520299323 
970, 2869.75668337558 
971, 2845.69968617686 
972, 2812.5583531812 
973, 2769.01609783988 
974, 2719.97772995684 
975, 2669.83371099075 
976, 2621.10394054251 
977, 2575.95754993142 
978, 2539.39637894689 
979, 2509.0958989094 
980, 2483.64955215281 
981, 2460.60831358621 
982, 2434.93976756135 
983, 2407.75358373577 
984, 2379.37939767498 
985, 2348.90375478422 
986, 2313.96492718453 
987, 2276.23132633612 
988, 2237.94723974686 
989, 2198.59240627066 
990, 2155.63710595008 
991, 2115.04909807507 
992, 2074.7980798788 
993, 2033.64488577297 
994, 1991.98697005886 
995, 1951.811165208 
996, 1909.76244230242 
997, 1866.54790977187 
998, 1824.10735660972 
999, 1781.60113419165 
1000, 1739.03644913522 
1001, 10874.3842266071 
1002, 10870.7861288135 
1003, 10870.9667773111 
1004, 10880.3908186852 
1005, 10894.7045317824 
1006, 10924.4845664456 
1007, 10965.2455799458 
1008, 11013.5060093061 
1009, 11069.5326102878 
1010, 11138.5772809948 
1011, 11203.7275673409 
1012, 11275.8544708824 
1013, 11345.9724140028 
1014, 11409.7805561219 
1015, 11474.3880771188 
1016, 11545.5110553827 
1017, 11618.9924938227 
1018, 11694.7871753551 
1019, 11772.6491235527 
1020, 11844.7152709254 
1021, 11918.8809095662 
1022, 11997.4762870236 
1023, 12080.0556174919 
1024, 12160.4555811789 
1025, 12244.3864780458 
1026, 12326.9104399333 
1027, 12403.3690463927 
1028, 12478.5362954182 
1029, 12550.8948427702 
1030, 12621.2123444898 
1031, 12685.0585762928 
1032, 12740.6998627626 
1033, 12789.0774512274 
1034, 12831.0419542657 
1035, 12870.9874008987 
1036, 12904.7580733539 
1037, 12941.3529501755 
1038, 12976.2240905055 
1039, 13006.7806635005 
1040, 13037.9763436248 
1041, 13059.7431747814 
1042, 13076.8355970619 
1043, 13090.7970793312 
1044, 13101.9806058418 
1045, 13112.7450002231 
1046, 13125.5932482738 
1047, 13137.9600979762 
1048, 13150.8859234348 
1049, 13160.5785788735 
1050, 13174.5104963896 
1051, 13188.7045489964 
1052, 13206.2844449419 
1053, 13226.5323922828 
1054, 13238.5637337242 
1055, 13251.5846748433 
1056, 13270.2365505668 
1057, 13296.0401313766 
1058, 13332.7587174111 
1059, 13379.2714953586 
1060, 13429.788887691 
1061, 13482.7457810547 
1062, 13545.0356372706 
1063, 13614.0359406427 
1064, 13690.9005692548 
1065, 13781.9885933269 
1066, 13881.6523081597 
1067, 13984.3056263565 
1068, 14107.2987090716 
1069, 14244.724427056 
1070, 14390.5686169595 
1071, 14559.125211417 
1072, 14733.9268425852 
1073, 14901.886546348 
1074, 15079.2955510932 
1075, 15236.681791272 
1076, 15387.152240787 
1077, 15525.6619611436 
1078, 15653.3311771182 
1079, 15773.1151529906 
1080, 15875.9702263229 
1081, 15972.0605620665 
1082, 16061.7662506706 
1083, 16141.9473401871 
1084, 16224.7412307737 
1085, 16306.0488655395 
1086, 16380.9839824391 
1087, 16453.6913153935 
1088, 16514.4434457692 
1089, 16579.8694086901 
1090, 16616.5050236409 
1091, 16637.0917873145 
1092, 16634.4945636218 
1093, 16615.1964215459 
1094, 16589.0392389324 
1095, 16561.235463436 
1096, 16540.4774915805 
1097, 16521.8230547905 
1098, 16501.5773027436 
1099, 16482.074061902 
1100, 16465.7967500662 
1101, 16442.3510929784 
1102, 16424.2592108023 
1103, 16386.1017439283 
1104, 16348.8918477937 
1105, 16285.4518278312 
1106, 16195.4575986777 
1107, 16072.9087062166 
1108, 15897.6629058107 
1109, 15661.2605673146 
1110, 15334.4472270774 
1111, 14933.9161608282 
1112, 14457.0354295841 
1113, 13865.9962672693 
1114, 13280.3930543769 
1115, 12591.8588234505 
1116, 11979.1949087453 
1117, 11322.1280586766 
1118, 10757.931699448 
1119, 10237.5547855923 
1120, 9763.84986950066 
1121, 9365.67269205502 
1122, 9046.2531198781 
1123, 8827.03300146646 
1124, 8684.93961610826 
1125, 8627.3841542693 
1126, 8693.5372705861 
1127, 8752.26301042231 
1128, 8889.02325939183 
1129, 9018.29127389236 
1130, 9179.07689741262 
1131, 9340.69335870815 
1132, 9500.85028697721 
1133, 9702.84906326156 
1134, 9917.21114460074 
1135, 10158.8587023135 
1136, 10493.6486448079 
1137, 10841.072032168 
1138, 11181.9746492982 
1139, 11494.337158315 
1140, 11707.6812835012 
1141, 11863.84019461 
1142, 11942.5709902224 
1143, 11902.3631608287 
1144, 11897.7721569305 
1145, 11754.7407528188 
1146, 11775.7590915563 
1147, 11816.7910987435 
1148, 11967.2685359059 
1149, 12226.6875407739 
1150, 12546.3439226091 
1151, 12960.7939565222 
1152, 13416.6579555614 
1153, 13894.9689724652 
1154, 14450.6281737605 
1155, 14975.6135179785 
1156, 15528.9267511987 
1157, 16048.7797158599 
1158, 16575.6211341672 
1159, 17069.0821237989 
1160, 17546.7240749204 
1161, 17993.3883646625 
1162, 18428.8760355113 
1163, 18822.4239532753 
1164, 19182.7788077621 
1165, 19506.905651346 
1166, 19803.2912252544 
1167, 20061.8920732935 
1168, 20287.2793001381 
1169, 20478.7626932191 
1170, 20640.5733683657 
1171, 20765.8696135065 
1172, 20866.0910697141 
1173, 20930.0042108094 
1174, 20980.458922872 
1175, 20995.433770502 
1176, 21008.297925965 
1177, 20997.8556779087 
1178, 20992.689875631 
1179, 20970.1049287783 
1180, 20960.3757133057 
1181, 20948.8683520476 
1182, 20947.1670976671 
1183, 20964.9990959865 
1184, 20985.5905664496 
1185, 21043.154026511 
1186, 21124.5346326705 
1187, 21224.4863642039 
1188, 21360.057283528 
1189, 21491.4211104397 
1190, 21664.0090328773 
1191, 21789.8903355969 
1192, 21924.2823216786 
1193, 22012.7952456268 
1194, 22068.4583293045 
1195, 22094.2056729621 
1196, 22080.8175860521 
1197, 22049.7409651872 
1198, 22003.7574435569 
1199, 21912.2759497485 
1200, 21863.2686520351 
1201, 21801.7144035274 
1202, 21781.9436861475 
1203, 21779.5191107829 
1204, 21807.8901197394 
1205, 21867.4300838313 
1206, 21940.543331362 
1207, 22046.6748598291 
1208, 22155.0827046584 
1209, 22285.6694067658 
1210, 22411.1409658136 
1211, 22555.3994081527 
1212, 22682.8357116918 
1213, 22803.3403952909 
1214, 22921.1137183571 
1215, 23024.6237947906 
1216, 23121.6612967884 
1217, 23197.1015302093 
1218, 23256.8946333994 
1219, 23308.9619395763 
1220, 23335.5220976951 
1221, 23372.263441029 
1222, 23402.8163246899 
1223, 23438.7834467692 
1224, 23475.6842894358 
1225, 23513.6308587939 
1226, 23558.9930805159 
1227, 23596.8619996148 
1228, 23631.5293131285 
1229, 23664.7124854322 
1230, 23695.1599670839 
1231, 23724.9122408278 
1232, 23742.2654622281 
1233, 23760.2735185105 
1234, 23758.4036945866 
1235, 23743.2834551755 
1236, 23716.5766228412 
1237, 23676.3291008987 
1238, 23627.3135895147 
1239, 23559.9981476458 
1240, 23495.4046104461 
1241, 23423.8501993317 
1242, 23349.6026761651 
1243, 23273.5847046038 
1244, 23193.4207104896 
1245, 23111.0887893667 
1246, 23020.6757057078 
1247, 22924.7233698674 
1248, 22831.0000470691 
1249, 22711.8737078398 
1250, 22586.4811145454 
1251, 22431.5287371737 
1252, 22262.6175160877 
1253, 22057.7631366037 
1254, 21829.1903638803 
1255, 21568.9885266066 
1256, 21280.6084912507 
1257, 20958.1995734692 
1258, 20598.9228557654 
1259, 20220.1987435696 
1260, 19782.3663448243 
1261, 19367.4966257844 
1262, 18926.2004055137 
1263, 18501.5863655868 
1264, 18143.573879412 
1265, 17784.1624461084 
1266, 17560.3810130581 
1267, 17394.173447026 
1268, 17351.746521917 
1269, 17411.4606098844 
1270, 17563.1015634802 
1271, 17861.3911611342 
1272, 18149.4630221402 
1273, 18561.9750689875 
1274, 18900.1041063553 
1275, 19266.7256141159 
1276, 19565.5672282094 
1277, 19827.3922483057 
1278, 20058.626012115 
1279, 20244.9144859065 
1280, 20398.5228722458 
1281, 20542.6294479656 
1282, 20677.9156258549 
1283, 20821.1358439554 
1284, 20959.5680227874 
1285, 21098.1115283441 
1286, 21249.1722426676 
1287, 21372.2782978349 
1288, 21489.370079185 
1289, 21581.7251018826 
1290, 21655.5991942588 
1291, 21712.6901514022 
1292, 21750.1824553077 
1293, 21772.8287430908 
1294, 21771.9990218944 
1295, 21767.829644114 
1296, 21750.339191528 
1297, 21725.1176984504 
1298, 21694.4045339175 
1299, 21652.1254005007 
1300, 21597.6613798065 
1301, 21532.7475604508 
1302, 21467.5471870991 
1303, 21396.5037255605 
1304, 21320.0794420591 
1305, 21240.5676776502 
1306, 21154.6138857392 
1307, 21062.2822621589 
1308, 20962.9017029019 
1309, 20852.5952978223 
1310, 20746.9609789988 
1311, 20633.1348051924 
1312, 20525.9736848819 
1313, 20419.5901901329 
1314, 20322.3979461526 
1315, 20223.4566337773 
1316, 20140.5180173321 
1317, 20072.5817043125 
1318, 20008.1211561103 
1319, 19959.2539988024 
1320, 19906.2648061937 
1321, 19847.3921364785 
1322, 19773.16897074 
1323, 19651.6162287496 
1324, 19511.3605367632 
1325, 19313.655258685 
1326, 19058.8547729047 
1327, 18790.8577319013 
1328, 18455.6439569926 
1329, 18159.838031057 
1330, 17819.4294119478 
1331, 17563.6152082795 
1332, 17330.6131574505 
1333, 17162.749267905 
1334, 17086.0953562127 
1335, 17000.0013478775 
1336, 16966.9885818395 
1337, 16930.9205459654 
1338, 16865.5026032254 
1339, 16729.9297541776 
1340, 16513.1358066953 
1341, 16181.7459173819 
1342, 15701.7121510079 
1343, 15100.6596129615 
1344, 14369.5871387639 
1345, 13471.6904088439 
1346, 12518.6178108623 
1347, 11408.2068335352 
1348, 10330.799506723 
1349, 9143.24365523983 
1350, 8048.98450292176 
1351, 6919.34890567778 
1352, 5914.5726730833 
1353, 4943.66505703646 
1354, 4092.5117930123 
1355, 3333.16210925718 
1356, 2679.82571297849 
1357, 2121.02567165737 
1358, 1677.57977745833 
1359, 1324.31929820655 
1360, 1052.21845267816 
1361, 851.806720857015 
1362, 701.804742460668 
1363, 600.592209872243 
1364, 533.422713208779 
1365, 486.882214907306 
1366, 475.75319588732 
1367, 479.621499701037 
1368, 509.326303591658 
1369, 553.69190791578 
1370, 621.484774609527 
1371, 701.984678159973 
1372, 812.824585212183 
1373, 910.901589784992 
1374, 1038.67122429852 
1375, 1123.382016287 
1376, 1202.59703267659 
1377, 1241.94646310858 
1378, 1251.3947682307 
1379, 1227.0129980942 
1380, 1181.94562337182 
1381, 1132.22347279944 
1382, 1088.01842106184 
1383, 1079.09698102388 
1384, 1105.21983604789 
1385, 1172.06334673677 
1386, 1280.29652332119 
1387, 1422.19635307957 
1388, 1548.90479495086 
1389, 1707.98445845957 
1390, 1819.77720635112 
1391, 1917.29490798666 
1392, 1988.64426039438 
1393, 2025.83642842665 
1394, 2067.92383938714 
1395, 2081.78784191173 
1396, 2120.48816958236 
1397, 2154.81932000226 
1398, 2214.16043500439 
1399, 2294.37755257965 
1400, 2379.67628893869 
1401, 2479.33957381819 
1402, 2585.36864228195 
1403, 2696.17827040833 
1404, 2817.54875504914 
1405, 2948.1388568549 
1406, 3103.57270430827 
1407, 3276.97313093123 
1408, 3471.19892557996 
1409, 3703.53229356387 
1410, 3958.15634047983 
1411, 4222.72013777685 
1412, 4521.56407895829 
1413, 4804.98640367742 
1414, 5100.28658197808 
1415, 5375.08299756978 
1416, 5646.10565876335 
1417, 5902.52756624772 
1418, 6141.34299664801 
1419, 6381.85116408394 
1420, 6620.44684918912 
1421, 6848.28480163597 
1422, 7086.13086030856 
1423, 7285.63466770929 
1424, 7485.43929763065 
1425, 7626.0127714816 
1426, 7732.92159001875 
1427, 7786.78728842636 
1428, 7791.94009378175 
1429, 7745.91998722713 
1430, 7659.15773351166 
1431, 7561.14614551437 
1432, 7456.26823534952 
1433, 7358.64268238356 
1434, 7285.87202942658 
1435, 7240.10294084678 
1436, 7220.03295743279 
1437, 7242.86070025627 
1438, 7288.22057776469 
1439, 7372.02049589826 
1440, 7460.99317243249 
1441, 7585.62260871588 
1442, 7690.41897396845 
1443, 7802.60078052815 
1444, 7908.49128479652 
1445, 8005.84480576116 
1446, 8108.98655106048 
1447, 8206.85587808022 
1448, 8321.71293931391 
1449, 8436.07615793811 
1450, 8571.49765412223 
1451, 8729.68129950454 
1452, 8891.2208564471 
1453, 9091.20766337691 
1454, 9253.75108258843 
1455, 9425.23822517321 
1456, 9554.59691555327 
1457, 9636.75003185517 
1458, 9652.18197345542 
1459, 9595.5832387324 
1460, 9462.25511284546 
1461, 9267.99886332843 
1462, 9007.72751103626 
1463, 8711.90338741589 
1464, 8392.24494602764 
1465, 8088.42357050268 
1466, 7751.363919065 
1467, 7477.81585945281 
1468, 7210.07669203965 
1469, 7014.06329447983 
1470, 6862.99694827327 
1471, 6757.83868307844 
1472, 6713.29349821938 
1473, 6690.1933484648 
1474, 6719.40301947042 
1475, 6746.36155157362 
1476, 6812.71912393063 
1477, 6858.88028140718 
1478, 6906.78148686755 
1479, 6951.14422155535 
1480, 6983.77332007437 
1481, 7030.95244908687 
1482, 7078.95649652407 
1483, 7141.4610433319 
1484, 7213.53250357389 
1485, 7297.31182054692 
1486, 7391.9298202451 
1487, 7498.36600916555 
1488, 7614.44152486466 
1489, 7741.2182269623 
1490, 7873.80270340193 
1491, 8005.09078546152 
1492, 8134.77885241137 
1493, 8261.06189255357 
1494, 8372.36929363617 
1495, 8469.28648358142 
1496, 8553.46151291973 
1497, 8615.16102018145 
1498, 8664.15971295999 
1499, 8693.14038166085 
1500, 8719.69247334987 
1501, 8725.22976726986 
1502, 8745.14202614087 
1503, 8759.27356772435 
1504, 8789.47007279878 
1505, 8826.85490905613 
1506, 8874.42437623594 
1507, 8934.81574359981 
1508, 8995.16610833366 
1509, 9066.54303421231 
1510, 9132.75607590852 
1511, 9205.6599864672 
1512, 9266.83714955807 
1513, 9325.38264817179 
1514, 9371.72020769535 
1515, 9405.67060614935 
1516, 9437.77279934541 
1517, 9460.57019609129 
1518, 9485.11188356138 
1519, 9506.71708038935 
1520, 9526.54581838308 
1521, 9541.55446781776 
1522, 9562.14570099408 
1523, 9581.6884526323 
1524, 9603.34718388231 
1525, 9626.06001574848 
1526, 9637.71106205092 
1527, 9643.21283637313 
1528, 9642.38990731272 
1529, 9642.45847955274 
1530, 9646.61887645793 
1531, 9645.93719350808 
1532, 9649.57430236 
1533, 9653.97870829532 
1534, 9656.01853689444 
1535, 9660.48905031224 
1536, 9667.70995149252 
1537, 9676.30196269934 
1538, 9682.50221537246 
1539, 9697.04298208545 
1540, 9716.07751878118 
1541, 9740.55865175553 
1542, 9774.10675596997 
1543, 9801.79988228383 
1544, 9836.58037965184 
1545, 9859.80386841696 
1546, 9875.40182139652 
1547, 9890.06842778788 
1548, 9898.38299833231 
1549, 9907.37382013541 
1550, 9913.73349732425 
1551, 9921.54755752113 
1552, 9928.75956298821 
1553, 9937.22635254846 
1554, 9948.8677637279 
1555, 9956.08349744838 
1556, 9960.57479026351 
1557, 9966.08786825218 
1558, 9970.21374201407 
1559, 9973.79822447782 
1560, 9986.97182889097 
1561, 9982.81958158803 
1562, 9975.38529281242 
1563, 9952.29810470872 
1564, 9914.97870264355 
1565, 9866.17012400311 
1566, 9801.99081370644 
1567, 9731.73539874697 
1568, 9648.89665879096 
1569, 9557.61506664584 
1570, 9469.04412504158 
1571, 9388.33454723 
1572, 9320.43488159651 
1573, 9273.71258598436 
1574, 9252.61020881048 
1575, 9252.12273637231 
1576, 9268.45217739114 
1577, 9312.54686694999 
1578, 9372.7481542507 
1579, 9453.37949229262 
1580, 9544.69295482961 
1581, 9664.31047109292 
1582, 9765.97958851593 
1583, 9878.03764325528 
1584, 9966.95092411393 
1585, 10049.855173283 
1586, 10113.99197124 
1587, 10160.5273621016 
1588, 10202.5987274851 
1589, 10229.3152400289 
1590, 10257.4877941812 
1591, 10285.1274620931 
1592, 10296.4643780222 
1593, 10304.624256858 
1594, 10291.5885837007 
1595, 10263.1616344257 
1596, 10219.1749011915 
1597, 10156.5597221271 
1598, 10086.1838056132 
1599, 9988.19868069963 
1600, 9912.26685394481 
1601, 9830.29365410752 
1602, 9765.74390529651 
1603, 9711.41246462498 
1604, 9672.7211786006 
1605, 9641.77584970648 
1606, 9630.51074791873 
1607, 9642.69473859384 
1608, 9657.16908279358 
1609, 9683.84909187149 
1610, 9717.5494697465 
1611, 9760.85326087257 
1612, 9807.63880184316 
1613, 9869.42267614096 
1614, 9922.08903200849 
1615, 9982.07602301878 
1616, 10025.6906596474 
1617, 10060.4293786889 
1618, 10088.6942035373 
1619, 10102.914358515 
1620, 10117.7663212651 
1621, 10129.3819140176 
1622, 10136.7562354834 
1623, 10142.5063702231 
1624, 10140.6828365103 
1625, 10134.0778690934 
1626, 10121.0045016285 
1627, 10101.5702722526 
1628, 10075.5066309028 
1629, 10047.4789190453 
1630, 10005.9016605725 
1631, 9950.71569166197 
1632, 9893.61180253403 
1633, 9826.48742496797 
1634, 9755.52942935742 
1635, 9675.35384764872 
1636, 9601.6551637383 
1637, 9521.43660137605 
1638, 9449.99669412174 
1639, 9385.33090156345 
1640, 9326.79831147306 
1641, 9267.09956896713 
1642, 9223.11430811459 
1643, 9192.56408513437 
1644, 9168.28038640768 
1645, 9161.15206157638 
1646, 9152.63824282304 
1647, 9150.03498518796 
1648, 9145.8430295272 
1649, 9139.45247938505 
1650, 9137.7527890137 
1651, 9139.31845154106 
1652, 9139.63510755268 
1653, 9144.92284642907 
1654, 9155.98147943718 
1655, 9163.07657990631 
1656, 9174.40368057903 
1657, 9169.30897498342 
1658, 9161.41726255201 
1659, 9137.84678645036 
1660, 9100.21233737575 
1661, 9058.1381276515 
1662, 9006.58566934038 
1663, 8951.68872975294 
1664, 8884.39756578183 
1665, 8832.28503603384 
1666, 8776.37943192252 
1667, 8740.43199664185 
1668, 8715.25307614642 
1669, 8701.75354368833 
1670, 8703.21454345424 
1671, 8702.43775793162 
1672, 8716.43941762556 
1673, 8711.13177019972 
1674, 8701.28380659435 
1675, 8686.55096566977 
1676, 8662.55628720784 
1677, 8639.42131600888 
1678, 8612.82013164265 
1679, 8589.45577114291 
1680, 8562.77213733199 
1681, 8541.75950120136 
1682, 8525.54968586951 
1683, 8506.69504877161 
1684, 8488.6871957344 
1685, 8469.7927776744 
1686, 8448.64794457883 
1687, 8433.74124598789 
1688, 8421.1417873334 
1689, 8408.05475089721 
1690, 8401.5340812489 
1691, 8384.82290304052 
1692, 8363.37751440905 
1693, 8341.34253334144 
1694, 8315.52878297709 
1695, 8287.75036272856 
1696, 8260.40928907288 
1697, 8225.998363382 
1698, 8184.50131961807 
1699, 8147.73214816259 
1700, 8106.80632541768 
1701, 8072.46669706357 
1702, 8043.14991610335 
1703, 8010.23018066555 
1704, 7978.41441297901 
1705, 7945.14567534389 
1706, 7909.74203010018 
1707, 7877.9358830516 
1708, 7847.13049482904 
1709, 7817.60995261183 
1710, 7787.87554581063 
1711, 7764.62429925479 
1712, 7744.51095215606 
1713, 7725.79357841742 
1714, 7712.70061886977 
1715, 7699.64922859018 
1716, 7683.32901081694 
1717, 7665.30924436972 
1718, 7643.71139066568 
1719, 7603.07136952191 
1720, 7557.25436073954 
1721, 7503.14491373463 
1722, 7447.0660406941 
1723, 7402.54151622685 
1724, 7360.34714551908 
1725, 7325.55509764357 
1726, 7288.57663138208 
1727, 7248.30447773425 
1728, 7202.19713314354 
1729, 7149.34461924958 
1730, 7102.12050318907 
1731, 7045.10995857395 
1732, 6994.54194493871 
1733, 6954.94888925268 
1734, 6907.0649062625 
1735, 6873.32655731367 
1736, 6846.80650802815 
1737, 6812.88142138232 
1738, 6787.73184778415 
1739, 6771.0729484553 
1740, 6756.3113426965 
1741, 6746.82929188827 
1742, 6736.31018300826 
1743, 6717.19042960123 
1744, 6691.10144995455 
1745, 6663.65255862698 
1746, 6640.97559899296 
1747, 6622.34482317652 
1748, 6608.20337475751 
1749, 6600.75445100584 
1750, 6592.74302450392 
1751, 6584.63697486264 
1752, 6571.01542318395 
1753, 6548.91779591934 
1754, 6524.65964176197 
1755, 6493.30735245786 
1756, 6457.17494252194 
1757, 6420.89261196251 
1758, 6384.3434654219 
1759, 6345.73750035689 
1760, 6302.08751073127 
1761, 6253.4874422102 
1762, 6198.02255224298 
1763, 6143.41480779834 
1764, 6090.29190777404 
1765, 6032.44512335435 
1766, 5984.61535189221 
1767, 5943.69808114765 
1768, 5898.24691758187 
1769, 5866.43974065644 
1770, 5817.77448686763 
1771, 5758.53072792491 
1772, 5694.08946058225 
1773, 5618.79252911747 
1774, 5541.06526037502 
1775, 5455.30710262039 
1776, 5373.79150040124 
1777, 5284.81995885886 
1778, 5210.98393435164 
1779, 5146.55757313268 
1780, 5078.17226307435 
1781, 5016.34245996983 
1782, 4952.16611192757 
1783, 4885.30941949776 
1784, 4822.09866824739 
1785, 4765.64911142664 
1786, 4703.04246244777 
1787, 4640.36260465841 
1788, 4568.17089192779 
1789, 4497.17717628722 
1790, 4403.40564674041 
1791, 4298.03575635342 
1792, 4180.76901139303 
1793, 4046.98185551517 
1794, 3903.31476943424 
1795, 3745.83730285638 
1796, 3587.58331150273 
1797, 3416.7845973885 
1798, 3241.92172804193 
1799, 3069.36251463245 
1800, 2898.2162942104 
1801, 17029.7471947923 
1802, 16316.1725233932 
1803, 15682.1725609955 
1804, 15120.4239016895 
1805, 14640.2888735228 
1806, 14256.9463503439 
1807, 13905.7097048982 
1808, 13491.7370360639 
1809, 13150.6748171195 
1810, 12691.6393724419 
1811, 12121.2461260342 
1812, 11575.9082396119 
1813, 11001.7195240351 
1814, 10416.4733743285 
1815, 9823.59835198598 
1816, 9262.32284896081 
1817, 8737.47343788721 
1818, 8243.69525137434 
1819, 7816.16843241786 
1820, 7458.99603866801 
1821, 7126.60059754137 
1822, 6878.82991142187 
1823, 6603.94862714884 
1824, 6292.24308600819 
1825, 5936.73691874837 
1826, 5506.00902232019 
1827, 5035.98438134371 
1828, 4534.14048046339 
1829, 3949.51545620689 
1830, 3434.4964730941 
1831, 2892.73426694327 
1832, 2381.91103782091 
1833, 1972.10368785491 
1834, 1638.31730557522 
1835, 1364.16370293309 
1836, 1168.35492888257 
1837, 1033.72208671785 
1838, 941.996216166751 
1839, 884.622371104681 
1840, 886.240320206627 
1841, 902.925961845789 
1842, 958.596525693295 
1843, 1028.85065566375 
1844, 1126.11761298889 
1845, 1203.75163352428 
1846, 1246.24460585559 
1847, 1276.66283234826 
1848, 1285.59728991129 
1849, 1265.80771598813 
1850, 1236.23708423857 
1851, 1194.27637903648 
1852, 1137.50988526581 
1853, 1063.53539159541 
1854, 1012.33903552316 
1855, 984.854074419697 
1856, 1002.68364894253 
1857, 1068.73568168924 
1858, 1169.15561874159 
1859, 1291.67640406736 
1860, 1461.4763622258 
1861, 1627.08087724067 
1862, 1777.71255431831 
1863, 1882.06241093796 
1864, 1912.38926733833 
1865, 1887.26558377548 
1866, 1787.43929672014 
1867, 1640.48058526908 
1868, 1433.11805431257 
1869, 1184.88135277277 
1870, 991.592598045436 
1871, 787.894898178861 
1872, 623.312074431987 
1873, 567.520012436871 
1874, 608.46174609386 
1875, 710.520417343562 
1876, 899.277241675827 
1877, 1127.85966741756 
1878, 1388.66797391811 
1879, 1678.48991920928 
1880, 1945.74301328634 
1881, 2227.41638018512 
1882, 2480.96721533996 
1883, 2692.85778445896 
1884, 2863.17614957067 
1885, 2974.36529645325 
1886, 3048.56390428522 
1887, 3084.9850521308 
1888, 3066.65847678001 
1889, 3032.18434947062 
1890, 2952.21730124019 
1891, 2862.98535705552 
1892, 2736.10493852304 
1893, 2638.16767283792 
1894, 2511.89158699999 
1895, 2391.24330167386 
1896, 2258.47632058413 
1897, 2083.04567975681 
1898, 1914.6992711129 
1899, 1707.31594729038 
1900, 1528.85802415607 
1901, 1337.08061127608 
1902, 1196.21744451087 
1903, 1051.18468363285 
1904, 995.850804959325 
1905, 1007.78869845788 
1906, 1051.74066527485 
1907, 1132.70994207235 
1908, 1219.34446644546 
1909, 1276.52963853233 
1910, 1328.17484409323 
1911, 1390.57576758539 
1912, 1426.44022754585 
1913, 1518.14379502419 
1914, 1621.67433979366 
1915, 1777.50623458171 
1916, 1984.90767813992 
1917, 2221.35451890883 
1918, 2473.2579001694 
1919, 2718.21735949736 
1920, 2943.15675198319 
1921, 3170.99689521665 
1922, 3341.11072403229 
1923, 3485.93483905056 
1924, 3575.33493203025 
1925, 3607.62032528407 
1926, 3606.27266659102 
1927, 3604.7131942881 
1928, 3614.75494659777 
1929, 3639.49706860375 
1930, 3692.25523256381 
1931, 3769.60958996283 
1932, 3866.20496851101 
1933, 3973.84727798579 
1934, 4137.46076635085 
1935, 4251.89718839537 
1936, 4359.84513427445 
1937, 4446.84406399106 
1938, 4512.64412173928 
1939, 4557.48497656623 
1940, 4597.44988223199 
1941, 4654.5546336031 
1942, 4707.20160717959 
1943, 4752.33185038158 
1944, 4785.21452219791 
1945, 4829.51093194684 
1946, 4817.38021272986 
1947, 4787.1369111682 
1948, 4717.09372651384 
1949, 4608.10451159983 
1950, 4463.88242222659 
1951, 4276.02818422475 
1952, 4061.92395311293 
1953, 3815.0467524956 
1954, 3566.78529199241 
1955, 3401.65086628958 
1956, 3250.41554044536 
1957, 3193.9328954649 
1958, 3218.22677805675 
1959, 3285.59301781285 
1960, 3426.23920450687 
1961, 3592.37030274191 
1962, 3811.52188284537 
1963, 4038.79675207385 
1964, 4268.34843527482 
1965, 4522.62521335032 
1966, 4781.59850951236 
1967, 5040.89847593525 
1968, 5330.6385694891 
1969, 5638.70554536035 
1970, 5967.54955646082 
1971, 6340.89686665281 
1972, 6684.11777885367 
1973, 7039.02486134691 
1974, 7388.37647646729 
1975, 7697.08258041245 
1976, 7991.9730771828 
1977, 8286.41211609272 
1978, 8530.72348959398 
1979, 8749.05361444575 
1980, 8944.30367505676 
1981, 9114.17869997762 
1982, 9242.77826009146 
1983, 9357.3754489606 
1984, 9453.44945139355 
1985, 9518.88783896906 
1986, 9553.78621089129 
1987, 9583.11686173873 
1988, 9585.3627834678 
1989, 9543.79396085462 
1990, 9432.79275651371 
1991, 9300.73917909318 
1992, 9053.4996748759 
1993, 8747.48873089633 
1994, 8322.42556597781 
1995, 7788.50789944369 
1996, 7176.80717982417 
1997, 6434.06734773761 
1998, 5646.07155069519 
1999, 4819.30222676879 
2000, 4017.90383037748 
2001, 3318.90371814319 
2002, 2716.97236918096 
2003, 2263.23419765703 
2004, 1948.07405902667 
2005, 1719.92522286334 
2006, 1651.01910126545 
2007, 1599.64576381544 
2008, 1679.49174166895 
2009, 1725.18171441398 
2010, 1819.97296912346 
2011, 1901.14249980161 
2012, 1952.99702128541 
2013, 2016.39217216387 
2014, 2119.0876139557 
2015, 2195.55742697429 
2016, 2393.1746774116 
2017, 2644.05336409243 
2018, 2966.73103288581 
2019, 3383.54391456942 
2020, 3826.47947408979 
2021, 4355.01783156282 
2022, 4872.15653458963 
2023, 5440.58277300122 
2024, 5995.87665076033 
2025, 6540.00348004585 
2026, 7042.72335920971 
2027, 7498.00373509276 
2028, 7925.78987017594 
2029, 8295.02776705297 
2030, 8622.06993788675 
2031, 8891.69778357634 
2032, 9103.36037716309 
2033, 9278.35769259735 
2034, 9378.54836916071 
2035, 9480.07572483955 
2036, 9557.20413526545 
2037, 9605.57104921343 
2038, 9630.68394314416 
2039, 9641.2778011022 
2040, 9609.23564161811 
2041, 9538.70282035325 
2042, 9450.45410613012 
2043, 9349.59120576304 
2044, 9186.95195517853 
2045, 9002.17284621685 
2046, 8749.33999118539 
2047, 8423.05844912962 
2048, 8075.39921872967 
2049, 7629.55787937988 
2050, 7241.78819654792 
2051, 6810.40471010966 
2052, 6433.61553643092 
2053, 6130.57772007773 
2054, 5912.12469496327 
2055, 5815.00042826194 
2056, 5847.86126247459 
2057, 5895.73745772875 
2058, 6080.34604895592 
2059, 6202.28734669421 
2060, 6373.91668058785 
2061, 6481.6005469932 
2062, 6567.07079078008 
2063, 6638.29260845103 
2064, 6633.19579134135 
2065, 6685.01760895316 
2066, 6728.60656906911 
2067, 6818.5203377668 
2068, 6962.58188814038 
2069, 7147.32697985518 
2070, 7375.14825215656 
2071, 7666.27610582637 
2072, 7959.55569179506 
2073, 8298.8909562959 
2074, 8629.18494356816 
2075, 8987.7497194203 
2076, 9325.44867764104 
2077, 9686.02766717097 
2078, 9998.15727309784 
2079, 10296.3500541689 
2080, 10560.6227411483 
2081, 10790.2975111384 
2082, 10991.5874995178 
2083, 11166.2732590069 
2084, 11306.8061139658 
2085, 11442.0367236236 
2086, 11534.7452191901 
2087, 11656.7274674541 
2088, 11771.9716174498 
2089, 11903.4403951477 
2090, 12054.2544277199 
2091, 12195.4997910899 
2092, 12332.1172486908 
2093, 12482.2867987644 
2094, 12653.5841236061 
2095, 12798.630354277 
2096, 12944.7388304547 
2097, 13080.7750592559 
2098, 13203.2276504224 
2099, 13290.3887194307 
2100, 13407.2602220513 
2101, 13536.5920762426 
2102, 13650.2442100232 
2103, 13769.4788255258 
2104, 13873.9192712766 
2105, 13969.292609119 
2106, 14054.0798572664 
2107, 14124.0631871424 
2108, 14195.0692691911 
2109, 14243.3039845328 
2110, 14312.7511575952 
2111, 14390.5328664054 
2112, 14474.6130330028 
2113, 14579.2589112098 
2114, 14665.8999032524 
2115, 14753.5721461683 
2116, 14836.903610121 
2117, 14926.6673669112 
2118, 15006.9853567576 
2119, 15108.8561510304 
2120, 15221.9400041487 
2121, 15341.5415904078 
2122, 15479.590031997 
2123, 15608.907886329 
2124, 15745.8224488318 
2125, 15873.5644974716 
2126, 15990.7003455014 
2127, 16113.2967522366 
2128, 16242.6880483064 
2129, 16362.0005713224 
2130, 16470.6896867987 
2131, 16580.4298783578 
2132, 16675.8599004263 
2133, 16749.2838841361 
2134, 16833.3292260057 
2135, 16911.0981405101 
2136, 16999.2881796545 
2137, 17093.2706200444 
2138, 17184.5423920099 
2139, 17291.6184979208 
2140, 17375.2408608619 
2141, 17440.2890448531 
2142, 17513.4259545686 
2143, 17587.0415389707 
2144, 17646.3525846663 
2145, 17704.7605638278 
2146, 17756.9680393975 
2147, 17780.0271028209 
2148, 17805.380227791 
2149, 17838.6991647593 
2150, 17868.5842360649 
2151, 17912.363356622 
2152, 17967.2973406316 
2153, 18020.1181104488 
2154, 18086.0858328269 
2155, 18135.8778966964 
2156, 18201.0265344805 
2157, 18222.2906619992 
2158, 18222.3444251748 
2159, 18205.6533696585 
2160, 18132.9262663065 
2161, 18092.1495609637 
2162, 18042.8416012539 
2163, 18013.1851965379 
2164, 17988.7123718014 
2165, 17987.1867797296 
2166, 18029.4018412247 
2167, 18094.101199647 
2168, 18192.6091576097 
2169, 18345.800310414 
2170, 18487.9356806107 
2171, 18658.3130280798 
2172, 18805.2604131246 
2173, 18977.7423458074 
2174, 19095.7629420453 
2175, 19188.7409838113 
2176, 19259.7069590205 
2177, 19287.9366272453 
2178, 19319.4607875126 
2179, 19325.0235472895 
2180, 19342.9716373591 
2181, 19353.6086947958 
2182, 19373.3970908034 
2183, 19401.7905422228 
2184, 19428.2437481232 
2185, 19466.0021339517 
2186, 19510.9297611293 
2187, 19567.667253576 
2188, 19642.2322205129 
2189, 19706.6413841834 
2190, 19796.8577813711 
2191, 19831.0200552688 
2192, 19876.5608233844 
2193, 19827.9823641076 
2194, 19725.3087354555 
2195, 19575.8489692096 
2196, 19312.3781599541 
2197, 19109.6200556834 
2198, 18852.4857926747 
2199, 18673.8640834285 
2200, 18511.0662144607 
2201, 18426.4160360727 
2202, 18394.2566200056 
2203, 18424.228916603 
2204, 18538.1845243727 
2205, 18687.8084708372 
2206, 18891.3576512979 
2207, 19089.042931017 
2208, 19260.872992493 
2209, 19452.1178565891 
2210, 19578.15847965 
2211, 19672.3205011117 
2212, 19732.8573952673 
2213, 19751.2345512774 
2214, 19752.6903001118 
2215, 19712.2580715191 
2216, 19678.4673776679 
2217, 19621.8422955665 
2218, 19572.5105174789 
2219, 19518.4245422323 
2220, 19465.3307297279 
2221, 19414.1974150467 
2222, 19355.5283595529 
2223, 19301.2630178611 
2224, 19231.604148044 
2225, 19139.0891669083 
2226, 19058.1844302279 
2227, 18968.4665448804 
2228, 18888.5067449838 
2229, 18827.393919351 
2230, 18773.5092338654 
2231, 18688.0409359018 
2232, 18598.35822749 
2233, 18488.7413861781 
2234, 18340.4959743474 
2235, 18221.3559765913 
2236, 18098.5900578753 
2237, 17996.1324143987 
2238, 17920.0606370073 
2239, 17819.7979822372 
2240, 17728.2052856715 
2241, 17613.8047434257 
2242, 17465.1493921257 
2243, 17342.2754274015 
2244, 17224.3671669163 
2245, 17104.855884221 
2246, 16993.5434316986 
2247, 16880.2720504344 
2248, 16765.0416280434 
2249, 16647.2200040325 
2250, 16548.6177494429 
2251, 16420.8529045976 
2252, 16276.8102443915 
2253, 16118.3040434966 
2254, 15948.7513935562 
2255, 15773.0084787352 
2256, 15599.7983367804 
2257, 15437.1444185996 
2258, 15279.2871952283 
2259, 15121.3086870432 
2260, 14975.3747547257 
2261, 14840.3941010867 
2262, 14709.4384229757 
2263, 14584.074984083 
2264, 14468.5042374437 
2265, 14355.9000061326 
2266, 14262.3412309548 
2267, 14189.8871423179 
2268, 14106.5886280003 
2269, 14046.4640946706 
2270, 13954.3269836135 
2271, 13846.374640907 
2272, 13730.1753332525 
2273, 13587.6859867802 
2274, 13459.7072124059 
2275, 13330.2680433302 
2276, 13201.9376431129 
2277, 13077.1417230695 
2278, 12954.9230444102 
2279, 12829.1434260249 
2280, 12709.5250002458 
2281, 12598.4187317487 
2282, 12485.2084740444 
2283, 12383.8446989716 
2284, 12271.2261472489 
2285, 12164.8171681977 
2286, 12066.4784240185 
2287, 11933.8946498336 
2288, 11800.5150739662 
2289, 11646.9202605949 
2290, 11468.7895977226 
2291, 11288.0327839535 
2292, 11090.7132795183 
2293, 10905.6599426114 
2294, 10705.6375808307 
2295, 10534.1734141889 
2296, 10379.0839379574 
2297, 10230.4049498177 
2298, 10089.2902290364 
2299, 9967.02875906712 
2300, 9848.03332210169 
2301, 9759.50786781571 
2302, 9695.79421244131 
2303, 9647.70440887938 
2304, 9613.89728933779 
2305, 9610.27384385855 
2306, 9650.05537464473 
2307, 9673.51439733103 
2308, 9754.58720396936 
2309, 9758.8175721667 
2310, 9765.01282087892 
2311, 9674.56394134132 
2312, 9491.7020813115 
2313, 9292.62243044513 
2314, 9035.39006666534 
2315, 8724.10765705185 
2316, 8420.53435178067 
2317, 8159.19711243671 
2318, 7919.80646019187 
2319, 7764.57673312794 
2320, 7717.85284558198 
2321, 7712.41232984344 
2322, 7767.34023399535 
2323, 7835.55958805084 
2324, 7870.55393447089 
2325, 7888.27458694361 
2326, 7880.56385660358 
2327, 7851.97090805367 
2328, 7801.93879012072 
2329, 7726.71615057955 
2330, 7651.8103457159 
2331, 7558.54282609828 
2332, 7454.41053651271 
2333, 7353.2627518951 
2334, 7216.8461305301 
2335, 7043.62735004614 
2336, 6890.06569908449 
2337, 6710.90088710985 
2338, 6564.96422071807 
2339, 6442.99516893851 
2340, 6310.70249335891 
2341, 6181.74497830433 
2342, 6065.64045789529 
2343, 5953.22179069432 
2344, 5843.12793890525 
2345, 5747.60370384768 
2346, 5647.60763479259 
2347, 5549.29721518284 
2348, 5443.49864988946 
2349, 5319.16918669008 
2350, 5230.25576099579 
2351, 5137.49571857862 
2352, 5078.04883358324 
2353, 5058.37408441588 
2354, 5042.43596639031 
2355, 5042.12146815703 
2356, 5054.12363233641 
2357, 5093.44262329413 
2358, 5128.11703702131 
2359, 5191.24710032025 
2360, 5211.92932278243 
2361, 5232.56133948341 
2362, 5205.77522695799 
2363, 5143.83945135936 
2364, 5048.16871734475 
2365, 4914.1145671854 
2366, 4735.07871847169 
2367, 4550.70921703531 
2368, 4373.71190885485 
2369, 4179.44844543079 
2370, 4022.49256072295 
2371, 3900.35650433257 
2372, 3798.59522647082 
2373, 3764.12504127709 
2374, 3772.59860982588 
2375, 3794.08759477627 
2376, 3811.69719429796 
2377, 3846.30845027007 
2378, 3875.57725126738 
2379, 3864.94652209566 
2380, 3847.34403390849 
2381, 3819.30433555033 
2382, 3767.79560654113 
2383, 3720.19801617716 
2384, 3684.88545709685 
2385, 3625.64496088845 
2386, 3565.74697414121 
2387, 3517.90815606731 
2388, 3471.82099934223 
2389, 3453.38394736116 
2390, 3432.41989602191 
2391, 3403.36030255294 
2392, 3388.58411627168 
2393, 3384.68373161901 
2394, 3382.10040404308 
2395, 3375.83711329995 
2396, 3367.49026150145 
2397, 3344.90924814944 
2398, 3316.88626246994 
2399, 3293.21306012263 
2400, 3276.1420391022 
2401, 3242.08456716866 
2402, 3188.58583418624 
2403, 3139.1176949113 
2404, 3088.72795665891 
2405, 3046.75094180564 
2406, 3020.72141071614 
2407, 2965.7285037797 
2408, 2908.86873723196 
2409, 2832.87972550901 
2410, 2721.55240324718 
2411, 2642.45398541702 
2412, 2566.16408749748 
2413, 2493.55690171044 
2414, 2435.02693690915 
2415, 2368.2969041859 
2416, 2286.45944660399 
2417, 2248.47393254583 
2418, 2225.549183438 
2419, 2221.4680088211 
2420, 2252.5449315856 
2421, 2275.11906975554 
2422, 2303.13322303834 
2423, 2327.59707040785 
2424, 2370.36056915172 
2425, 2379.64999168861 
2426, 2376.37427171201 
2427, 2365.51959324419 
2428, 2338.58983287415 
2429, 2298.72660186699 
2430, 2251.71815833883 
2431, 2186.3511876684 
2432, 2090.94810638575 
2433, 2012.15698422434 
2434, 1919.59077919443 
2435, 1865.61070591774 
2436, 1823.40163622549 
2437, 1810.4577002223 
2438, 1836.7706812022 
2439, 1839.92232236494 
2440, 1865.81145056138 
2441, 1849.23459975089 
2442, 1813.10645703606 
2443, 1764.72241143695 
2444, 1691.05886669448 
2445, 1618.20879307194 
2446, 1525.71897275006 
2447, 1428.99509797203 
2448, 1350.16424906117 
2449, 1298.45926104962 
2450, 1274.11873022611 
2451, 1276.83302551444 
2452, 1300.45186211951 
2453, 1329.66080081206 
2454, 1371.3056240376 
2455, 1401.68575835762 
2456, 1434.06809399772 
2457, 1464.20465181279 
2458, 1466.98340916811 
2459, 1471.60586423164 
2460, 1478.34121889168 
2461, 1483.41060330049 
2462, 1471.092017192 
2463, 1423.74070024491 
2464, 1375.24368199314 
2465, 1322.81105598658 
2466, 1282.16524256762 
2467, 1277.80553355731 
2468, 1261.94555645871 
2469, 1226.24674756988 
2470, 1179.80968669025 
2471, 1130.32364783351 
2472, 1083.7950707408 
2473, 1047.10937724332 
2474, 1027.44298215574 
2475, 999.859091124864 
2476, 984.708165834931 
2477, 965.803474965923 
2478, 917.887741302188 
2479, 877.810868989899 
2480, 821.334781076873 
2481, 760.009893786084 
2482, 714.604438077532 
2483, 677.204653408009 
2484, 654.737822301139 
2485, 627.168293583202 
2486, 597.638122950422 
2487, 570.167507104493 
2488, 554.936131089548 
2489, 533.364245620026 
2490, 516.20759089659 
2491, 513.269185927983 
2492, 493.795731484143 
2493, 501.741028502619 
2494, 535.291049176727 
2495, 546.222978545172 
2496, 563.458556676989 
2497, 596.018837930322 
2498, 614.195476768568 
2499, 650.186518628367 
2500, 654.706319064273 
