Wavelength,0212202100054.asd
350, 569.325214817302 
351, 598.739668929818 
352, 626.379118731551 
353, 652.544297927836 
354, 675.451733937803 
355, 698.427982690699 
356, 724.251680216082 
357, 749.830513735862 
358, 776.363114524386 
359, 804.882910717972 
360, 836.666581873396 
361, 874.043169839399 
362, 918.796008856744 
363, 967.725784368957 
364, 1013.60272841206 
365, 1062.64447966665 
366, 1109.42955550264 
367, 1148.84356326817 
368, 1180.55755365433 
369, 1199.52179086206 
370, 1207.13244327636 
371, 1207.39968212935 
372, 1202.97922931309 
373, 1202.48519911044 
374, 1206.58830267847 
375, 1210.39121875714 
376, 1212.7862562835 
377, 1215.88795650543 
378, 1217.09984512459 
379, 1207.22743269262 
380, 1194.38962425873 
381, 1180.13699457353 
382, 1163.76480324393 
383, 1142.36850597879 
384, 1120.75139714811 
385, 1105.75436538285 
386, 1105.52142587071 
387, 1130.24514645772 
388, 1165.41377384502 
389, 1195.66889878352 
390, 1208.84925464535 
391, 1224.25014749463 
392, 1239.42217155731 
393, 1251.08905823975 
394, 1261.8390984251 
395, 1290.00984634823 
396, 1343.18019371251 
397, 1424.06427679956 
398, 1538.68048986389 
399, 1669.8128873318 
400, 1804.06595870478 
401, 1933.2880871905 
402, 2058.04548447409 
403, 2161.82858397755 
404, 2237.2361078883 
405, 2297.55570458394 
406, 2345.65880572314 
407, 2388.43630801568 
408, 2435.07683008416 
409, 2499.16871386329 
410, 2576.26606093886 
411, 2661.03426168759 
412, 2748.15797945345 
413, 2836.36590555406 
414, 2924.33423908585 
415, 3008.77309457075 
416, 3082.62838866402 
417, 3151.93468539799 
418, 3224.23278442597 
419, 3302.09266509044 
420, 3366.76270598109 
421, 3432.05189926366 
422, 3505.07721664821 
423, 3585.35845875556 
424, 3657.1591349352 
425, 3713.57478445471 
426, 3748.78760661882 
427, 3755.45844605798 
428, 3746.72170329922 
429, 3753.95972029936 
430, 3802.95230239807 
431, 3876.44809500803 
432, 3970.71309098316 
433, 4106.23455923856 
434, 4312.03973053155 
435, 4529.08789171114 
436, 4695.90326127082 
437, 4801.00750272674 
438, 4914.21653384685 
439, 5030.36386792232 
440, 5140.22195175339 
441, 5240.75192557617 
442, 5369.43535545457 
443, 5502.65236278158 
444, 5624.43168956796 
445, 5727.2693790081 
446, 5811.23296087352 
447, 5887.1432276068 
448, 5967.02119052497 
449, 6063.84586239286 
450, 6146.79540762292 
451, 6194.04315966386 
452, 6197.05768209261 
453, 6187.04316997403 
454, 6156.83994394249 
455, 6116.46680318658 
456, 6091.31627013729 
457, 6090.16490634003 
458, 6096.62829003634 
459, 6095.27395038822 
460, 6083.60499429207 
461, 6063.48712867804 
462, 6040.46208683273 
463, 6018.01419126032 
464, 5982.25268690562 
465, 5923.09833525346 
466, 5847.75208185734 
467, 5780.19478719236 
468, 5725.1310679354 
469, 5684.32262794815 
470, 5658.30519330331 
471, 5650.13941357161 
472, 5645.26796682013 
473, 5644.99209044397 
474, 5654.97484659891 
475, 5655.34440450039 
476, 5650.73190203312 
477, 5647.27023139431 
478, 5649.92696337973 
479, 5667.80396440719 
480, 5691.66458686721 
481, 5706.16285237301 
482, 5696.9189712291 
483, 5652.16704482425 
484, 5562.51781832083 
485, 5428.05026573776 
486, 5296.93089557975 
487, 5202.78696811505 
488, 5173.05046950258 
489, 5232.17796060356 
490, 5326.59550540829 
491, 5403.61369755338 
492, 5429.68477434636 
493, 5438.24629104973 
494, 5450.10651215745 
495, 5476.76543032521 
496, 5517.67874649052 
497, 5527.41417311582 
498, 5508.02169560749 
499, 5470.50776266253 
500, 5422.65548285109 
501, 5386.0200865759 
502, 5370.08068897579 
503, 5379.26519163482 
504, 5425.50457403066 
505, 5492.22534055854 
506, 5560.86177621422 
507, 5613.80683649309 
508, 5652.83043478397 
509, 5681.8632306795 
510, 5707.79956486499 
511, 5744.70039522889 
512, 5768.66976145502 
513, 5769.77689861807 
514, 5746.63088463885 
515, 5697.76242576381 
516, 5631.38762081457 
517, 5565.10162760307 
518, 5526.05608375221 
519, 5569.52681327064 
520, 5699.27565479465 
521, 5882.96909359001 
522, 6038.68998360626 
523, 6152.13839910343 
524, 6228.86074657188 
525, 6288.020525841 
526, 6312.39629301535 
527, 6320.50098256735 
528, 6349.91315440139 
529, 6469.80193949235 
530, 6630.86156703878 
531, 6767.40653829426 
532, 6823.19195790012 
533, 6838.0130517467 
534, 6863.66560087062 
535, 6927.1612386878 
536, 7024.85320461398 
537, 7093.54155708656 
538, 7122.51916878273 
539, 7121.88542466201 
540, 7115.00038681114 
541, 7116.42984915474 
542, 7147.61037328148 
543, 7225.67423582227 
544, 7314.55190304247 
545, 7391.97350352614 
546, 7445.48848166692 
547, 7473.93147475548 
548, 7490.73164290428 
549, 7510.23930831514 
550, 7541.94080942356 
551, 7577.98140017251 
552, 7605.04262852986 
553, 7622.61711114682 
554, 7640.56948229585 
555, 7655.29971388736 
556, 7644.69351327049 
557, 7596.72428396339 
558, 7523.35280004086 
559, 7460.2519628958 
560, 7429.662828031 
561, 7440.028107496 
562, 7470.87806888377 
563, 7487.2043540731 
564, 7472.71942315763 
565, 7434.84350920975 
566, 7380.43266317962 
567, 7324.85767286006 
568, 7278.47128209907 
569, 7232.65406971307 
570, 7172.62337501926 
571, 7114.64104923696 
572, 7091.74945438345 
573, 7095.80938976451 
574, 7093.03613919034 
575, 7060.47558496767 
576, 6997.1566039079 
577, 6938.49693023143 
578, 6904.77333154512 
579, 6905.72249323797 
580, 6933.4686982313 
581, 6987.96449057399 
582, 7055.74129993737 
583, 7111.13566696844 
584, 7142.11140164824 
585, 7133.02229199197 
586, 7083.00489956042 
587, 7023.43240937927 
588, 6953.77342494368 
589, 6861.7236999225 
590, 6744.71451443091 
591, 6699.36508439162 
592, 6726.05482383403 
593, 6779.29277834753 
594, 6769.66787867006 
595, 6728.40026740747 
596, 6672.98157487299 
597, 6614.85734376732 
598, 6549.65946115689 
599, 6474.11118426923 
600, 6394.39289846187 
601, 6323.17865036118 
602, 6264.96130969879 
603, 6230.53232694316 
604, 6220.63407321737 
605, 6220.06939987894 
606, 6200.67881658251 
607, 6160.06066621819 
608, 6108.48847383983 
609, 6059.37627477024 
610, 6012.56731550558 
611, 5968.89649856181 
612, 5930.30130553825 
613, 5890.4800230382 
614, 5845.78072525617 
615, 5797.6773074213 
616, 5756.84929003261 
617, 5729.1815296179 
618, 5722.63469271126 
619, 5740.21963988413 
620, 5757.26995376964 
621, 5752.73623923663 
622, 5719.23067412872 
623, 5665.63438418116 
624, 5603.86950268446 
625, 5544.94196178929 
626, 5495.41344779165 
627, 5451.54662584962 
628, 5409.91247062372 
629, 5369.95069824318 
630, 5335.19145470464 
631, 5325.97530017251 
632, 5332.42335465836 
633, 5343.75348455048 
634, 5355.15211209118 
635, 5362.510355354 
636, 5364.50911937647 
637, 5361.40381675331 
638, 5355.18569177305 
639, 5337.05050167326 
640, 5302.71793399881 
641, 5253.94670388905 
642, 5213.25050381738 
643, 5185.41921103648 
644, 5165.63044240271 
645, 5137.78026199368 
646, 5099.39163876256 
647, 5052.65628905971 
648, 5004.05046173246 
649, 4965.08712660532 
650, 4932.11965750328 
651, 4909.01591235149 
652, 4906.28536131109 
653, 4888.71315399467 
654, 4827.92518205166 
655, 4718.05227593016 
656, 4594.11648218775 
657, 4502.03395006987 
658, 4495.98038931486 
659, 4605.41919600538 
660, 4714.87900795404 
661, 4773.98613593919 
662, 4780.75126937645 
663, 4782.64958297643 
664, 4775.48484677569 
665, 4764.90787496435 
666, 4756.58755696413 
667, 4754.09758049646 
668, 4750.19953188055 
669, 4743.74995551167 
670, 4736.57852654862 
671, 4724.45196289418 
672, 4711.83636224781 
673, 4704.63496855324 
674, 4709.3099146791 
675, 4712.57060694223 
676, 4715.02080201698 
677, 4719.4136482032 
678, 4722.52208272469 
679, 4724.42893077094 
680, 4725.44717027352 
681, 4725.70079148725 
682, 4723.65500397873 
683, 4716.20080308207 
684, 4683.73804658428 
685, 4584.44530267752 
686, 4407.8578685492 
687, 4170.83034241097 
688, 3932.08039024913 
689, 3837.35418067012 
690, 3920.44322865508 
691, 4113.01011995428 
692, 4286.57096852116 
693, 4441.30104660674 
694, 4557.16753783642 
695, 4630.60947589277 
696, 4680.88938506634 
697, 4723.29268467146 
698, 4752.0546135645 
699, 4760.09490236596 
700, 4759.06989596875 
701, 4758.25442223555 
702, 4766.75186713083 
703, 4792.23420318691 
704, 4836.60894430741 
705, 4889.5309485902 
706, 4937.84291104134 
707, 4967.04273031938 
708, 4996.04290588448 
709, 5025.87662178872 
710, 5053.91860542349 
711, 5082.60913561971 
712, 5108.18497872986 
713, 5128.64751667691 
714, 5141.90663122012 
715, 5141.05928719685 
716, 5106.20784968384 
717, 5028.19395794355 
718, 4913.53001466781 
719, 4815.35251233266 
720, 4791.30849793188 
721, 4867.93832595667 
722, 5003.37417130716 
723, 5108.1335260946 
724, 5150.4168108236 
725, 5145.25408487827 
726, 5166.86807443186 
727, 5208.95945700456 
728, 5255.38963860331 
729, 5289.57058974278 
730, 5346.8025755847 
731, 5431.41423783227 
732, 5535.57319799169 
733, 5642.76349495765 
734, 5737.54699020956 
735, 5807.53934013174 
736, 5846.71281278025 
737, 5863.56843049954 
738, 5875.5353241436 
739, 5887.92264214976 
740, 5895.64662777663 
741, 5906.54200553238 
742, 5928.608420262 
743, 5963.28410027197 
744, 6001.84682809764 
745, 6032.50059270109 
746, 6053.81717932371 
747, 6067.06279715227 
748, 6068.53379133813 
749, 6057.90843193271 
750, 6040.19480820749 
751, 6023.91745567402 
752, 6016.32741454329 
753, 6015.1876848816 
754, 6015.2749550687 
755, 6008.93642657695 
756, 5978.83890614889 
757, 5856.47547673449 
758, 5529.35352785939 
759, 4800.596755735 
760, 3729.1019599318 
761, 2681.16069255927 
762, 2098.8791820403 
763, 2108.3115131076 
764, 2424.67909616959 
765, 2903.04004776836 
766, 3526.35408647625 
767, 4192.9888497972 
768, 4762.23767531034 
769, 5148.7897122844 
770, 5352.72677534808 
771, 5441.23876486173 
772, 5463.66424911792 
773, 5455.63724606911 
774, 5431.14082721348 
775, 5397.05090730064 
776, 5359.98143440171 
777, 5323.46959368004 
778, 5281.24135852803 
779, 5236.73598530232 
780, 5192.54809009123 
781, 5149.85362105632 
782, 5109.34902686128 
783, 5064.56043560166 
784, 5014.88310243531 
785, 4969.99408641127 
786, 4924.45172759512 
787, 4875.71468398329 
788, 4821.94075766113 
789, 4760.97141938314 
790, 4697.96307879202 
791, 4633.13605271796 
792, 4566.03880688917 
793, 4502.55072491494 
794, 4449.83234574304 
795, 4412.41158173372 
796, 4390.93615203294 
797, 4376.38612886277 
798, 4356.30737237072 
799, 4323.86365576085 
800, 4280.30066152696 
801, 4232.40511652549 
802, 4189.79217756984 
803, 4155.80913624882 
804, 4119.13935596225 
805, 4088.32006274628 
806, 4061.57929763219 
807, 4033.08448530093 
808, 3996.27539624002 
809, 3953.5714208043 
810, 3908.09594669701 
811, 3861.60684421006 
812, 3807.98883518902 
813, 3735.31981257775 
814, 3640.86528741949 
815, 3532.64544217223 
816, 3429.28234862941 
817, 3347.52254281462 
818, 3297.05213479933 
819, 3278.20131883473 
820, 3272.91983348902 
821, 3264.75542305877 
822, 3245.71300584652 
823, 3223.10175731752 
824, 3209.07690449742 
825, 3215.01803289579 
826, 3237.70233195063 
827, 3230.40863251915 
828, 3201.45889964194 
829, 3162.84826188378 
830, 3128.11037641167 
831, 3105.81409712789 
832, 3085.97509699728 
833, 3067.51504773616 
834, 3056.56036367485 
835, 3047.00324239232 
836, 3041.31110705847 
837, 3034.84717896177 
838, 3014.90715903807 
839, 2989.70864891802 
840, 2959.56883033023 
841, 2925.07394102342 
842, 2889.31766624809 
843, 2850.92575624094 
844, 2811.65101039155 
845, 2773.47587154065 
846, 2738.0913941244 
847, 2693.60280321248 
848, 2640.23585435338 
849, 2582.38709750138 
850, 2522.21386752991 
851, 2456.20204386187 
852, 2388.40442857032 
853, 2326.775347332 
854, 2278.40352068183 
855, 2236.85842486171 
856, 2210.41329121287 
857, 2211.54972618912 
858, 2219.64299854454 
859, 2210.8854099823 
860, 2181.596232313 
861, 2145.62395535468 
862, 2104.62169385026 
863, 2054.48229503466 
864, 1996.43953521533 
865, 1938.47538116281 
866, 1883.26071450545 
867, 1834.86241662039 
868, 1798.63167622815 
869, 1780.87766427499 
870, 1772.85492016114 
871, 1758.84240226895 
872, 1731.19841319729 
873, 1698.78555556674 
874, 1664.11076207239 
875, 1629.84335621052 
876, 1597.47501896796 
877, 1566.64278617456 
878, 1535.85941268553 
879, 1506.0457261328 
880, 1477.51991799636 
881, 1446.62536728856 
882, 1416.74670637147 
883, 1390.47858456122 
884, 1367.93266203294 
885, 1342.77546302975 
886, 1316.29647808144 
887, 1288.97339283758 
888, 1261.77272132331 
889, 1238.33023072266 
890, 1215.5530203589 
891, 1191.74982270814 
892, 1165.5212830998 
893, 1133.33840463476 
894, 1097.25463646919 
895, 1059.3827877406 
896, 1021.22958994412 
897, 981.59629267756 
898, 943.71200312702 
899, 911.953470825706 
900, 889.765264893807 
901, 873.844042554715 
902, 865.822617573442 
903, 862.274145176989 
904, 857.026566790555 
905, 848.971482270917 
906, 839.492662037318 
907, 825.402081689403 
908, 802.648407618001 
909, 780.804651549244 
910, 761.417273641049 
911, 746.796796182516 
912, 738.617521236119 
913, 730.527880874142 
914, 722.772111817264 
915, 714.686128971048 
916, 705.477747629534 
917, 699.756794196216 
918, 693.684817875802 
919, 687.534590295875 
920, 684.082698340349 
921, 679.399012898921 
922, 672.617177190838 
923, 663.472531841032 
924, 651.769690560421 
925, 635.69830633224 
926, 617.422124059277 
927, 595.896783604761 
928, 568.539753149966 
929, 537.948245063908 
930, 502.542678547395 
931, 464.108492306064 
932, 426.907344440425 
933, 394.825528852295 
934, 367.859345690022 
935, 348.705886451422 
936, 339.811511362697 
937, 335.623481585588 
938, 337.049626341227 
939, 340.451620176318 
940, 341.640489613256 
941, 344.460711943791 
942, 343.923737900874 
943, 339.441664678696 
944, 332.456606987221 
945, 322.539857008641 
946, 315.04116870635 
947, 310.948543973027 
948, 308.6653067489 
949, 305.196963793586 
950, 303.365455936146 
951, 301.713813728802 
952, 298.55967951099 
953, 295.117689278197 
954, 292.874383169842 
955, 290.378298075227 
956, 286.626379552848 
957, 283.183129399519 
958, 280.768885976648 
959, 278.919226375811 
960, 277.143672832136 
961, 275.432523126266 
962, 272.750915652929 
963, 272.118105253205 
964, 272.590100104104 
965, 268.653703944409 
966, 264.816297293118 
967, 262.31214492621 
968, 260.119068727211 
969, 256.073572344103 
970, 251.707552285398 
971, 246.978150263918 
972, 241.644469861584 
973, 235.458336909655 
974, 228.178641717361 
975, 221.924830681308 
976, 216.343750475524 
977, 210.231127356476 
978, 204.327475882956 
979, 198.077610700923 
980, 193.483501667174 
981, 190.908347104645 
982, 185.034966464462 
983, 180.394709372552 
984, 176.511989860161 
985, 172.44343616047 
986, 168.509995903021 
987, 161.870571837184 
988, 156.663588430914 
989, 153.769864273972 
990, 149.588947931296 
991, 145.019440136172 
992, 140.29936117842 
993, 136.00943689431 
994, 132.303170609366 
995, 126.089366911771 
996, 122.255848333471 
997, 119.523643231132 
998, 115.390642445764 
999, 113.473356118259 
1000, 109.318106479293 
1001, 647.084887376006 
1002, 646.848666779153 
1003, 645.841318311239 
1004, 652.377664096052 
1005, 646.004597694492 
1006, 637.285497092526 
1007, 635.326498304937 
1008, 628.688934982627 
1009, 624.674912574788 
1010, 627.017551866874 
1011, 624.861569307818 
1012, 618.807949955332 
1013, 613.78025093902 
1014, 617.191758538308 
1015, 623.294198833697 
1016, 624.880341835839 
1017, 624.111645639342 
1018, 618.119430923078 
1019, 609.480949523619 
1020, 608.593609577285 
1021, 612.716845352183 
1022, 613.723962912388 
1023, 616.397367498245 
1024, 616.35821064479 
1025, 615.523093483919 
1026, 614.414100262782 
1027, 615.141912807802 
1028, 618.148670081608 
1029, 622.041032536275 
1030, 624.789991279583 
1031, 626.539117885538 
1032, 634.062108456338 
1033, 642.72292734795 
1034, 650.076254440581 
1035, 656.840340438783 
1036, 667.438694270313 
1037, 671.055953726707 
1038, 665.679136634402 
1039, 664.255620059906 
1040, 664.277581608412 
1041, 664.265644865047 
1042, 671.861503220275 
1043, 674.752215528555 
1044, 676.316894831708 
1045, 685.22805921369 
1046, 692.590987145536 
1047, 699.663351257136 
1048, 710.346429388372 
1049, 719.040393873417 
1050, 721.332305269257 
1051, 725.859707969974 
1052, 729.486485584548 
1053, 733.790661930625 
1054, 739.642960329135 
1055, 744.857199219411 
1056, 754.375606144759 
1057, 765.810382537913 
1058, 779.565413350649 
1059, 789.64073694555 
1060, 799.479830622793 
1061, 807.786306460796 
1062, 819.510464092284 
1063, 830.742473791442 
1064, 844.758484570216 
1065, 860.141638590954 
1066, 873.044549411569 
1067, 888.206040232122 
1068, 902.006862158405 
1069, 917.004328355545 
1070, 929.10661165053 
1071, 935.634243032066 
1072, 947.408907381048 
1073, 962.875339210623 
1074, 982.035499853347 
1075, 1000.56493313699 
1076, 1025.72705583254 
1077, 1044.4425992156 
1078, 1053.20595473622 
1079, 1059.34978000208 
1080, 1066.34811362043 
1081, 1074.9650286972 
1082, 1085.32894780418 
1083, 1099.96167240959 
1084, 1108.60776515404 
1085, 1115.59356958216 
1086, 1123.40704079094 
1087, 1129.36777639895 
1088, 1136.55046717929 
1089, 1146.56908264862 
1090, 1152.7385633819 
1091, 1157.56058431755 
1092, 1165.27707525141 
1093, 1165.30820726528 
1094, 1159.24427657064 
1095, 1148.97123846135 
1096, 1138.7302512703 
1097, 1126.57222838119 
1098, 1119.73205748147 
1099, 1116.31437965332 
1100, 1117.7336927899 
1101, 1115.31740226086 
1102, 1116.62373970633 
1103, 1113.89335994577 
1104, 1107.40186349968 
1105, 1102.82361927132 
1106, 1098.16168286337 
1107, 1090.07276061727 
1108, 1076.87264587255 
1109, 1059.36405679295 
1110, 1033.04665321557 
1111, 1003.06536218254 
1112, 969.266129450986 
1113, 928.855528698184 
1114, 886.904842581863 
1115, 839.688477656168 
1116, 795.332512670098 
1117, 743.171687010922 
1118, 702.613954692433 
1119, 668.676277508093 
1120, 634.067145853144 
1121, 605.036499085224 
1122, 586.27751095225 
1123, 571.750387407518 
1124, 562.517906996269 
1125, 560.365099085297 
1126, 569.805975637338 
1127, 573.597585946047 
1128, 580.163486618323 
1129, 588.735384017755 
1130, 600.514108958842 
1131, 608.856903538584 
1132, 615.609317571873 
1133, 625.250039781051 
1134, 631.613780049547 
1135, 641.656210688776 
1136, 664.078692556016 
1137, 688.763263788674 
1138, 707.700797429666 
1139, 725.236010677144 
1140, 734.036285739928 
1141, 733.34910246987 
1142, 732.696429917195 
1143, 727.298319646374 
1144, 720.367409991162 
1145, 703.14432691509 
1146, 698.495213364509 
1147, 697.300256072163 
1148, 698.075579139053 
1149, 707.418615555369 
1150, 714.685900736155 
1151, 719.87965502156 
1152, 730.56334001655 
1153, 743.790665707573 
1154, 760.458545798852 
1155, 779.487202877783 
1156, 803.634181419959 
1157, 824.96541873861 
1158, 852.126553786228 
1159, 869.495107593102 
1160, 881.166239278836 
1161, 892.309148731969 
1162, 901.483416912298 
1163, 905.199775408508 
1164, 903.181539210517 
1165, 903.340467284615 
1166, 903.972490067279 
1167, 898.909397957914 
1168, 892.9363659634 
1169, 890.117115916228 
1170, 880.693594981738 
1171, 862.772985384354 
1172, 848.987310852769 
1173, 836.669686009589 
1174, 821.267444683526 
1175, 803.889208070664 
1176, 786.033771388803 
1177, 763.378079503135 
1178, 745.73500736537 
1179, 729.194738234764 
1180, 714.392901459391 
1181, 701.729973121319 
1182, 691.668091300473 
1183, 684.319448956644 
1184, 680.557024431547 
1185, 674.033183702191 
1186, 670.929535393724 
1187, 663.748872755844 
1188, 650.447540761844 
1189, 643.309184378618 
1190, 638.801079700662 
1191, 633.222697431127 
1192, 633.026872251352 
1193, 626.490772418186 
1194, 614.025606727919 
1195, 604.695793973997 
1196, 595.306580757025 
1197, 584.224743156052 
1198, 572.37891635957 
1199, 561.122328134831 
1200, 549.989511134746 
1201, 535.077071425496 
1202, 525.523828136266 
1203, 519.123636592257 
1204, 513.582703351905 
1205, 510.433649786222 
1206, 506.782285822871 
1207, 507.027042892407 
1208, 502.940198019418 
1209, 495.151582890004 
1210, 489.813428921973 
1211, 480.188120390244 
1212, 476.199660295441 
1213, 475.381371181574 
1214, 479.468351598117 
1215, 480.504773028749 
1216, 485.937100748873 
1217, 484.4658855141 
1218, 477.994179483991 
1219, 474.55654602162 
1220, 470.870901670889 
1221, 465.025978169174 
1222, 458.22487002148 
1223, 452.637744577548 
1224, 442.881628665178 
1225, 437.783708243204 
1226, 437.453491495217 
1227, 436.057509074506 
1228, 434.621783286374 
1229, 435.185974464443 
1230, 436.902659812601 
1231, 441.303349095963 
1232, 440.267003152389 
1233, 438.490668376166 
1234, 436.792016744763 
1235, 430.574379874142 
1236, 427.908727317579 
1237, 429.686085637674 
1238, 427.140539747289 
1239, 422.33176405906 
1240, 418.126141735603 
1241, 412.222506553627 
1242, 407.273272206073 
1243, 403.141792618959 
1244, 398.274543279883 
1245, 391.442427357809 
1246, 388.516942245986 
1247, 382.686794732595 
1248, 375.067634111773 
1249, 371.025237089176 
1250, 364.881330341067 
1251, 366.551176233695 
1252, 378.637515336318 
1253, 378.984463117082 
1254, 380.924742981273 
1255, 376.483786004647 
1256, 359.001865462957 
1257, 349.515887050251 
1258, 340.666450603383 
1259, 334.175975726164 
1260, 333.929420705659 
1261, 328.338214603247 
1262, 321.150738694902 
1263, 312.911187349988 
1264, 306.73551285843 
1265, 295.029424278133 
1266, 295.721525762663 
1267, 305.565336751689 
1268, 309.840507594522 
1269, 318.376688029561 
1270, 323.224220739021 
1271, 323.600681272349 
1272, 327.25792679029 
1273, 332.631199670452 
1274, 337.591992315533 
1275, 341.174639761688 
1276, 347.946456137721 
1277, 359.139639453568 
1278, 366.363428210798 
1279, 375.560002743795 
1280, 380.330156946147 
1281, 381.596845928667 
1282, 382.806915445775 
1283, 386.413817529936 
1284, 392.372721082068 
1285, 394.554690604176 
1286, 397.09301208246 
1287, 397.369641013262 
1288, 391.051063630174 
1289, 392.464704638013 
1290, 397.74099951508 
1291, 400.678260160167 
1292, 406.124463509609 
1293, 411.50626611474 
1294, 417.201645707689 
1295, 420.180420643341 
1296, 424.319513660185 
1297, 425.71087422661 
1298, 423.661896166465 
1299, 419.107026803979 
1300, 414.573678149391 
1301, 412.490621081839 
1302, 409.312705120731 
1303, 404.955971212592 
1304, 402.146994044239 
1305, 400.141317245061 
1306, 398.364602986933 
1307, 398.327935655156 
1308, 395.833026960038 
1309, 389.703795098079 
1310, 389.472056821814 
1311, 393.149705071629 
1312, 392.824070744699 
1313, 394.672887487161 
1314, 394.877672236852 
1315, 391.173913492319 
1316, 387.358801373313 
1317, 382.603534789781 
1318, 380.774385540498 
1319, 377.537072729391 
1320, 375.2327301235 
1321, 378.469110259578 
1322, 383.718513935743 
1323, 384.83319552795 
1324, 385.826220352789 
1325, 383.361058596143 
1326, 376.919983379755 
1327, 372.326761868958 
1328, 366.530191104484 
1329, 361.40965490285 
1330, 359.950834774986 
1331, 351.311675797047 
1332, 332.549245120423 
1333, 325.100050670343 
1334, 317.548638037745 
1335, 314.113763464209 
1336, 320.773963353415 
1337, 329.291386516881 
1338, 326.27065677312 
1339, 321.606570817688 
1340, 309.094955397326 
1341, 299.120866065042 
1342, 290.160583659774 
1343, 283.002590995686 
1344, 269.292331650768 
1345, 255.805343475625 
1346, 236.137849343662 
1347, 206.644102097902 
1348, 185.485982191836 
1349, 164.897880222474 
1350, 144.64433303982 
1351, 126.647211272616 
1352, 109.565213010997 
1353, 91.3260666262641 
1354, 76.5452242075329 
1355, 65.0019697656902 
1356, 53.7082920418213 
1357, 41.6756991072526 
1358, 34.8427873753704 
1359, 30.0618548810044 
1360, 27.3255591921254 
1361, 28.922750017937 
1362, 25.2508506070927 
1363, 19.7320693655038 
1364, 17.6863082306797 
1365, 14.2023119417142 
1366, 8.77835192154093 
1367, 8.20140184328277 
1368, 10.1216939282976 
1369, 10.3301612429726 
1370, 11.2370982753911 
1371, 15.0811049580203 
1372, 20.4420541718844 
1373, 24.0405497108091 
1374, 34.1982484019972 
1375, 35.6028399843654 
1376, 24.8889340631121 
1377, 24.1531454973857 
1378, 26.3679490392108 
1379, 26.456150743092 
1380, 29.9624934220963 
1381, 35.4880916031701 
1382, 35.7445505380582 
1383, 33.0509758470095 
1384, 33.1465835744942 
1385, 30.5283989949832 
1386, 26.8680214329054 
1387, 24.429178494458 
1388, 25.6021639233857 
1389, 30.8482123340636 
1390, 34.0028753695021 
1391, 40.2225502935568 
1392, 43.1050871489568 
1393, 42.5033707658696 
1394, 43.2122437302424 
1395, 43.5755603497023 
1396, 43.7362054460868 
1397, 44.9991189586803 
1398, 44.547712371735 
1399, 41.3879148116431 
1400, 41.2554566582231 
1401, 42.8152946415068 
1402, 42.2778599241625 
1403, 40.3995293597113 
1404, 42.8526492180074 
1405, 44.2129574593205 
1406, 42.9936777490903 
1407, 41.9795521798218 
1408, 41.6012707643095 
1409, 37.0517053079805 
1410, 31.3933340772986 
1411, 32.3003880664674 
1412, 38.0084382326299 
1413, 40.5248577538518 
1414, 47.3681981780959 
1415, 48.8864032066881 
1416, 45.3818230704043 
1417, 45.7048867463949 
1418, 47.6952466476937 
1419, 47.2093053395741 
1420, 46.4714959353939 
1421, 44.9600853901097 
1422, 38.2689941452105 
1423, 36.3238975975362 
1424, 39.2868530004524 
1425, 39.1761571814575 
1426, 41.2621933782382 
1427, 40.4319399003812 
1428, 36.0241812333956 
1429, 31.602491833091 
1430, 27.3264449636637 
1431, 22.5578531205545 
1432, 20.6622651475519 
1433, 18.9847823656394 
1434, 18.03131080576 
1435, 17.1475092606802 
1436, 17.0908987964199 
1437, 16.9336584253916 
1438, 17.6516025909587 
1439, 19.3919605448636 
1440, 22.2543344073359 
1441, 28.1436008762818 
1442, 28.533772693426 
1443, 27.8096005365951 
1444, 25.1562406070255 
1445, 16.1024584104188 
1446, 12.2253213669255 
1447, 9.06437137816702 
1448, 8.11136363391964 
1449, 12.0917044091329 
1450, 12.9426918236821 
1451, 12.7774875463729 
1452, 13.9947425771038 
1453, 14.6984723055929 
1454, 13.8267032032297 
1455, 13.2555250737923 
1456, 14.357741390545 
1457, 10.1450943721665 
1458, 4.92610297392556 
1459, 0.815832501862497 
1460, 0.1966301221146 
1461, 2.35100318767968 
1462, 6.94042195646481 
1463, 9.39151424738177 
1464, 8.75848804269446 
1465, 7.0165921479676 
1466,-1.12148950797389 
1467,-0.80695656125783 
1468, 3.42697825074724 
1469, 6.33059646422842 
1470, 14.5667750620475 
1471, 16.3373456384249 
1472, 13.4548897043223 
1473, 12.4895904911969 
1474, 9.3123353720662 
1475, 9.54967365571973 
1476, 13.1197702390422 
1477, 13.0312795485592 
1478, 12.372005805332 
1479, 11.3477255042826 
1480, 7.55877796671545 
1481, 5.31571909151637 
1482, 2.28128681556752 
1483, 2.93907378917957 
1484, 8.05942587218567 
1485, 9.28227744486566 
1486, 11.3989053813999 
1487, 12.367717859835 
1488, 8.66585770842737 
1489, 7.54234955362846 
1490, 7.36282584812954 
1491, 7.75954120009908 
1492, 11.6681342512839 
1493, 9.9623106823765 
1494, 8.24304553564565 
1495, 9.17854836497562 
1496, 6.17324129079983 
1497, 4.13153478001639 
1498, 3.59985577818041 
1499, 3.570576014797 
1500, 4.88429636765396 
1501, 9.83411782571968 
1502, 10.6373022741475 
1503, 10.1528540108701 
1504, 10.6874079077166 
1505, 8.96220313539542 
1506, 8.83332482306753 
1507, 12.3162896025355 
1508, 11.5573951195072 
1509, 6.06534616845254 
1510, 4.46475130927206 
1511, 4.8193920955032 
1512, 3.82790398289581 
1513, 4.230216683738 
1514, 4.22949241647026 
1515, 1.32493907602676 
1516,-0.872003127803144 
1517,-0.902881840833053 
1518,-1.4017738013159 
1519,-5.90703663144273 
1520,-4.43174708459731 
1521, 2.50731423230389 
1522, 6.28772917903757 
1523, 11.0854125241413 
1524, 14.1355253560363 
1525, 10.0996602551322 
1526, 4.83840826831112 
1527, 1.08360298070584 
1528, 4.8823979009679 
1529, 12.2945894581969 
1530, 15.8785286329387 
1531, 18.3287609967776 
1532, 14.4827388176137 
1533, 7.02398492469325 
1534, 5.32611912646037 
1535, 5.28948850723811 
1536, 9.20316674749256 
1537, 10.7018572556527 
1538, 14.5463837673835 
1539, 13.837504939489 
1540, 9.57085874895493 
1541, 7.03223354162187 
1542, 1.55529741499383 
1543, 1.43969232597987 
1544, 5.89542280756713 
1545, 6.83278402550383 
1546, 8.91734243850059 
1547, 9.58342611429983 
1548, 6.53522969972739 
1549, 6.3013634782477 
1550, 8.33484040838746 
1551, 9.65809493384883 
1552, 12.9711208467854 
1553, 12.9137207594123 
1554, 10.0730220471646 
1555, 8.18539181257713 
1556, 5.70511359570683 
1557, 1.12772013861943 
1558,-7.39412969417358 
1559,-8.64709596890531 
1560,-8.41371648116982 
1561,-7.00491765088603 
1562, 3.11378992526132 
1563, 7.33025157528637 
1564, 8.94198052273315 
1565, 9.60444743795479 
1566, 7.94270327064453 
1567, 6.23663260198682 
1568, 3.42082289109743 
1569,-1.97140100337331 
1570,-2.72746156073209 
1571,-2.94812036164593 
1572,-0.196227385140526 
1573, 0.238548136591232 
1574, 0.768980586831188 
1575, 4.52902354046762 
1576, 9.23334914535809 
1577, 13.6140793816721 
1578, 13.3670255913919 
1579, 13.3631501424902 
1580, 13.9407060750854 
1581, 12.523002338891 
1582, 12.9751487651136 
1583, 17.2203542638268 
1584, 15.5221366762916 
1585, 8.94750546679836 
1586, 9.30390321617621 
1587, 10.3405183971514 
1588, 10.5664803990031 
1589, 16.1810714758838 
1590, 15.8173948355973 
1591, 9.56152564182309 
1592, 7.63441569058223 
1593, 6.34059865999631 
1594, 5.75313521078859 
1595, 6.04046710952958 
1596, 6.86383806498071 
1597, 9.58714088465504 
1598, 9.48824110067414 
1599, 8.70437066095061 
1600, 8.32537604607355 
1601, 4.37545161783058 
1602, 4.87924044603742 
1603, 9.78035401522689 
1604, 11.0832925236685 
1605, 13.1353076279605 
1606, 13.6164541666055 
1607, 11.3480093704422 
1608, 10.3082260896708 
1609, 10.2068158537293 
1610, 8.59145519756689 
1611, 6.86338850573766 
1612, 2.69965208385826 
1613,-8.49910793213653 
1614,-9.84074578588713 
1615,-5.73309104642604 
1616,-4.18109862610718 
1617, 4.77642587371854 
1618, 8.07006122650765 
1619, 4.35180034686811 
1620, 3.52955438795345 
1621, 1.81591928266204 
1622, 2.66280725350378 
1623, 7.00347385691428 
1624, 8.35202550481653 
1625, 11.0299560371172 
1626, 10.9043325715072 
1627, 4.15388379588964 
1628, 2.73926958836958 
1629, 4.60565151931907 
1630, 4.84644813581759 
1631, 7.406200448453 
1632, 8.73518551291099 
1633, 6.25997421444742 
1634, 6.69877483537775 
1635, 11.2535354626669 
1636, 12.1103486336088 
1637, 12.434673665008 
1638, 11.8025137260811 
1639, 5.72738576497361 
1640, 3.83312656615855 
1641, 4.93184069883469 
1642, 5.12647492033913 
1643, 8.26549960954955 
1644, 9.19704512568352 
1645, 6.70237087902138 
1646, 6.35150612380437 
1647, 3.9289227528652 
1648, 5.67013658750032 
1649, 15.5038060431201 
1650, 19.2069581235675 
1651, 22.124911746312 
1652, 24.6175056871603 
1653, 21.6468504350216 
1654, 9.90019641760245 
1655, 9.86534416063439 
1656, 13.1304853587464 
1657, 12.7369196906463 
1658, 15.4649659277838 
1659, 17.3420675574266 
1660, 15.2026458074366 
1661, 16.9451842702052 
1662, 24.7996152192866 
1663, 23.9241294220984 
1664, 17.1609454767417 
1665, 17.8694556530623 
1666, 18.6968949829711 
1667, 20.0272849745215 
1668, 26.6476052243557 
1669, 26.9193907457727 
1670, 23.2200437888619 
1671, 20.651403937862 
1672, 17.3165981383877 
1673, 13.7634191877718 
1674, 7.62762658680911 
1675, 8.2551337089902 
1676, 12.0966440241508 
1677, 13.6204819263069 
1678, 19.0560072746752 
1679, 19.6966674232698 
1680, 16.3752415044904 
1681, 14.4992484423254 
1682, 12.7965855513554 
1683, 9.32780228159979 
1684, 3.31901869886786 
1685, 2.05986651142227 
1686, 1.40129362818179 
1687, 2.68654320116806 
1688, 7.78506617559339 
1689, 10.257007671835 
1690, 12.4321913296609 
1691, 14.6143328444404 
1692, 17.8172404255748 
1693, 16.5637395680196 
1694, 13.2733461239992 
1695, 10.6593928171286 
1696, 4.57039896129441 
1697, 2.61334951466168 
1698, 2.86896997841841 
1699, 2.87843393475502 
1700, 3.60462606097025 
1701, 5.27523332356846 
1702, 6.60315021749335 
1703, 10.4909917670444 
1704, 17.5647381321921 
1705, 20.6496408691417 
1706, 24.4453176789315 
1707, 27.0061476645136 
1708, 29.4506961352027 
1709, 24.1041270583786 
1710, 13.2585012085529 
1711, 9.06850527489733 
1712,-0.528859621700525 
1713,-1.11823207006038 
1714, 9.42534652003089 
1715, 7.52510539199839 
1716, 5.34025327774938 
1717, 4.81257794803975 
1718, 7.68150625149706 
1719, 16.519517013807 
1720, 23.1651396409771 
1721, 25.7474248166337 
1722, 25.4682749034752 
1723, 22.2125278403641 
1724, 19.1568853499074 
1725, 17.3224193565511 
1726, 17.2591595136502 
1727, 16.0090061403259 
1728, 18.2482651176777 
1729, 17.7977287983515 
1730, 14.5375592771702 
1731, 14.5977259120534 
1732, 7.1456425084261 
1733, 1.50384674054191 
1734,-1.77362681805366 
1735,-4.70544742662679 
1736,-0.408086166604626 
1737, 5.75331067828466 
1738, 12.1322200609042 
1739, 13.5464820579681 
1740, 13.124091556958 
1741, 12.4745935677971 
1742, 10.0948166246588 
1743, 9.84072607752291 
1744, 12.6445138040097 
1745, 18.2966444226225 
1746, 20.9383171718299 
1747, 23.5048276593137 
1748, 21.8690148499916 
1749, 16.1864463848652 
1750, 16.1483356708029 
1751, 17.4485205858606 
1752, 20.6643639685752 
1753, 17.0992625164317 
1754, 9.30175402429406 
1755, 7.02484080951696 
1756, 3.54550252002049 
1757, 6.2708679501215 
1758, 13.3109601144703 
1759, 13.0972363015165 
1760, 13.5741883749677 
1761, 18.1267836545801 
1762, 18.9530031334679 
1763, 23.3635308123178 
1764, 26.2304447679971 
1765, 28.1466229253368 
1766, 28.1588619405142 
1767, 28.5545922590105 
1768, 26.099589652746 
1769, 16.141172051562 
1770, 12.8808831118791 
1771, 12.0425680139391 
1772, 9.97810512687152 
1773, 12.9932579765996 
1774, 13.6477671575916 
1775, 9.74848293815936 
1776, 9.25488208759882 
1777, 12.2733016957337 
1778, 9.24036568991828 
1779, 0.991609914237524 
1780, 1.25000063534033 
1781, 3.90134801808344 
1782, 4.75911176889781 
1783, 11.9213531145474 
1784, 13.930583031133 
1785, 9.07327912500818 
1786, 9.42233651910909 
1787, 11.6452199458485 
1788, 15.2257153340918 
1789, 23.7902183548191 
1790, 20.4644023195316 
1791, 12.16044835812 
1792, 8.05173442672262 
1793,-5.47344854537048 
1794,-5.11567986537033 
1795, 8.33753692052107 
1796, 13.3933844698348 
1797, 17.0135923994043 
1798, 17.7939958190266 
1799, 12.0437075452612 
1800, 6.74383391480287 
1801, 71.7526109858428 
1802, 60.6842543297178 
1803, 58.1807678413063 
1804, 54.8924297768706 
1805, 50.2098517835037 
1806, 42.3927280750166 
1807, 51.7288996863545 
1808, 48.6406417728444 
1809, 27.9656102952673 
1810, 20.7568503893164 
1811, 22.1493916753093 
1812, 16.6225891750389 
1813, 5.97999375175427 
1814, 10.5200103015252 
1815, 7.22567682986948 
1816, 12.969899266119 
1817, 14.4881371899738 
1818, 22.3425586232861 
1819, 25.3047952801102 
1820, 16.3159421532016 
1821, 17.122923837187 
1822, 23.3335057449465 
1823, 31.2351468419631 
1824, 37.472316503578 
1825, 50.2916064346392 
1826, 35.7128246851527 
1827, 17.3154114629996 
1828, 8.91807381530148 
1829,-11.3174568400948 
1830,-10.5354510763671 
1831, 10.0978684550758 
1832, 25.4248218679409 
1833, 35.6348700985281 
1834, 44.7190786853757 
1835, 30.3396392960292 
1836, 14.8104879479599 
1837, 2.87276724883493 
1838,-16.1180788137411 
1839,-23.5588229874113 
1840,-20.1412734279767 
1841,-17.4366852759506 
1842,-11.1814091110868 
1843,-1.31099396074587 
1844, 11.0026178507304 
1845, 12.9329580310249 
1846, 16.5890444169611 
1847, 14.9508567198138 
1848,-1.09395194989591 
1849,-4.78413635868547 
1850,-11.2734690907402 
1851,-21.5637024841775 
1852,-31.916817435325 
1853,-38.8802662556178 
1854,-49.228024450821 
1855,-44.4916447764545 
1856,-45.4575035899687 
1857,-54.678611145588 
1858,-50.1780513415466 
1859,-45.7437242296024 
1860,-53.4090443578328 
1861,-41.7699762566166 
1862,-1.65283035192119 
1863, 11.4945570834328 
1864, 20.1976848257944 
1865, 40.4847511600505 
1866, 32.7635099935016 
1867, 24.0747181153164 
1868, 25.4360902997532 
1869,-2.46019229064253 
1870,-16.4227662864281 
1871,-30.4546989511049 
1872,-24.8300767008583 
1873,-30.6019411562088 
1874,-13.0903406438366 
1875, 23.3352914700997 
1876, 38.0436272846016 
1877, 40.0352023444729 
1878, 37.1332624364607 
1879, 17.6712665225912 
1880, 6.35515828146844 
1881,-12.5154755450562 
1882,-5.69774984854032 
1883, 19.1697481690773 
1884, 32.0572055930755 
1885, 28.5099155737232 
1886, 34.8004066556532 
1887, 24.2071264265593 
1888, 2.97937380041905 
1889, 15.0210973942334 
1890, 23.3803605522361 
1891, 23.0218646272595 
1892, 16.7206858178116 
1893, 18.5458086152012 
1894, 14.2805963234729 
1895, 3.11105445958494 
1896,-9.41473281310266 
1897,-15.0676710220487 
1898,-37.6802291457459 
1899,-38.2599135711367 
1900,-29.7629084200848 
1901,-3.3053588077269 
1902, 7.87995091842307 
1903, 29.8575750994658 
1904, 32.0347357333273 
1905, 32.0623186639856 
1906, 22.7214050934061 
1907, 23.6348676507781 
1908, 35.6985790750256 
1909, 18.5833704326488 
1910, 8.24634227054343 
1911, 2.33842085886949 
1912,-8.07359678414995 
1913,-20.2824263142387 
1914,-35.1771924242582 
1915,-28.7177696733513 
1916,-23.0212235483518 
1917,-24.4808680288799 
1918,-0.71273665528294 
1919, 13.4260554950306 
1920, 11.6733703213803 
1921, 11.3548908282182 
1922, 10.5510382300328 
1923, 5.6943272488442 
1924, 4.50329791103381 
1925, 1.9916974950676 
1926, 8.9442803880321 
1927, 6.92701602873053 
1928,-7.2037736133963 
1929,-0.709703942474343 
1930,-11.6975816886341 
1931,-22.3451087707984 
1932,-14.209442105959 
1933,-15.8876736902706 
1934,-27.5630268956643 
1935,-31.6762757847715 
1936,-30.4488963963268 
1937,-34.5228503855497 
1938,-31.6783616608321 
1939,-27.6715037813707 
1940,-25.2843681256404 
1941,-10.0217573853798 
1942,-3.04441476113676 
1943, 0.85682834284457 
1944, 14.7204360938236 
1945, 48.9570021876875 
1946, 54.7475967088585 
1947, 47.9975105966387 
1948, 46.709706391564 
1949, 38.2515467749963 
1950, 17.3805965490237 
1951, 0.425685267898544 
1952, 1.28540301985999 
1953,-4.71865208366662 
1954,-17.914308558607 
1955,-21.8110064302696 
1956,-22.2591836073049 
1957,-14.5554346410333 
1958, 10.8095780001868 
1959, 12.818906707834 
1960, 3.16945287279508 
1961, 15.5855021660512 
1962, 6.7498089648836 
1963,-3.24259391535461 
1964,-6.27675114515214 
1965,-11.0335280770711 
1966,-21.0837989230363 
1967,-54.073136257935 
1968,-60.5456504297374 
1969,-51.9860424782912 
1970,-47.204781597045 
1971,-31.8601868813936 
1972,-17.7673735624103 
1973,-1.56054777736446 
1974, 9.56893511722887 
1975, 22.0451364726669 
1976, 34.5352884621711 
1977, 41.35421720519 
1978, 21.4593065670125 
1979, 3.23942373905914 
1980,-40.4589259577995 
1981,-50.8459795930752 
1982,-50.5278216212386 
1983,-50.2792187462868 
1984,-21.8937413736043 
1985,-17.3674540123386 
1986,-38.8236944652596 
1987,-35.1212062698102 
1988,-36.1544800448331 
1989,-47.0591628287638 
1990,-41.3994872790712 
1991,-21.0049255236802 
1992,-13.8802917613019 
1993, 1.21776616541058 
1994, 4.98808142069003 
1995,-8.65214271843091 
1996,-5.61632192715777 
1997, 2.98173597602034E-02 
1998, 6.11103639604952 
1999, 31.4194463948008 
2000, 24.5102451812511 
2001, 7.46339654106364 
2002,-11.2764729365449 
2003,-19.7037332509102 
2004,-33.4391326323109 
2005,-26.8008954164921 
2006, 4.07508440126295 
2007, 16.9142296138256 
2008, 39.6506477948839 
2009, 44.5979162471917 
2010, 36.5339916469869 
2011, 18.3096533038544 
2012, 8.59922942620155 
2013,-2.62529781037183 
2014,-14.3807971317092 
2015,-30.2348209425372 
2016,-25.005445637538 
2017,-7.61041866116946 
2018,-6.99240312483742 
2019, 1.91806624092665 
2020, 7.79773843027285 
2021, 3.25464655813529 
2022,-2.2393839829718 
2023, 1.11356393438073 
2024,-4.80223585973376 
2025,-19.5280098079071 
2026,-53.7056469812485 
2027,-70.6817887831269 
2028,-88.1130503201474 
2029,-89.7472902365859 
2030,-83.1483444201616 
2031,-69.0226584158623 
2032,-34.0387807973764 
2033,-16.430577292543 
2034, 3.63252022348883 
2035, 14.9066553617813 
2036, 17.4227930948398 
2037, 17.9122434379027 
2038, 22.5516495507592 
2039, 4.46364861091722 
2040,-8.74916697964079 
2041,-33.2123578336874 
2042,-40.2593737408994 
2043,-46.1688669995825 
2044,-41.4954304571381 
2045,-18.8149124788242 
2046,-8.40999187717696 
2047, 7.3034365090718 
2048, 10.3865392304075 
2049, 6.94386035227553 
2050,-2.33028554943562 
2051,-30.1917770900644 
2052,-46.0770417847537 
2053,-54.2164957842408 
2054,-48.1326040186015 
2055,-48.2789672255382 
2056,-36.0976456442956 
2057,-33.0226492217727 
2058,-36.6441276972691 
2059,-38.3498427460714 
2060,-37.5981845941619 
2061,-38.6481810919321 
2062,-48.6974632311183 
2063,-51.1914871491607 
2064,-43.1411861388956 
2065,-40.3556341807602 
2066,-36.8485411167455 
2067,-39.583880428256 
2068,-31.2959257796315 
2069,-22.9437191125475 
2070,-10.538583620099 
2071, 27.0655408370477 
2072, 23.6736946508608 
2073,-2.83717144483869 
2074,-21.4288564069684 
2075,-74.6428955956381 
2076,-90.7701702897125 
2077,-74.1918116804678 
2078,-76.575804083161 
2079,-80.488473622276 
2080,-75.018806167935 
2081,-76.2132586995168 
2082,-68.9185790702672 
2083,-55.3154179479995 
2084,-17.9301625836257 
2085,-10.1292921403029 
2086,-12.646051427023 
2087,-16.3771962882926 
2088,-38.6381429703705 
2089,-42.6139973676627 
2090,-43.0947334232453 
2091,-37.5048221981747 
2092,-19.5748940862418 
2093,-5.97119594298417 
2094, 12.7600955334029 
2095, 26.5776744162515 
2096, 44.6764998687558 
2097, 50.2582411276146 
2098, 50.2049449382435 
2099, 42.2934452576888 
2100, 34.0746939938192 
2101, 15.9012402079696 
2102, 5.37735452806613 
2103,-3.17803391178857 
2104,-10.6111051062139 
2105,-26.6680083643456 
2106,-23.1462962733522 
2107, 0.45366269036057 
2108, 7.71078241773664 
2109, 29.5523892684236 
2110, 33.3371323990398 
2111, 15.8988808795234 
2112,-5.61975338399914 
2113,-15.7668108170749 
2114,-26.3040463512015 
2115,-23.6908732291784 
2116,-5.86160022988108 
2117, 3.05215022313538 
2118, 24.1339287945231 
2119, 22.4403174676491 
2120, 1.57310474461842 
2121,-3.79264353503826 
2122,-17.1329542479689 
2123,-22.3468530325161 
2124,-8.14066659392633 
2125,-6.93722961365024 
2126,-15.3000617844511 
2127,-18.8339265466648 
2128,-18.2224047087262 
2129,-34.4866035373134 
2130,-23.4032594791739 
2131, 3.62686458058362 
2132, 15.1070226110204 
2133, 43.6651765885807 
2134, 39.7940645309279 
2135, 4.15226830492273 
2136,-9.65860889923167 
2137,-27.3331117132486 
2138,-40.7441757091636 
2139,-44.0364231964092 
2140,-51.342392235271 
2141,-70.0076588476957 
2142,-74.4407897041765 
2143,-68.4606330163144 
2144,-64.0440842775401 
2145,-54.2168185477941 
2146,-39.1536471420287 
2147,-31.5784944015277 
2148,-22.6739076044858 
2149,-28.2785895613622 
2150,-46.3652295076899 
2151,-53.0986255972882 
2152,-67.2168743987393 
2153,-72.7156449091515 
2154,-66.5562134961932 
2155,-65.521563320125 
2156,-76.0169261367241 
2157,-66.9987229684171 
2158,-37.9343922689307 
2159,-23.9425918743767 
2160,-7.46156196207692 
2161, 9.71432352516747 
2162, 23.5390912165208 
2163, 28.4725648701435 
2164, 41.2388311182285 
2165, 37.153718825995 
2166, 29.245850802382 
2167, 2.82679101104476 
2168,-5.62421924688159 
2169,-13.4128926504751 
2170,-12.2081319399005 
2171,-1.75086691470774 
2172, 3.51477762536478 
2173, 13.9380614144135 
2174, 18.6910116169425 
2175, 21.2854376390168 
2176, 22.6655563147921 
2177, 28.6845575012497 
2178, 21.8677429936211 
2179,-1.90390564215282 
2180,-13.1947369705665 
2181,-31.7193569812888 
2182,-38.8191354241682 
2183,-30.4020937783324 
2184,-26.8297014590926 
2185, 1.66552328856701 
2186, 17.2448503780263 
2187, 24.9947346660365 
2188, 40.4850074094837 
2189, 34.4794897435357 
2190,-5.45452034494022 
2191,-9.05458760198602 
2192,-7.04835434684301 
2193, 4.01877340253236E-02 
2194, 33.6743796995904 
2195, 42.8900807388717 
2196, 48.5564000572777 
2197, 41.1279021624253 
2198, 8.14342984845866 
2199,-2.69831537998602 
2200,-19.0234911505275 
2201,-22.4672383294447 
2202, 7.07068459366975 
2203, 12.7132257580145 
2204, 3.6257929415738 
2205, 5.49228005296115 
2206,-2.02254815755739 
2207,-22.0094061287251 
2208,-20.6298577823567 
2209,-2.81558043776115 
2210,-2.08411671640623 
2211, 2.1748560069532 
2212, 1.22029044865 
2213,-14.4484825596086 
2214,-17.7308732073321 
2215,-12.2579394960653 
2216,-15.0466965081209 
2217,-17.1204223959132 
2218,-23.5428276465296 
2219,-42.8287098948063 
2220,-46.8224369851156 
2221,-42.8544552598103 
2222,-40.6868298000527 
2223,-30.3341145202124 
2224,-24.0912367429331 
2225,-20.8624756631787 
2226,-19.4019909962008 
2227,-16.0287245216088 
2228,-15.9548782379391 
2229,-21.8303243831308 
2230,-27.6025289490858 
2231,-26.1399300377412 
2232,-17.3678772918384 
2233,-19.5003098726436 
2234,-21.8940515996025 
2235,-24.0952155215163 
2236,-41.0075702310633 
2237,-37.4432624763693 
2238,-18.6088112192415 
2239,-9.36736806108789 
2240, 14.2630405774821 
2241, 15.3079555716897 
2242,-3.43438543222277 
2243,-9.5999416495722 
2244,-29.6303056796513 
2245,-32.6642340836467 
2246,-12.5185439932327 
2247,-8.72891417579992 
2248,-9.57787739757842 
2249,-6.5787260391969 
2250,-6.57270784938991 
2251,-8.4829920064695 
2252,-11.7645576396512 
2253,-4.8361443366443 
2254,-14.8551924392631 
2255,-17.3697896153042 
2256,-12.3967107807652 
2257,-10.0857850823958 
2258,-8.81310457098037 
2259,-8.42992462738887 
2260,-5.60133361033673 
2261,-1.91374824045801 
2262,-2.80166717140042 
2263,-3.51355906458965 
2264,-3.75845478087809 
2265,-9.33338945490828 
2266,-9.33370500817257 
2267,-5.28395745223506 
2268, 0.153373412925471 
2269, 8.24609651558319 
2270, 14.2959995028415 
2271, 24.8497045713387 
2272, 29.0577359269032 
2273, 28.2626671100086 
2274, 27.3834311214547 
2275, 22.2167958970748 
2276, 20.7842145148242 
2277, 20.0735477233887 
2278, 18.155459456694 
2279, 24.7502680657949 
2280, 17.607567939576 
2281,-2.73948962313518 
2282,-14.8976024940695 
2283,-40.2140999518911 
2284,-55.3669366385633 
2285,-40.0400069348181 
2286,-30.4287304050826 
2287,-19.4919008245444 
2288,-3.3463181206043 
2289, 4.01996784936839 
2290, 0.62042939928632 
2291, 3.01600975893948 
2292, 11.9022273650706 
2293, 4.67013823947553 
2294,-15.3506926928647 
2295,-24.2475639049115 
2296,-36.1098036882091 
2297,-44.921099851912 
2298,-52.4769327450457 
2299,-49.6176053548972 
2300,-40.8998390754568 
2301,-37.7096321171394 
2302,-26.2702339901126 
2303,-15.2101895191034 
2304,-9.36832802274796 
2305,-5.04274423094722 
2306, 18.2266701232831 
2307, 12.1930833637997 
2308,-31.5601399449567 
2309,-45.1988130120318 
2310,-67.7342962857794 
2311,-69.7054618033314 
2312,-26.0634405313201 
2313,-9.39405523535114 
2314, 6.60645335547951 
2315, 5.46474571581717 
2316, 6.10538247368022 
2317,-15.6163659237936 
2318,-33.7139635786486 
2319,-29.2239002275255 
2320,-34.6545442497703 
2321,-40.3808053904623 
2322,-31.3864265084125 
2323,-27.7547745627196 
2324,-22.5463645626958 
2325,-7.21161295162149 
2326, 10.6300307690921 
2327, 9.62198408488122 
2328, 16.5923664417917 
2329, 36.3452845087901 
2330, 25.7630314433892 
2331,-3.21540776025009 
2332,-18.4758620804331 
2333,-57.0937762999553 
2334,-64.5915258755053 
2335,-42.5555399658126 
2336,-40.9393206968535 
2337,-41.6585020172692 
2338,-37.3410538799633 
2339,-38.9985325072705 
2340,-30.6456383562416 
2341,-1.03133994751382 
2342, 7.95243420670035 
2343, 2.0719804349376 
2344, 6.15357688633892 
2345, 8.99996177611518 
2346, 3.96383973052197 
2347, 0.800693481815236 
2348, 1.59142634381149 
2349,-10.7945195596335 
2350,-8.79435039030154 
2351, 6.98155428279561 
2352, 20.4105476705548 
2353, 45.1156865144596 
2354, 56.3733529828401 
2355, 74.0896771856392 
2356, 69.8477263367426 
2357, 31.0828773480351 
2358, 14.6161546874643 
2359,-6.71708793234602 
2360,-18.052143133646 
2361,-13.5126315981447 
2362,-7.33062720164591 
2363, 6.71844799944179 
2364, 16.1015280949264 
2365, 14.2832332609053 
2366, 26.353923422367 
2367, 11.5269477649895 
2368,-4.66358840432092 
2369,-7.09813568472668 
2370,-31.0529944685183 
2371,-37.4540255384648 
2372,-41.9593425840778 
2373,-46.3851498444356 
2374,-30.9163059633769 
2375,-40.0884625145026 
2376,-45.9824883955402 
2377,-36.0249284576349 
2378,-44.0277608204219 
2379,-28.7146988292945 
2380,-4.49263169106594 
2381,-10.5662204176188 
2382,-3.16096718148585 
2383,-13.1817475879807 
2384,-33.482208687215 
2385,-26.2378663822703 
2386,-41.2103756852007 
2387,-37.1655874986087 
2388,-18.3768650149465 
2389,-22.1613171285518 
2390,-17.8496959853224 
2391,-15.9172703317106 
2392,-24.3882755889427 
2393,-44.590319327794 
2394,-60.0974389395436 
2395,-67.6127070798328 
2396,-86.0193015395362 
2397,-75.7844431078845 
2398,-58.5789689257514 
2399,-57.3310096424903 
2400,-41.7562339848606 
2401,-39.34790665029 
2402,-52.6988433838072 
2403,-61.106806054908 
2404,-61.3344488253118 
2405,-65.292033105097 
2406,-72.3757070436517 
2407,-69.4872064757268 
2408,-64.5526101060187 
2409,-57.4788657307934 
2410,-37.8205870359831 
2411,-25.9221434905032 
2412,-15.3753843426295 
2413,-5.64676969936421 
2414,-1.19970910904838 
2415, 2.89743896670623 
2416, 7.26955533457172 
2417, 4.9228287589663 
2418, 0.636793462134793 
2419,-6.75911367759086 
2420,-20.8612779349747 
2421,-24.0344058347845 
2422,-26.6502761275314 
2423,-25.1655037778404 
2424,-16.7085082477815 
2425,-15.5265209390312 
2426,-13.3554741314201 
2427,-7.59824854250179 
2428, 2.27567430161644 
2429,-3.64824242880004 
2430,-23.340989297108 
2431,-32.3173259474281 
2432,-51.8473197070512 
2433,-45.8272916237197 
2434,-12.009941083661 
2435,-2.37165046400673 
2436, 12.0826232199321 
2437, 11.5463098277024 
2438,-5.70859849278433 
2439,-15.4366073194616 
2440,-39.9294127571335 
2441,-37.9888232403974 
2442,-21.3314656264382 
2443,-13.3272950043319 
2444, 16.3711678383163 
2445, 3.14285069571321 
2446,-11.337637756158 
2447,-10.3754158325479 
2448,-20.028167103124 
2449,-18.7498485065729 
2450,-12.4837781591991 
2451,-7.36685183710881 
2452,-10.0192286380243 
2453,-7.79067186705804 
2454,-10.3180476292084 
2455,-33.2707954599314 
2456,-27.0362979694407 
2457,-16.8314550116968 
2458,-13.0466114615074 
2459, 13.7514016133843 
2460, 8.90328152194692 
2461,-12.4937111721284 
2462,-15.3278988481636 
2463,-35.5818723822536 
2464,-42.1570401362253 
2465,-23.1907344968567 
2466,-17.0346330517806 
2467,-24.3834161361222 
2468,-28.7053638549323 
2469,-45.5555820221148 
2470,-71.1073428565228 
2471,-52.8649996020037 
2472,-26.2798473784939 
2473,-22.3314279905181 
2474, 3.46731091310777 
2475, 5.37138620573377 
2476,-13.6888855127625 
2477, 9.60489153885734 
2478, 16.0589325313605 
2479, 6.33489228149698 
2480, 0.389999089098814 
2481,-32.6996738043293 
2482,-61.287523656484 
2483,-58.7069143506101 
2484,-38.8282656523363 
2485,-10.5031023826727 
2486, 8.44264805903094 
2487,-13.1125202142132 
2488,-30.655061194708 
2489,-41.7974295875153 
2490,-53.3994241556369 
2491,-42.5788583941539 
2492,-40.8712166024978 
2493,-35.2519151056262 
2494,-30.9447009736342 
2495,-25.2989153707894 
2496,-1.68988889571889 
2497, 33.0600756428904 
2498, 39.6028478778456 
2499, 42.5981312862232 
2500, 37.4573531667103 
