Wavelength,0212202100149.asd
350, 2164.93010318585 
351, 2276.21929005027 
352, 2379.41125402408 
353, 2467.1042776814 
354, 2551.80532887819 
355, 2640.07791432203 
356, 2733.88860390022 
357, 2827.11448620153 
358, 2923.02608207303 
359, 3025.34126781728 
360, 3139.57189310965 
361, 3278.22268662833 
362, 3437.50518902758 
363, 3609.8091248242 
364, 3785.64052024297 
365, 3965.32436468292 
366, 4137.14590887211 
367, 4287.18479396123 
368, 4402.23045272018 
369, 4469.28702601781 
370, 4491.59933623274 
371, 4482.7760520293 
372, 4463.01668815169 
373, 4456.12031339746 
374, 4464.06841481125 
375, 4473.56029637643 
376, 4483.49600061889 
377, 4489.20563734131 
378, 4480.26316429873 
379, 4439.56064787992 
380, 4385.83703570046 
381, 4325.51882043008 
382, 4258.83208354491 
383, 4176.1776770215 
384, 4090.05220318185 
385, 4029.26034257578 
386, 4028.92975593432 
387, 4113.47931603197 
388, 4233.35572336188 
389, 4336.72325621292 
390, 4382.29264470012 
391, 4430.68187218654 
392, 4479.15342366929 
393, 4519.20186181012 
394, 4550.22511120649 
395, 4643.65728148407 
396, 4828.88938344425 
397, 5115.60546910917 
398, 5520.99376094439 
399, 5981.32264826977 
400, 6452.39570878756 
401, 6912.37324763884 
402, 7349.97181855005 
403, 7710.59468751343 
404, 7970.35326715097 
405, 8169.79437581208 
406, 8327.43340008629 
407, 8468.85935713413 
408, 8624.1584229304 
409, 8835.23240572622 
410, 9089.75361542609 
411, 9372.5707840227 
412, 9667.29267689982 
413, 9957.89453502296 
414, 10245.5860205161 
415, 10523.682312343 
416, 10765.940947696 
417, 10995.7646366185 
418, 11231.3823009267 
419, 11477.5053771252 
420, 11692.3618947025 
421, 11909.0337695887 
422, 12145.0740980734 
423, 12399.8517470699 
424, 12635.2384547626 
425, 12820.4134678612 
426, 12928.6073099035 
427, 12934.0660694996 
428, 12883.9075839745 
429, 12892.1244047353 
430, 13049.9528666346 
431, 13282.2637506512 
432, 13588.7264856294 
433, 14039.6712573766 
434, 14726.1939579457 
435, 15453.0699637622 
436, 16007.3081287527 
437, 16346.5620675954 
438, 16707.8936937618 
439, 17079.0173052892 
440, 17429.7667291327 
441, 17748.8039504998 
442, 18159.2695006228 
443, 18590.1709824955 
444, 18985.3596319652 
445, 19309.4257778004 
446, 19569.0930556148 
447, 19801.9797150588 
448, 20049.6812338888 
449, 20358.6482420322 
450, 20618.7430624226 
451, 20757.1197306256 
452, 20747.4356820627 
453, 20692.0195150616 
454, 20573.9820558337 
455, 20425.2272163123 
456, 20321.7962650664 
457, 20296.5764296549 
458, 20300.3742271104 
459, 20283.0703788713 
460, 20227.9807788542 
461, 20146.4189942453 
462, 20057.6782562162 
463, 19972.1962016862 
464, 19839.9212215597 
465, 19634.6657928449 
466, 19380.1464588288 
467, 19147.6800116315 
468, 18951.8927444762 
469, 18805.4305764039 
470, 18713.6528286771 
471, 18677.5211175791 
472, 18653.1236693566 
473, 18646.2703054908 
474, 18674.8837238891 
475, 18665.0087598737 
476, 18640.5393222935 
477, 18626.1751636486 
478, 18635.6775237217 
479, 18696.9421894654 
480, 18780.8205127749 
481, 18838.571357605 
482, 18824.9340281522 
483, 18685.5058406437 
484, 18390.2792813495 
485, 17950.5056011954 
486, 17524.4333850569 
487, 17222.5263240692 
488, 17133.5141264154 
489, 17334.4977194735 
490, 17652.7586126849 
491, 17914.1973491441 
492, 18006.65689245 
493, 18038.7850349657 
494, 18088.9172889862 
495, 18191.2353397659 
496, 18330.6539418769 
497, 18372.4497959632 
498, 18320.7593546211 
499, 18206.3929102905 
500, 18049.1136144514 
501, 17928.3672735681 
502, 17877.8419430935 
503, 17912.8042512982 
504, 18077.3947121561 
505, 18308.6982910373 
506, 18543.6073919063 
507, 18729.8589325225 
508, 18872.7330951576 
509, 18985.8104402538 
510, 19091.6699743156 
511, 19234.5635549192 
512, 19334.4004987868 
513, 19353.2149256728 
514, 19281.1478950506 
515, 19123.3517267873 
516, 18910.0612105383 
517, 18699.2976041412 
518, 18577.0480360618 
519, 18733.9462070528 
520, 19186.5042165527 
521, 19824.9828921234 
522, 20354.7287007097 
523, 20749.3011274928 
524, 21026.2493672531 
525, 21231.9204572612 
526, 21319.0311822792 
527, 21352.6112941528 
528, 21462.6146259569 
529, 21891.1854581209 
530, 22449.4828652333 
531, 22919.1530653472 
532, 23122.2454603081 
533, 23189.4649759232 
534, 23294.8812304181 
535, 23530.1211246923 
536, 23884.3768298376 
537, 24138.6258274665 
538, 24255.5694542449 
539, 24269.6178632725 
540, 24260.0137486407 
541, 24280.6304730311 
542, 24403.9019718432 
543, 24685.7357012552 
544, 25011.4817601425 
545, 25295.4415607137 
546, 25491.7531499449 
547, 25605.8633541516 
548, 25682.5023417795 
549, 25771.6552872706 
550, 25904.4340465987 
551, 26042.2461400014 
552, 26148.9998553017 
553, 26226.8395603821 
554, 26307.5037300498 
555, 26369.5255272319 
556, 26345.2482631553 
557, 26198.0521673507 
558, 25958.6243575873 
559, 25751.8090774118 
560, 25655.7407067949 
561, 25700.9852273242 
562, 25816.8364178526 
563, 25882.2021335889 
564, 25839.1626646224 
565, 25710.1352530399 
566, 25530.1194405262 
567, 25345.4703503414 
568, 25184.1191512503 
569, 25018.8798658476 
570, 24808.6415339394 
571, 24611.886911302 
572, 24539.3376261795 
573, 24558.5766376125 
574, 24549.2298941042 
575, 24435.4942209514 
576, 24229.4447473143 
577, 24040.6065139836 
578, 23942.7539632681 
579, 23976.339858471 
580, 24110.1224706587 
581, 24338.571979601 
582, 24612.6576927407 
583, 24844.0970030115 
584, 24993.4001360124 
585, 24996.4101305964 
586, 24842.0806779978 
587, 24641.1525334985 
588, 24389.7929185141 
589, 24050.889583894 
590, 23627.10931671 
591, 23475.4826707089 
592, 23587.4170979635 
593, 23795.7798086122 
594, 23786.2022530819 
595, 23667.4747069971 
596, 23501.2597485412 
597, 23329.2518781029 
598, 23142.4575541239 
599, 22909.3134014291 
600, 22651.4241588207 
601, 22427.0419792025 
602, 22255.1475031528 
603, 22162.876603542 
604, 22148.5745198303 
605, 22170.1609286162 
606, 22122.8341396131 
607, 22000.9639944767 
608, 21843.9989201638 
609, 21691.3864691169 
610, 21545.1857392268 
611, 21411.5205385806 
612, 21300.0417044059 
613, 21183.1558206519 
614, 21046.2513389066 
615, 20895.8848537954 
616, 20776.8485857352 
617, 20704.174832074 
618, 20706.5506971996 
619, 20797.6478080118 
620, 20890.9053554108 
621, 20900.5580540583 
622, 20798.2209549257 
623, 20625.5136942687 
624, 20427.271410089 
625, 20237.6927137069 
626, 20074.4571909641 
627, 19923.9201256203 
628, 19772.9107596805 
629, 19631.1448630501 
630, 19529.7210112075 
631, 19543.0721161335 
632, 19621.3551823247 
633, 19716.6176795786 
634, 19814.8512022202 
635, 19894.2477035311 
636, 19951.6188563269 
637, 19989.6459398938 
638, 20004.7787718671 
639, 19976.6703186773 
640, 19891.0610525193 
641, 19747.0410661195 
642, 19632.5289530181 
643, 19564.207966162 
644, 19521.2368153212 
645, 19438.6431627218 
646, 19310.2896131262 
647, 19148.6731048854 
648, 18981.7245285886 
649, 18847.5003065397 
650, 18747.7960962176 
651, 18699.8178254848 
652, 18730.9098589047 
653, 18689.5382257378 
654, 18481.6999190164 
655, 18094.6957351774 
656, 17640.4445176981 
657, 17315.8214881076 
658, 17325.5943094483 
659, 17771.5659554886 
660, 18224.2529013774 
661, 18484.8361945361 
662, 18539.6182668644 
663, 18566.2362835171 
664, 18548.5871729064 
665, 18517.73186864 
666, 18502.1969432609 
667, 18508.9242336062 
668, 18503.6005300257 
669, 18484.6619908768 
670, 18466.5378486026 
671, 18430.8800687277 
672, 18387.0730752298 
673, 18355.3707421086 
674, 18365.9931873483 
675, 18391.2984189919 
676, 18410.6880316266 
677, 18414.5698757457 
678, 18422.7669848568 
679, 18424.9395504611 
680, 18420.758654337 
681, 18414.3195932302 
682, 18399.3007980866 
683, 18353.8614334134 
684, 18197.2192090033 
685, 17771.6082651502 
686, 17021.1615740872 
687, 16011.6692109896 
688, 14987.8508376817 
689, 14565.3422447091 
690, 14875.6137116156 
691, 15636.9498139044 
692, 16322.4713962768 
693, 16913.0705188392 
694, 17335.8773751152 
695, 17591.2621875332 
696, 17775.4291017235 
697, 17940.3722181503 
698, 18054.3033321496 
699, 18076.3243447896 
700, 18026.6696832648 
701, 17980.832313469 
702, 17985.7374808057 
703, 18063.3133466209 
704, 18220.0575302038 
705, 18401.9385383759 
706, 18556.5531077553 
707, 18645.9080716188 
708, 18723.732429244 
709, 18794.4954915467 
710, 18852.8882380947 
711, 18908.870886602 
712, 18947.6939422638 
713, 18959.6244270025 
714, 18931.269155064 
715, 18818.4311203766 
716, 18539.9766666227 
717, 18060.7173005474 
718, 17409.7828874895 
719, 16873.4351307579 
720, 16680.6389164843 
721, 16915.3484625512 
722, 17398.4590474863 
723, 17728.7819362959 
724, 17770.2946651189 
725, 17600.0102414222 
726, 17555.911857684 
727, 17609.5534567579 
728, 17695.8494471374 
729, 17753.6424248712 
730, 17883.4563080319 
731, 18114.8816061505 
732, 18436.472281418 
733, 18793.3462454405 
734, 19103.6303739146 
735, 19304.7735900398 
736, 19369.7505553641 
737, 19361.1622371965 
738, 19342.7175348552 
739, 19329.1387270875 
740, 19296.2366155283 
741, 19293.7526023267 
742, 19329.454539835 
743, 19396.8013034598 
744, 19480.5176477964 
745, 19537.4801973727 
746, 19561.7280185735 
747, 19560.6135710956 
748, 19538.7726745246 
749, 19476.4602634206 
750, 19387.7837009302 
751, 19309.3265130345 
752, 19270.2524757818 
753, 19259.1630070819 
754, 19255.1179556988 
755, 19231.2002313708 
756, 19135.0526052501 
757, 18730.687620573 
758, 17640.5612502285 
759, 15224.9845561268 
760, 11677.987692933 
761, 8203.05117622949 
762, 6251.94962540207 
763, 6231.19517872059 
764, 7246.49487799088 
765, 8843.81297297162 
766, 10969.6652804248 
767, 13290.1469228437 
768, 15305.3846004201 
769, 16707.6338481255 
770, 17493.3582946231 
771, 17881.7901681976 
772, 18033.6145932654 
773, 18070.9442625018 
774, 18060.8172321228 
775, 18016.2264907633 
776, 17956.7597584356 
777, 17895.6898270162 
778, 17816.9570600521 
779, 17724.0346973481 
780, 17630.8255787554 
781, 17555.3451385098 
782, 17474.0447730558 
783, 17377.3214611496 
784, 17266.5143154161 
785, 17155.7106721573 
786, 17043.6069464286 
787, 16912.66169016 
788, 16748.950542191 
789, 16558.8064353455 
790, 16359.6037586305 
791, 16160.2541150543 
792, 15966.2245584305 
793, 15784.3385493754 
794, 15636.7235168905 
795, 15537.0542412049 
796, 15485.4782412948 
797, 15443.7883423648 
798, 15379.2423437076 
799, 15274.6162258322 
800, 15132.2291630944 
801, 14972.6525483837 
802, 14824.2305601448 
803, 14700.6923965518 
804, 14581.5288983015 
805, 14481.281048252 
806, 14390.7113458396 
807, 14289.3329734265 
808, 14150.3196762497 
809, 13978.2681650052 
810, 13784.0323198689 
811, 13574.3950261951 
812, 13317.5610938442 
813, 12980.3029705001 
814, 12560.4659423934 
815, 12092.3800763842 
816, 11663.6834826886 
817, 11335.3485407332 
818, 11143.7134750555 
819, 11097.3472882701 
820, 11099.8259836265 
821, 11073.862859067 
822, 10987.9945697225 
823, 10889.556104344 
824, 10826.1396104609 
825, 10844.0167532537 
826, 10933.1780944046 
827, 10919.9474140542 
828, 10801.4176862752 
829, 10637.7190362786 
830, 10513.3778778908 
831, 10437.1141272068 
832, 10385.6169016179 
833, 10346.3752062568 
834, 10319.5302426325 
835, 10312.0303325966 
836, 10313.2383650859 
837, 10303.645853599 
838, 10258.8189315075 
839, 10186.9423936302 
840, 10098.7078793688 
841, 10001.8471947732 
842, 9897.18757641319 
843, 9788.63677971789 
844, 9681.09958369881 
845, 9577.12223649926 
846, 9476.3952262559 
847, 9349.82010994984 
848, 9194.50214180231 
849, 9020.58040536034 
850, 8846.24797885369 
851, 8644.22694235038 
852, 8434.30509659745 
853, 8256.09377289004 
854, 8125.24292487626 
855, 8020.40209662057 
856, 7969.54022628426 
857, 8015.02111776234 
858, 8092.07851979994 
859, 8106.86570116591 
860, 8042.74111503143 
861, 7952.07748858182 
862, 7844.13776443811 
863, 7705.97339598503 
864, 7538.76974722465 
865, 7363.88065274761 
866, 7200.05728999199 
867, 7060.54944436892 
868, 6965.89631309044 
869, 6945.68795097372 
870, 6957.96532056378 
871, 6945.83811457014 
872, 6882.52477428288 
873, 6798.35039798202 
874, 6706.37707417804 
875, 6613.53115240901 
876, 6522.63004136084 
877, 6433.9584494076 
878, 6346.22206525982 
879, 6259.65576279691 
880, 6174.19441894569 
881, 6087.57391110517 
882, 6001.36354313582 
883, 5918.20043781894 
884, 5839.65444761041 
885, 5763.44835679105 
886, 5683.39335656534 
887, 5598.53368798625 
888, 5511.79810481634 
889, 5430.61836123826 
890, 5347.28250086213 
891, 5253.37862016808 
892, 5141.06565576974 
893, 5005.71818539422 
894, 4846.13059180149 
895, 4668.22707387675 
896, 4482.32982598819 
897, 4296.48197372113 
898, 4121.94004017788 
899, 3978.24177131364 
900, 3883.52594498174 
901, 3828.47733161934 
902, 3806.23745380353 
903, 3800.68897298522 
904, 3791.58773171207 
905, 3770.40096095525 
906, 3730.6279436831 
907, 3662.14650941563 
908, 3559.71412998423 
909, 3453.34487057443 
910, 3363.14987094213 
911, 3297.37444599505 
912, 3252.52279765261 
913, 3213.8936445735 
914, 3178.37916777993 
915, 3144.48075483075 
916, 3113.01033370147 
917, 3094.03527141076 
918, 3080.52535635304 
919, 3068.28138155788 
920, 3055.95176971021 
921, 3039.61980146567 
922, 3015.82417549528 
923, 2977.90785938052 
924, 2918.94910928606 
925, 2842.30604021551 
926, 2748.41841387801 
927, 2634.57683468444 
928, 2496.97719168011 
929, 2336.54590836803 
930, 2156.66672486364 
931, 1966.55034736369 
932, 1780.69543972767 
933, 1618.24007041354 
934, 1489.60818075621 
935, 1403.28154004555 
936, 1361.91763028488 
937, 1353.17135233102 
938, 1366.16742725191 
939, 1386.00048912523 
940, 1400.76061201535 
941, 1416.51237721487 
942, 1422.4307366719 
943, 1410.96021537402 
944, 1380.79353750671 
945, 1341.16919158518 
946, 1308.68725149463 
947, 1289.70568988721 
948, 1282.82775508831 
949, 1280.93353641403 
950, 1279.05976856128 
951, 1275.59498165994 
952, 1270.71778949022 
953, 1264.945399119 
954, 1257.99523557238 
955, 1250.90484147879 
956, 1245.43301941887 
957, 1243.72633814873 
958, 1241.94365295125 
959, 1240.27106776093 
960, 1240.52597641663 
961, 1244.83674141403 
962, 1245.22969934052 
963, 1248.46847157413 
964, 1256.17365407638 
965, 1261.17887813333 
966, 1265.66639977489 
967, 1266.21353954966 
968, 1262.10265938367 
969, 1255.63357265656 
970, 1247.68508595044 
971, 1236.02186427152 
972, 1218.98717745357 
973, 1196.24911035544 
974, 1169.43226265311 
975, 1142.12295423964 
976, 1116.17348688399 
977, 1092.64781627888 
978, 1073.91928905213 
979, 1057.3598712509 
980, 1042.8169205468 
981, 1030.17916684885 
982, 1017.41886117894 
983, 1002.67712331612 
984, 986.93404471368 
985, 971.006576520639 
986, 954.034608382848 
987, 934.697580374588 
988, 914.709876136231 
989, 895.309120146374 
990, 876.257960813774 
991, 855.649202872544 
992, 835.287215778545 
993, 814.778539054242 
994, 792.790435890208 
995, 772.475577796361 
996, 753.189305459116 
997, 733.761521449793 
998, 713.33602594247 
999, 692.335806600111 
1000, 672.452498024848 
1001, 4230.34221698829 
1002, 4208.65242221358 
1003, 4183.27807612026 
1004, 4160.21710992584 
1005, 4145.70310454373 
1006, 4142.96095389786 
1007, 4141.70382334696 
1008, 4141.03544505248 
1009, 4143.16274987594 
1010, 4143.43697022099 
1011, 4150.2288328372 
1012, 4163.49914277644 
1013, 4178.31081361265 
1014, 4189.03490296054 
1015, 4201.13916441466 
1016, 4210.62634927151 
1017, 4222.2030349073 
1018, 4238.81988764144 
1019, 4253.60058601409 
1020, 4269.74589044732 
1021, 4292.65441442918 
1022, 4313.14968019901 
1023, 4333.66643568641 
1024, 4357.60909829526 
1025, 4385.59001545856 
1026, 4405.77734170219 
1027, 4431.08372876896 
1028, 4459.82972640244 
1029, 4475.46865797215 
1030, 4494.42450983032 
1031, 4518.90040722162 
1032, 4535.61465274563 
1033, 4558.72272817602 
1034, 4584.53850765912 
1035, 4606.6527415774 
1036, 4622.9145735461 
1037, 4648.16346673528 
1038, 4674.09193397204 
1039, 4689.17127554057 
1040, 4705.44002157987 
1041, 4720.71896726513 
1042, 4732.48066038122 
1043, 4751.65456189813 
1044, 4773.20020264362 
1045, 4791.87179131951 
1046, 4807.99220923462 
1047, 4827.55671983606 
1048, 4847.19633363927 
1049, 4872.1514608606 
1050, 4896.71712845425 
1051, 4921.54232374397 
1052, 4949.35331810572 
1053, 4971.77463563434 
1054, 4991.96235308449 
1055, 5016.28547953099 
1056, 5037.30417983491 
1057, 5062.39842901546 
1058, 5095.08406296252 
1059, 5134.05083354547 
1060, 5174.944742048 
1061, 5221.40229864153 
1062, 5267.48947348581 
1063, 5315.77114885783 
1064, 5363.81317673002 
1065, 5413.7836257675 
1066, 5473.99002680557 
1067, 5534.69989331091 
1068, 5603.60931689324 
1069, 5679.36347367514 
1070, 5750.85216508534 
1071, 5829.20164080898 
1072, 5908.26910876827 
1073, 5991.49419767641 
1074, 6088.55124893849 
1075, 6169.19596135445 
1076, 6248.00487719967 
1077, 6318.63111814008 
1078, 6375.5760595837 
1079, 6426.14532241009 
1080, 6475.13810153002 
1081, 6522.2299393634 
1082, 6566.30149772547 
1083, 6605.63802589791 
1084, 6642.88562029126 
1085, 6674.2666722736 
1086, 6702.16152212838 
1087, 6725.01701366845 
1088, 6747.22929972454 
1089, 6771.28467062957 
1090, 6782.17965563251 
1091, 6789.56166199808 
1092, 6786.60376701869 
1093, 6765.57427863708 
1094, 6743.02384560989 
1095, 6716.30996979213 
1096, 6686.00238739645 
1097, 6657.9928443585 
1098, 6625.7757146683 
1099, 6596.53085514551 
1100, 6569.15622765053 
1101, 6538.19305904589 
1102, 6509.99439477461 
1103, 6476.33181507259 
1104, 6442.96180125905 
1105, 6399.9100262132 
1106, 6353.81881379687 
1107, 6284.69596086662 
1108, 6190.46986620602 
1109, 6074.01610737054 
1110, 5913.64318832042 
1111, 5721.82187699079 
1112, 5500.30398403435 
1113, 5231.08030528722 
1114, 4965.35258447863 
1115, 4658.19128817532 
1116, 4383.34426388541 
1117, 4088.11976508019 
1118, 3839.03694476808 
1119, 3613.50071405468 
1120, 3405.65909161336 
1121, 3234.72116580733 
1122, 3092.91305834533 
1123, 2985.85831568237 
1124, 2908.24925463126 
1125, 2868.3596389033 
1126, 2876.91031144778 
1127, 2888.54876444326 
1128, 2934.74969496424 
1129, 2982.30124304362 
1130, 3050.57966341534 
1131, 3112.99188207774 
1132, 3179.4842318192 
1133, 3256.1312330884 
1134, 3333.02061697047 
1135, 3416.27213303722 
1136, 3538.11119969312 
1137, 3663.59563422291 
1138, 3786.77359325626 
1139, 3899.73557136924 
1140, 3970.11352354789 
1141, 4015.14475934778 
1142, 4030.69266155731 
1143, 3999.43043214473 
1144, 3979.13016054483 
1145, 3905.598863384 
1146, 3891.58402761131 
1147, 3875.87230682525 
1148, 3910.03375902799 
1149, 3988.82767277032 
1150, 4092.52824206675 
1151, 4228.77066191393 
1152, 4378.38610128476 
1153, 4538.9748363557 
1154, 4726.45158744625 
1155, 4900.0878420171 
1156, 5087.90831403584 
1157, 5259.11326689841 
1158, 5427.06455969683 
1159, 5583.05373944225 
1160, 5740.91224404225 
1161, 5871.9778089343 
1162, 5985.57124559672 
1163, 6087.63777199715 
1164, 6169.91674346451 
1165, 6240.69434439522 
1166, 6305.73747497509 
1167, 6352.2449509129 
1168, 6382.77955938113 
1169, 6396.20951647728 
1170, 6397.69062756361 
1171, 6381.38049474046 
1172, 6358.93568331397 
1173, 6322.21680645932 
1174, 6281.52233870007 
1175, 6229.30249725911 
1176, 6175.06938286275 
1177, 6111.13411737 
1178, 6049.58474638056 
1179, 5983.04821989088 
1180, 5919.42514043541 
1181, 5853.86923253365 
1182, 5793.60729893571 
1183, 5736.58627153283 
1184, 5679.07275346076 
1185, 5631.71929045955 
1186, 5587.31975275294 
1187, 5555.99395380993 
1188, 5537.34366150941 
1189, 5518.66767697034 
1190, 5517.36827604124 
1191, 5501.12637237806 
1192, 5487.53727424446 
1193, 5460.44106586486 
1194, 5424.07889474071 
1195, 5381.16865326127 
1196, 5331.27024047889 
1197, 5268.17462838134 
1198, 5204.495689198 
1199, 5127.75144864262 
1200, 5067.33295530926 
1201, 5005.45014477647 
1202, 4953.17771840129 
1203, 4909.03679274728 
1204, 4872.09064044751 
1205, 4839.46710972285 
1206, 4814.00897575895 
1207, 4803.70736743826 
1208, 4788.65238314101 
1209, 4774.05071548392 
1210, 4763.26916810476 
1211, 4758.32773312072 
1212, 4749.2391119941 
1213, 4739.85276024151 
1214, 4734.03201500348 
1215, 4721.84652333849 
1216, 4702.9198180311 
1217, 4689.4307374924 
1218, 4679.25726356274 
1219, 4662.0148381399 
1220, 4642.33194707387 
1221, 4623.28365932242 
1222, 4595.88147782482 
1223, 4576.95092486295 
1224, 4563.1915649833 
1225, 4549.88593852729 
1226, 4541.74358902192 
1227, 4530.67444365931 
1228, 4520.15356259371 
1229, 4508.53792656238 
1230, 4495.88759845457 
1231, 4482.25583077695 
1232, 4466.06541144768 
1233, 4448.91371133832 
1234, 4429.86731018885 
1235, 4406.9595491993 
1236, 4386.00238832288 
1237, 4364.53370840809 
1238, 4343.21453353564 
1239, 4323.61419349523 
1240, 4300.83512566602 
1241, 4277.56379361018 
1242, 4252.28071182988 
1243, 4221.46761881644 
1244, 4194.26015518846 
1245, 4169.49537196804 
1246, 4141.40639027482 
1247, 4115.47967912259 
1248, 4093.52213149762 
1249, 4064.98755190845 
1250, 4035.13349417338 
1251, 4001.16813977221 
1252, 3963.64048428866 
1253, 3923.07217470625 
1254, 3880.05685182261 
1255, 3832.56879182713 
1256, 3787.03106955364 
1257, 3727.46443461486 
1258, 3656.06339889359 
1259, 3584.7392547952 
1260, 3496.95084304878 
1261, 3419.33102013198 
1262, 3340.26826533612 
1263, 3270.98495198388 
1264, 3210.65868344998 
1265, 3151.80621272427 
1266, 3116.19001905177 
1267, 3091.0937886561 
1268, 3087.69013982505 
1269, 3102.13799604724 
1270, 3133.71923867551 
1271, 3190.09622259355 
1272, 3248.28767774818 
1273, 3329.47199153931 
1274, 3400.65620652732 
1275, 3482.72758051938 
1276, 3548.82909322649 
1277, 3609.38993023147 
1278, 3663.22633092569 
1279, 3706.83402524734 
1280, 3744.04262573774 
1281, 3780.90408968391 
1282, 3816.19075073324 
1283, 3849.90681896232 
1284, 3880.4897195454 
1285, 3911.60724659423 
1286, 3943.01703442774 
1287, 3969.61162610098 
1288, 3996.71678516092 
1289, 4017.83731110464 
1290, 4036.0690420806 
1291, 4047.11010881645 
1292, 4050.23474603895 
1293, 4052.33120702234 
1294, 4045.24472828259 
1295, 4042.81207963136 
1296, 4044.59953670724 
1297, 4041.13820459215 
1298, 4036.32955137164 
1299, 4030.25596284107 
1300, 4018.62341016703 
1301, 4003.49054973178 
1302, 3989.20082066503 
1303, 3974.21330378427 
1304, 3957.43154225932 
1305, 3938.39045445743 
1306, 3920.96617652734 
1307, 3904.95670179956 
1308, 3884.08141796124 
1309, 3861.14059889895 
1310, 3837.62180301065 
1311, 3806.75552965149 
1312, 3782.80283445193 
1313, 3765.51171040985 
1314, 3744.02947969733 
1315, 3722.52688116167 
1316, 3701.5687650094 
1317, 3676.86725059183 
1318, 3653.80848074543 
1319, 3641.34035895374 
1320, 3625.0138063846 
1321, 3613.85493674212 
1322, 3600.00905527227 
1323, 3571.46755163897 
1324, 3537.01043186562 
1325, 3491.72644722116 
1326, 3430.78501692686 
1327, 3369.95206174726 
1328, 3298.10107860434 
1329, 3231.03019489397 
1330, 3151.38745949703 
1331, 3093.49244793798 
1332, 3040.4128801731 
1333, 3003.1510258787 
1334, 2990.23399764626 
1335, 2972.16597963098 
1336, 2965.93022548572 
1337, 2956.13262274607 
1338, 2935.3165492019 
1339, 2901.37252440199 
1340, 2853.85340453761 
1341, 2786.85072310018 
1342, 2692.32204178125 
1343, 2578.38693875627 
1344, 2439.27509575267 
1345, 2267.77360011521 
1346, 2086.7009811542 
1347, 1876.25357773612 
1348, 1676.02535297093 
1349, 1455.58963286566 
1350, 1255.40709540371 
1351, 1051.1066793777 
1352, 874.40605231911 
1353, 706.762865028042 
1354, 563.477424292675 
1355, 446.398837456038 
1356, 344.123560141364 
1357, 257.294090862447 
1358, 192.996257031094 
1359, 143.815318657316 
1360, 106.685215464952 
1361, 84.2541234759101 
1362, 62.8978112688853 
1363, 49.2842630216174 
1364, 36.5548682635532 
1365, 28.5809116681078 
1366, 23.3167481767022 
1367, 25.2688569323665 
1368, 35.5269789350788 
1369, 42.3661789354953 
1370, 54.8475623563066 
1371, 63.2043161961303 
1372, 66.9259516177965 
1373, 76.2170344968162 
1374, 89.6410133517125 
1375, 98.6873017409014 
1376, 111.608418282912 
1377, 117.098400229021 
1378, 116.923202431003 
1379, 114.682956302512 
1380, 111.840036216954 
1381, 102.458488164421 
1382, 92.6635883421963 
1383, 88.2496666116094 
1384, 85.7482827990593 
1385, 92.1455080741624 
1386, 104.586356846515 
1387, 121.976509181409 
1388, 139.343403160772 
1389, 164.905271287522 
1390, 176.723911716084 
1391, 184.055541029586 
1392, 190.12489637784 
1393, 186.956044765662 
1394, 188.268368508353 
1395, 191.20366522547 
1396, 194.141313017734 
1397, 194.482841264897 
1398, 198.02488880344 
1399, 207.318210505667 
1400, 211.902104154436 
1401, 213.104777495894 
1402, 218.00334356158 
1403, 221.970346607082 
1404, 226.621595381638 
1405, 237.37104732785 
1406, 247.648128506115 
1407, 255.429499657081 
1408, 265.345011526564 
1409, 282.66068215648 
1410, 300.026276845104 
1411, 315.836220964102 
1412, 336.829155312447 
1413, 351.145588106653 
1414, 360.411420670024 
1415, 370.364447118225 
1416, 381.048955743766 
1417, 385.445140704029 
1418, 384.1221456753 
1419, 385.142694216838 
1420, 384.39993059693 
1421, 382.876852820109 
1422, 381.449726075664 
1423, 379.045216731512 
1424, 375.996823469931 
1425, 370.228268152962 
1426, 366.796485329343 
1427, 357.065437749495 
1428, 343.438179065582 
1429, 321.605552739423 
1430, 302.20890779422 
1431, 283.641579742749 
1432, 261.596751719577 
1433, 239.870010825644 
1434, 219.950752611989 
1435, 197.335249736613 
1436, 181.086043859334 
1437, 173.047628459208 
1438, 164.258644318815 
1439, 159.460696761442 
1440, 153.212490454472 
1441, 149.021983425703 
1442, 141.527594224448 
1443, 131.372786373244 
1444, 124.027856128814 
1445, 117.776666142282 
1446, 108.776544806677 
1447, 98.8186549252599 
1448, 91.6044131396326 
1449, 83.1536310375108 
1450, 77.0647648345471 
1451, 75.6921776031537 
1452, 70.9165181279683 
1453, 63.0432822350877 
1454, 56.9008261105465 
1455, 47.837856451914 
1456, 47.260431122798 
1457, 48.671929020585 
1458, 47.3549939742969 
1459, 50.2901351385443 
1460, 50.4920593385457 
1461, 46.3644122528766 
1462, 45.0365455218192 
1463, 41.6008013077676 
1464, 36.7323007489666 
1465, 33.6254618214341 
1466, 29.2884579539311 
1467, 28.7229265740008 
1468, 33.7111528811426 
1469, 32.0256945566642 
1470, 29.9767789272983 
1471, 26.9992729581519 
1472, 17.0484520890316 
1473, 12.5679675319264 
1474, 10.6297686837979 
1475, 9.92645251128081 
1476, 13.491637498703 
1477, 12.7044442781575 
1478, 10.915360638826 
1479, 9.63561611852734 
1480, 3.98190714044308 
1481, 3.20628376765905 
1482, 7.78563331547507 
1483, 8.4829486589971 
1484, 8.66460890084314 
1485, 8.70646615710343 
1486, 7.88688935507617 
1487, 4.98682530130933 
1488, 3.26457577562374 
1489, 8.37859704777623 
1490, 7.657414078638 
1491, 10.8074216892587 
1492, 13.3590948254525 
1493, 8.28304469857875 
1494, 11.7848853360911 
1495, 13.634630630611 
1496, 12.88870151943 
1497, 16.2364913088679 
1498, 16.1724527097451 
1499, 10.5382006043422 
1500, 11.5999662524583 
1501, 16.9946751137984 
1502, 17.976029239854 
1503, 20.9889823614801 
1504, 19.2296692784947 
1505, 11.4214731141572 
1506, 8.9411876495778 
1507, 4.78837696734903 
1508, 5.261657985193 
1509, 10.5599515451221 
1510, 13.8896616731853 
1511, 22.3758341070769 
1512, 23.7861845660846 
1513, 20.4378951048377 
1514, 18.8071600745749 
1515, 11.9652825615084 
1516, 9.16228607727006 
1517, 8.74597467555299 
1518, 9.9748927011123 
1519, 13.987600692455 
1520, 16.4310445451495 
1521, 19.7023133483191 
1522, 24.283280058177 
1523, 22.9569653240193 
1524, 23.6955392551656 
1525, 26.9574844051447 
1526, 23.4057560195053 
1527, 22.7182602654397 
1528, 29.4039663251222 
1529, 29.8628746559809 
1530, 30.7388418318701 
1531, 31.9282239506245 
1532, 23.8647789191205 
1533, 20.072123300618 
1534, 19.059357520663 
1535, 17.867073638163 
1536, 17.7709551759019 
1537, 19.7341962390887 
1538, 23.0417621558481 
1539, 25.4891998345738 
1540, 31.8244330118481 
1541, 31.8628506207231 
1542, 26.1951107710275 
1543, 26.0939100066189 
1544, 25.6317382676871 
1545, 23.7837632405672 
1546, 25.9176645152808 
1547, 24.1156793370489 
1548, 15.4049603108059 
1549, 15.5726996978335 
1550, 19.7279725707843 
1551, 22.7674855637729 
1552, 29.9090125543099 
1553, 34.5131299119819 
1554, 39.0384547896897 
1555, 40.0120131799806 
1556, 38.7740364665863 
1557, 38.2536179966851 
1558, 31.2057974356117 
1559, 32.7989047640621 
1560, 44.3502586832198 
1561, 47.3631100783482 
1562, 49.8449163285846 
1563, 50.97883887585 
1564, 45.8083460774415 
1565, 42.9005042499436 
1566, 41.6296025687938 
1567, 40.6682824767898 
1568, 40.5353368833174 
1569, 37.0448226910585 
1570, 35.2509053139991 
1571, 32.9643933507937 
1572, 30.8329006912728 
1573, 28.106631103317 
1574, 29.1941085392839 
1575, 33.3739460692753 
1576, 34.352162220515 
1577, 41.1659009927621 
1578, 45.2886059697456 
1579, 46.9021578958393 
1580, 51.6900566418497 
1581, 58.079562757126 
1582, 61.0946869966876 
1583, 65.3683094208761 
1584, 65.9104489451571 
1585, 62.3155353633641 
1586, 60.7565580360821 
1587, 57.1396127107416 
1588, 58.4015158724844 
1589, 61.901419676782 
1590, 64.6022087087828 
1591, 71.0355529962914 
1592, 73.2945597765719 
1593, 72.8837629581191 
1594, 73.4093723240724 
1595, 72.9298761627987 
1596, 73.1693654263569 
1597, 74.3714547540802 
1598, 73.401102987898 
1599, 69.7955948245825 
1600, 70.4005750562676 
1601, 71.6902832781952 
1602, 73.6259344572348 
1603, 80.5272610944857 
1604, 82.4920658310215 
1605, 81.7114048910554 
1606, 80.661540470805 
1607, 77.9703736253187 
1608, 75.5984946976751 
1609, 71.2191629536637 
1610, 69.5010530037498 
1611, 66.867010065748 
1612, 68.5415019516533 
1613, 74.2465283752224 
1614, 79.6350711142083 
1615, 90.5308036217188 
1616, 95.2362406386511 
1617, 98.0391328353442 
1618, 98.7746863419352 
1619, 92.1298265173201 
1620, 91.3599103002818 
1621, 92.6731728131014 
1622, 93.7782287196594 
1623, 98.9587528037201 
1624, 101.56757376798 
1625, 102.033212425281 
1626, 102.587339881377 
1627, 102.778711812099 
1628, 102.567929603705 
1629, 100.655492035737 
1630, 100.911141117934 
1631, 103.269485900397 
1632, 103.585581336836 
1633, 103.387491205545 
1634, 104.1050095354 
1635, 104.844005497344 
1636, 104.062479499845 
1637, 105.145007811412 
1638, 103.262391286566 
1639, 94.4787241731671 
1640, 90.8764371398415 
1641, 85.8970482500725 
1642, 86.6913685279066 
1643, 99.1250688793789 
1644, 103.948738753065 
1645, 106.12076720597 
1646, 110.225181193736 
1647, 111.288866112442 
1648, 111.82967505417 
1649, 115.869127644732 
1650, 117.865182354308 
1651, 117.067104729652 
1652, 114.070639469718 
1653, 113.349984974949 
1654, 113.888031693531 
1655, 112.074218163976 
1656, 108.216260404768 
1657, 109.97124773745 
1658, 112.33914729144 
1659, 116.731029806672 
1660, 128.13374871131 
1661, 128.106101410196 
1662, 122.128415723596 
1663, 122.821110985323 
1664, 119.941347770833 
1665, 123.856003856077 
1666, 137.129592215445 
1667, 138.768688780325 
1668, 137.312190229376 
1669, 135.025976187851 
1670, 126.002859788946 
1671, 125.828725607351 
1672, 129.205321668007 
1673, 131.164643123119 
1674, 136.731291119009 
1675, 138.196402762805 
1676, 136.972740721806 
1677, 137.511834819981 
1678, 137.850623061664 
1679, 138.358578605591 
1680, 139.936793548024 
1681, 138.688498082215 
1682, 135.567768774194 
1683, 134.710352871901 
1684, 132.203478356717 
1685, 133.69244381864 
1686, 138.869284843602 
1687, 141.305910794816 
1688, 143.777388356151 
1689, 147.365028045228 
1690, 151.289466602812 
1691, 153.493915746257 
1692, 156.27094789178 
1693, 158.711653745199 
1694, 159.017206176072 
1695, 161.052303421705 
1696, 166.419580620242 
1697, 164.602624741718 
1698, 157.617597749646 
1699, 156.577138999408 
1700, 153.518312495028 
1701, 155.300685686372 
1702, 164.922512152186 
1703, 166.128343183124 
1704, 164.118761112537 
1705, 164.619272242972 
1706, 163.621890355114 
1707, 161.66058063249 
1708, 159.910337310013 
1709, 160.386648332194 
1710, 159.050184953256 
1711, 160.204433678782 
1712, 166.474419415072 
1713, 167.241161041203 
1714, 164.836703789868 
1715, 166.323296051048 
1716, 167.00966973326 
1717, 168.068510745285 
1718, 168.294722974198 
1719, 163.243254190193 
1720, 157.443286952693 
1721, 151.911002971255 
1722, 156.33865991553 
1723, 163.573268510478 
1724, 166.602372559527 
1725, 173.585844866106 
1726, 171.881415137731 
1727, 171.089445709326 
1728, 177.690579908257 
1729, 180.861825893201 
1730, 182.342885435948 
1731, 182.900247474337 
1732, 182.369272249281 
1733, 183.286087248312 
1734, 182.839489801372 
1735, 176.126736642879 
1736, 171.690396376037 
1737, 167.701571974976 
1738, 163.669078573791 
1739, 171.896698406775 
1740, 177.684213902694 
1741, 176.590989029257 
1742, 179.932324253334 
1743, 179.252397826846 
1744, 172.631474270443 
1745, 172.559235976852 
1746, 173.68398824182 
1747, 176.602280472091 
1748, 183.557065059857 
1749, 181.58938300717 
1750, 182.903140054672 
1751, 184.434721098009 
1752, 178.777422413879 
1753, 179.869754567073 
1754, 179.354857451848 
1755, 176.784045209532 
1756, 176.654778098157 
1757, 172.016145414031 
1758, 175.308412706748 
1759, 173.964164119535 
1760, 172.101187608251 
1761, 185.866682837693 
1762, 186.47799072229 
1763, 186.924716996064 
1764, 188.080729534711 
1765, 184.866917544492 
1766, 182.326635845777 
1767, 180.16603712881 
1768, 178.251221271946 
1769, 174.718509506111 
1770, 172.819691002974 
1771, 172.638419563088 
1772, 172.67867652476 
1773, 174.704134315072 
1774, 172.484695286726 
1775, 168.083184457764 
1776, 165.568172135015 
1777, 161.2653263558 
1778, 156.399821299255 
1779, 151.276995852072 
1780, 148.97019901592 
1781, 148.167254269089 
1782, 146.44435542219 
1783, 147.541333995345 
1784, 147.98542019534 
1785, 144.304084723684 
1786, 141.795582442625 
1787, 139.687978610004 
1788, 141.384672328729 
1789, 147.279379506368 
1790, 146.580779475599 
1791, 150.114083128101 
1792, 145.486384946703 
1793, 128.236868912217 
1794, 121.296164797759 
1795, 114.893192511929 
1796, 112.376496755138 
1797, 110.399338956894 
1798, 105.393697276975 
1799, 98.6902713728317 
1800, 89.725058721475 
1801, 502.911129663791 
1802, 498.502741297831 
1803, 470.865505015002 
1804, 425.767135030727 
1805, 407.659738908858 
1806, 370.592015420855 
1807, 349.806690575129 
1808, 348.536914584676 
1809, 380.562685754719 
1810, 375.955965058994 
1811, 378.333840494003 
1812, 368.944568344318 
1813, 325.205441833568 
1814, 314.6760614291 
1815, 332.027110291419 
1816, 316.176832000887 
1817, 307.31712231332 
1818, 285.274290487806 
1819, 265.342903590391 
1820, 227.165987062655 
1821, 207.284021450154 
1822, 200.64682163153 
1823, 188.331219561457 
1824, 173.43035465042 
1825, 148.143216873834 
1826, 129.517579871165 
1827, 130.998360949984 
1828, 123.028072330692 
1829, 120.250626686586 
1830, 111.23641768696 
1831, 103.267525211046 
1832, 77.980967593394 
1833, 50.1126975535988 
1834, 26.607553392127 
1835, 14.3507093514451 
1836, 17.0313055339516 
1837, 36.6509550895815 
1838, 59.1831857726505 
1839, 66.087066239154 
1840, 53.9919804635613 
1841, 54.2082199078953 
1842, 51.5528882101834 
1843, 58.1343921528857 
1844, 51.3544050367953 
1845, 66.4581114290233 
1846, 64.6664587091308 
1847, 42.2481831404708 
1848, 53.9507914172384 
1849, 48.0419929643557 
1850, 38.750874628134 
1851, 20.4867458482576 
1852, 25.6803966329889 
1853, 16.1212105939745 
1854, 19.4202624333727 
1855, 36.3631869928024 
1856, 30.2377489228955 
1857, 22.1560102674709 
1858, 2.16793035588141 
1859,-9.24864481442044 
1860,-24.4357240404423 
1861,-18.6015297260829 
1862,-12.8127872647488 
1863,-6.2887775231267 
1864,-1.15612138465463 
1865, 0.549410243205922 
1866, 9.19932355363032 
1867, 26.6984010035084 
1868, 24.1521690907805 
1869,-1.14121303492397 
1870,-7.90697989612267 
1871,-21.9473579622992 
1872,-28.8542279736367 
1873,-22.2920168904463 
1874, 8.15968362108966 
1875, 8.75590980717501 
1876,-22.7382779299598 
1877,-22.2727220715307 
1878,-18.0425241038357 
1879,-16.0168627274559 
1880,-10.4098001356049 
1881, 10.502029914636 
1882, 16.7720682851193 
1883, 20.2088384320178 
1884, 25.4703062186683 
1885, 37.0918082200809 
1886, 31.8597700727194 
1887, 16.4712233279143 
1888, 24.6135565824559 
1889, 20.5267197311249 
1890, 11.819369052248 
1891, 6.12166671358837 
1892, 4.89744568711067 
1893,-20.4961583455089 
1894,-27.2732955521423 
1895,-23.4660029387021 
1896,-21.443210537352 
1897,-3.97899209667853 
1898,-1.51058397328949 
1899, 4.57919328641519 
1900, 14.3634861069181 
1901, 30.3504678355454 
1902, 36.6164174474763 
1903, 45.7127288233007 
1904, 42.5183586430172 
1905, 35.1081421534027 
1906, 17.025678974172 
1907, 11.9467545015011 
1908, 14.8801482148231 
1909, 19.2341133463665 
1910, 19.5957383508476 
1911, 14.0990570735058 
1912,-2.09790852070738 
1913,-4.71207852234056 
1914,-9.29357109671561 
1915,-3.14963512509059 
1916, 11.4076010622107 
1917, 0.945622802060491 
1918, 6.84779994629332 
1919, 7.281284283733 
1920,-6.054555829545 
1921,-15.3104297878129 
1922,-28.770582524709 
1923,-66.4998433609748 
1924,-74.5829325955442 
1925,-72.5097610138496 
1926,-58.4228576952754 
1927,-34.2982407644961 
1928,-9.86448610496866 
1929, 11.1051153985599 
1930, 20.6918153055749 
1931, 8.69537528532112 
1932, 0.151248506344167 
1933,-1.5789460284675 
1934,-13.1471330747627 
1935,-10.8800074778259 
1936, 17.8431485654379 
1937, 18.7485442108176 
1938, 8.28968426243907 
1939, 6.50951605972667 
1940,-17.7751751479582 
1941,-20.3076112032399 
1942,-21.8699075195728 
1943,-33.5679491222516 
1944,-38.3719047636434 
1945,-49.4047449647402 
1946,-45.6004936221726 
1947,-23.8639828589845 
1948,-13.4018808506644 
1949, 3.42402120160469 
1950, 16.4768180283979 
1951, 16.8924123720225 
1952, 4.71753289597597 
1953,-6.72452911688913 
1954,-16.4768198606686 
1955,-28.1834937823315 
1956,-54.5593216814904 
1957,-51.048219220402 
1958,-29.1625657708722 
1959,-15.9120797516152 
1960, 12.7307866348641 
1961, 33.1318110909537 
1962, 49.778938370648 
1963, 51.6918123789438 
1964, 60.8044120046323 
1965, 84.3846672093357 
1966, 88.1372853353233 
1967, 83.8295688042837 
1968, 77.2345087371825 
1969, 61.129949632423 
1970, 41.3330382646433 
1971, 5.43150011011314 
1972,-15.4816275011781 
1973,-38.4194955272148 
1974,-51.0541983924322 
1975,-47.1358735909039 
1976,-26.435929424453 
1977,-18.2327694836686 
1978,-12.2846081402573 
1979,-10.9315394380802 
1980,-25.6945651802507 
1981,-25.2159350220736 
1982,-8.87774846365838 
1983,-12.2311472455754 
1984,-26.2705257044592 
1985,-29.6394049464463 
1986,-45.2353036998851 
1987,-52.2905903786965 
1988,-24.9449539928887 
1989,-10.6508322563562 
1990, 2.09363073650374 
1991, 20.8167097191974 
1992, 27.4102556082396 
1993, 28.2024061651407 
1994, 25.6189575178537 
1995, 11.623341928476 
1996, 3.771017004939 
1997,-6.04952992290596 
1998,-19.2784199245065 
1999,-32.0070481726078 
2000,-16.1410892748608 
2001, 0.419240302108864 
2002, 6.37959579736762 
2003, 15.1503843272537 
2004, 28.7488699960602 
2005, 34.9016737656799 
2006, 36.6912362247179 
2007, 38.0773911030931 
2008, 40.8038451265652 
2009, 33.1789751280282 
2010, 13.9636129945934 
2011, 1.85255851285746 
2012,-15.049823326432 
2013,-25.3183822207235 
2014,-26.1234589583457 
2015,-12.4216807604205 
2016,-11.5050628095565 
2017,-7.89582978567422 
2018,-4.53094675956383 
2019,-3.33780087370025 
2020,-6.75604267717244 
2021,-12.8967717358361 
2022,-18.3919275417783 
2023,-34.300350357202 
2024,-40.4408520657963 
2025,-37.4198729021115 
2026,-27.3794319433881 
2027,-10.7416157754156 
2028, 19.1864158630484 
2029, 37.0456945504547 
2030, 64.4985207320501 
2031, 72.3800738558273 
2032, 64.9809146930596 
2033, 61.2339509881319 
2034, 44.0580575338902 
2035, 39.3003640021991 
2036, 42.7553963131876 
2037, 41.2286983645571 
2038, 49.7188336727729 
2039, 38.5940445445872 
2040, 35.8107224008861 
2041, 35.5152940700175 
2042, 18.9387445831294 
2043,-11.2697380900966 
2044,-18.8087813348402 
2045,-35.775445145059 
2046,-35.7850083517274 
2047,-0.763569735877296 
2048, 10.2251579829142 
2049, 14.6000722450442 
2050, 16.6884719926724 
2051, 19.1621493835278 
2052, 5.38363825431807 
2053,-20.5303325328005 
2054,-24.7186509428021 
2055,-20.2543966463926 
2056,-2.97139296837944 
2057,-2.2409492383045 
2058, 6.92885292044401 
2059, 7.4256668741896 
2060,-14.768887052068 
2061,-17.0362961652513 
2062,-2.81289416925816 
2063, 2.95240951251917 
2064, 10.4156927535062 
2065, 11.9899245659926 
2066, 9.71831102026153 
2067, 5.68053865249912 
2068, 1.70581885373566 
2069,-6.66771512620863 
2070,-7.34355252101247 
2071,-4.06058061414951 
2072,-1.58597724251207 
2073, 7.20078992176612 
2074, 6.85558171699015 
2075,-2.98562884199149 
2076,-3.85558656770847 
2077,-5.14337858495198 
2078,-4.27861255407723 
2079, 3.35374111988443 
2080, 10.1355971084364 
2081, 18.4248246186146 
2082, 24.6679650675057 
2083, 27.4754580459333 
2084, 37.5380488919188 
2085, 30.1659470989034 
2086, 1.46626902020257 
2087,-2.93337561999379 
2088,-6.68478842108479 
2089,-7.4259022529305 
2090, 6.16817991885024 
2091, 15.5840654230363 
2092, 24.3399117296492 
2093, 29.7219072293789 
2094, 45.277695065984 
2095, 47.9245610394146 
2096, 27.7160748856295 
2097, 23.1931566473051 
2098, 23.9371571484541 
2099, 21.9806283347251 
2100, 29.1527735846719 
2101, 60.2365769944608 
2102, 60.8788141641255 
2103, 50.8028483260679 
2104, 41.1739677679459 
2105, 8.66191813272082 
2106,-1.56237332944643 
2107,-3.86974785910179 
2108,-3.35438102909197 
2109, 10.0505407543687 
2110, 20.5358902409558 
2111, 26.247026490923 
2112, 49.4104582624806 
2113, 60.2182897767491 
2114, 57.3391372847205 
2115, 55.6554096510946 
2116, 39.9145805769463 
2117, 38.8336873378224 
2118, 38.77559836884 
2119, 47.2422716286696 
2120, 70.1798075729184 
2121, 82.8270238886578 
2122, 100.953077757213 
2123, 109.58167443567 
2124, 105.252834973423 
2125, 105.978023090842 
2126, 106.749933751331 
2127, 105.342883802056 
2128, 99.8512102148954 
2129, 105.338906867915 
2130, 97.1457951946169 
2131, 79.8946967313645 
2132, 72.0493848631502 
2133, 66.6256225348669 
2134, 53.9440836057928 
2135, 39.9571470324281 
2136, 30.6904774768442 
2137, 4.88276936250668 
2138, 3.9979334118229 
2139, 25.8919935226757 
2140, 39.2344172150749 
2141, 64.40343185132 
2142, 83.0287288679146 
2143, 100.354008774417 
2144, 110.687335100836 
2145, 120.059778276993 
2146, 120.715526556906 
2147, 113.612828373356 
2148, 106.510292578576 
2149, 102.410738109997 
2150, 92.7725940433194 
2151, 98.8950219580791 
2152, 117.969708506341 
2153, 125.460073634064 
2154, 142.938721881427 
2155, 145.185506631964 
2156, 130.695804477181 
2157, 124.692966622858 
2158, 114.039819063146 
2159, 109.215127801785 
2160, 101.236587259381 
2161, 106.101757018439 
2162, 133.119532360861 
2163, 141.312509430309 
2164, 150.369578994063 
2165, 153.266502088437 
2166, 150.986163014495 
2167, 127.241673254032 
2168, 126.647917673727 
2169, 141.882993913766 
2170, 139.024139239952 
2171, 131.262542243978 
2172, 130.817420373787 
2173, 117.421570239918 
2174, 121.631578411924 
2175, 147.757262248406 
2176, 157.970887251797 
2177, 167.126536921545 
2178, 175.910660955029 
2179, 177.534662712264 
2180, 182.413121143325 
2181, 193.958859223271 
2182, 198.384921983807 
2183, 193.932562354922 
2184, 191.912515368859 
2185, 211.621979040226 
2186, 231.188617873174 
2187, 237.253258915578 
2188, 251.054189891155 
2189, 252.743999942293 
2190, 227.357078830262 
2191, 226.247228583563 
2192, 237.555193756608 
2193, 246.357440360687 
2194, 261.175504826303 
2195, 270.267499116547 
2196, 281.040018324803 
2197, 287.789179324704 
2198, 292.290954199874 
2199, 292.514537003604 
2200, 287.97269200005 
2201, 283.281820884973 
2202, 270.872865228652 
2203, 263.369381619682 
2204, 258.989721862794 
2205, 256.893912134489 
2206, 241.739964743004 
2207, 232.532767267377 
2208, 235.319749398013 
2209, 237.465116111974 
2210, 251.819583169582 
2211, 294.199308546142 
2212, 306.00103292208 
2213, 307.122257278646 
2214, 311.659713660793 
2215, 302.727478843162 
2216, 303.396116658677 
2217, 307.471554905705 
2218, 318.350814463584 
2219, 338.994718864938 
2220, 347.948528304459 
2221, 362.093734406619 
2222, 366.126621302651 
2223, 348.031830485642 
2224, 347.024871242598 
2225, 358.854690749809 
2226, 360.551934299399 
2227, 370.266350017554 
2228, 364.285378280498 
2229, 352.72681120742 
2230, 331.551692874769 
2231, 332.730853104073 
2232, 346.433475307982 
2233, 349.280687517289 
2234, 364.831389556148 
2235, 364.104859833265 
2236, 344.268857533222 
2237, 338.078904082307 
2238, 331.965628130545 
2239, 330.249943685854 
2240, 337.411034083652 
2241, 337.476237895326 
2242, 336.475791378162 
2243, 334.406864538531 
2244, 324.191680729207 
2245, 322.509028637568 
2246, 327.337852792421 
2247, 331.203279524228 
2248, 341.075779934256 
2249, 345.697134725505 
2250, 350.847224242349 
2251, 349.154992503695 
2252, 337.462975961412 
2253, 329.549610825528 
2254, 332.574372819064 
2255, 325.932008772844 
2256, 325.632338172194 
2257, 344.437364069253 
2258, 344.831844535436 
2259, 339.978352597363 
2260, 332.21115510632 
2261, 315.710637248744 
2262, 301.676132092513 
2263, 279.417294032353 
2264, 271.466424979747 
2265, 268.702452017343 
2266, 273.680963342008 
2267, 300.505688257743 
2268, 304.379551552008 
2269, 306.064261650653 
2270, 292.930086146275 
2271, 253.793735951238 
2272, 232.370338679145 
2273, 198.984328371987 
2274, 193.253378980919 
2275, 219.243909533563 
2276, 226.013033712483 
2277, 249.725119507472 
2278, 250.472436212683 
2279, 221.019933232441 
2280, 203.030423769161 
2281, 176.720605958387 
2282, 158.674656746258 
2283, 151.639141219588 
2284, 151.047338769465 
2285, 157.462706808951 
2286, 167.233131014722 
2287, 161.960052893439 
2288, 153.089779647627 
2289, 151.597299840193 
2290, 146.945988577705 
2291, 142.207729139555 
2292, 143.365548136685 
2293, 142.696310723912 
2294, 133.852386693243 
2295, 134.799874627539 
2296, 147.018045409812 
2297, 150.838145073187 
2298, 157.216798379637 
2299, 148.52818709042 
2300, 128.919321803471 
2301, 120.561570138542 
2302, 105.530491719668 
2303, 93.9886722623443 
2304, 85.872053182544 
2305, 83.9130719072642 
2306, 81.0400148778561 
2307, 87.8489069113349 
2308, 120.248638683355 
2309, 127.39971247117 
2310, 125.350311627117 
2311, 119.909269136082 
2312, 87.857737409378 
2313, 79.0979462243045 
2314, 86.6428677765564 
2315, 84.0022275768701 
2316, 92.9519146026499 
2317, 95.5058468710335 
2318, 83.0316250870115 
2319, 72.6706396695697 
2320, 60.8469496114718 
2321, 50.8909974125146 
2322, 33.5617358643311 
2323, 15.4111266688692 
2324,-21.0249349191287 
2325,-32.3020012329504 
2326,-20.7663461422005 
2327,-17.1761789159879 
2328, 0.403789017578723 
2329, 43.2844296791139 
2330, 59.4845784241594 
2331, 66.4882305621818 
2332, 76.9586854281916 
2333, 91.1696453769367 
2334, 88.4001439928458 
2335, 77.3001577050232 
2336, 68.0380795050272 
2337, 39.1475600187795 
2338, 26.3682969622247 
2339, 23.3093924524961 
2340, 21.6811150472687 
2341, 28.4029396430368 
2342, 25.4902692810194 
2343, 17.3809787705966 
2344, 15.3879992174076 
2345, 14.347067324912 
2346, 10.6977442813893 
2347, 12.5509118340829 
2348, 9.89932024281243 
2349,-11.0236940873211 
2350,-13.3036659574434 
2351, 4.72878562445489 
2352, 12.6667516002385 
2353, 29.9076164691206 
2354, 30.9219717741587 
2355, 12.2620785045539 
2356,-2.61662681918784 
2357,-29.2445321192354 
2358,-34.856413691564 
2359,-27.2304319529862 
2360,-19.8039232769371 
2361,-4.49425240072139 
2362, 10.2701119290344 
2363, 38.4033538970638 
2364, 42.4555634697044 
2365, 28.8175648305943 
2366, 20.8807387246382 
2367, 2.85790053582587 
2368,-12.4150873828643 
2369,-17.274082375589 
2370,-14.8948567329497 
2371,-22.5010675728117 
2372,-29.452253099226 
2373,-22.8256023068773 
2374,-24.4316988594554 
2375,-23.5481109670219 
2376,-21.3365765715561 
2377,-3.73992320017892 
2378, 27.6020178126387 
2379, 48.0321107653402 
2380, 59.1187842593194 
2381, 51.3252320257272 
2382, 42.3541742899038 
2383, 35.3078597914177 
2384, 35.3971341466887 
2385, 45.2192121981093 
2386, 39.4789448321064 
2387, 39.0722014594375 
2388, 38.6102249978377 
2389, 25.2510322127438 
2390, 27.0677571928528 
2391, 20.7676244205516 
2392, 15.1270236029621 
2393, 17.7583510976877 
2394, 0.365356073277711 
2395, 2.73783038405037 
2396, 12.4698241514791 
2397, 15.6152776525937 
2398, 28.8591434151153 
2399, 32.5670212992706 
2400, 29.8812296077324 
2401, 13.5290101215315 
2402,-9.05436914612829 
2403,-31.4363927259464 
2404,-44.3450750758559 
2405,-53.263616297132 
2406,-56.2454307965984 
2407,-48.2407737593668 
2408,-33.6879580837192 
2409,-20.0306218928399 
2410, 15.6950005677493 
2411, 22.2252113743127 
2412, 10.3956305018735 
2413, 7.11596799361446 
2414,-3.93069923604885 
2415,-13.3914505706216 
2416,-14.7868269493898 
2417,-20.3675742431612 
2418,-42.3296874403394 
2419,-41.5573856246747 
2420,-26.6046336060914 
2421,-20.5302047709689 
2422,-6.44503279084828 
2423,-2.89194087071258 
2424,-3.01871013252195 
2425,-10.2561020971982 
2426,-29.7988928339236 
2427,-30.3136533047545 
2428,-29.1338255920063 
2429,-27.44970521362 
2430,-16.4637302888879 
2431,-2.54305753405492 
2432, 11.0766492391954 
2433, 21.8730644402584 
2434, 45.5569627989436 
2435, 51.7150993776789 
2436, 45.1071567928879 
2437, 45.1841530065226 
2438, 35.2497088687919 
2439, 31.3952490767135 
2440, 31.2983185322591 
2441, 32.3055380332706 
2442, 40.9452673879319 
2443, 51.3441088906967 
2444, 66.5264187731855 
2445, 64.1737761639177 
2446, 48.6529349508626 
2447, 15.8992902493587 
2448,-4.8402927751961 
2449, 5.56961847981055 
2450, 6.16699337460264 
2451, 9.35109481530246 
2452, 20.859729918509 
2453,-5.05720199748723 
2454,-16.6569704587998 
2455,-14.8975510727073 
2456,-19.1059697852127 
2457,-3.75485176311919 
2458,-1.24433014717574 
2459,-21.6235236584744 
2460,-37.2212647266336 
2461,-29.7884024104362 
2462,-29.2898043641824 
2463,-14.5727336293295 
2464, 17.4091837993998 
2465, 15.3437304807683 
2466, 25.0481630345543 
2467, 47.1311260530866 
2468, 45.6375814593843 
2469, 44.8303717988126 
2470, 45.7564818392198 
2471, 28.8609588792903 
2472, 20.3595746677739 
2473, 24.2939609039264 
2474, 33.4301490263042 
2475, 56.2115765767574 
2476, 56.590469881662 
2477, 48.9729451237285 
2478, 37.1827171434092 
2479, 18.7587753579144 
2480, 13.803901306441 
2481, 12.2890994368362 
2482, 14.9755140747664 
2483, 11.1693301738145 
2484, 20.0733184376573 
2485, 45.6878877124792 
2486, 52.4482411905891 
2487, 40.4488749781385 
2488, 21.4175359586474 
2489,-20.3904086997621 
2490,-49.2058664926321 
2491,-46.0510316806449 
2492,-42.3645240189652 
2493,-25.6849986712619 
2494,-17.7152439091131 
2495,-16.956172433331 
2496,-5.00247819786011 
2497,-5.52599506855392 
2498,-4.61438227405575 
2499,-11.8889044038479 
2500,-16.3935371541543 
