Wavelength,0212202100103.asd
350, 2843.80807572667 
351, 2991.4287023467 
352, 3129.76254199347 
353, 3244.5095104433 
354, 3354.81673215763 
355, 3470.84420489338 
356, 3595.25609292683 
357, 3716.35888710825 
358, 3843.39390590801 
359, 3979.71091043532 
360, 4128.91571155439 
361, 4311.59330000488 
362, 4521.72836185005 
363, 4749.23041891573 
364, 4982.54993487771 
365, 5218.54219069538 
366, 5444.57707070404 
367, 5643.53850333994 
368, 5793.81750283264 
369, 5883.35735989079 
370, 5915.13496979348 
371, 5904.55894197525 
372, 5879.92829460694 
373, 5869.54198182586 
374, 5877.17513825561 
375, 5889.10661978975 
376, 5903.95801512164 
377, 5913.18254430078 
378, 5901.92372751677 
379, 5848.70930141141 
380, 5778.12423175427 
381, 5698.54271186778 
382, 5610.36129794276 
383, 5501.28198356759 
384, 5391.18584287099 
385, 5313.71348922984 
386, 5308.99091088668 
387, 5415.77167162293 
388, 5573.54768344552 
389, 5713.19419609251 
390, 5774.08338898771 
391, 5839.23244821909 
392, 5904.21993944794 
393, 5956.69154886648 
394, 5995.33405498671 
395, 6116.04323721582 
396, 6358.58945319201 
397, 6735.85374121807 
398, 7267.45516439196 
399, 7874.68999414912 
400, 8498.49292024232 
401, 9104.3064348405 
402, 9683.69962676207 
403, 10161.8666395703 
404, 10505.5452238912 
405, 10771.3418674153 
406, 10981.4426995627 
407, 11168.1140981313 
408, 11370.9580312817 
409, 11649.7016837746 
410, 11986.3852569161 
411, 12359.5790693858 
412, 12746.9206891141 
413, 13129.9893496745 
414, 13511.1274511509 
415, 13880.8593535061 
416, 14202.2385263637 
417, 14504.8178603423 
418, 14814.6802074583 
419, 15140.374132915 
420, 15425.8352740993 
421, 15710.7896881807 
422, 16020.1232633285 
423, 16358.0858735923 
424, 16668.2963010903 
425, 16913.1686774403 
426, 17058.9534159264 
427, 17068.8594530462 
428, 17002.2688677844 
429, 17010.8429210606 
430, 17217.3342005282 
431, 17523.6585071955 
432, 17924.9458566682 
433, 18515.313970437 
434, 19420.4145063397 
435, 20383.5175162719 
436, 21121.0646114738 
437, 21574.2798854132 
438, 22053.4732931253 
439, 22544.0727986939 
440, 23004.3611172769 
441, 23419.3313714982 
442, 23962.9423959052 
443, 24535.5853521214 
444, 25059.517102379 
445, 25487.1224254878 
446, 25832.6633826172 
447, 26141.5010267358 
448, 26466.2884768661 
449, 26872.2907775618 
450, 27218.7469002525 
451, 27405.9164168905 
452, 27393.9882488646 
453, 27321.7302340048 
454, 27166.0749174804 
455, 26968.2660185975 
456, 26828.1867001475 
457, 26793.1451959912 
458, 26800.2893354716 
459, 26782.0287496959 
460, 26708.0061068064 
461, 26600.1912663597 
462, 26484.246282012 
463, 26371.7749725952 
464, 26196.2402774295 
465, 25926.0933681279 
466, 25591.9608985975 
467, 25283.5562922354 
468, 25023.2229902923 
469, 24828.2103879021 
470, 24705.9913757449 
471, 24659.3214896371 
472, 24627.57210752 
473, 24617.1556438189 
474, 24652.2625492412 
475, 24642.5402870312 
476, 24612.7745206205 
477, 24592.7389536511 
478, 24604.1900185755 
479, 24683.7548344971 
480, 24796.4938472202 
481, 24878.9722214567 
482, 24861.6092328768 
483, 24678.9138997416 
484, 24292.4695986842 
485, 23714.5118551457 
486, 23147.5288636305 
487, 22741.9184466018 
488, 22618.8200944498 
489, 22880.7117964923 
490, 23301.1025198963 
491, 23648.8456466874 
492, 23773.6426868972 
493, 23817.8825731049 
494, 23881.6270551206 
495, 24012.6613709863 
496, 24198.1247209173 
497, 24257.8896816831 
498, 24191.4370605131 
499, 24038.2714238497 
500, 23835.113473483 
501, 23678.6121579162 
502, 23612.7367825653 
503, 23659.625436529 
504, 23876.0590491531 
505, 24181.9350079365 
506, 24494.7616377673 
507, 24743.7268983242 
508, 24933.3988908922 
509, 25080.9664075408 
510, 25217.0500492989 
511, 25403.5045230254 
512, 25533.7852187434 
513, 25559.2470358853 
514, 25468.411821859 
515, 25260.9718525949 
516, 24979.1557703949 
517, 24700.805873493 
518, 24537.5767330384 
519, 24740.5816969314 
520, 25333.5078695532 
521, 26174.8323602088 
522, 26882.0930470704 
523, 27407.4827692902 
524, 27774.016903483 
525, 28052.2922138706 
526, 28173.8695110429 
527, 28221.1370116802 
528, 28364.7151067931 
529, 28926.6113951223 
530, 29667.5774782984 
531, 30296.396569104 
532, 30570.4027987939 
533, 30662.0921648483 
534, 30799.5937358834 
535, 31105.9037297667 
536, 31572.6585181584 
537, 31911.1823069758 
538, 32069.6703333365 
539, 32090.6715897403 
540, 32077.5145215698 
541, 32103.1564219372 
542, 32265.2355832978 
543, 32639.1744297623 
544, 33070.8669156922 
545, 33449.3505628986 
546, 33713.6598108279 
547, 33865.7721112711 
548, 33966.3817709523 
549, 34082.9309506986 
550, 34257.5711170843 
551, 34438.2616368176 
552, 34579.4358622213 
553, 34683.543822895 
554, 34790.2402127402 
555, 34874.2913556407 
556, 34846.0754006036 
557, 34655.0815991078 
558, 34336.3226337623 
559, 34061.766275899 
560, 33934.8733679741 
561, 33993.8976766889 
562, 34147.0786047594 
563, 34237.5861805365 
564, 34186.8059348625 
565, 34016.1566505198 
566, 33777.856115823 
567, 33534.5008677235 
568, 33323.5560681015 
569, 33111.4989773342 
570, 32835.8896072649 
571, 32572.7723561374 
572, 32472.3409581129 
573, 32497.6621778386 
574, 32486.4732132327 
575, 32335.5577084884 
576, 32060.4224196369 
577, 31805.2860512319 
578, 31669.1178946687 
579, 31707.136959452 
580, 31877.1991426443 
581, 32173.8888690795 
582, 32533.6356071034 
583, 32840.0125207552 
584, 33036.97607342 
585, 33038.9850214548 
586, 32833.3394089324 
587, 32573.4813215946 
588, 32246.0687919841 
589, 31803.9726767688 
590, 31254.3570240085 
591, 31051.1074373363 
592, 31192.6598233465 
593, 31465.222801558 
594, 31453.5684369817 
595, 31296.4519670074 
596, 31073.3771841796 
597, 30839.5964892923 
598, 30586.4800288589 
599, 30276.5286160603 
600, 29934.6763994369 
601, 29629.9116677475 
602, 29392.880317841 
603, 29265.6385339888 
604, 29246.3432586925 
605, 29268.9963880914 
606, 29202.4124116401 
607, 29038.1131378217 
608, 28825.1116985647 
609, 28615.9252481707 
610, 28417.368014538 
611, 28237.6929041546 
612, 28086.0718724658 
613, 27927.9873153685 
614, 27742.3376048567 
615, 27537.1727416087 
616, 27375.7845146251 
617, 27274.5062858063 
618, 27270.3669099041 
619, 27382.4673498179 
620, 27500.7912522689 
621, 27512.8015553423 
622, 27377.6819946519 
623, 27142.6904004885 
624, 26876.6784386518 
625, 26623.7457160802 
626, 26404.8565141629 
627, 26204.194472823 
628, 26007.7252474913 
629, 25822.9132213036 
630, 25681.3730941881 
631, 25689.584922901 
632, 25782.5224697421 
633, 25898.6765434876 
634, 26024.8902609983 
635, 26121.3215949118 
636, 26187.6726773679 
637, 26233.6504888759 
638, 26248.4927828301 
639, 26206.5293839264 
640, 26089.3806536272 
641, 25895.5338675002 
642, 25741.3531411853 
643, 25647.0301395222 
644, 25585.0818130007 
645, 25474.3445899173 
646, 25304.5638488794 
647, 25093.9657930659 
648, 24880.3153029579 
649, 24703.9536482794 
650, 24567.4777634005 
651, 24495.2293436235 
652, 24526.0261027214 
653, 24470.9618033652 
654, 24198.8151275739 
655, 23687.300697178 
656, 23095.111919338 
657, 22662.0148475219 
658, 22657.7885699261 
659, 23227.1824306646 
660, 23815.1873979144 
661, 24155.1741821137 
662, 24224.7869784421 
663, 24256.2355918127 
664, 24230.0775370208 
665, 24187.8033766687 
666, 24166.0329470797 
667, 24169.0391100658 
668, 24156.4604266567 
669, 24128.9937625192 
670, 24105.8356127902 
671, 24053.4312225455 
672, 23990.4855611233 
673, 23947.3080008801 
674, 23961.3694689015 
675, 23988.8541982177 
676, 24008.4073788437 
677, 24012.9691619416 
678, 24020.9086034441 
679, 24022.0694103599 
680, 24014.7655140857 
681, 24001.314791402 
682, 23980.4936255225 
683, 23920.4998240056 
684, 23716.1109863722 
685, 23168.5522347938 
686, 22197.5970278128 
687, 20889.6760791993 
688, 19562.0760916782 
689, 18998.8062897893 
690, 19388.8269350586 
691, 20373.1465695387 
692, 21266.2252430573 
693, 22043.699077413 
694, 22606.1529309339 
695, 22947.7442662151 
696, 23185.9212255055 
697, 23391.4789117896 
698, 23532.0417591136 
699, 23561.5284471987 
700, 23501.6759083377 
701, 23443.5249945174 
702, 23447.7193497067 
703, 23546.2256885184 
704, 23741.6616748386 
705, 23970.587783026 
706, 24168.6318862026 
707, 24283.7655465624 
708, 24379.3926676593 
709, 24465.6650793237 
710, 24540.3164380174 
711, 24611.1422757141 
712, 24662.1563977187 
713, 24680.6336744019 
714, 24648.2376841245 
715, 24514.4336588744 
716, 24174.5154122353 
717, 23583.079280059 
718, 22778.5527735516 
719, 22104.8380321762 
720, 21853.443903253 
721, 22138.6141982981 
722, 22741.2165713088 
723, 23164.5716599393 
724, 23231.5963077926 
725, 23026.8287533152 
726, 22974.5758240745 
727, 23041.7846017877 
728, 23148.2183357159 
729, 23216.9433441439 
730, 23378.0713022933 
731, 23666.7809592027 
732, 24066.5485444753 
733, 24508.7530845704 
734, 24892.6575569908 
735, 25140.8438310826 
736, 25219.3355330403 
737, 25204.0828476796 
738, 25172.2457367633 
739, 25143.4054616261 
740, 25091.5903362039 
741, 25080.7658846515 
742, 25118.5817795597 
743, 25196.4873095045 
744, 25299.3204591767 
745, 25368.6877707275 
746, 25396.9126795342 
747, 25392.8626032536 
748, 25356.4668909276 
749, 25270.1649154414 
750, 25152.5327007365 
751, 25046.2325660674 
752, 24985.9925359532 
753, 24964.3345666684 
754, 24956.2940223726 
755, 24921.5914960516 
756, 24790.8281455857 
757, 24266.105478092 
758, 22866.1330006044 
759, 19766.6845796297 
760, 15201.0423445326 
761, 10708.0026027536 
762, 8157.21792375001 
763, 8106.00017271399 
764, 9399.69628978718 
765, 11446.0894213889 
766, 14168.614371626 
767, 17152.32328883 
768, 19751.9288387241 
769, 21565.9865201958 
770, 22583.5304718447 
771, 23084.2501905306 
772, 23277.0852637038 
773, 23321.9327791779 
774, 23305.2477969357 
775, 23240.5194039431 
776, 23157.4803259937 
777, 23078.6598023313 
778, 22973.7289640435 
779, 22851.1991967058 
780, 22729.4128557891 
781, 22628.384372052 
782, 22517.0417533225 
783, 22387.9946182762 
784, 22244.6594089798 
785, 22100.5962033849 
786, 21956.6243129918 
787, 21789.137233277 
788, 21579.2989271398 
789, 21337.4517571841 
790, 21081.4707228367 
791, 20822.9709090457 
792, 20570.9851218212 
793, 20334.1485539995 
794, 20141.1548163225 
795, 20009.4870354652 
796, 19939.4871500855 
797, 19887.1065590219 
798, 19806.6057223276 
799, 19671.7864386145 
800, 19483.0509830299 
801, 19276.3587740991 
802, 19085.7641444655 
803, 18925.50791917 
804, 18769.9366639258 
805, 18637.7961501563 
806, 18517.4375563779 
807, 18383.5659060896 
808, 18205.2476573501 
809, 17986.4863813837 
810, 17741.7205098547 
811, 17481.4706846251 
812, 17165.8869676082 
813, 16748.0904181242 
814, 16225.2047572271 
815, 15644.2411399796 
816, 15106.3785789399 
817, 14686.9504648687 
818, 14433.9096487418 
819, 14363.3104838283 
820, 14356.5782438978 
821, 14317.5015573516 
822, 14205.7422440523 
823, 14077.7365084277 
824, 13995.2228982309 
825, 14013.9617412065 
826, 14119.2876173952 
827, 14096.6289114367 
828, 13945.4642522901 
829, 13738.2425655995 
830, 13575.9469673002 
831, 13472.4209852362 
832, 13399.5777426359 
833, 13342.7604778341 
834, 13302.7106490092 
835, 13285.5766696184 
836, 13279.7452890646 
837, 13261.7750441051 
838, 13200.5681663173 
839, 13106.4744551948 
840, 12991.5582842249 
841, 12865.0092716228 
842, 12729.1511371688 
843, 12587.0590671131 
844, 12446.048355842 
845, 12310.4494621318 
846, 12179.1342357607 
847, 12014.1701142112 
848, 11814.0229680202 
849, 11592.7813973676 
850, 11367.9604880454 
851, 11106.99660047 
852, 10837.0030891708 
853, 10609.0001329135 
854, 10438.2919951912 
855, 10299.3435749026 
856, 10231.1254231361 
857, 10290.2746766968 
858, 10387.4138331326 
859, 10406.3326180622 
860, 10326.0188849854 
861, 10210.2530999621 
862, 10072.0591307867 
863, 9894.77283389366 
864, 9679.90289163185 
865, 9454.96162689725 
866, 9243.43125961312 
867, 9063.91087991902 
868, 8943.04081600959 
869, 8916.84364023253 
870, 8934.23448927169 
871, 8920.336863343 
872, 8839.39696322184 
873, 8731.57911841673 
874, 8615.0036246631 
875, 8497.48067463155 
876, 8381.40129832395 
877, 8267.01960563626 
878, 8156.12976968987 
879, 8047.60027247391 
880, 7938.95540625671 
881, 7826.52925915541 
882, 7716.27385398996 
883, 7612.87611858314 
884, 7517.00658850624 
885, 7419.95840366583 
886, 7315.05944145333 
887, 7205.59238208881 
888, 7098.33592928348 
889, 6995.06573682662 
890, 6889.76951857924 
891, 6772.90247381461 
892, 6633.42259375051 
893, 6460.8112529065 
894, 6262.7350519241 
895, 6043.78568591102 
896, 5809.66567749278 
897, 5577.45534395528 
898, 5357.94102055329 
899, 5173.98049783111 
900, 5049.26836120347 
901, 4978.88444803651 
902, 4948.14049118743 
903, 4937.09677523055 
904, 4924.40066909275 
905, 4896.88175302984 
906, 4843.34135087857 
907, 4754.38141853577 
908, 4628.52991142253 
909, 4492.12404870826 
910, 4376.65986946759 
911, 4293.25364827225 
912, 4234.41628383291 
913, 4186.98555642954 
914, 4141.07661373795 
915, 4094.7512185016 
916, 4053.11624271522 
917, 4025.37526482216 
918, 4007.35187231378 
919, 3991.26885350337 
920, 3969.63205325859 
921, 3947.07994057762 
922, 3915.74437661527 
923, 3865.71655438964 
924, 3789.16789305331 
925, 3691.88113939708 
926, 3573.15028609697 
927, 3429.78919270526 
928, 3257.85980387163 
929, 3056.41679450505 
930, 2829.40432043693 
931, 2589.07552185124 
932, 2354.26417771809 
933, 2146.19453179058 
934, 1982.19848275793 
935, 1871.32286881198 
936, 1813.4443255866 
937, 1798.16928109953 
938, 1811.80403393441 
939, 1837.46189383313 
940, 1860.45687424207 
941, 1879.01768853526 
942, 1885.1761416853 
943, 1869.46689026116 
944, 1828.80927608657 
945, 1778.27132565786 
946, 1737.24926820162 
947, 1712.48879749511 
948, 1701.90400134307 
949, 1698.4957355206 
950, 1695.26793118384 
951, 1689.55584470416 
952, 1681.61078201038 
953, 1673.53310263099 
954, 1665.47939152538 
955, 1656.79051310616 
956, 1648.43781523722 
957, 1644.68769384003 
958, 1642.89757285547 
959, 1642.17943125986 
960, 1642.70175033591 
961, 1645.44852806792 
962, 1647.30866280795 
963, 1650.84620135001 
964, 1657.27972198134 
965, 1664.57179534841 
966, 1668.62155618168 
967, 1667.79019288483 
968, 1662.26140218894 
969, 1653.52457468101 
970, 1643.04394783222 
971, 1627.887064405 
972, 1606.70510561048 
973, 1579.65716613862 
974, 1545.9270657211 
975, 1511.6656671904 
976, 1479.29232322788 
977, 1449.3447797635 
978, 1423.95957623567 
979, 1403.40243905257 
980, 1386.33936358022 
981, 1370.6067372765 
982, 1354.01001404665 
983, 1335.50991611568 
984, 1316.70966078319 
985, 1297.60287297386 
986, 1274.80282399699 
987, 1250.7076208877 
988, 1224.86874723716 
989, 1197.89601839411 
990, 1171.75923391396 
991, 1146.39720768198 
992, 1120.93558627344 
993, 1095.01259092481 
994, 1068.77889750237 
995, 1042.35966516335 
996, 1015.74531069669 
997, 989.550771066392 
998, 963.901772660156 
999, 936.57792284147 
1000, 911.299571118653 
1001, 5769.02909261353 
1002, 5743.5420869677 
1003, 5720.1453109791 
1004, 5705.54920844036 
1005, 5692.66463320845 
1006, 5688.82774759868 
1007, 5693.589800908 
1008, 5698.11783636459 
1009, 5710.44328518491 
1010, 5737.83246378662 
1011, 5755.71906266265 
1012, 5769.25433214674 
1013, 5795.34828453918 
1014, 5816.67218166753 
1015, 5832.32223891364 
1016, 5860.50435447615 
1017, 5882.4810145956 
1018, 5899.85953426087 
1019, 5923.80749212887 
1020, 5951.60243419522 
1021, 5980.82059016306 
1022, 6009.11222086642 
1023, 6041.37832511066 
1024, 6073.7685636232 
1025, 6101.05619579304 
1026, 6129.05467073393 
1027, 6160.58021294608 
1028, 6194.42908344015 
1029, 6234.41412644813 
1030, 6270.73501467755 
1031, 6301.44478321559 
1032, 6333.84635141109 
1033, 6357.27459692593 
1034, 6380.68703663805 
1035, 6406.05490870962 
1036, 6434.67765841759 
1037, 6459.0060553074 
1038, 6486.81854533069 
1039, 6510.76943107618 
1040, 6534.1055278553 
1041, 6560.64704361444 
1042, 6580.46934494173 
1043, 6595.2371727505 
1044, 6608.4631986465 
1045, 6620.82596635296 
1046, 6636.90935799779 
1047, 6656.83925229635 
1048, 6681.2181806689 
1049, 6710.19499257245 
1050, 6736.35013771153 
1051, 6756.90315692037 
1052, 6784.50001326387 
1053, 6814.91790502948 
1054, 6839.10339694279 
1055, 6864.64532797348 
1056, 6887.62390143183 
1057, 6906.75302409448 
1058, 6940.83435962069 
1059, 6987.2014492499 
1060, 7034.17101641068 
1061, 7087.39567108981 
1062, 7147.23063233232 
1063, 7212.90322759741 
1064, 7276.04953227998 
1065, 7349.54835384659 
1066, 7425.45571959165 
1067, 7492.26516277986 
1068, 7570.7399722224 
1069, 7662.07685271964 
1070, 7757.76849296698 
1071, 7869.78741317065 
1072, 7982.4052537558 
1073, 8090.11045370225 
1074, 8201.43855280312 
1075, 8301.96710666366 
1076, 8395.18126153853 
1077, 8489.7806112176 
1078, 8572.67212863241 
1079, 8649.47671210744 
1080, 8719.08925962 
1081, 8772.97381352266 
1082, 8824.71712543398 
1083, 8872.5332446571 
1084, 8921.71959379122 
1085, 8972.69539238893 
1086, 9012.24934461707 
1087, 9046.57533571057 
1088, 9075.95308685386 
1089, 9100.67276996512 
1090, 9113.20363636948 
1091, 9119.91602142952 
1092, 9118.56484593564 
1093, 9098.41141229927 
1094, 9070.60671451263 
1095, 9047.68641314308 
1096, 9015.452128109 
1097, 8980.688976959 
1098, 8948.02985307984 
1099, 8915.12440453337 
1100, 8879.43486673214 
1101, 8843.12187284293 
1102, 8811.72440581857 
1103, 8772.0900363614 
1104, 8732.09443994817 
1105, 8681.46730936416 
1106, 8625.13902084164 
1107, 8542.98678705048 
1108, 8421.29758695355 
1109, 8267.08399769117 
1110, 8057.80828184865 
1111, 7808.57200743831 
1112, 7518.20270470115 
1113, 7165.7750379926 
1114, 6815.24587365297 
1115, 6407.43272450155 
1116, 6041.75024967516 
1117, 5648.12805611945 
1118, 5316.4250061695 
1119, 5015.2773353122 
1120, 4736.29599520264 
1121, 4504.84815030601 
1122, 4322.05119826101 
1123, 4189.98003918675 
1124, 4100.63013434929 
1125, 4057.16070061691 
1126, 4081.29167226923 
1127, 4103.29325263665 
1128, 4168.11447874959 
1129, 4230.15278801229 
1130, 4312.88015203802 
1131, 4395.07241329911 
1132, 4474.33370442608 
1133, 4578.50446684695 
1134, 4694.16045969863 
1135, 4820.97659053905 
1136, 4992.32773545855 
1137, 5168.78547625793 
1138, 5335.73174829576 
1139, 5491.41314597945 
1140, 5590.70928762073 
1141, 5659.41453852551 
1142, 5685.80715245672 
1143, 5644.84348646836 
1144, 5624.20097956192 
1145, 5534.36432012071 
1146, 5525.7996125925 
1147, 5523.57076484885 
1148, 5579.7169765647 
1149, 5691.78550138568 
1150, 5831.63518537237 
1151, 6028.38590521175 
1152, 6249.53241641331 
1153, 6479.13307796762 
1154, 6753.37679303191 
1155, 7002.55317550665 
1156, 7258.14491370983 
1157, 7502.75477186479 
1158, 7753.24764051038 
1159, 7979.37642358407 
1160, 8199.48947157551 
1161, 8396.29711240276 
1162, 8580.2737457506 
1163, 8738.7690745618 
1164, 8876.27721643941 
1165, 8991.25987577515 
1166, 9087.20509646906 
1167, 9161.46937642815 
1168, 9217.86397557495 
1169, 9256.79230258935 
1170, 9276.26009561251 
1171, 9271.58735202404 
1172, 9256.64573190315 
1173, 9221.17044557 
1174, 9180.60262894174 
1175, 9123.43275822924 
1176, 9064.37666147795 
1177, 8992.04068996284 
1178, 8924.27707722394 
1179, 8850.71036844383 
1180, 8780.6116795718 
1181, 8708.55553878722 
1182, 8643.17529992665 
1183, 8583.6549096266 
1184, 8522.22238417627 
1185, 8480.18605392744 
1186, 8448.25744672119 
1187, 8427.08637098246 
1188, 8421.62021491283 
1189, 8418.30879574108 
1190, 8437.95687905003 
1191, 8435.21634935962 
1192, 8442.09185561229 
1193, 8421.65086124519 
1194, 8379.45390665532 
1195, 8328.5545814166 
1196, 8257.57700667755 
1197, 8180.65538327554 
1198, 8103.38917538755 
1199, 8012.3334059834 
1200, 7938.31777503792 
1201, 7862.64484714541 
1202, 7802.65966246797 
1203, 7748.20963839523 
1204, 7711.32690971651 
1205, 7694.54578042121 
1206, 7674.0886621647 
1207, 7667.2718878259 
1208, 7658.15010266979 
1209, 7644.07487000296 
1210, 7639.22473071094 
1211, 7648.89782083951 
1212, 7650.2084824983 
1213, 7650.48601102253 
1214, 7655.29405983316 
1215, 7649.02705047204 
1216, 7633.64659719051 
1217, 7621.65490357579 
1218, 7608.8621535631 
1219, 7590.74490472691 
1220, 7568.00494773706 
1221, 7547.93392200932 
1222, 7521.37495543703 
1223, 7501.52100530663 
1224, 7486.13540194367 
1225, 7471.92008171745 
1226, 7462.28782741585 
1227, 7449.9156099071 
1228, 7437.53016146901 
1229, 7426.09756700375 
1230, 7414.55166447455 
1231, 7403.28969540358 
1232, 7387.46320281917 
1233, 7373.22875548597 
1234, 7351.94399951123 
1235, 7324.11939285589 
1236, 7295.50317239539 
1237, 7263.66579847421 
1238, 7230.79923564237 
1239, 7194.32413537887 
1240, 7158.29736202624 
1241, 7120.65170781436 
1242, 7083.44851123066 
1243, 7046.49664504835 
1244, 7008.12186070029 
1245, 6967.26204460786 
1246, 6930.88997613421 
1247, 6888.87351987584 
1248, 6845.04405013957 
1249, 6799.3384776845 
1250, 6753.07228428848 
1251, 6700.43973859748 
1252, 6649.0853573239 
1253, 6583.7332083288 
1254, 6512.1657400872 
1255, 6429.60611890395 
1256, 6336.16107134799 
1257, 6234.94160733451 
1258, 6122.12061056769 
1259, 6005.63990610202 
1260, 5873.39479892955 
1261, 5748.88429939048 
1262, 5619.08297402161 
1263, 5493.51780109233 
1264, 5385.99276370593 
1265, 5276.18192725201 
1266, 5212.32518559832 
1267, 5164.69361967814 
1268, 5159.25205903275 
1269, 5192.47930629288 
1270, 5247.23612592776 
1271, 5343.25653623847 
1272, 5440.29435397133 
1273, 5574.15202048306 
1274, 5688.56510762135 
1275, 5819.05952766062 
1276, 5922.95641062176 
1277, 6013.81576840047 
1278, 6094.59089974174 
1279, 6158.68336803627 
1280, 6211.4881185004 
1281, 6267.69786604291 
1282, 6321.04786651597 
1283, 6375.27429469489 
1284, 6430.04738302103 
1285, 6481.66263116106 
1286, 6534.91606853087 
1287, 6579.08861139948 
1288, 6620.50274237023 
1289, 6654.85492812305 
1290, 6679.50192710394 
1291, 6702.90098294849 
1292, 6726.437689944 
1293, 6739.11375007418 
1294, 6744.44895570565 
1295, 6745.70513410688 
1296, 6738.86864392113 
1297, 6727.00339209858 
1298, 6707.04100591449 
1299, 6689.15695199507 
1300, 6665.70713521359 
1301, 6642.31004998146 
1302, 6619.55142086831 
1303, 6600.67976875758 
1304, 6572.47418815635 
1305, 6537.62781637731 
1306, 6507.53885890514 
1307, 6477.00121628658 
1308, 6443.30799355205 
1309, 6411.44840752923 
1310, 6375.95421521272 
1311, 6330.64415832565 
1312, 6293.18511239718 
1313, 6260.29754492685 
1314, 6225.98076819396 
1315, 6190.11156373826 
1316, 6159.84539981471 
1317, 6131.17287716558 
1318, 6105.86350871864 
1319, 6085.1209402287 
1320, 6065.61447381022 
1321, 6045.39250431869 
1322, 6019.10909459974 
1323, 5976.21112698644 
1324, 5928.77685491102 
1325, 5860.3310716814 
1326, 5770.7864886944 
1327, 5675.73297279394 
1328, 5558.22992660034 
1329, 5452.2912179253 
1330, 5328.4767496821 
1331, 5234.12159373696 
1332, 5143.99620286844 
1333, 5081.84205963852 
1334, 5054.28444994245 
1335, 5022.20105361292 
1336, 5010.9521890426 
1337, 4999.73528042125 
1338, 4971.58650703582 
1339, 4923.67263649855 
1340, 4853.38242090238 
1341, 4747.14190708112 
1342, 4592.48613810617 
1343, 4399.90721151933 
1344, 4167.24565155814 
1345, 3879.16018569761 
1346, 3578.45758738263 
1347, 3232.45397472632 
1348, 2897.22413838075 
1349, 2524.00392857181 
1350, 2189.92945681684 
1351, 1851.37862073039 
1352, 1553.43339852752 
1353, 1273.49292765318 
1354, 1029.93120843063 
1355, 817.810366686215 
1356, 636.00786064818 
1357, 482.948731800687 
1358, 369.19061706452 
1359, 279.096796816111 
1360, 208.573021730178 
1361, 161.969988114625 
1362, 128.058546023643 
1363, 100.160227521949 
1364, 82.750975550843 
1365, 69.3101002863608 
1366, 58.7228689502168 
1367, 58.7046460622656 
1368, 70.7560036887115 
1369, 81.7727439096984 
1370, 100.617757378916 
1371, 118.801465374262 
1372, 139.683361426748 
1373, 159.818115528114 
1374, 186.735511302398 
1375, 202.891093600875 
1376, 217.192849022387 
1377, 224.127183983473 
1378, 224.437415063707 
1379, 216.407672251132 
1380, 206.168419804323 
1381, 193.616468422772 
1382, 181.169813045444 
1383, 172.57113290933 
1384, 176.249736986097 
1385, 193.806977572289 
1386, 216.513464676012 
1387, 249.209647460132 
1388, 274.747645907269 
1389, 301.928603988373 
1390, 320.826008396576 
1391, 335.959483191766 
1392, 348.087686197994 
1393, 353.28175229652 
1394, 361.32089856301 
1395, 366.095770589877 
1396, 375.54241261569 
1397, 385.640711944666 
1398, 398.593605576063 
1399, 417.760070931455 
1400, 433.444969993327 
1401, 449.276041460783 
1402, 463.996722743574 
1403, 477.221191138252 
1404, 488.306262052006 
1405, 501.615255384655 
1406, 522.141856361763 
1407, 542.814152755612 
1408, 566.393455272831 
1409, 599.941460774011 
1410, 636.015546540627 
1411, 673.532588269807 
1412, 721.750450630485 
1413, 759.32495713377 
1414, 793.288673372134 
1415, 823.67886279237 
1416, 852.679021328442 
1417, 874.092922765646 
1418, 889.55850697586 
1419, 903.516876758763 
1420, 910.922247035892 
1421, 918.214023811183 
1422, 928.162591088474 
1423, 928.190055553253 
1424, 923.072257808257 
1425, 912.253497294223 
1426, 894.950219877117 
1427, 871.93101537806 
1428, 842.503426880492 
1429, 809.948391520595 
1430, 771.476947728412 
1431, 730.408727275646 
1432, 692.750493192139 
1433, 654.881723294662 
1434, 616.069480850312 
1435, 578.13606910608 
1436, 542.785566383962 
1437, 512.210044576152 
1438, 487.910651503143 
1439, 473.353498748752 
1440, 453.731086854969 
1441, 437.404138487031 
1442, 419.035773629477 
1443, 397.81559665337 
1444, 379.764754566554 
1445, 364.849217417177 
1446, 347.496006765448 
1447, 328.846946445433 
1448, 311.710111887349 
1449, 289.688809890805 
1450, 276.649066395404 
1451, 271.046854539866 
1452, 263.534707034066 
1453, 263.646490183148 
1454, 258.368507532703 
1455, 250.259085608259 
1456, 240.171533482807 
1457, 227.85851066764 
1458, 213.040921104868 
1459, 194.686772023406 
1460, 175.38472073214 
1461, 164.383994687255 
1462, 149.640104703431 
1463, 136.097540488959 
1464, 129.91464263979 
1465, 121.348956785433 
1466, 112.495761714889 
1467, 103.601629561012 
1468, 97.0851006491608 
1469, 86.335289953089 
1470, 69.3142372455124 
1471, 60.3062463187322 
1472, 53.4668980163999 
1473, 49.0509575193462 
1474, 52.0128060519113 
1475, 50.0994387412181 
1476, 46.6121127251086 
1477, 41.3270319003642 
1478, 33.2679967829837 
1479, 27.2794716924523 
1480, 17.0173093257853 
1481, 15.7375749167473 
1482, 22.9182077273081 
1483, 25.3748363328087 
1484, 31.0976825023571 
1485, 36.3188571651359 
1486, 39.9343655617445 
1487, 40.0415366012387 
1488, 46.5325280324824 
1489, 50.7504865850657 
1490, 47.2608067634949 
1491, 47.5184679639646 
1492, 48.0362175211714 
1493, 46.716468079159 
1494, 50.5392852582211 
1495, 52.5626067805038 
1496, 50.0284745205844 
1497, 47.7171931003328 
1498, 49.0953485459372 
1499, 51.9353969042155 
1500, 53.9321196440211 
1501, 60.6882682938345 
1502, 61.6825157409275 
1503, 57.3299114955732 
1504, 56.5426386303709 
1505, 54.4572466633972 
1506, 55.5323324749628 
1507, 60.9369029579638 
1508, 63.6772824193334 
1509, 67.1776682083695 
1510, 67.5208667283631 
1511, 63.329845911934 
1512, 62.8491746397077 
1513, 63.2600844739668 
1514, 63.8118826874951 
1515, 67.5611860687851 
1516, 68.2465282454725 
1517, 66.8198598104614 
1518, 66.1381649441275 
1519, 64.665141867294 
1520, 62.9829922544396 
1521, 61.3847975613445 
1522, 58.3171517021951 
1523, 58.1160782105697 
1524, 56.9354379972858 
1525, 59.4696179080825 
1526, 63.9623411981893 
1527, 66.7194937069583 
1528, 72.578707369613 
1529, 72.4553476244249 
1530, 71.7368138489174 
1531, 76.4393305646887 
1532, 81.0033099327442 
1533, 86.7940256520642 
1534, 94.3548090592645 
1535, 97.1822523100002 
1536, 94.5601668926629 
1537, 93.6050570683513 
1538, 92.6790717320008 
1539, 89.9363438933098 
1540, 83.8375659153887 
1541, 83.136840746225 
1542, 81.205012475672 
1543, 86.2528847178843 
1544, 100.203295097543 
1545, 107.064098829915 
1546, 117.59205713812 
1547, 120.511605258179 
1548, 114.556479522691 
1549, 112.821734803775 
1550, 109.012299483813 
1551, 107.706255547208 
1552, 107.321070958831 
1553, 110.120154473255 
1554, 114.984691592622 
1555, 120.05717022956 
1556, 131.14003958381 
1557, 135.133148659826 
1558, 135.434459850987 
1559, 135.714437489137 
1560, 129.817265237641 
1561, 129.922607714822 
1562, 133.389337955539 
1563, 136.424629217564 
1564, 144.527479082943 
1565, 147.128709233397 
1566, 146.006393801475 
1567, 145.818414613878 
1568, 142.683879150993 
1569, 140.500712501192 
1570, 141.345272871749 
1571, 143.341720763899 
1572, 144.684322904817 
1573, 148.647555451807 
1574, 155.001090140237 
1575, 156.940469745038 
1576, 158.676840752175 
1577, 158.074378057957 
1578, 154.97986986685 
1579, 156.659732950579 
1580, 158.641737765168 
1581, 162.104655046614 
1582, 169.350892845144 
1583, 178.647415838053 
1584, 188.951261538149 
1585, 207.228248838923 
1586, 213.051464819433 
1587, 211.588916617279 
1588, 216.060773456919 
1589, 217.186826977113 
1590, 220.514495511317 
1591, 229.656494120024 
1592, 233.802565870522 
1593, 232.718863847635 
1594, 234.760172210316 
1595, 239.325880282753 
1596, 241.818941080365 
1597, 244.459229670878 
1598, 244.594639774359 
1599, 239.462716174698 
1600, 240.982539763787 
1601, 244.642718972203 
1602, 248.328081497304 
1603, 258.121139014121 
1604, 262.25324732279 
1605, 262.985443071839 
1606, 263.131365858787 
1607, 260.513768291447 
1608, 260.401096118823 
1609, 259.121606376056 
1610, 259.793318026857 
1611, 263.065430403525 
1612, 265.566409016185 
1613, 265.990306426014 
1614, 271.306473669862 
1615, 281.414218802209 
1616, 288.466402785101 
1617, 301.747292217386 
1618, 305.570476253 
1619, 300.848709573038 
1620, 298.214462459006 
1621, 287.073126047061 
1622, 284.982701638409 
1623, 290.401884278422 
1624, 292.454256126901 
1625, 298.742382528435 
1626, 301.640295986711 
1627, 298.615818939023 
1628, 299.494108299036 
1629, 302.014285743253 
1630, 304.269557173859 
1631, 311.424977767347 
1632, 312.644582279949 
1633, 309.458093248065 
1634, 307.169747867858 
1635, 298.038587594333 
1636, 295.35492458173 
1637, 299.453131785972 
1638, 300.06445248944 
1639, 301.853108061572 
1640, 303.554648358896 
1641, 302.737605191634 
1642, 302.585448747047 
1643, 301.183800898457 
1644, 304.106591553016 
1645, 310.769749915027 
1646, 315.341743350749 
1647, 323.805983345731 
1648, 329.731114955862 
1649, 331.510142004603 
1650, 333.830696014587 
1651, 336.624235502766 
1652, 338.146559046086 
1653, 339.88529150687 
1654, 340.732913037336 
1655, 342.974398471142 
1656, 345.788508981706 
1657, 348.00357680849 
1658, 349.086595175506 
1659, 355.880309530245 
1660, 364.483493473827 
1661, 373.548041986848 
1662, 390.133840299253 
1663, 392.288751130431 
1664, 387.150223144598 
1665, 386.763024210196 
1666, 381.50772886588 
1667, 378.841346020547 
1668, 379.787322619212 
1669, 378.866356218397 
1670, 373.78028188218 
1671, 374.838278694868 
1672, 379.226423389071 
1673, 385.700020425376 
1674, 395.862669810879 
1675, 402.193016898411 
1676, 410.425864327769 
1677, 415.067684855144 
1678, 416.123058059177 
1679, 417.209544527594 
1680, 417.063662225889 
1681, 418.8447964406 
1682, 419.580241671404 
1683, 422.192267015142 
1684, 428.376648226657 
1685, 430.165819389017 
1686, 429.461176078117 
1687, 430.366178047024 
1688, 429.760583395693 
1689, 431.02373776183 
1690, 433.575992721427 
1691, 437.731041673995 
1692, 443.994422093448 
1693, 447.158723909382 
1694, 450.039063806896 
1695, 453.52521902909 
1696, 454.528001959443 
1697, 458.86069790801 
1698, 467.229429677128 
1699, 471.166877942313 
1700, 474.833538763068 
1701, 474.1264924623 
1702, 468.959442723489 
1703, 468.010802477281 
1704, 466.037774235166 
1705, 466.080916828473 
1706, 469.921720215823 
1707, 468.695827399287 
1708, 463.4434622589 
1709, 465.234780026753 
1710, 469.165674941126 
1711, 471.431543866927 
1712, 476.996839244435 
1713, 478.549466316266 
1714, 476.386296828032 
1715, 474.633424074918 
1716, 478.901488151754 
1717, 483.005573267755 
1718, 481.418810608495 
1719, 485.443863123339 
1720, 488.662991697524 
1721, 488.240926634334 
1722, 488.788635370641 
1723, 484.979494747529 
1724, 480.078608589526 
1725, 481.395809143965 
1726, 480.284042483749 
1727, 481.648902935784 
1728, 482.647007980928 
1729, 475.264455063608 
1730, 475.044138175659 
1731, 477.867762139395 
1732, 480.640131073688 
1733, 487.9418988654 
1734, 493.079008224875 
1735, 494.404204046597 
1736, 492.20695170559 
1737, 488.989308628597 
1738, 487.677164627632 
1739, 484.499185944776 
1740, 483.239637469292 
1741, 484.684670011276 
1742, 481.365476478609 
1743, 481.205167529205 
1744, 482.387147660246 
1745, 481.703009716977 
1746, 482.894290659653 
1747, 480.864799779371 
1748, 481.056811160259 
1749, 485.807157450468 
1750, 490.003898697276 
1751, 493.254935232026 
1752, 496.641930093715 
1753, 498.883051562255 
1754, 498.649064774281 
1755, 492.983292897454 
1756, 485.025530677788 
1757, 479.713691992206 
1758, 472.612616188837 
1759, 473.565699731924 
1760, 480.583577786006 
1761, 480.821293772546 
1762, 478.824432493324 
1763, 476.38111625214 
1764, 473.921627523943 
1765, 469.797768530095 
1766, 466.558822639239 
1767, 461.491352619056 
1768, 460.354930071589 
1769, 464.66985210337 
1770, 464.621770717257 
1771, 465.912119108465 
1772, 463.09677730698 
1773, 451.617415740613 
1774, 446.74122201989 
1775, 446.731218335823 
1776, 444.161021888484 
1777, 445.137770554009 
1778, 441.482891496481 
1779, 429.839406624381 
1780, 423.895970715913 
1781, 418.41534658437 
1782, 415.213349996934 
1783, 419.077848241339 
1784, 414.384663475549 
1785, 404.991596326004 
1786, 399.187332354136 
1787, 389.254653782548 
1788, 383.951876387006 
1789, 387.306655857437 
1790, 381.503101865706 
1791, 372.648856009094 
1792, 362.215290837605 
1793, 345.878729389453 
1794, 332.99331726991 
1795, 320.823601956193 
1796, 305.978501747418 
1797, 290.946913425799 
1798, 272.779019301844 
1799, 258.721486620025 
1800, 244.778103843435 
1801, 1468.98271987545 
1802, 1367.19150726136 
1803, 1305.38068827879 
1804, 1249.66799972509 
1805, 1214.71260106493 
1806, 1196.75048388354 
1807, 1191.89261168567 
1808, 1168.57899067349 
1809, 1147.43487463919 
1810, 1097.30122856079 
1811, 1022.70397131847 
1812, 957.695880747907 
1813, 870.566227111135 
1814, 804.264660269291 
1815, 743.43559750988 
1816, 713.269299788799 
1817, 702.280434197657 
1818, 691.534508785572 
1819, 673.066500402041 
1820, 672.579632376479 
1821, 640.959748791836 
1822, 586.51026422128 
1823, 525.363220862236 
1824, 479.188641373638 
1825, 457.534092471282 
1826, 446.242463757135 
1827, 456.11387081842 
1828, 436.117530039958 
1829, 408.53598564307 
1830, 358.329539027867 
1831, 282.479732660989 
1832, 210.622808289645 
1833, 139.886024065668 
1834, 90.1757381881889 
1835, 72.1655696915414 
1836, 59.2903002300169 
1837, 48.05594150972 
1838, 32.5114911786782 
1839, 27.2294812351484 
1840, 25.8715430455 
1841, 27.7354290933678 
1842, 37.190620052129 
1843, 54.8408095645225 
1844, 61.9285444077452 
1845, 60.1429248402876 
1846, 64.019592510801 
1847, 71.3054833059537 
1848, 88.426062956209 
1849, 103.645732999788 
1850, 99.1479712750055 
1851, 77.8671432216076 
1852, 58.3250531255537 
1853, 29.9385968520404 
1854, 13.8877316828002 
1855, 23.8288380872565 
1856, 20.6053166650957 
1857, 26.0823940802474 
1858, 29.0269442097845 
1859, 29.3967182144278 
1860, 19.2395292219508 
1861, 31.3855294778136 
1862, 51.2758932188316 
1863, 87.9411577444636 
1864, 111.036852941223 
1865, 104.18840777783 
1866, 122.820723264103 
1867, 108.93011175531 
1868, 74.5436006808182 
1869, 87.3305561220194 
1870, 84.5861730469757 
1871, 63.4687587529135 
1872, 46.4668415398849 
1873, 62.7528568065291 
1874, 55.1092355771073 
1875, 52.7509009521881 
1876, 53.7817413716305 
1877, 41.1754256753587 
1878, 43.5808695637111 
1879, 58.1359693598903 
1880, 63.7303761877425 
1881, 71.4877899916882 
1882, 69.6952992100564 
1883, 56.6830619105777 
1884, 53.6107490575586 
1885, 66.5777418447386 
1886, 88.8248597746514 
1887, 108.543868529229 
1888, 122.456076918213 
1889, 107.783512856455 
1890, 88.3872233467458 
1891, 87.8543267967919 
1892, 105.478488919495 
1893, 109.332637564276 
1894, 101.335000354354 
1895, 99.620294024065 
1896, 77.360220426352 
1897, 42.736249606767 
1898, 48.6752709255779 
1899, 51.9750093410963 
1900, 50.2745128844713 
1901, 64.2764722815326 
1902, 61.2242842072758 
1903, 43.6663395714055 
1904, 21.1418089850179 
1905, 11.2022250294597 
1906, 11.1621531417512 
1907, 4.90104854519543 
1908, 15.8393344974438 
1909, 34.8825615799736 
1910, 29.8040727709492 
1911, 24.4207884684592 
1912, 14.381849511796 
1913, 11.4896340819297 
1914, 1.65321505929175 
1915,-2.7107965557759 
1916, 9.85234157534743 
1917, 30.6516626871408 
1918, 13.8028294606841 
1919,-4.76706055897783 
1920,-28.2729357380479 
1921,-68.6171580879344 
1922,-77.3714652275968 
1923,-58.5243123990874 
1924,-52.6587968492967 
1925,-37.674752647482 
1926,-16.8904790781623 
1927,-26.0292367655899 
1928,-22.1117663469611 
1929,-5.98951323270791 
1930,-1.69686850645914 
1931, 28.4742665061382 
1932, 49.0621912725109 
1933, 56.7673081237116 
1934, 56.3873046730255 
1935, 61.1994602443538 
1936, 61.1214877119221 
1937, 46.6776889009906 
1938, 53.1218484015583 
1939, 35.0588091658882 
1940, 10.1597235090288 
1941, 10.3294238471521 
1942,-8.45874245262227 
1943,-16.5824915871411 
1944,-19.234751479631 
1945,-26.6167463221972 
1946,-23.1958954101834 
1947, 3.00385098868731 
1948, 13.5257652156889 
1949, 19.9958030018891 
1950, 36.7298213759753 
1951, 35.6459429417836 
1952, 31.6159689501945 
1953, 23.4607471707239 
1954, 12.6942605460701 
1955, 0.410873477725297 
1956,-23.7430626493658 
1957,-33.5064525415628 
1958,-42.0350787150077 
1959,-42.5960828031303 
1960,-40.1978420535591 
1961,-15.612237877491 
1962, 13.7495536623937 
1963, 45.674765594844 
1964, 60.2733303630941 
1965, 66.4891030509651 
1966, 57.7257182268118 
1967, 3.82512193313876 
1968,-5.71801883638425 
1969,-0.979268520513578 
1970,-3.85171940129454 
1971, 18.9890746267958 
1972, 25.5306046541686 
1973, 14.9424629982817 
1974, 11.7843736553203 
1975, 10.2195854921285 
1976,-0.867474625245085 
1977,-12.8895325565449 
1978,-32.8759673295598 
1979,-33.511630581584 
1980,-22.6268414493163 
1981,-22.4646894692185 
1982,-6.88630152063851 
1983,-0.164282830190774 
1984,-16.2150414137806 
1985,-11.7323985603779 
1986, 13.4112758851296 
1987, 18.270961655061 
1988, 22.9756638856601 
1989, 23.9164533955001 
1990, 21.213625874421 
1991, 4.48340593673614 
1992,-5.39596915180108 
1993,-18.826241884561 
1994,-18.402702956324 
1995,-13.1693472809743 
1996,-8.98149358534191 
1997, 3.81997571926834 
1998, 20.8106576669989 
1999, 25.4691912308994 
2000, 42.8245481331266 
2001, 55.5030441308589 
2002, 65.9056466702416 
2003, 71.0117786298311 
2004, 69.7058421304501 
2005, 63.3751087858486 
2006, 48.835793732486 
2007, 42.3950773858035 
2008, 34.4684917908621 
2009, 28.6887714575974 
2010, 35.1888957331106 
2011, 23.1188256941551 
2012, 19.7794461512464 
2013, 11.915101880959 
2014, 11.9309454306448 
2015, 23.3495922930845 
2016, 21.5466006230792 
2017, 20.8689026868229 
2018, 11.7221735501365 
2019,-19.2058651542659 
2020,-26.5142540010511 
2021,-31.1987386310997 
2022,-29.4368923190056 
2023,-10.2612450548814 
2024, 8.09783957237138 
2025, 11.0743817010546 
2026, 27.9411882029948 
2027, 30.3367984922667 
2028, 18.4486101218338 
2029, 21.1063850360975 
2030, 29.6338947879912 
2031, 27.8920138655137 
2032, 26.3372206392007 
2033, 30.3235881964061 
2034, 27.2936512571226 
2035, 28.615457201065 
2036, 38.3853830396827 
2037, 45.7830899894168 
2038, 54.1903616363611 
2039, 54.4326227994761 
2040, 61.9380408061772 
2041, 80.5062805535277 
2042, 82.3313258987482 
2043, 82.5482463548219 
2044, 70.6578612679222 
2045, 35.9229657385176 
2046, 20.7205257655479 
2047, 4.60692591241527 
2048,-4.65682182587536 
2049,-4.81139791945894 
2050,-0.231326195743444 
2051, 14.0670238528077 
2052, 19.2869266932417 
2053, 29.875929603995 
2054, 40.7927785357834 
2055, 44.3646079089738 
2056, 41.1674270550131 
2057, 34.9538916466762 
2058, 18.4040067832976 
2059, 16.7840321415172 
2060, 23.2291350203449 
2061, 15.8294565388708 
2062, 8.06464015440032 
2063, 4.80355176538296 
2064,-10.8131770564207 
2065,-19.5013933478784 
2066,-12.4472419512797 
2067,-11.1973666463319 
2068,-17.0654961230442 
2069,-34.0925618051993 
2070,-38.7421110503539 
2071,-47.8940496184985 
2072,-42.3039158441662 
2073,-23.4650194909192 
2074,-7.27418831541248 
2075, 27.2181587402938 
2076, 38.3903621321659 
2077, 34.375805832841 
2078, 37.2244593930176 
2079, 27.063925577436 
2080, 26.0294845210942 
2081, 40.9910816409395 
2082, 42.0845171743882 
2083, 48.1046359172763 
2084, 51.3273847472186 
2085, 60.3648658219088 
2086, 82.6496478409119 
2087, 82.039176433234 
2088, 68.8089780222786 
2089, 66.3417170612975 
2090, 49.4108214305028 
2091, 44.6225097777591 
2092, 54.2700274042254 
2093, 61.698120230472 
2094, 77.6602586112919 
2095, 80.1554873316395 
2096, 69.325594800061 
2097, 76.3752649480962 
2098, 77.8315726722767 
2099, 69.8475961731293 
2100, 71.0174040774586 
2101, 86.3947223602006 
2102, 83.8592203328956 
2103, 63.1642459959527 
2104, 64.0909284063835 
2105, 72.3398604784539 
2106, 78.0120377193862 
2107, 99.9436786110707 
2108, 108.349735170705 
2109, 103.682608176305 
2110, 103.343636463107 
2111, 109.447497588815 
2112, 97.4755562126047 
2113, 99.5547838462587 
2114, 103.363160515405 
2115, 105.223686276097 
2116, 109.907113534946 
2117, 113.232702226877 
2118, 116.115415248272 
2119, 114.794573918589 
2120, 110.227023529447 
2121, 110.797147333791 
2122, 100.581867060966 
2123, 108.87706469911 
2124, 141.367646829088 
2125, 155.66593713598 
2126, 174.210692058107 
2127, 183.395051929425 
2128, 180.93192941099 
2129, 165.817251324212 
2130, 171.547033582573 
2131, 182.819092092851 
2132, 198.094497289856 
2133, 226.311575115319 
2134, 244.668109514367 
2135, 260.940986074805 
2136, 275.193815580025 
2137, 289.574712599742 
2138, 298.924334806817 
2139, 309.638841135854 
2140, 310.372356863057 
2141, 301.895447270526 
2142, 294.485439595202 
2143, 263.416636796588 
2144, 260.336174524723 
2145, 275.688676784994 
2146, 285.417056801472 
2147, 323.977860839421 
2148, 357.713876026719 
2149, 369.690765379639 
2150, 365.898194354982 
2151, 373.215488810562 
2152, 363.907190371983 
2153, 374.39585495485 
2154, 405.856789637755 
2155, 421.458846235927 
2156, 436.14099449292 
2157, 447.152881974024 
2158, 444.431141524759 
2159, 455.54301662063 
2160, 482.980362290846 
2161, 492.305166649956 
2162, 497.346067596897 
2163, 502.561675567618 
2164, 490.972234363996 
2165, 484.830907473578 
2166, 489.458074579381 
2167, 506.70399769283 
2168, 516.321902769107 
2169, 528.032353048932 
2170, 537.832142900102 
2171, 542.193061651207 
2172, 556.858406564954 
2173, 578.919579814339 
2174, 596.885592379004 
2175, 628.899586329897 
2176, 637.776501905724 
2177, 619.253753220348 
2178, 624.485466428714 
2179, 635.184480901186 
2180, 639.578428332955 
2181, 653.93214522886 
2182, 669.085474772482 
2183, 682.399701865601 
2184, 681.928237584215 
2185, 691.606546944906 
2186, 700.743124546944 
2187, 715.703174922465 
2188, 723.684945444345 
2189, 744.304040445896 
2190, 782.936364635398 
2191, 806.439021506872 
2192, 830.652772831904 
2193, 843.500665717641 
2194, 850.353049169654 
2195, 851.677930965143 
2196, 841.963637467674 
2197, 834.413422899445 
2198, 815.170036517102 
2199, 809.400845218114 
2200, 803.25166039622 
2201, 807.275809403715 
2202, 825.454720298759 
2203, 844.229857854092 
2204, 868.13908130649 
2205, 898.132316753063 
2206, 922.761923866103 
2207, 950.869543603814 
2208, 967.35414583418 
2209, 975.927790352541 
2210, 984.20475780756 
2211, 984.498785304102 
2212, 990.739142162058 
2213, 997.143312539092 
2214, 1008.52118145905 
2215, 1027.72469020057 
2216, 1037.15785452285 
2217, 1043.39469639627 
2218, 1051.06350976354 
2219, 1050.15183277401 
2220, 1055.26093264294 
2221, 1071.83195728993 
2222, 1077.89758450477 
2223, 1080.1757086628 
2224, 1082.94246210631 
2225, 1075.39993299863 
2226, 1074.47473078195 
2227, 1077.64368142275 
2228, 1081.17777432464 
2229, 1085.68146406642 
2230, 1097.45509145915 
2231, 1102.32406425225 
2232, 1106.07244340597 
2233, 1108.26346595395 
2234, 1108.26305934771 
2235, 1106.69034564824 
2236, 1105.62460178065 
2237, 1100.32228473447 
2238, 1093.02768227972 
2239, 1080.51708512117 
2240, 1059.09864060018 
2241, 1046.88785763715 
2242, 1021.64807556239 
2243, 1023.25897306751 
2244, 1055.26769850039 
2245, 1064.16242178536 
2246, 1087.79148363558 
2247, 1089.9191787578 
2248, 1059.67622835947 
2249, 1045.17625455425 
2250, 1026.50433826554 
2251, 1014.43317329948 
2252, 1015.4872431117 
2253, 1008.35763309041 
2254, 1003.31983082792 
2255, 985.633015928711 
2256, 961.42267169313 
2257, 947.789523509414 
2258, 933.665464704145 
2259, 920.672198892147 
2260, 912.502413509702 
2261, 908.733867682519 
2262, 902.342359000625 
2263, 900.862401504054 
2264, 893.651169990878 
2265, 880.215966205424 
2266, 873.978931368357 
2267, 871.511065184684 
2268, 862.87067258376 
2269, 855.89551786729 
2270, 846.43739123238 
2271, 830.247450474703 
2272, 817.269825332657 
2273, 811.36149973824 
2274, 793.8085038237 
2275, 769.954490198862 
2276, 745.108378220095 
2277, 699.069140801912 
2278, 678.2382482061 
2279, 676.264304724559 
2280, 665.612814269571 
2281, 663.868258527968 
2282, 668.540003929133 
2283, 643.900729627124 
2284, 614.622176379803 
2285, 596.746751579293 
2286, 568.039984595984 
2287, 555.363285749143 
2288, 543.415637597628 
2289, 524.737431505433 
2290, 501.182349369031 
2291, 488.92579286305 
2292, 474.021929676411 
2293, 468.263537970921 
2294, 474.779362730066 
2295, 471.537756982916 
2296, 474.395556615191 
2297, 465.161993079605 
2298, 447.766479199922 
2299, 429.608497611067 
2300, 396.759696053389 
2301, 378.785831693286 
2302, 368.433836402878 
2303, 359.151085054902 
2304, 357.383560190904 
2305, 350.934604301853 
2306, 340.605569600181 
2307, 334.43142848509 
2308, 332.680808816187 
2309, 326.459245123278 
2310, 315.388274883195 
2311, 313.532647294826 
2312, 319.086737141076 
2313, 318.051340143303 
2314, 327.481720612671 
2315, 320.565688516189 
2316, 308.810500890378 
2317, 286.345763727336 
2318, 237.95724322581 
2319, 213.605238723435 
2320, 195.581334933339 
2321, 179.645262851833 
2322, 192.305786640581 
2323, 201.849890305573 
2324, 194.298985278402 
2325, 194.265022595724 
2326, 205.019868004225 
2327, 197.119534388018 
2328, 189.833642809113 
2329, 179.826472226771 
2330, 171.019650512928 
2331, 157.434275683264 
2332, 149.283510090882 
2333, 143.335727533742 
2334, 141.025474527386 
2335, 136.625085825191 
2336, 138.614323830464 
2337, 156.682007353123 
2338, 154.514371450065 
2339, 146.554474176473 
2340, 135.088125980874 
2341, 104.157035903226 
2342, 96.0121664578461 
2343, 91.1617444378277 
2344, 98.652034271745 
2345, 135.190283177037 
2346, 136.793266992628 
2347, 129.94434585114 
2348, 124.631498958666 
2349, 99.6395221681409 
2350, 85.2528189689907 
2351, 75.5525004917624 
2352, 70.0372744869054 
2353, 56.4119985647418 
2354, 57.3822379868737 
2355, 88.1522188055476 
2356, 92.1833227473625 
2357, 84.7868567207491 
2358, 85.5798239289851 
2359, 75.1631153323937 
2360, 67.6913859011853 
2361, 73.5662273147996 
2362, 70.2721928119618 
2363, 53.2153874748388 
2364, 45.5124425764384 
2365, 47.3043904376663 
2366, 50.7300108121902 
2367, 45.1380985225033 
2368, 55.6003666008773 
2369, 75.6072422596384 
2370, 62.5863974154901 
2371, 68.2079180705856 
2372, 62.5129634496586 
2373, 30.0747898929598 
2374, 35.5348232065064 
2375, 57.4797366432186 
2376, 70.5030109080203 
2377, 70.6637706884217 
2378, 80.6733302161022 
2379, 87.58066005611 
2380, 74.7987234894505 
2381, 88.2625716871228 
2382, 107.00108429911 
2383, 94.5643406497226 
2384, 86.6798305343204 
2385, 77.6843300567917 
2386, 56.7848365381729 
2387, 48.3440123183571 
2388, 47.4997958779524 
2389, 48.3143813312188 
2390, 30.4736350458521 
2391, 4.1081834379019 
2392, 0.395947652195495 
2393, 12.4440230692502 
2394, 30.0009912025474 
2395, 52.1914958781114 
2396, 65.5046666868989 
2397, 58.5893414097414 
2398, 48.0968650987953 
2399, 34.159902947062 
2400, 18.07488591111 
2401, 16.2214269171376 
2402, 18.6548689602563 
2403, 41.4382603903189 
2404, 55.7222292447481 
2405, 49.5301563978028 
2406, 29.0061263032784 
2407, 22.1715849753888 
2408,-2.96876245104138 
2409, 0.12790059715641 
2410, 30.3958734742743 
2411, 26.936545143599 
2412, 10.6868913011496 
2413, 6.50699321773658 
2414,-1.35178417007571 
2415,-9.32506832286159 
2416,-7.2860399765453 
2417,-7.19573125272648 
2418,-17.7469571417054 
2419,-18.30716242486 
2420,-8.94375137566236 
2421,-7.02143161150379 
2422,-6.22013729740124 
2423,-11.1566946994589 
2424,-19.8622790122293 
2425,-16.1137478903188 
2426,-15.8219082675277 
2427,-11.8645491544557 
2428, 3.1760970082543 
2429, 15.2976852040902 
2430, 29.0829578280586 
2431, 38.0185741466622 
2432, 53.6984816482036 
2433, 49.9286593579392 
2434, 28.2098348855467 
2435, 10.726800108038 
2436,-21.8446752910749 
2437,-20.2077302392965 
2438, 1.42149495341937 
2439, 12.1048769598325 
2440, 39.762602733028 
2441, 39.2921010771649 
2442, 12.1655382896634 
2443, 7.95198177201446 
2444, 11.3384399310924 
2445, 10.1760050257608 
2446, 12.3781802794474 
2447, 15.0526312590075 
2448, 12.9390527065669 
2449, 6.81384075102245 
2450,-22.1898209691898 
2451,-55.6248465992363 
2452,-69.4291235503337 
2453,-58.9917656732202 
2454,-52.1635700951713 
2455,-32.4770785416253 
2456,-13.5401846993849 
2457,-16.4680458379973 
2458, 18.8213463711777 
2459, 46.6822619917879 
2460, 41.9600593036014 
2461, 42.6140313933192 
2462, 40.5704913743233 
2463, 27.7414832277068 
2464, 23.8117216204968 
2465, 15.6601870107476 
2466, 2.64089992117921 
2467, 12.7378752664652 
2468, 24.7826872850086 
2469, 37.0194382273937 
2470, 39.729390183331 
2471, 33.0607013562246 
2472, 19.8502799158483 
2473, 17.7929545635699 
2474, 28.6176700791644 
2475, 26.9462610062402 
2476, 26.1968366896123 
2477, 15.7784825176641 
2478, 4.15855102927989 
2479,-4.05362573220575 
2480,-0.374279105213631 
2481, 13.0938785324153 
2482, 9.21026438453832 
2483, 6.02155525465466 
2484, 1.11240194970607 
2485,-2.66023171973831 
2486, 13.334913054704 
2487, 24.7678922554557 
2488, 31.0338442369258 
2489, 27.9091259059751 
2490, 1.68907870344528 
2491,-22.4811380204815 
2492,-36.7324689543586 
2493,-31.5216571927652 
2494,-11.7786715272843 
2495, 18.9555551047929 
2496, 45.8391914997971 
2497, 33.5837061281812 
2498, 27.711417073585 
2499, 2.73141583532834 
2500,-8.75779767855336 
