Wavelength,0212202100025.asd
350, 3759.02845073677 
351, 3949.81012386841 
352, 4124.97196860541 
353, 4275.14847373981 
354, 4424.07013100842 
355, 4579.82034265493 
356, 4743.02375735473 
357, 4906.51751050769 
358, 5074.78537056201 
359, 5255.81760715162 
360, 5460.8153020298 
361, 5706.55748440773 
362, 5984.75176426875 
363, 6283.25422918611 
364, 6588.81133517044 
365, 6899.57720227982 
366, 7193.43640884621 
367, 7445.8784589654 
368, 7635.79333257756 
369, 7743.69786931035 
370, 7780.55582817198 
371, 7772.5240932921 
372, 7745.9281951313 
373, 7736.93740324615 
374, 7750.73451621915 
375, 7770.1017540528 
376, 7791.86800121096 
377, 7801.17293608137 
378, 7779.09953522894 
379, 7703.83720959934 
380, 7609.55543533891 
381, 7505.22054901563 
382, 7389.49609821995 
383, 7248.02270230012 
384, 7108.9981730403 
385, 7020.06231978259 
386, 7033.96250854075 
387, 7181.54668444499 
388, 7377.67172719865 
389, 7543.12862245792 
390, 7624.60935608629 
391, 7718.08412741178 
392, 7802.85021613675 
393, 7863.06785335337 
394, 7933.36650612979 
395, 8117.20085625256 
396, 8461.09875744378 
397, 8979.98426429633 
398, 9687.3992816577 
399, 10489.1667092513 
400, 11313.9118434825 
401, 12116.9414930494 
402, 12862.7996072681 
403, 13476.3905417917 
404, 13929.4040733735 
405, 14282.0632128188 
406, 14561.729394379 
407, 14816.2527675569 
408, 15101.3355555033 
409, 15480.0669755263 
410, 15931.0175459156 
411, 16427.0062285686 
412, 16939.048091327 
413, 17451.1917747418 
414, 17957.2591306918 
415, 18441.2523458588 
416, 18864.6850989546 
417, 19275.3905928795 
418, 19696.1992919432 
419, 20126.1569958326 
420, 20504.1084110429 
421, 20888.9805137611 
422, 21307.0592182871 
423, 21749.8773671518 
424, 22155.0128682471 
425, 22472.8150112409 
426, 22655.9695272563 
427, 22649.9154686388 
428, 22568.6846510137 
429, 22606.2210304548 
430, 22904.846398052 
431, 23319.2104205231 
432, 23878.2760959312 
433, 24701.0382175715 
434, 25916.6735442731 
435, 27157.7121087028 
436, 28103.3408819773 
437, 28706.6874286985 
438, 29349.1945852821 
439, 29999.494021304 
440, 30616.7006472827 
441, 31192.4737163158 
442, 31918.0615245838 
443, 32669.9217830134 
444, 33355.6289591186 
445, 33921.9681412266 
446, 34377.553451672 
447, 34792.7736444688 
448, 35238.0352974504 
449, 35778.5312238928 
450, 36213.664923252 
451, 36433.8492068414 
452, 36412.6650245389 
453, 36308.8219500731 
454, 36102.5747147092 
455, 35850.4192123907 
456, 35676.9972523163 
457, 35633.0426519078 
458, 35639.0593652191 
459, 35611.4911444133 
460, 35514.2035533808 
461, 35371.7636360871 
462, 35215.6646244108 
463, 35059.8655835206 
464, 34815.5411907576 
465, 34448.9035738525 
466, 34005.3304210173 
467, 33604.0592135425 
468, 33264.1263239414 
469, 33013.2710646569 
470, 32864.4543670855 
471, 32811.0957695954 
472, 32776.5434388896 
473, 32770.2007541874 
474, 32823.307868335 
475, 32810.7091516676 
476, 32776.7559365363 
477, 32761.8610260305 
478, 32781.21178048 
479, 32889.7684082012 
480, 33033.6385991695 
481, 33123.6773918429 
482, 33080.6898167273 
483, 32808.4875607081 
484, 32261.75552112 
485, 31473.2281654733 
486, 30734.8422557158 
487, 30229.9801808956 
488, 30102.9757105446 
489, 30483.1479277303 
490, 31040.5624033004 
491, 31482.3707211434 
492, 31634.5640312774 
493, 31692.7487635237 
494, 31786.8653826473 
495, 31971.1307509222 
496, 32215.2911422694 
497, 32279.578805378 
498, 32177.0618147852 
499, 31968.0878462642 
500, 31690.3529114378 
501, 31490.8136165618 
502, 31422.7352567497 
503, 31503.2717318135 
504, 31816.5619336914 
505, 32233.1574844672 
506, 32640.7662340118 
507, 32965.9472230086 
508, 33207.6181465898 
509, 33397.2306019003 
510, 33580.248507288 
511, 33826.0855362782 
512, 33986.3453687929 
513, 34003.2688382644 
514, 33873.4328307447 
515, 33577.8622519978 
516, 33188.322779144 
517, 32820.9197027781 
518, 32626.9955822073 
519, 32939.0753815711 
520, 33766.701190814 
521, 34898.4411536436 
522, 35819.2013861564 
523, 36501.5168881397 
524, 36980.3421963096 
525, 37329.5790819004 
526, 37470.2173206343 
527, 37529.2197885284 
528, 37742.3826200213 
529, 38533.3372098446 
530, 39534.2026059514 
531, 40348.660889945 
532, 40671.0646633265 
533, 40777.9281399914 
534, 40968.69091659 
535, 41393.6432434541 
536, 42022.6244629709 
537, 42454.2744104013 
538, 42639.8979107451 
539, 42656.4977824375 
540, 42633.3672883821 
541, 42675.8756216154 
542, 42912.598781438 
543, 43434.1605480717 
544, 44009.7576587253 
545, 44501.7392436736 
546, 44838.781773308 
547, 45025.2794457214 
548, 45150.2784729734 
549, 45304.5032743823 
550, 45540.151276183 
551, 45777.3131971808 
552, 45955.9169762436 
553, 46087.0355680307 
554, 46234.9842722949 
555, 46345.4222933659 
556, 46295.2837194165 
557, 46021.2226001438 
558, 45581.2376262006 
559, 45218.1098240906 
560, 45070.143178583 
561, 45178.492690956 
562, 45397.4501440184 
563, 45516.7462881019 
564, 45439.3269083851 
565, 45209.1968635071 
566, 44891.3757969201 
567, 44580.2402930305 
568, 44329.048597188 
569, 44063.5981854242 
570, 43705.4820005686 
571, 43367.4939128294 
572, 43263.405880627 
573, 43335.6638269449 
574, 43340.2637079462 
575, 43130.3268902924 
576, 42750.4761551872 
577, 42416.0986639349 
578, 42246.0267662438 
579, 42293.2399993599 
580, 42513.5681969737 
581, 42905.5728290479 
582, 43379.7984188672 
583, 43767.5776312861 
584, 43998.6331408492 
585, 43969.9234538698 
586, 43677.949017174 
587, 43343.7854148419 
588, 42941.2515275694 
589, 42380.5898257064 
590, 41653.3934377575 
591, 41477.1083784493 
592, 41736.1507343044 
593, 42089.017259858 
594, 42024.6200595719 
595, 41781.5136497884 
596, 41466.3020809746 
597, 41136.351786696 
598, 40767.0084706605 
599, 40319.0630557986 
600, 39836.0126187535 
601, 39417.7939160551 
602, 39094.8545313702 
603, 38928.6463051588 
604, 38915.9309783304 
605, 38954.3848419019 
606, 38854.1039808683 
607, 38620.7892583371 
608, 38340.8133973829 
609, 38062.8620104893 
610, 37797.4501563242 
611, 37560.8332465022 
612, 37371.9165100312 
613, 37163.619789046 
614, 36912.8227746456 
615, 36638.806281595 
616, 36430.3894634161 
617, 36296.8219825099 
618, 36303.0762277686 
619, 36492.0366456424 
620, 36656.756464829 
621, 36662.7151118804 
622, 36472.0601964555 
623, 36156.5060258522 
624, 35807.787987808 
625, 35483.7953574886 
626, 35213.550205483 
627, 34989.218616793 
628, 34753.7586031403 
629, 34518.4618160119 
630, 34349.2916971418 
631, 34363.082253638 
632, 34479.7517285335 
633, 34624.3136366797 
634, 34780.1843197592 
635, 34894.0624848712 
636, 34967.0703505273 
637, 35015.2857395317 
638, 35032.9822668922 
639, 34971.8758080612 
640, 34801.6469122405 
641, 34524.2009524177 
642, 34323.7321819711 
643, 34214.3069803819 
644, 34145.0826152968 
645, 34006.0580297178 
646, 33794.9522623777 
647, 33537.9470704515 
648, 33280.7932239816 
649, 33063.852994174 
650, 32883.5630088958 
651, 32782.2762377925 
652, 32836.0374849673 
653, 32756.3565863966 
654, 32373.6599674549 
655, 31662.5919748644 
656, 30803.846048028 
657, 30207.2594653679 
658, 30263.8103946475 
659, 31137.6209388407 
660, 31893.0368123651 
661, 32290.5764355898 
662, 32366.6556151165 
663, 32402.3683424989 
664, 32359.8251116765 
665, 32304.1454848342 
666, 32288.5804526724 
667, 32289.1204646316 
668, 32272.6355114131 
669, 32242.9679212871 
670, 32217.9083974455 
671, 32142.4109972001 
672, 32056.2179165895 
673, 32007.305961477 
674, 32039.7745066704 
675, 32077.081479392 
676, 32100.0730666189 
677, 32110.908588709 
678, 32126.3420927239 
679, 32130.9571567944 
680, 32122.6920185896 
681, 32106.6882612613 
682, 32086.2747507848 
683, 32012.2954355939 
684, 31744.0814416483 
685, 31027.572391263 
686, 29749.8865070692 
687, 27997.7292146993 
688, 26209.8629085845 
689, 25632.1352157167 
690, 26278.0006917821 
691, 27610.698978595 
692, 28785.5739382497 
693, 29809.7397903767 
694, 30548.4973366461 
695, 30985.5974374213 
696, 31270.271092014 
697, 31501.737660965 
698, 31643.8960258559 
699, 31648.2333259066 
700, 31576.4395311513 
701, 31502.1390069786 
702, 31494.5269753134 
703, 31609.2276378355 
704, 31854.2419611864 
705, 32135.8689586026 
706, 32366.6310957895 
707, 32488.4195775309 
708, 32588.123877986 
709, 32679.2722280508 
710, 32759.1370934924 
711, 32844.2903381208 
712, 32897.8663888982 
713, 32909.8293639213 
714, 32876.3392200828 
715, 32739.7977785491 
716, 32370.4842507504 
717, 31705.9539609568 
718, 30781.3193009852 
719, 30013.7010344561 
720, 29752.7747264615 
721, 30129.8117145677 
722, 30865.223529853 
723, 31344.469975354 
724, 31395.9054562883 
725, 31178.2863363523 
726, 31162.225835823 
727, 31257.6389472935 
728, 31359.5953093906 
729, 31414.1601889317 
730, 31595.7817956091 
731, 31935.8237027851 
732, 32397.3680599519 
733, 32882.9496693987 
734, 33290.113024981 
735, 33535.6883333075 
736, 33585.6382627051 
737, 33541.1114616554 
738, 33473.2163477761 
739, 33397.9237468797 
740, 33291.7984280595 
741, 33250.465004306 
742, 33282.3345690512 
743, 33372.8306791075 
744, 33500.7365318874 
745, 33580.260121026 
746, 33608.5059118432 
747, 33603.4734390044 
748, 33549.1083835578 
749, 33427.9415056171 
750, 33267.8536960701 
751, 33127.2073663076 
752, 33056.6941863922 
753, 33038.1948878085 
754, 33032.3989906396 
755, 32984.4503802439 
756, 32817.9148094772 
757, 32135.3337967711 
758, 30274.4893143477 
759, 26063.1952120871 
760, 19953.9715214016 
761, 14132.1575065946 
762, 11128.2903562255 
763, 11350.0779842789 
764, 13205.372636117 
765, 15943.2319111325 
766, 19552.530563325 
767, 23400.0877115666 
768, 26669.0222219658 
769, 28885.0653510982 
770, 30091.9495720918 
771, 30665.6941146931 
772, 30873.4867451293 
773, 30910.4237036083 
774, 30874.9523812368 
775, 30787.5861335854 
776, 30679.7482495105 
777, 30572.0247648532 
778, 30432.0870220595 
779, 30270.0449412552 
780, 30110.5620955776 
781, 29981.7554861111 
782, 29839.1057661953 
783, 29670.6883848426 
784, 29483.16240773 
785, 29302.4546212396 
786, 29122.9998743206 
787, 28918.6085135016 
788, 28667.0924378543 
789, 28371.124501215 
790, 28055.3933232324 
791, 27724.7525352899 
792, 27381.7560679873 
793, 27054.5846119173 
794, 26790.7607026916 
795, 26620.5088101811 
796, 26546.2559430754 
797, 26489.0168120326 
798, 26379.7908967217 
799, 26190.5588616528 
800, 25944.3390952057 
801, 25678.6154327518 
802, 25432.4044136485 
803, 25220.3280675888 
804, 25007.2190880611 
805, 24815.1198776313 
806, 24637.3003468932 
807, 24450.2469634526 
808, 24210.4653350313 
809, 23929.6799955297 
810, 23628.1585333095 
811, 23318.258739446 
812, 22949.7899382446 
813, 22464.5148348565 
814, 21852.6099955431 
815, 21160.9477787314 
816, 20512.2095371841 
817, 19990.9374332727 
818, 19653.2005823196 
819, 19524.174473306 
820, 19464.6888541578 
821, 19377.7739781657 
822, 19225.0490527554 
823, 19058.512509359 
824, 18950.2094965459 
825, 18956.3427475827 
826, 19051.4587986256 
827, 18986.6202311767 
828, 18775.8264939905 
829, 18505.705403692 
830, 18287.9364160888 
831, 18130.9215236471 
832, 18005.203128958 
833, 17897.2290024447 
834, 17811.2198075467 
835, 17760.7352321019 
836, 17725.575116354 
837, 17674.8106687894 
838, 17574.1353321019 
839, 17433.2308181147 
840, 17267.3340373975 
841, 17088.6861402611 
842, 16900.8853451659 
843, 16705.5149119317 
844, 16512.9160129707 
845, 16328.993595828 
846, 16148.9740578366 
847, 15926.3818508014 
848, 15658.9306681054 
849, 15363.7114581347 
850, 15062.6450803549 
851, 14716.0808151463 
852, 14361.9529176389 
853, 14067.0469099532 
854, 13842.534596064 
855, 13660.5214528858 
856, 13575.6217342512 
857, 13661.4021654965 
858, 13786.8854940279 
859, 13806.3888726429 
860, 13696.6221775742 
861, 13541.1908097873 
862, 13353.6886487489 
863, 13116.0487382509 
864, 12832.5029641557 
865, 12538.3022464618 
866, 12260.5113076392 
867, 12027.0799832571 
868, 11875.1510041879 
869, 11850.1201481455 
870, 11873.6539219801 
871, 11852.3092716333 
872, 11744.6256524779 
873, 11602.9165945264 
874, 11447.9167837553 
875, 11292.3204689682 
876, 11141.4243949065 
877, 10993.8762636884 
878, 10850.0439922761 
879, 10708.2366863383 
880, 10566.3293951406 
881, 10422.6147967485 
882, 10279.8004764136 
883, 10143.1362767817 
884, 10015.4038282308 
885, 9890.47841562327 
886, 9756.11702000108 
887, 9614.76906195376 
888, 9474.78057897093 
889, 9339.418572923 
890, 9204.65486379694 
891, 9057.80913391782 
892, 8883.50370640254 
893, 8673.46304082808 
894, 8432.98855636958 
895, 8168.46117035498 
896, 7888.2413597681 
897, 7603.57580685907 
898, 7335.3561520167 
899, 7109.57232775843 
900, 6948.63353563955 
901, 6850.72486154772 
902, 6799.23478488353 
903, 6770.70874081345 
904, 6740.72923967121 
905, 6700.77489023696 
906, 6630.1692310021 
907, 6514.07713199199 
908, 6352.40546472825 
909, 6187.74750861672 
910, 6045.3976200019 
911, 5937.0991370773 
912, 5860.73484506423 
913, 5799.07663646836 
914, 5737.70308174745 
915, 5673.31274237632 
916, 5612.39845569183 
917, 5565.88144992424 
918, 5527.43078446772 
919, 5490.17567518749 
920, 5449.47146118136 
921, 5409.63435179477 
922, 5356.29638808411 
923, 5282.03799025196 
924, 5185.35315739362 
925, 5059.74881156231 
926, 4910.19998872846 
927, 4733.17435391464 
928, 4520.127757423 
929, 4270.91219028679 
930, 3989.45590763264 
931, 3689.65871643593 
932, 3394.44849275317 
933, 3134.53743795854 
934, 2926.34501555385 
935, 2781.37488717906 
936, 2703.09453056107 
937, 2680.54028342851 
938, 2693.2478318349 
939, 2718.97604426012 
940, 2740.23356869772 
941, 2757.52756298803 
942, 2759.65707479594 
943, 2734.23096332154 
944, 2677.47137952139 
945, 2609.20542306552 
946, 2551.79310359512 
947, 2515.4648022077 
948, 2499.23493097484 
949, 2491.19690183784 
950, 2481.59194240408 
951, 2468.65076819851 
952, 2453.73491146865 
953, 2436.82679596525 
954, 2421.68070118215 
955, 2406.7746667907 
956, 2391.7485335748 
957, 2381.2846675039 
958, 2372.59645723798 
959, 2365.66984508381 
960, 2360.74437861942 
961, 2357.49791116932 
962, 2355.02580653079 
963, 2354.60877623034 
964, 2355.23049142442 
965, 2353.19845427575 
966, 2350.57162364224 
967, 2341.85106218786 
968, 2326.84756744253 
969, 2310.21033453606 
970, 2289.09804799229 
971, 2263.26377595817 
972, 2231.68162779451 
973, 2193.27219436855 
974, 2148.91103589317 
975, 2103.57257819785 
976, 2059.05331499853 
977, 2016.5741493128 
978, 1981.98581406009 
979, 1951.55542217699 
980, 1924.56613575612 
981, 1899.92628600853 
982, 1873.42498126016 
983, 1846.61034054796 
984, 1818.94404283739 
985, 1789.30596957644 
986, 1756.68756412066 
987, 1723.21538974898 
988, 1688.93731734839 
989, 1653.63384935319 
990, 1617.43782382749 
991, 1582.13604673227 
992, 1545.88373454336 
993, 1509.79640063836 
994, 1476.08725113452 
995, 1440.74055547079 
996, 1405.50474434409 
997, 1369.76838852799 
998, 1333.2824684034 
999, 1300.42471820163 
1000, 1267.03152324583 
1001, 7938.95505376125 
1002, 7912.71202212176 
1003, 7887.21351477884 
1004, 7868.70123217329 
1005, 7854.18809802995 
1006, 7851.54119463616 
1007, 7857.91403884575 
1008, 7873.02594545786 
1009, 7895.39947473764 
1010, 7932.8594130295 
1011, 7960.40665478372 
1012, 7990.57086659379 
1013, 8021.61831847521 
1014, 8045.38692838802 
1015, 8070.51163956339 
1016, 8105.01060115413 
1017, 8135.25986266574 
1018, 8166.0673679298 
1019, 8202.32062665892 
1020, 8241.33057380321 
1021, 8288.51979123338 
1022, 8333.80718449992 
1023, 8382.24774257955 
1024, 8430.72230576492 
1025, 8482.75495596438 
1026, 8536.19020787481 
1027, 8590.47196753732 
1028, 8641.48480143608 
1029, 8685.34541410792 
1030, 8720.15580934906 
1031, 8756.90852687932 
1032, 8795.72369230907 
1033, 8825.90011873838 
1034, 8853.47238699827 
1035, 8885.73156030847 
1036, 8917.74522505762 
1037, 8948.44316946986 
1038, 8986.62595753553 
1039, 9026.32686261037 
1040, 9055.30566558612 
1041, 9083.35306491285 
1042, 9103.43096647622 
1043, 9119.57659405882 
1044, 9143.53009869726 
1045, 9167.8595990763 
1046, 9195.24197330286 
1047, 9220.8970250304 
1048, 9249.00215041399 
1049, 9273.46161152599 
1050, 9297.26920969494 
1051, 9322.22908610476 
1052, 9355.80956857405 
1053, 9394.14244952868 
1054, 9428.228655612 
1055, 9466.59591872606 
1056, 9505.33362293365 
1057, 9540.72398034559 
1058, 9583.26001991837 
1059, 9635.67738453501 
1060, 9693.59325582091 
1061, 9756.77517267985 
1062, 9826.66169091962 
1063, 9905.95967215414 
1064, 9984.91308552603 
1065, 10069.7664359426 
1066, 10164.3107839037 
1067, 10259.7745806756 
1068, 10364.4958780648 
1069, 10473.229231103 
1070, 10593.6786267651 
1071, 10734.0769516913 
1072, 10871.428841017 
1073, 11010.5543379154 
1074, 11164.9729955234 
1075, 11302.9982480731 
1076, 11434.4939486441 
1077, 11563.7997756985 
1078, 11680.0111705791 
1079, 11781.7526744913 
1080, 11867.609233306 
1081, 11948.3640639637 
1082, 12023.9194008275 
1083, 12089.348338097 
1084, 12154.0875973589 
1085, 12209.5357680191 
1086, 12263.6741048768 
1087, 12318.9970990097 
1088, 12361.8874799403 
1089, 12403.5417793325 
1090, 12428.6353261864 
1091, 12442.7648007187 
1092, 12439.4155114087 
1093, 12423.5781332055 
1094, 12404.7696730328 
1095, 12383.1682847984 
1096, 12359.3515817342 
1097, 12342.8849555079 
1098, 12321.5482852398 
1099, 12297.9777392968 
1100, 12273.3705095582 
1101, 12247.1905836475 
1102, 12219.8118330861 
1103, 12187.2946853663 
1104, 12165.7902985865 
1105, 12114.8219182033 
1106, 12046.607522065 
1107, 11955.1829290334 
1108, 11808.3915375055 
1109, 11621.1555260892 
1110, 11371.6596238079 
1111, 11061.0218924472 
1112, 10703.3219080776 
1113, 10271.9224677672 
1114, 9836.1045050516 
1115, 9324.73206996457 
1116, 8866.1062018317 
1117, 8365.85649579945 
1118, 7943.32929149151 
1119, 7555.3455798363 
1120, 7206.80680215067 
1121, 6914.015371901 
1122, 6679.55623767146 
1123, 6514.43393828494 
1124, 6404.32229787723 
1125, 6354.19340622584 
1126, 6391.59951821273 
1127, 6426.07726391322 
1128, 6515.91218116094 
1129, 6602.51195733309 
1130, 6716.5096782233 
1131, 6829.14002235784 
1132, 6943.44409751589 
1133, 7081.23177012737 
1134, 7227.06275307279 
1135, 7383.72344311976 
1136, 7609.97285719957 
1137, 7849.14180165679 
1138, 8084.58345173775 
1139, 8308.3009529215 
1140, 8453.67764580375 
1141, 8556.19344492767 
1142, 8600.99703920813 
1143, 8558.62945368795 
1144, 8538.96459556279 
1145, 8419.17009195049 
1146, 8411.83359533243 
1147, 8410.85248996423 
1148, 8493.72603976653 
1149, 8655.61832326071 
1150, 8858.92508320137 
1151, 9128.34033872129 
1152, 9428.22809917495 
1153, 9730.94011981667 
1154, 10076.4968681432 
1155, 10403.9313275342 
1156, 10746.2927397066 
1157, 11064.1232047259 
1158, 11388.6994729192 
1159, 11683.1100315817 
1160, 11962.0746501023 
1161, 12215.1862265208 
1162, 12456.7032597657 
1163, 12663.8534237175 
1164, 12838.955587156 
1165, 12992.6759938013 
1166, 13120.692336136 
1167, 13220.6272555217 
1168, 13301.806772758 
1169, 13361.2350452483 
1170, 13396.8042420452 
1171, 13406.4755573072 
1172, 13402.0409333451 
1173, 13372.3403188825 
1174, 13333.551095142 
1175, 13272.3927264213 
1176, 13209.9194568601 
1177, 13129.5138036509 
1178, 13053.8766538489 
1179, 12972.6294965319 
1180, 12894.7565828405 
1181, 12810.6749471416 
1182, 12736.0623063403 
1183, 12672.3639016828 
1184, 12608.6409254721 
1185, 12568.4264885217 
1186, 12542.5798162721 
1187, 12530.7992476462 
1188, 12540.9150217641 
1189, 12549.6868826235 
1190, 12588.624028291 
1191, 12595.2655773406 
1192, 12603.5260940227 
1193, 12587.2710558297 
1194, 12550.1028247546 
1195, 12497.7499437754 
1196, 12423.6176824952 
1197, 12341.1597703298 
1198, 12252.3457756938 
1199, 12137.3946624178 
1200, 12051.5735470481 
1201, 11964.940800043 
1202, 11897.2674141141 
1203, 11842.2495020194 
1204, 11800.2435617605 
1205, 11772.8496506733 
1206, 11751.7385599786 
1207, 11744.8611007324 
1208, 11742.9661427866 
1209, 11751.2891794455 
1210, 11760.6586224945 
1211, 11783.0706600789 
1212, 11799.2540938251 
1213, 11814.2272027052 
1214, 11830.3686592209 
1215, 11839.5057245018 
1216, 11848.4346324075 
1217, 11845.1566053034 
1218, 11835.9311998707 
1219, 11818.3869578435 
1220, 11784.4085613558 
1221, 11759.5405713709 
1222, 11728.5213770329 
1223, 11704.8714266954 
1224, 11687.350349902 
1225, 11669.2278861926 
1226, 11651.2966390207 
1227, 11637.3451209978 
1228, 11629.5198617304 
1229, 11617.8630302625 
1230, 11606.0286050952 
1231, 11599.8120606518 
1232, 11580.628378698 
1233, 11554.0494214859 
1234, 11527.7419539537 
1235, 11498.6839567836 
1236, 11462.4782611923 
1237, 11424.0901762508 
1238, 11379.2975521953 
1239, 11321.7712334763 
1240, 11269.4994747325 
1241, 11215.4471622671 
1242, 11161.9290605827 
1243, 11107.7779526047 
1244, 11055.4757538438 
1245, 11002.8598924829 
1246, 10954.3566126441 
1247, 10900.088257613 
1248, 10850.2601383795 
1249, 10784.9090227476 
1250, 10713.8310810243 
1251, 10632.4983549637 
1252, 10542.9393570652 
1253, 10442.5767243319 
1254, 10337.8802602151 
1255, 10213.6708769893 
1256, 10076.5972161706 
1257, 9924.92321675376 
1258, 9753.08502352105 
1259, 9575.67015309921 
1260, 9373.12826641634 
1261, 9183.48331155691 
1262, 8983.72723063092 
1263, 8793.2247693984 
1264, 8632.0461708428 
1265, 8473.48100806014 
1266, 8372.17895401635 
1267, 8291.06306539274 
1268, 8275.93548762014 
1269, 8308.57828334953 
1270, 8388.06012720275 
1271, 8544.44136818775 
1272, 8689.16602760001 
1273, 8888.92523577153 
1274, 9056.87676448872 
1275, 9236.95496164543 
1276, 9386.65521221585 
1277, 9523.78527862313 
1278, 9642.46472575693 
1279, 9736.89447579867 
1280, 9816.55800055435 
1281, 9893.12384270157 
1282, 9969.11535003504 
1283, 10047.9983083564 
1284, 10128.9292397687 
1285, 10205.0721775314 
1286, 10284.1449783314 
1287, 10351.1932047998 
1288, 10416.5826832799 
1289, 10465.7728984087 
1290, 10502.9369697616 
1291, 10534.0163377458 
1292, 10552.7881229948 
1293, 10567.0176560375 
1294, 10573.749343643 
1295, 10576.7299258019 
1296, 10573.7328107392 
1297, 10564.3531401648 
1298, 10550.2156743918 
1299, 10530.1884293835 
1300, 10501.6668810056 
1301, 10473.6593119431 
1302, 10444.3471119389 
1303, 10413.8775790746 
1304, 10380.3076213315 
1305, 10345.8168821556 
1306, 10305.7320134348 
1307, 10260.2403759137 
1308, 10215.0319069971 
1309, 10166.0142050553 
1310, 10117.8434956864 
1311, 10067.5389072764 
1312, 10020.2121318051 
1313, 9971.78402421324 
1314, 9926.52470552319 
1315, 9879.49000476507 
1316, 9842.08208352607 
1317, 9809.01251814971 
1318, 9784.55616927072 
1319, 9762.75715179116 
1320, 9738.77209739176 
1321, 9709.8939423515 
1322, 9668.68284075865 
1323, 9608.45749657728 
1324, 9541.64161794328 
1325, 9444.73072624683 
1326, 9320.39027134438 
1327, 9188.29868123802 
1328, 9019.89474976039 
1329, 8876.20323608711 
1330, 8712.0466317574 
1331, 8591.09656202502 
1332, 8489.90850573865 
1333, 8411.61081209681 
1334, 8373.52941161454 
1335, 8330.26556324066 
1336, 8307.08928816761 
1337, 8284.36081836936 
1338, 8252.04237155958 
1339, 8186.98522383192 
1340, 8074.40912244241 
1341, 7912.51044713494 
1342, 7675.93205478386 
1343, 7377.71476461801 
1344, 7016.54407198173 
1345, 6574.64696876793 
1346, 6106.06527358677 
1347, 5558.27619434826 
1348, 5030.89611137044 
1349, 4456.84905958066 
1350, 3922.44116566568 
1351, 3368.97688515451 
1352, 2874.98278749237 
1353, 2391.61111791017 
1354, 1971.34844119599 
1355, 1597.43661906746 
1356, 1277.74418661819 
1357, 1008.57625467048 
1358, 792.478114097212 
1359, 624.001084334108 
1360, 493.512662062837 
1361, 401.517156947406 
1362, 338.1005509059 
1363, 290.453277491575 
1364, 258.691105092503 
1365, 234.165462511653 
1366, 218.549594687704 
1367, 216.828563353699 
1368, 229.036777231261 
1369, 249.961662009584 
1370, 283.9690635314 
1371, 324.747322528002 
1372, 384.65109329467 
1373, 434.066484400166 
1374, 498.959650985366 
1375, 538.726725336531 
1376, 568.749286730087 
1377, 583.1315326949 
1378, 582.999998347482 
1379, 564.669941198604 
1380, 539.241603788956 
1381, 514.533909084562 
1382, 494.007844931771 
1383, 485.40908488304 
1384, 491.657450522981 
1385, 520.395572440283 
1386, 566.06617615413 
1387, 628.034904507922 
1388, 685.087149144705 
1389, 761.890646902132 
1390, 810.162467002439 
1391, 851.27650363025 
1392, 878.605227781523 
1393, 884.72307931351 
1394, 897.21488893765 
1395, 898.620079271634 
1396, 907.906415675287 
1397, 915.468341687592 
1398, 933.179800905629 
1399, 958.454725067349 
1400, 984.345838193134 
1401, 1016.81978858287 
1402, 1049.94814450693 
1403, 1083.55033956532 
1404, 1119.01284437853 
1405, 1155.82166140419 
1406, 1201.22331587814 
1407, 1253.76853619137 
1408, 1311.47976927678 
1409, 1379.27790206715 
1410, 1456.15212119795 
1411, 1530.12594592372 
1412, 1609.58484138841 
1413, 1683.44984591178 
1414, 1760.31059938159 
1415, 1823.04990026198 
1416, 1880.43821334686 
1417, 1930.87204721712 
1418, 1974.04762234262 
1419, 2007.98872404224 
1420, 2031.97460554856 
1421, 2053.65514150059 
1422, 2068.93593225242 
1423, 2077.30509208331 
1424, 2090.52314938043 
1425, 2083.17415600738 
1426, 2060.86373099109 
1427, 2026.82564351315 
1428, 1980.93727123397 
1429, 1917.64614879187 
1430, 1841.73628942527 
1431, 1765.2756852223 
1432, 1687.19939476603 
1433, 1608.35507925438 
1434, 1539.06918484183 
1435, 1479.69156338847 
1436, 1424.36834454768 
1437, 1374.29360832578 
1438, 1327.94617539835 
1439, 1287.85182731714 
1440, 1250.34785677106 
1441, 1217.05144231528 
1442, 1184.98179441385 
1443, 1157.26155326768 
1444, 1129.10691890678 
1445, 1103.23035566768 
1446, 1076.25999995415 
1447, 1051.47964028673 
1448, 1023.46752640848 
1449, 990.295630565356 
1450, 962.292789725442 
1451, 934.707897762779 
1452, 909.812410866835 
1453, 889.722397389352 
1454, 868.969783023062 
1455, 851.137725105876 
1456, 830.159055115999 
1457, 807.336908103813 
1458, 780.068338357602 
1459, 747.096897766826 
1460, 712.043902255859 
1461, 676.91497507327 
1462, 641.551252224215 
1463, 600.452235060799 
1464, 556.620033043878 
1465, 516.224902594663 
1466, 472.071085410432 
1467, 436.023256626659 
1468, 403.108695481841 
1469, 376.544978921377 
1470, 355.290677531162 
1471, 334.354853079665 
1472, 319.974426816436 
1473, 306.070265491079 
1474, 290.735097110344 
1475, 282.370561519518 
1476, 280.263873253055 
1477, 276.145550725159 
1478, 276.064820095388 
1479, 273.492622459422 
1480, 269.952220755817 
1481, 266.814164897039 
1482, 261.740963762653 
1483, 260.415801180788 
1484, 260.57906326076 
1485, 261.490243154225 
1486, 266.438099832419 
1487, 269.063369417731 
1488, 270.469669635939 
1489, 273.159571717999 
1490, 270.623481653762 
1491, 271.513485623522 
1492, 274.511348800242 
1493, 277.854772452441 
1494, 284.610775793527 
1495, 288.978908431835 
1496, 292.556376604159 
1497, 292.749503285788 
1498, 292.261555453262 
1499, 289.363180883685 
1500, 288.294481595281 
1501, 285.813618957813 
1502, 286.83809372989 
1503, 291.607083864782 
1504, 293.337386486115 
1505, 292.827246825457 
1506, 295.960570305121 
1507, 297.414111035477 
1508, 302.798322961438 
1509, 318.092568987356 
1510, 325.113036387904 
1511, 329.05055883753 
1512, 333.556615786599 
1513, 331.880419232216 
1514, 334.243566187513 
1515, 338.751226063941 
1516, 344.213390810378 
1517, 354.112752828958 
1518, 359.98532804211 
1519, 366.192567983935 
1520, 369.739882682338 
1521, 369.011114424866 
1522, 368.399475669628 
1523, 369.557886866418 
1524, 369.138184304868 
1525, 374.393121544944 
1526, 382.017538344445 
1527, 389.202258909095 
1528, 397.212583438379 
1529, 403.133722031441 
1530, 403.590013691638 
1531, 402.665329804222 
1532, 406.757821959177 
1533, 410.292668164072 
1534, 413.570948245404 
1535, 417.227565684071 
1536, 421.09213297177 
1537, 424.889281634919 
1538, 429.776248070316 
1539, 433.422712368929 
1540, 435.195243544706 
1541, 440.267906766611 
1542, 444.412390366379 
1543, 452.641984814274 
1544, 468.461095580688 
1545, 476.00928151273 
1546, 481.594972013484 
1547, 487.036698607066 
1548, 485.746255372968 
1549, 489.854704351718 
1550, 499.079740947832 
1551, 505.072040518734 
1552, 508.921565621702 
1553, 517.033701196058 
1554, 526.664425681484 
1555, 534.875234844218 
1556, 546.045305322588 
1557, 555.208794227264 
1558, 564.372649934673 
1559, 570.041329720446 
1560, 571.13847520741 
1561, 576.137295872447 
1562, 580.448805737589 
1563, 584.160327119872 
1564, 593.017851068424 
1565, 597.760488741397 
1566, 596.736330171488 
1567, 598.150624887634 
1568, 600.261408151702 
1569, 599.903739461571 
1570, 604.587389502558 
1571, 610.215650157099 
1572, 614.065481627395 
1573, 620.97776679359 
1574, 630.788861218911 
1575, 635.373812244883 
1576, 638.700099742249 
1577, 649.194517180344 
1578, 658.416319337914 
1579, 674.370160505317 
1580, 690.658005813686 
1581, 713.397281514703 
1582, 730.944385945198 
1583, 746.749610405858 
1584, 763.513069821937 
1585, 782.589133913258 
1586, 796.639234572812 
1587, 809.27786822372 
1588, 818.354902390313 
1589, 820.395090962874 
1590, 830.029824272879 
1591, 843.056977954215 
1592, 851.192596960139 
1593, 859.513568579618 
1594, 867.821896510059 
1595, 873.696481206377 
1596, 878.121251157062 
1597, 886.251713798092 
1598, 888.006677577831 
1599, 881.396921424254 
1600, 878.973060342305 
1601, 876.261181463834 
1602, 874.214140698062 
1603, 870.642662369885 
1604, 872.132831544656 
1605, 874.487799492157 
1606, 881.267338582697 
1607, 895.714771782597 
1608, 905.964477936827 
1609, 918.289840441521 
1610, 927.118616554282 
1611, 933.511821506656 
1612, 939.033146291162 
1613, 940.222789096336 
1614, 946.191477346013 
1615, 952.391199147475 
1616, 960.498061159324 
1617, 975.879177118956 
1618, 984.414732659628 
1619, 991.282506685578 
1620, 995.777683248535 
1621, 991.244153800535 
1622, 994.572039175167 
1623, 1001.02372295 
1624, 1007.31720445305 
1625, 1021.2241031983 
1626, 1028.62713457485 
1627, 1033.12675925298 
1628, 1035.00727524346 
1629, 1029.73596243998 
1630, 1029.20472764314 
1631, 1031.72866226948 
1632, 1029.81215184008 
1633, 1026.54770643823 
1634, 1024.79476860618 
1635, 1019.64343890723 
1636, 1016.09199180049 
1637, 1016.96764851761 
1638, 1015.681489045 
1639, 1010.94513281988 
1640, 1008.4284906836 
1641, 1004.45927033286 
1642, 1004.96650393451 
1643, 1009.01794084962 
1644, 1014.07815804124 
1645, 1027.60422079609 
1646, 1033.97597449992 
1647, 1033.3400651261 
1648, 1037.35768502975 
1649, 1039.30834265811 
1650, 1042.65332665529 
1651, 1050.25529539769 
1652, 1059.42099716349 
1653, 1065.81000349844 
1654, 1069.37837945312 
1655, 1077.40376347583 
1656, 1087.5902585 
1657, 1094.77584294902 
1658, 1103.58416381451 
1659, 1108.19443393289 
1660, 1108.75224792736 
1661, 1112.01537408282 
1662, 1116.67716492357 
1663, 1114.84689000984 
1664, 1108.94780457722 
1665, 1110.0706790986 
1666, 1108.69918608501 
1667, 1112.0142792981 
1668, 1123.76544627722 
1669, 1127.99891146786 
1670, 1127.46069414614 
1671, 1133.51805439589 
1672, 1142.72469191748 
1673, 1147.44082812962 
1674, 1153.27553930954 
1675, 1157.71554044313 
1676, 1158.15250387086 
1677, 1160.68350805475 
1678, 1165.33573970543 
1679, 1168.11184818056 
1680, 1168.34665095998 
1681, 1172.23551695593 
1682, 1179.41146658025 
1683, 1181.0840198526 
1684, 1179.6439718006 
1685, 1184.16696676751 
1686, 1188.49865652174 
1687, 1192.56430629028 
1688, 1201.54907300127 
1689, 1208.13758205792 
1690, 1211.19026027773 
1691, 1215.81914307552 
1692, 1224.49883473959 
1693, 1226.71260655497 
1694, 1224.40766757934 
1695, 1222.97549201578 
1696, 1217.99718611558 
1697, 1219.98517538464 
1698, 1225.05200635772 
1699, 1227.34135393696 
1700, 1232.84424870925 
1701, 1234.84294234413 
1702, 1232.37898422824 
1703, 1233.58924152461 
1704, 1236.64977552787 
1705, 1239.26764462601 
1706, 1242.25712263348 
1707, 1243.28417150312 
1708, 1243.86744669756 
1709, 1244.31651685199 
1710, 1243.94487130793 
1711, 1244.09703861412 
1712, 1244.09259654982 
1713, 1246.88723737204 
1714, 1249.66388033921 
1715, 1252.50610146312 
1716, 1256.686056963 
1717, 1252.9282150491 
1718, 1251.57931384798 
1719, 1251.34761738399 
1720, 1249.23184146031 
1721, 1249.32004257308 
1722, 1250.24310455732 
1723, 1248.94971369211 
1724, 1246.56969832098 
1725, 1245.02512135685 
1726, 1245.1025822189 
1727, 1243.5028474329 
1728, 1241.17463653387 
1729, 1237.97782644237 
1730, 1235.03627754688 
1731, 1231.3145320849 
1732, 1226.2744962346 
1733, 1222.27309289037 
1734, 1216.75305439436 
1735, 1212.4667399621 
1736, 1209.00926651723 
1737, 1201.30186636251 
1738, 1193.03538944616 
1739, 1187.51518499881 
1740, 1185.25252590014 
1741, 1189.18360883996 
1742, 1194.43463681224 
1743, 1198.95799309647 
1744, 1202.442590294 
1745, 1202.05764472923 
1746, 1201.09324724802 
1747, 1197.55851707115 
1748, 1197.12570850812 
1749, 1201.8111609652 
1750, 1203.40092338806 
1751, 1203.89455207082 
1752, 1200.26793011162 
1753, 1190.82914361077 
1754, 1183.38306768866 
1755, 1181.53367399583 
1756, 1179.85120119264 
1757, 1181.49610795428 
1758, 1180.99548812058 
1759, 1175.21460469462 
1760, 1173.32819436135 
1761, 1164.91951248584 
1762, 1155.72333905052 
1763, 1144.86075322431 
1764, 1136.35540864154 
1765, 1131.27156744493 
1766, 1124.96357209422 
1767, 1119.96092249809 
1768, 1114.57895428524 
1769, 1108.00287835885 
1770, 1102.55952642897 
1771, 1100.47541501781 
1772, 1090.50587543827 
1773, 1075.96709734163 
1774, 1061.92368676704 
1775, 1042.55003114159 
1776, 1028.3571544471 
1777, 1016.02238712558 
1778, 1004.26823934212 
1779, 992.81225622421 
1780, 984.252304292894 
1781, 982.425670965397 
1782, 974.003013431115 
1783, 962.751835104595 
1784, 953.352917622272 
1785, 941.283850816634 
1786, 929.756948857452 
1787, 922.777193512084 
1788, 908.786932283612 
1789, 886.906661435313 
1790, 870.013494927943 
1791, 856.731061590169 
1792, 837.172382478358 
1793, 816.892056816621 
1794, 794.532259576147 
1795, 768.191832274806 
1796, 738.095119258399 
1797, 702.325252020761 
1798, 660.439123004293 
1799, 620.377622682772 
1800, 588.490826660575 
1801, 3470.12399655829 
1802, 3333.74127373519 
1803, 3215.49096187044 
1804, 3115.57611911358 
1805, 3012.98327249861 
1806, 2918.83048354735 
1807, 2825.90644036758 
1808, 2740.43377378387 
1809, 2660.80806838362 
1810, 2579.80279956728 
1811, 2523.8292132515 
1812, 2431.64316535621 
1813, 2315.95579439512 
1814, 2213.50534142724 
1815, 2089.69479106278 
1816, 1956.83884593837 
1817, 1836.93618075772 
1818, 1724.12059054294 
1819, 1638.97561763008 
1820, 1575.29765296691 
1821, 1511.7078135506 
1822, 1472.39625177899 
1823, 1438.35754203672 
1824, 1390.10443525552 
1825, 1319.51310776565 
1826, 1231.42227819479 
1827, 1129.02765682233 
1828, 1014.42092083127 
1829, 861.502760427807 
1830, 744.748810351051 
1831, 635.608618839568 
1832, 515.373593469036 
1833, 424.509203607658 
1834, 352.111891740423 
1835, 294.886443271482 
1836, 245.998873413097 
1837, 211.992585737272 
1838, 177.549301302338 
1839, 154.012947449463 
1840, 134.460044039 
1841, 142.551369457857 
1842, 170.958288777457 
1843, 204.239997772046 
1844, 255.764504257023 
1845, 284.116051885312 
1846, 285.761702669522 
1847, 274.804108757752 
1848, 251.500823566434 
1849, 244.342058304673 
1850, 228.859537990351 
1851, 215.750379814281 
1852, 186.201064616133 
1853, 183.144814503003 
1854, 165.673158053129 
1855, 134.478941533262 
1856, 148.395285453394 
1857, 154.383260799194 
1858, 171.375922617603 
1859, 200.915886845922 
1860, 258.097772768534 
1861, 294.123397225924 
1862, 339.469106160385 
1863, 364.794337334217 
1864, 370.989504975047 
1865, 396.370233344564 
1866, 376.581561353656 
1867, 340.933672484565 
1868, 296.979196860546 
1869, 225.188979331373 
1870, 180.360214700319 
1871, 145.73251460839 
1872, 119.428889319146 
1873, 103.13644135419 
1874, 100.638920983309 
1875, 99.074455491254 
1876, 118.183733336479 
1877, 138.176549029475 
1878, 163.18037034471 
1879, 208.992364372002 
1880, 240.002499998007 
1881, 257.123411910311 
1882, 289.48526802984 
1883, 333.887996301542 
1884, 338.755889502013 
1885, 366.00848397009 
1886, 374.756698535887 
1887, 359.036811133672 
1888, 357.694853151458 
1889, 332.311897574761 
1890, 316.196607615987 
1891, 300.987104153012 
1892, 286.372856685517 
1893, 273.673373252992 
1894, 269.202420005326 
1895, 235.082892892323 
1896, 206.65064346431 
1897, 176.247526177914 
1898, 142.12340766907 
1899, 129.247413705795 
1900, 111.43876713333 
1901, 92.3205559432993 
1902, 85.4699427221167 
1903, 85.1311941218139 
1904, 84.1044167011333 
1905, 95.9565463905549 
1906, 102.220005958187 
1907, 89.9941722132616 
1908, 69.2671420960644 
1909, 60.7440762721027 
1910, 57.4462167550461 
1911, 53.4273657532052 
1912, 58.1672976220812 
1913, 62.608295926208 
1914, 67.3043969381283 
1915, 65.7950581027077 
1916, 72.6907200820637 
1917, 86.8411657705646 
1918, 83.6243153950021 
1919, 89.6782324772707 
1920, 94.0752684705571 
1921, 94.3727667974446 
1922, 106.479343162055 
1923, 138.508552037547 
1924, 144.450996512656 
1925, 144.014025429497 
1926, 145.313020360674 
1927, 129.388785555538 
1928, 115.504010162299 
1929, 110.902642339699 
1930, 104.33948829396 
1931, 96.809672427842 
1932, 93.1440672667552 
1933, 86.3310422282936 
1934, 73.4674662358673 
1935, 72.8170792930368 
1936, 81.6495301391788 
1937, 80.1003516940174 
1938, 79.9040249804617 
1939, 81.1132163798248 
1940, 68.513360079457 
1941, 46.5500955004764 
1942, 35.043701685791 
1943, 48.8029773575153 
1944, 55.4782514344847 
1945, 73.6650731625104 
1946, 79.0045495649013 
1947, 71.7719783378552 
1948, 73.559060244418 
1949, 74.3639240293136 
1950, 89.2464850819997 
1951, 85.6474472587198 
1952, 83.859061310414 
1953, 62.8256263756444 
1954, 32.4139100404878 
1955, 13.0614196925122 
1956,-10.2881004653777 
1957,-13.2130276409132 
1958,-0.861895022351823 
1959, 4.84749486019872 
1960, 23.8911668997538 
1961, 45.1724454372676 
1962, 35.4400257890178 
1963, 20.7238567744153 
1964, 12.2836104657089 
1965, 3.92907357927954 
1966, 1.20097956043842 
1967, 6.43682024222478 
1968, 9.32544150887592 
1969, 11.6575005119171 
1970, 17.3284311864836 
1971, 34.777628154892 
1972, 41.8810853627273 
1973, 45.3325147009955 
1974, 44.1404172515311 
1975, 43.0929743875256 
1976, 39.9484505963619 
1977, 58.0487740831761 
1978, 65.0306151908328 
1979, 71.9528567373014 
1980, 81.0924968473911 
1981, 86.4594675158005 
1982, 84.3186429427703 
1983, 89.2553615637038 
1984, 98.091483685445 
1985, 102.004254262907 
1986, 105.846072549921 
1987, 109.821464757803 
1988, 104.080192905755 
1989, 90.9815658431293 
1990, 94.6860997209634 
1991, 106.2554999515 
1992, 107.172007163619 
1993, 122.080141173958 
1994, 122.826908083561 
1995, 102.071429516982 
1996, 94.8423243325091 
1997, 96.4992653638053 
1998, 84.1775990877477 
1999, 78.3351933707215 
2000, 74.2136893329888 
2001, 66.2362917670077 
2002, 59.9099642056194 
2003, 52.5004351677726 
2004, 40.8519847329303 
2005, 38.0206037315922 
2006, 37.9118315765219 
2007, 38.4765778263242 
2008, 52.9345931934962 
2009, 51.7133052337568 
2010, 30.9867206747371 
2011, 34.7676363668384 
2012, 30.5369313014088 
2013, 29.3681895600481 
2014, 33.1785488316885 
2015, 52.7106814260991 
2016, 52.1026009803657 
2017, 41.3524088758542 
2018, 36.7116146955591 
2019, 20.3047779877357 
2020, 19.6307489895291 
2021, 31.7078188815767 
2022, 39.2284765299256 
2023, 45.9287921893147 
2024, 69.2327657427182 
2025, 75.2690285856054 
2026, 74.1960048012772 
2027, 79.2526575466868 
2028, 80.0372253154112 
2029, 85.0436586073326 
2030, 98.4176011580234 
2031, 104.090824153288 
2032, 103.789996905283 
2033, 111.738763152774 
2034, 119.475090346256 
2035, 128.369582552771 
2036, 151.818040242453 
2037, 159.037394253683 
2038, 153.817403345381 
2039, 152.260474952841 
2040, 152.328761866608 
2041, 148.165317654371 
2042, 147.789141994882 
2043, 154.111078259532 
2044, 154.747657988318 
2045, 147.132751226054 
2046, 144.204263604281 
2047, 143.025959161032 
2048, 143.667849557337 
2049, 151.37780320627 
2050, 154.021037768492 
2051, 157.149195912991 
2052, 156.480792228898 
2053, 145.91129772623 
2054, 132.918676419989 
2055, 132.328555902161 
2056, 139.355095889476 
2057, 135.146299926865 
2058, 134.514226348391 
2059, 130.7363568467 
2060, 111.409328568005 
2061, 106.419544137862 
2062, 114.433519000482 
2063, 115.701768571946 
2064, 125.167607037801 
2065, 122.9447958346 
2066, 106.226699756071 
2067, 98.247334608788 
2068, 91.4667328829203 
2069, 70.9532844422464 
2070, 77.0591202655503 
2071, 105.470622719248 
2072, 117.899696284039 
2073, 140.497274393939 
2074, 150.928340074128 
2075, 145.354948518592 
2076, 149.933666136733 
2077, 155.224651833175 
2078, 163.028342270003 
2079, 183.272932189468 
2080, 189.345176594632 
2081, 183.126242673448 
2082, 182.074492061361 
2083, 189.49139101852 
2084, 188.8070668882 
2085, 206.477561844161 
2086, 251.441423313114 
2087, 269.459586738914 
2088, 286.18338866354 
2089, 292.303463039299 
2090, 274.636307722363 
2091, 276.639502700036 
2092, 278.235080637284 
2093, 289.104136995026 
2094, 322.284031847457 
2095, 338.719806954432 
2096, 357.497363439236 
2097, 360.681265613993 
2098, 365.477100645986 
2099, 358.178663610475 
2100, 363.091322816875 
2101, 367.368128149901 
2102, 381.289804024864 
2103, 408.751176395525 
2104, 420.279774229751 
2105, 429.356384146643 
2106, 441.818823080048 
2107, 447.128707006613 
2108, 453.450790148081 
2109, 457.767904114502 
2110, 474.019475043799 
2111, 490.909048210297 
2112, 514.117232032511 
2113, 549.482674908974 
2114, 578.481313354763 
2115, 598.317082136146 
2116, 602.939532294046 
2117, 620.493591244515 
2118, 644.190240969387 
2119, 657.177384859653 
2120, 668.287667935307 
2121, 679.88938477931 
2122, 678.600379637167 
2123, 687.270228467825 
2124, 701.530787349426 
2125, 718.99278266683 
2126, 738.914763092865 
2127, 763.413846645101 
2128, 796.330546781134 
2129, 826.099230845348 
2130, 860.633459153889 
2131, 901.889077669689 
2132, 935.795607778714 
2133, 977.045532003233 
2134, 996.864035377787 
2135, 996.825424000049 
2136, 1009.96813604042 
2137, 1008.85327174769 
2138, 1028.33059555242 
2139, 1075.65775575097 
2140, 1101.32918462638 
2141, 1119.37012684923 
2142, 1143.19333229618 
2143, 1163.88702216446 
2144, 1179.24697927443 
2145, 1198.49893274725 
2146, 1216.00455724844 
2147, 1214.47826747595 
2148, 1220.29579660455 
2149, 1234.35863543775 
2150, 1258.2605359408 
2151, 1272.46361386697 
2152, 1284.60330439478 
2153, 1306.14708981288 
2154, 1323.95554482448 
2155, 1348.95990254485 
2156, 1393.70106839163 
2157, 1423.08363007851 
2158, 1445.34644447714 
2159, 1469.34764712268 
2160, 1494.21482745319 
2161, 1511.07012159585 
2162, 1513.60633506743 
2163, 1530.68172581483 
2164, 1552.80696500005 
2165, 1565.77434275218 
2166, 1598.92783673181 
2167, 1650.89593174792 
2168, 1694.00027253334 
2169, 1750.22253672963 
2170, 1779.69819065826 
2171, 1791.56204273805 
2172, 1818.03170800417 
2173, 1830.42799637727 
2174, 1860.34814088068 
2175, 1918.27384455729 
2176, 1952.42888685779 
2177, 1977.29765177985 
2178, 2002.05084244338 
2179, 2015.47935953553 
2180, 2036.54000006547 
2181, 2067.64593312168 
2182, 2088.42296720517 
2183, 2111.90474798998 
2184, 2119.43073871646 
2185, 2121.81960491166 
2186, 2119.30254737057 
2187, 2133.92295248216 
2188, 2155.53689291511 
2189, 2176.27202397648 
2190, 2209.25099177057 
2191, 2232.66780117779 
2192, 2251.02383578501 
2193, 2268.20212689699 
2194, 2295.61624109916 
2195, 2298.49789911738 
2196, 2281.03487123444 
2197, 2273.16806790932 
2198, 2239.32497172398 
2199, 2236.30463515786 
2200, 2255.38105678497 
2201, 2272.9038945455 
2202, 2314.3995824895 
2203, 2340.24125406751 
2204, 2348.90850394558 
2205, 2374.3575659552 
2206, 2406.29576424837 
2207, 2425.32091056601 
2208, 2460.99983635492 
2209, 2518.87938877571 
2210, 2550.59688384147 
2211, 2578.26984161463 
2212, 2596.1345909988 
2213, 2600.45012170461 
2214, 2603.84195123614 
2215, 2590.05853589203 
2216, 2600.7964581588 
2217, 2618.82120498296 
2218, 2637.49670877155 
2219, 2683.51888381721 
2220, 2700.27820049473 
2221, 2692.02894985448 
2222, 2699.80571478759 
2223, 2702.22640447038 
2224, 2709.42538205332 
2225, 2733.41669517057 
2226, 2745.34340753823 
2227, 2745.02975926744 
2228, 2755.19505969924 
2229, 2755.1425610594 
2230, 2749.25543867855 
2231, 2741.48393509653 
2232, 2722.68017832334 
2233, 2719.39501029823 
2234, 2718.6480940695 
2235, 2722.12562901234 
2236, 2737.5594124735 
2237, 2749.81701642773 
2238, 2771.18037419893 
2239, 2771.07348912842 
2240, 2765.13246240086 
2241, 2749.51407902186 
2242, 2710.27260577102 
2243, 2683.74998917952 
2244, 2655.09716258447 
2245, 2636.08074713912 
2246, 2623.41615365306 
2247, 2610.04656713634 
2248, 2616.1860898778 
2249, 2597.43570789656 
2250, 2563.49821993003 
2251, 2529.03368537237 
2252, 2468.96961075427 
2253, 2425.42094368407 
2254, 2410.93711502712 
2255, 2389.11533918524 
2256, 2363.67398821935 
2257, 2347.53750233948 
2258, 2317.94213633172 
2259, 2266.16128183006 
2260, 2236.21284171082 
2261, 2214.90211328463 
2262, 2191.75904558834 
2263, 2172.19022338681 
2264, 2156.99015202068 
2265, 2149.48608274438 
2266, 2132.51256201449 
2267, 2119.47911904012 
2268, 2095.40182029622 
2269, 2056.00423222462 
2270, 2024.15551103739 
2271, 1991.8772594923 
2272, 1958.46703047407 
2273, 1926.89281694013 
2274, 1894.88355310771 
2275, 1853.42999837027 
2276, 1827.59340133292 
2277, 1815.34681366468 
2278, 1794.13443371426 
2279, 1786.68419459504 
2280, 1760.50677689357 
2281, 1709.70291879318 
2282, 1674.21431399822 
2283, 1633.34298181391 
2284, 1593.58895253407 
2285, 1573.91820298583 
2286, 1551.40782041343 
2287, 1530.93241911437 
2288, 1513.21030736846 
2289, 1483.85780087384 
2290, 1445.10774044055 
2291, 1410.73922153845 
2292, 1378.60940188367 
2293, 1330.01595712849 
2294, 1269.53227602372 
2295, 1224.14709742577 
2296, 1159.68982221374 
2297, 1130.03526940093 
2298, 1138.11619784353 
2299, 1123.84588153258 
2300, 1118.97625249605 
2301, 1098.57304752725 
2302, 1056.87603520991 
2303, 1029.98617166191 
2304, 1002.01885849779 
2305, 979.898355793775 
2306, 963.204599288646 
2307, 952.580906152416 
2308, 952.975533856378 
2309, 946.711804784367 
2310, 955.329529833395 
2311, 940.221225974448 
2312, 902.822111814504 
2313, 870.613135903484 
2314, 825.769873743776 
2315, 782.818741790548 
2316, 762.402345759883 
2317, 754.041241091485 
2318, 733.443009554353 
2319, 718.068275043789 
2320, 686.441105386216 
2321, 645.533364555535 
2322, 622.793203343963 
2323, 614.578131422499 
2324, 630.762231787059 
2325, 639.717905230997 
2326, 645.434239690184 
2327, 649.642776218553 
2328, 637.98234376069 
2329, 606.754660246642 
2330, 589.935544736978 
2331, 568.818311746717 
2332, 555.164932765624 
2333, 549.738690401382 
2334, 532.414492128275 
2335, 511.215817475127 
2336, 493.409437301491 
2337, 470.625245500566 
2338, 455.324929575088 
2339, 444.262887532646 
2340, 433.017302319732 
2341, 423.461057568061 
2342, 415.965195548915 
2343, 410.566247708762 
2344, 413.199757585999 
2345, 428.204932926497 
2346, 425.123842733055 
2347, 419.23720137787 
2348, 407.484438355389 
2349, 383.370622786617 
2350, 354.714158474645 
2351, 315.23155720019 
2352, 292.448701841027 
2353, 264.335392445711 
2354, 252.888545048368 
2355, 264.456789296258 
2356, 271.864971487303 
2357, 283.327588670087 
2358, 293.2807899783 
2359, 311.006912956431 
2360, 317.614255329474 
2361, 320.089899916216 
2362, 316.771958888912 
2363, 303.335988343793 
2364, 294.743862706704 
2365, 271.761383095584 
2366, 259.175853802437 
2367, 242.154831113085 
2368, 201.636017579429 
2369, 189.729697757335 
2370, 179.570109810585 
2371, 154.398225868276 
2372, 170.337749581107 
2373, 178.735251957653 
2374, 165.059132635173 
2375, 180.069525902753 
2376, 200.788655746105 
2377, 217.369015554544 
2378, 249.53771875929 
2379, 262.787507037525 
2380, 251.934409866122 
2381, 237.125632952456 
2382, 198.161157261071 
2383, 182.580807337144 
2384, 186.375502956942 
2385, 169.358455061529 
2386, 168.932940919874 
2387, 184.642354407929 
2388, 181.651837216869 
2389, 190.51453726737 
2390, 216.765095996581 
2391, 203.742174512226 
2392, 183.716921783991 
2393, 168.712543850303 
2394, 157.633585171711 
2395, 158.578846509865 
2396, 156.826849812162 
2397, 170.656684042106 
2398, 171.034049743155 
2399, 158.957016247123 
2400, 151.768782997612 
2401, 138.338143609753 
2402, 127.004276933018 
2403, 121.894078060253 
2404, 122.021648001627 
2405, 122.575072398566 
2406, 122.067048819548 
2407, 125.492483359149 
2408, 135.821288004069 
2409, 141.981081220475 
2410, 155.801240630294 
2411, 150.955873748148 
2412, 134.236195192683 
2413, 121.296472614108 
2414, 89.8323970911355 
2415, 79.7973164897072 
2416, 77.4674927890952 
2417, 79.2492701533525 
2418, 103.37801648124 
2419, 102.788511278927 
2420, 90.8178216878799 
2421, 95.9944608964855 
2422, 92.6779571085111 
2423, 100.6123899573 
2424, 136.962522158714 
2425, 137.224692850907 
2426, 118.843068602992 
2427, 112.436038460279 
2428, 94.7920184705304 
2429, 86.1561202955466 
2430, 88.4701332424222 
2431, 71.8991335513687 
2432, 41.727227686151 
2433, 26.7872604245657 
2434, 4.63548974892862 
2435, 12.0788549953675 
2436, 49.3749547338978 
2437, 62.062669195278 
2438, 79.391418652201 
2439, 92.163788926258 
2440, 90.7444641526496 
2441, 89.7777134729795 
2442, 93.2936265368352 
2443, 90.7972345652217 
2444, 78.6054227619058 
2445, 77.9228693028148 
2446, 78.8004317984667 
2447, 87.7608805378847 
2448, 84.6187105251665 
2449, 89.4402221182419 
2450, 93.2437904238967 
2451, 99.3454768360148 
2452, 109.392827262641 
2453, 98.1961850977177 
2454, 97.0706436268676 
2455, 89.7389576528632 
2456, 66.326979492921 
2457, 61.9148440640578 
2458, 63.5241239588344 
2459, 52.047300969262 
2460, 48.1941283718908 
2461, 41.6176175938574 
2462, 21.649644404667 
2463, 17.8936419091469 
2464, 20.0985513475074 
2465, 19.8062260617849 
2466, 19.9206942652082 
2467, 27.4542662455372 
2468, 26.1272199642647 
2469, 5.85537186037314 
2470, 1.57128771932983 
2471,-7.77608957327485 
2472,-12.7885733550344 
2473, 23.1272655540672 
2474, 41.6140276808824 
2475, 44.7231483031135 
2476, 69.2535014607848 
2477, 62.0389560409055 
2478, 57.52867447755 
2479, 63.6894052886044 
2480, 30.5709484189584 
2481, 6.64609945460818 
2482,-7.90160663176586 
2483,-1.23345956386313 
2484, 20.7432011062212 
2485, 22.5399754711482 
2486, 29.6068943435669 
2487, 18.3613005704569 
2488,-7.28972197466051 
2489,-13.923938541318 
2490,-14.2714663066858 
2491,-9.98775596595495 
2492, 3.36537923589536 
2493, 20.535930243614 
2494, 23.5222076723591 
2495, 10.1629513689588 
2496,-4.41563358355153 
2497,-31.3206342078895 
2498,-30.3687995975085 
2499,-1.20531457404802 
2500, 7.39857953791877 
