Wavelength,0212202100096.asd
350, 138.194534988089 
351, 144.705382836329 
352, 148.911930310815 
353, 154.5658225859 
354, 161.615664983272 
355, 167.729458779454 
356, 171.717977894975 
357, 177.746603170329 
358, 184.333746207686 
359, 191.0385236367 
360, 198.291193512946 
361, 208.849462383523 
362, 218.958095128094 
363, 228.375642348793 
364, 240.371745881789 
365, 250.493746444852 
366, 260.014964417368 
367, 269.994969919168 
368, 279.394214901848 
369, 283.519701492033 
370, 285.12272451067 
371, 287.468552647884 
372, 284.678201210205 
373, 283.411431146237 
374, 284.607127169099 
375, 285.325187544846 
376, 286.509817635196 
377, 287.674526844051 
378, 287.39093907895 
379, 283.262823634521 
380, 281.274992171714 
381, 280.180756979416 
382, 277.373818790858 
383, 271.670899320185 
384, 266.200414739986 
385, 262.82491492504 
386, 262.910631373638 
387, 269.326981958411 
388, 277.532579892827 
389, 284.223692017087 
390, 288.321510750455 
391, 292.434191119983 
392, 297.584469386258 
393, 303.319547280483 
394, 305.83645325593 
395, 315.065476129844 
396, 331.161378973981 
397, 351.545199035339 
398, 380.850843029181 
399, 416.031822547074 
400, 452.394889128878 
401, 484.846884872068 
402, 518.272876580191 
403, 545.624455795928 
404, 563.676594327712 
405, 579.744775335806 
406, 591.515475563881 
407, 600.530323912976 
408, 610.045223871929 
409, 625.081638930466 
410, 642.609062184305 
411, 661.095241218079 
412, 680.333145422841 
413, 699.227304134499 
414, 717.852811126978 
415, 735.675028157951 
416, 750.724553049024 
417, 764.945447083138 
418, 779.635767628394 
419, 794.945740378587 
420, 807.242444295046 
421, 820.67258352156 
422, 836.055507405567 
423, 851.478425899438 
424, 865.28766966588 
425, 877.722689107107 
426, 886.623197017622 
427, 885.141907944256 
428, 880.718593026364 
429, 881.047418953182 
430, 891.512284967519 
431, 908.655149094968 
432, 929.794996578482 
433, 959.722761126345 
434, 1006.57987032265 
435, 1056.71656290447 
436, 1095.90216535558 
437, 1121.1214513458 
438, 1147.68606642229 
439, 1173.63981214041 
440, 1198.45494746996 
441, 1222.8445136153 
442, 1252.64348117803 
443, 1284.09985094552 
444, 1313.40017002679 
445, 1337.32157127596 
446, 1356.88094143282 
447, 1374.46909228112 
448, 1393.30909103613 
449, 1418.30498990849 
450, 1439.5408356241 
451, 1451.88861378208 
452, 1454.15675160727 
453, 1453.5660257013 
454, 1448.58796033956 
455, 1441.217182265 
456, 1436.71150982007 
457, 1437.99299282311 
458, 1442.02609152025 
459, 1445.14996665579 
460, 1444.96692048248 
461, 1442.9196725712 
462, 1440.06002471978 
463, 1436.93064924393 
464, 1432.4215642241 
465, 1421.97933103624 
466, 1406.41071952255 
467, 1392.14340209582 
468, 1382.16820449731 
469, 1375.79136967863 
470, 1372.54951712213 
471, 1375.72168916274 
472, 1380.13067659906 
473, 1385.09239068337 
474, 1391.77086419917 
475, 1398.21961055521 
476, 1404.49945614779 
477, 1411.35530447718 
478, 1420.11441149449 
479, 1434.69048611108 
480, 1451.50242299806 
481, 1465.98253983321 
482, 1478.34762902706 
483, 1480.38092136755 
484, 1469.46904447106 
485, 1448.24698055194 
486, 1426.99228405264 
487, 1415.37125044939 
488, 1421.55308863617 
489, 1452.56461293992 
490, 1493.08542557337 
491, 1528.55149182786 
492, 1550.15260935055 
493, 1568.83328396795 
494, 1588.36020023426 
495, 1610.51482473166 
496, 1634.64057773954 
497, 1651.46886001124 
498, 1660.36634484727 
499, 1663.08538346954 
500, 1661.82778264769 
501, 1663.89010143097 
502, 1672.0011704019 
503, 1687.39461460741 
504, 1715.80089152286 
505, 1750.77646395279 
506, 1786.01742707415 
507, 1816.61305352499 
508, 1844.83920133358 
509, 1870.8770483821 
510, 1896.4337969515 
511, 1929.15831054817 
512, 1959.27074140735 
513, 1981.22518138593 
514, 1992.83190462259 
515, 1998.04942368336 
516, 1997.35548559323 
517, 1995.34566078376 
518, 2002.19538367777 
519, 2040.11724077696 
520, 2110.75387829161 
521, 2201.41472547089 
522, 2279.16787050581 
523, 2342.64341886911 
524, 2393.60246467143 
525, 2435.65501777279 
526, 2464.22850558576 
527, 2483.32127726812 
528, 2506.63648528436 
529, 2566.5923038511 
530, 2640.23223632383 
531, 2702.50649050043 
532, 2732.86026539963 
533, 2743.49110920143 
534, 2756.40335356786 
535, 2783.29595274438 
536, 2822.76084967007 
537, 2847.13050403729 
538, 2855.02087682678 
539, 2852.16247978793 
540, 2842.34283687032 
541, 2835.62485682208 
542, 2841.41343350433 
543, 2865.32319934142 
544, 2891.55205752235 
545, 2912.93731021003 
546, 2925.17382733792 
547, 2926.16284358445 
548, 2923.99009165916 
549, 2922.93100041064 
550, 2924.87425148804 
551, 2928.71369847113 
552, 2927.92851793586 
553, 2923.51305974008 
554, 2922.25042441453 
555, 2918.2094764159 
556, 2903.43138951025 
557, 2874.34736371021 
558, 2835.80513191793 
559, 2800.18216915253 
560, 2775.84240598594 
561, 2766.4380497386 
562, 2764.46454154098 
563, 2757.55423673018 
564, 2739.73127076689 
565, 2713.13471264667 
566, 2680.6487023314 
567, 2648.31146656262 
568, 2620.02399194007 
569, 2591.50046064585 
570, 2560.25274631966 
571, 2531.51257727396 
572, 2514.6664887282 
573, 2508.89678889069 
574, 2502.7943381559 
575, 2487.90702805975 
576, 2462.34950573996 
577, 2440.7746509713 
578, 2429.105438744 
579, 2429.0208176169 
580, 2439.14475983423 
581, 2459.23166242105 
582, 2484.03357608318 
583, 2503.92864451525 
584, 2516.74762942773 
585, 2514.889619628 
586, 2496.26633614309 
587, 2472.71045348151 
588, 2445.19305937107 
589, 2409.17051294662 
590, 2363.17303730424 
591, 2343.32056832685 
592, 2347.73033151747 
593, 2360.28891532506 
594, 2352.30578377379 
595, 2333.41590601531 
596, 2309.11914777127 
597, 2283.34200864874 
598, 2255.73898040895 
599, 2225.11994039945 
600, 2192.86523596848 
601, 2162.26353717422 
602, 2135.41974380293 
603, 2117.38340281506 
604, 2108.61684443728 
605, 2101.72427633141 
606, 2090.47124296792 
607, 2073.51346046448 
608, 2052.77720749648 
609, 2033.11923634071 
610, 2016.35246816654 
611, 2001.89739781735 
612, 1987.20326604023 
613, 1974.29215720555 
614, 1960.45638755319 
615, 1945.38029429115 
616, 1936.47156543291 
617, 1931.80932706756 
618, 1934.06301032776 
619, 1945.81520010732 
620, 1957.98622096978 
621, 1963.68658739475 
622, 1959.72937010885 
623, 1947.24742211801 
624, 1933.43921036275 
625, 1921.31651553811 
626, 1911.43839238991 
627, 1901.01657899811 
628, 1892.19697765877 
629, 1885.22253301839 
630, 1880.09908927204 
631, 1886.37218338105 
632, 1897.55777825591 
633, 1909.11283230296 
634, 1923.48887798956 
635, 1935.50804005928 
636, 1943.9790803716 
637, 1949.534356256 
638, 1954.5765459278 
639, 1954.0626960847 
640, 1946.83814884287 
641, 1935.75368106452 
642, 1928.50371461739 
643, 1924.47053178354 
644, 1920.82364818517 
645, 1913.68764904577 
646, 1904.49721646491 
647, 1892.49330588305 
648, 1877.58225077848 
649, 1865.99645425371 
650, 1858.40545076704 
651, 1856.00739078847 
652, 1860.24482819912 
653, 1859.19108662996 
654, 1841.96454530417 
655, 1805.99107238427 
656, 1764.44360453965 
657, 1733.91328016221 
658, 1736.29557235031 
659, 1784.86072516373 
660, 1835.48280920516 
661, 1866.70080365403 
662, 1877.49289601707 
663, 1888.24032070449 
664, 1892.7219747511 
665, 1896.74499681271 
666, 1905.59804088998 
667, 1916.19949195949 
668, 1927.41262375563 
669, 1938.20793795155 
670, 1948.15329986893 
671, 1959.73030939475 
672, 1972.75614536779 
673, 1988.11533895171 
674, 2008.48938978455 
675, 2031.77824414364 
676, 2056.59182116577 
677, 2082.31389353132 
678, 2110.39862347003 
679, 2138.71174160539 
680, 2167.97555757403 
681, 2200.25665239307 
682, 2233.91403130588 
683, 2265.01322230755 
684, 2283.13829395721 
685, 2269.63659665148 
686, 2215.67950320163 
687, 2128.51771944215 
688, 2039.47775835896 
689, 2030.04812743828 
690, 2120.3393845802 
691, 2275.56040102082 
692, 2427.92780875364 
693, 2574.72709534813 
694, 2702.80721016772 
695, 2810.17850317536 
696, 2910.39640167759 
697, 3009.04612719521 
698, 3101.81309792373 
699, 3183.7440408175 
700, 3258.60160861453 
701, 3334.64288228923 
702, 3420.35647020009 
703, 3522.94010550834 
704, 3641.61956331408 
705, 3767.45308662314 
706, 3891.0094928224 
707, 4003.93959613457 
708, 4116.85796299935 
709, 4232.48905929912 
710, 4351.38790313268 
711, 4474.72746674511 
712, 4599.41387760694 
713, 4723.2446091815 
714, 4842.41818931313 
715, 4942.30095871574 
716, 5005.36454032499 
717, 5020.51198124654 
718, 4985.68094076908 
719, 4979.53146741606 
720, 5063.9813344067 
721, 5264.03268235514 
722, 5540.54969558737 
723, 5774.40151357468 
724, 5926.24150048154 
725, 6019.09577071078 
726, 6148.43818957898 
727, 6304.66236465363 
728, 6467.27582241863 
729, 6617.12460193882 
730, 6795.56740198753 
731, 7012.92959470607 
732, 7264.41355716459 
733, 7531.51448437197 
734, 7790.27225488447 
735, 8012.88859880421 
736, 8181.66195344162 
737, 8322.61223736096 
738, 8454.43433323831 
739, 8582.90337050891 
740, 8703.91124526017 
741, 8834.15137600882 
742, 8981.88807441295 
743, 9148.11013541695 
744, 9325.33130343376 
745, 9499.93773085384 
746, 9666.11253575795 
747, 9823.1154842456 
748, 9976.8622795539 
749, 10116.364071335 
750, 10245.6195078812 
751, 10379.0580114834 
752, 10531.0395359632 
753, 10696.0266373032 
754, 10862.1084083621 
755, 11012.1829183183 
756, 11113.5488940176 
757, 11021.0321607068 
758, 10503.5185098384 
759, 9173.66393204606 
760, 7126.89365323032 
761, 5089.50428695086 
762, 3952.82699042834 
763, 3993.4945252222 
764, 4679.46200097381 
765, 5741.17573593938 
766, 7147.76001900927 
767, 8693.93566370931 
768, 10060.8643850158 
769, 11045.3290021418 
770, 11630.7346665644 
771, 11957.4688279839 
772, 12126.9054987302 
773, 12216.4856177217 
774, 12269.6428669078 
775, 12298.0452863923 
776, 12313.4660364289 
777, 12322.568652206 
778, 12318.725566222 
779, 12303.1036732466 
780, 12283.828383162 
781, 12272.2601201322 
782, 12254.3440875892 
783, 12222.8909699557 
784, 12179.4721379341 
785, 12136.8421147302 
786, 12090.9418182643 
787, 12031.2815536151 
788, 11948.970856431 
789, 11843.3549185547 
790, 11728.143834872 
791, 11608.5756659416 
792, 11487.4753973315 
793, 11373.0325597904 
794, 11282.3639080577 
795, 11225.5100661985 
796, 11202.1880065159 
797, 11186.396642971 
798, 11153.1308518651 
799, 11088.3458701982 
800, 10992.5379174574 
801, 10887.2429922081 
802, 10788.324193039 
803, 10702.6128134189 
804, 10621.5416304984 
805, 10551.7837269116 
806, 10486.5897254419 
807, 10412.9264723008 
808, 10314.7123562179 
809, 10195.4834825514 
810, 10062.4266310507 
811, 9920.09397612015 
812, 9750.72862767475 
813, 9523.81543560091 
814, 9236.18113519694 
815, 8915.66325478153 
816, 8617.78558804726 
817, 8383.74344210769 
818, 8239.50643976964 
819, 8193.38131432948 
820, 8182.27291361541 
821, 8156.36860712736 
822, 8094.01871006751 
823, 8020.83299201257 
824, 7970.98470222857 
825, 7977.48347059344 
826, 8034.01915690689 
827, 8018.98182947902 
828, 7932.98371094216 
829, 7816.39084130879 
830, 7724.72653715737 
831, 7664.06900123408 
832, 7618.59502354909 
833, 7581.88867746493 
834, 7557.06639753226 
835, 7545.71599781924 
836, 7541.75469571063 
837, 7531.52659322495 
838, 7495.95526133116 
839, 7443.65043135119 
840, 7379.47500158653 
841, 7307.93495573932 
842, 7233.16601990548 
843, 7155.38020522002 
844, 7079.52888987277 
845, 7007.79803999234 
846, 6935.24162987053 
847, 6844.3449091587 
848, 6735.10130803438 
849, 6614.84014307951 
850, 6491.45256654453 
851, 6349.07343202706 
852, 6202.0260255158 
853, 6077.23271438543 
854, 5985.64769756743 
855, 5911.60411769899 
856, 5878.8498706075 
857, 5921.69365122491 
858, 5982.90054824104 
859, 5998.72123950994 
860, 5959.69706523291 
861, 5903.11893533456 
862, 5829.70899703065 
863, 5734.27709576904 
864, 5618.89626272577 
865, 5495.71905816756 
866, 5380.72781340723 
867, 5284.66811892555 
868, 5223.04875556778 
869, 5217.36721719875 
870, 5233.70366724597 
871, 5233.4512743021 
872, 5197.63249680575 
873, 5142.48224391427 
874, 5082.42530004075 
875, 5021.22669074634 
876, 4959.81628992744 
877, 4901.08173609404 
878, 4844.00446135354 
879, 4787.4741400831 
880, 4730.63755788786 
881, 4673.65775019092 
882, 4615.66201027733 
883, 4560.24473038519 
884, 4509.8448555116 
885, 4458.55984620119 
886, 4403.93948664639 
887, 4345.39293977657 
888, 4284.81690305628 
889, 4229.08243281466 
890, 4173.23442892562 
891, 4109.49323236468 
892, 4030.19764187532 
893, 3933.65932245456 
894, 3820.29075857851 
895, 3693.46257860888 
896, 3559.0035914205 
897, 3423.92424847375 
898, 3296.18198273949 
899, 3188.94050295698 
900, 3115.13578772293 
901, 3073.81528112907 
902, 3057.30037685826 
903, 3052.40714576384 
904, 3044.54174089292 
905, 3029.70292256074 
906, 2999.46545999615 
907, 2946.57991744166 
908, 2869.82060711746 
909, 2789.54224216902 
910, 2721.47557174509 
911, 2672.42653334007 
912, 2639.7629840617 
913, 2609.77358200813 
914, 2582.49230502158 
915, 2556.93457983789 
916, 2531.98536230684 
917, 2514.39867621622 
918, 2502.38322869183 
919, 2492.40652495828 
920, 2480.80753553448 
921, 2468.26721587238 
922, 2448.92459804693 
923, 2417.52158624131 
924, 2371.10979897291 
925, 2313.42735627634 
926, 2242.54876394679 
927, 2156.28865305148 
928, 2052.8095794929 
929, 1930.93853996536 
930, 1792.52331264586 
931, 1645.01439863644 
932, 1500.38503217084 
933, 1372.74448775009 
934, 1270.46558816816 
935, 1200.84781393492 
936, 1166.89817742038 
937, 1160.12104378499 
938, 1169.64910793382 
939, 1185.51182458421 
940, 1200.05714201819 
941, 1210.50909548693 
942, 1213.91426762105 
943, 1205.62503524399 
944, 1183.08534185335 
945, 1150.23551036647 
946, 1125.39686613773 
947, 1111.56125162454 
948, 1104.76494250202 
949, 1103.1799446815 
950, 1101.25835851911 
951, 1098.53343548347 
952, 1096.09328244801 
953, 1093.907931946 
954, 1088.34305684983 
955, 1083.01136540034 
956, 1080.85272195001 
957, 1079.30932894497 
958, 1078.51942084815 
959, 1077.98194192933 
960, 1078.41825197731 
961, 1082.12814377408 
962, 1085.29777880006 
963, 1089.35273808704 
964, 1094.94343832159 
965, 1100.49093810092 
966, 1103.84161619956 
967, 1105.23078060479 
968, 1104.56873852365 
969, 1101.27769228185 
970, 1095.94707401114 
971, 1087.92505255748 
972, 1075.98078361195 
973, 1059.39282063276 
974, 1040.65815928945 
975, 1020.6698680608 
976, 1000.83782247864 
977, 983.123076613753 
978, 970.660052821521 
979, 959.806485588318 
980, 950.18397892643 
981, 941.388270798489 
982, 930.13787018265 
983, 920.367017745301 
984, 910.4264452048 
985, 899.058624844513 
986, 887.76175706119 
987, 872.337106009514 
988, 856.106366960926 
989, 841.166570329986 
990, 826.519701549634 
991, 810.79500687462 
992, 795.130911019559 
993, 779.332473410296 
994, 762.510599169964 
995, 746.073629251149 
996, 730.138111733711 
997, 713.53030418214 
998, 695.48846314393 
999, 677.98375351044 
1000, 661.743628828149 
1001, 4240.34657889554 
1002, 4234.80412867144 
1003, 4226.85505129995 
1004, 4221.40883070857 
1005, 4226.35996219012 
1006, 4237.07417560951 
1007, 4254.35711571659 
1008, 4275.97485169456 
1009, 4297.16058824045 
1010, 4322.06828495553 
1011, 4345.99314032683 
1012, 4371.36473379639 
1013, 4393.52539397834 
1014, 4418.27477169132 
1015, 4438.53083160423 
1016, 4457.12534267403 
1017, 4477.62982086661 
1018, 4496.7830416337 
1019, 4521.67168563323 
1020, 4545.25240960586 
1021, 4567.60773866686 
1022, 4594.4234484769 
1023, 4624.14866099196 
1024, 4649.32061198005 
1025, 4676.97698436073 
1026, 4708.73986017348 
1027, 4737.38402390892 
1028, 4763.13262751374 
1029, 4789.30015166115 
1030, 4815.04345226202 
1031, 4833.82366770991 
1032, 4850.00752227238 
1033, 4865.47783745528 
1034, 4877.2605936218 
1035, 4889.13456974364 
1036, 4899.23485590392 
1037, 4909.20207398454 
1038, 4921.81791102218 
1039, 4934.53645513702 
1040, 4944.74880265097 
1041, 4955.31210469842 
1042, 4961.24951209243 
1043, 4966.14667645298 
1044, 4971.07301799574 
1045, 4972.73572973073 
1046, 4976.58818745157 
1047, 4979.56315017715 
1048, 4981.03386296332 
1049, 4982.83055056003 
1050, 4988.16162043273 
1051, 4990.10772486167 
1052, 4990.84942281884 
1053, 4994.29023046594 
1054, 4997.52437667181 
1055, 4998.2449143574 
1056, 5003.30148997049 
1057, 5015.52107920022 
1058, 5020.63133863538 
1059, 5027.71914980904 
1060, 5041.70425066595 
1061, 5058.00475704737 
1062, 5074.22427331148 
1063, 5093.12357804001 
1064, 5121.15558100575 
1065, 5149.82583954175 
1066, 5181.6207826064 
1067, 5219.34617429127 
1068, 5264.98919423756 
1069, 5309.27334883826 
1070, 5354.40603706305 
1071, 5410.28731267887 
1072, 5465.68749963224 
1073, 5521.54691315887 
1074, 5584.31678910381 
1075, 5639.17638794061 
1076, 5693.95444326746 
1077, 5740.51174890444 
1078, 5775.80582404314 
1079, 5813.13639801467 
1080, 5836.9800217974 
1081, 5854.16222965912 
1082, 5877.38148167254 
1083, 5892.76797324719 
1084, 5910.43852020122 
1085, 5936.06143477249 
1086, 5953.52060651846 
1087, 5969.53012670816 
1088, 5978.19403736041 
1089, 5983.05561911897 
1090, 5980.94095187871 
1091, 5971.55608251359 
1092, 5960.11714765629 
1093, 5942.41499295 
1094, 5921.92199951152 
1095, 5898.87206052555 
1096, 5873.62230630555 
1097, 5842.05278799927 
1098, 5804.50695684865 
1099, 5772.65107994845 
1100, 5738.72895288996 
1101, 5706.89413552363 
1102, 5684.56716229134 
1103, 5652.39422301507 
1104, 5619.86907284983 
1105, 5576.53463578959 
1106, 5530.68595606747 
1107, 5469.00462169617 
1108, 5379.76740432606 
1109, 5275.85470918002 
1110, 5144.07565312738 
1111, 4979.93621943253 
1112, 4795.20313010817 
1113, 4579.79907373201 
1114, 4361.17485619456 
1115, 4105.67835906673 
1116, 3874.06466438749 
1117, 3624.09073923441 
1118, 3410.25161816783 
1119, 3208.2943187256 
1120, 3028.31124150218 
1121, 2882.29926872058 
1122, 2757.02348853953 
1123, 2666.48396726819 
1124, 2604.70158277897 
1125, 2569.45025468086 
1126, 2576.53489066491 
1127, 2580.07741221579 
1128, 2604.97285593196 
1129, 2635.01795378806 
1130, 2681.83406474979 
1131, 2723.85458533027 
1132, 2769.81992284008 
1133, 2824.35930725179 
1134, 2878.1377800979 
1135, 2937.82792727566 
1136, 3028.65912515361 
1137, 3127.1550518965 
1138, 3225.38059269871 
1139, 3306.85047704979 
1140, 3357.34999334709 
1141, 3388.097079607 
1142, 3395.6366700847 
1143, 3365.0766605722 
1144, 3344.78546471319 
1145, 3282.01447448292 
1146, 3267.26480046369 
1147, 3257.26996259484 
1148, 3276.92103022781 
1149, 3326.84331158906 
1150, 3396.66388810826 
1151, 3486.12078947322 
1152, 3596.14539777265 
1153, 3714.62344763674 
1154, 3859.46807280826 
1155, 3992.78977323737 
1156, 4138.73083357598 
1157, 4269.14657874489 
1158, 4399.26078684402 
1159, 4517.70189871416 
1160, 4630.43003920995 
1161, 4729.97560237984 
1162, 4822.20416270998 
1163, 4901.75078699139 
1164, 4965.72400091938 
1165, 5022.73400219228 
1166, 5075.26258706096 
1167, 5117.2633354394 
1168, 5149.35204217833 
1169, 5177.11573277517 
1170, 5186.13821138659 
1171, 5178.18221646257 
1172, 5165.41911225909 
1173, 5138.10781653852 
1174, 5109.853344489 
1175, 5072.63351595954 
1176, 5035.24923411637 
1177, 4989.1952011836 
1178, 4948.2711032514 
1179, 4908.74878330771 
1180, 4868.28330017773 
1181, 4827.35785081848 
1182, 4788.07352837326 
1183, 4751.6978322011 
1184, 4712.0727445814 
1185, 4682.59511540473 
1186, 4657.82463364457 
1187, 4640.14629477258 
1188, 4630.6449343298 
1189, 4622.19880948791 
1190, 4625.13512919697 
1191, 4619.15436453292 
1192, 4617.98860890874 
1193, 4604.74812008555 
1194, 4586.48632699322 
1195, 4559.8901616139 
1196, 4524.27039060878 
1197, 4479.55144116681 
1198, 4435.86816145579 
1199, 4381.48988139466 
1200, 4340.22514577561 
1201, 4300.45107845873 
1202, 4265.89585131449 
1203, 4237.69324360617 
1204, 4211.21966647536 
1205, 4186.63316355615 
1206, 4166.46324351669 
1207, 4149.91907514555 
1208, 4137.99048216643 
1209, 4133.3057333079 
1210, 4126.63276837866 
1211, 4126.0278082176 
1212, 4121.20989228654 
1213, 4114.57119390303 
1214, 4105.06769582087 
1215, 4096.89861558169 
1216, 4089.13732108866 
1217, 4077.33908943203 
1218, 4064.74746046254 
1219, 4049.58662609241 
1220, 4028.92657537309 
1221, 4011.1125471954 
1222, 3994.67238340701 
1223, 3975.53309830198 
1224, 3953.34482679813 
1225, 3934.19416010516 
1226, 3916.22722889135 
1227, 3896.29560496389 
1228, 3878.68320068544 
1229, 3858.78265116015 
1230, 3837.00630082414 
1231, 3811.26317953231 
1232, 3787.88496441398 
1233, 3765.91701382851 
1234, 3740.09185804236 
1235, 3714.60462808096 
1236, 3683.66941021802 
1237, 3646.16897199808 
1238, 3612.43939220916 
1239, 3575.29868124401 
1240, 3541.87964634188 
1241, 3514.06071125428 
1242, 3481.76048999664 
1243, 3449.25814471943 
1244, 3414.99130858533 
1245, 3379.6708120708 
1246, 3339.9677779384 
1247, 3301.54387329087 
1248, 3262.58166640519 
1249, 3222.52130361241 
1250, 3183.67097717926 
1251, 3137.76266839161 
1252, 3087.3544680189 
1253, 3037.8628233606 
1254, 2987.45522853361 
1255, 2930.88301099395 
1256, 2873.22583275453 
1257, 2811.24190209464 
1258, 2741.07402681747 
1259, 2670.5598334293 
1260, 2595.0295192085 
1261, 2523.70701591719 
1262, 2451.63406540252 
1263, 2378.24142557409 
1264, 2313.37443654719 
1265, 2249.65925851657 
1266, 2203.13933451837 
1267, 2162.36519766681 
1268, 2137.44935628271 
1269, 2126.22575808462 
1270, 2128.08938177565 
1271, 2145.1556252348 
1272, 2166.47655261122 
1273, 2211.34463840617 
1274, 2241.33956082208 
1275, 2275.03352964016 
1276, 2298.81307312904 
1277, 2313.51844862946 
1278, 2327.13318944447 
1279, 2336.27994966396 
1280, 2341.70490289579 
1281, 2342.43542519097 
1282, 2346.88508767697 
1283, 2352.41684220515 
1284, 2357.15244163287 
1285, 2362.82342900677 
1286, 2374.59748287066 
1287, 2376.41132447129 
1288, 2374.25083974963 
1289, 2369.98450665452 
1290, 2358.87931689156 
1291, 2351.47311883736 
1292, 2343.09664432781 
1293, 2335.25593323165 
1294, 2332.1296888424 
1295, 2321.79125178418 
1296, 2309.42765985194 
1297, 2293.45084692836 
1298, 2270.167522164 
1299, 2246.20463381931 
1300, 2228.34495604597 
1301, 2208.70617854879 
1302, 2191.97047644721 
1303, 2180.06171158044 
1304, 2165.64621735431 
1305, 2151.47106687587 
1306, 2135.45881734784 
1307, 2118.98236276644 
1308, 2102.46019847149 
1309, 2082.46542619875 
1310, 2065.93509137204 
1311, 2053.68640657515 
1312, 2037.43976065816 
1313, 2019.54774393046 
1314, 2002.35791025002 
1315, 1982.01556856179 
1316, 1965.35452250707 
1317, 1949.531364275 
1318, 1938.72108561208 
1319, 1925.35581404618 
1320, 1910.70208316494 
1321, 1899.94754957703 
1322, 1887.53976234902 
1323, 1871.42742284261 
1324, 1857.31114004227 
1325, 1834.84615556111 
1326, 1805.45165585242 
1327, 1774.38440748711 
1328, 1738.08556688225 
1329, 1704.39811011553 
1330, 1661.89323415502 
1331, 1631.95471211056 
1332, 1605.8064209744 
1333, 1586.55975290075 
1334, 1579.00315630584 
1335, 1569.94048774527 
1336, 1567.41114089663 
1337, 1561.74905222799 
1338, 1554.72515124191 
1339, 1546.5232061183 
1340, 1526.5780331955 
1341, 1494.52442522663 
1342, 1445.07647446912 
1343, 1377.62480643537 
1344, 1304.51572628171 
1345, 1214.74241073295 
1346, 1124.6423108389 
1347, 1027.64225140753 
1348, 926.261613759508 
1349, 811.623644757138 
1350, 709.757910746354 
1351, 603.773123801534 
1352, 509.592678983327 
1353, 420.754133258865 
1354, 343.603380763587 
1355, 272.941488871195 
1356, 214.155958163483 
1357, 165.132912512664 
1358, 133.988372997298 
1359, 105.799962686044 
1360, 80.342005995722 
1361, 63.0816566102595 
1362, 48.7772819977854 
1363, 39.5859407233011 
1364, 37.5916722942081 
1365, 36.6963777110035 
1366, 41.7675237894407 
1367, 42.6667042898167 
1368, 44.1330993653034 
1369, 46.5123387521367 
1370, 46.6036635112174 
1371, 51.3364763777985 
1372, 59.4065878487708 
1373, 68.7740501275831 
1374, 85.5264047827713 
1375, 93.3105172388555 
1376, 98.4495118717928 
1377, 101.221037440511 
1378, 98.5137512068526 
1379, 94.2755852344089 
1380, 88.6687066537412 
1381, 86.4134321175886 
1382, 81.9875157644882 
1383, 73.4926518328296 
1384, 78.2516737488188 
1385, 88.7834177431296 
1386, 100.580486015584 
1387, 118.268545547796 
1388, 126.46636968389 
1389, 128.440655799753 
1390, 133.078843614497 
1391, 133.662379808397 
1392, 137.472713501612 
1393, 144.471620758809 
1394, 147.67701834628 
1395, 148.246228560149 
1396, 151.855264780227 
1397, 154.400482778799 
1398, 160.69752214148 
1399, 170.344768756114 
1400, 179.683948074811 
1401, 193.460614361849 
1402, 201.756855878244 
1403, 206.215096629939 
1404, 213.926005899906 
1405, 218.544530200278 
1406, 223.324352694681 
1407, 230.112754655253 
1408, 241.377661782592 
1409, 256.305230316302 
1410, 272.11560977568 
1411, 290.57222870947 
1412, 315.818497541556 
1413, 333.680187207833 
1414, 348.612378662944 
1415, 366.570388476692 
1416, 381.914316262911 
1417, 400.380959274542 
1418, 426.173672303358 
1419, 443.208869230978 
1420, 457.919821848342 
1421, 471.103202483972 
1422, 477.952892020118 
1423, 486.454001331506 
1424, 494.413744095128 
1425, 501.506002262308 
1426, 510.701152079153 
1427, 515.302882513948 
1428, 520.251021325932 
1429, 518.522242901453 
1430, 510.449459835881 
1431, 501.327130445383 
1432, 484.442298915338 
1433, 470.307084668913 
1434, 460.720463503127 
1435, 451.620383778531 
1436, 448.828258681917 
1437, 447.699911735809 
1438, 446.559274917327 
1439, 445.685652418038 
1440, 446.70374156359 
1441, 450.862119180243 
1442, 453.226422654805 
1443, 457.462770085224 
1444, 458.110717206009 
1445, 456.165794023713 
1446, 452.344384442277 
1447, 443.551454580151 
1448, 439.825747074637 
1449, 436.885656150972 
1450, 436.542635440402 
1451, 440.013762910474 
1452, 442.767979957473 
1453, 446.118228879762 
1454, 449.827008232839 
1455, 455.115197553355 
1456, 461.273882947796 
1457, 463.365803553757 
1458, 457.594372735589 
1459, 440.999571793655 
1460, 424.382157576548 
1461, 408.620355767517 
1462, 387.741244077961 
1463, 371.079527429536 
1464, 353.16676982907 
1465, 337.674898607673 
1466, 322.11945086503 
1467, 307.971991814274 
1468, 296.441185547436 
1469, 285.972973631421 
1470, 274.054526746172 
1471, 267.034619231837 
1472, 264.648182748892 
1473, 260.443215081071 
1474, 259.573125896574 
1475, 255.441784087538 
1476, 248.674082873955 
1477, 244.766133956046 
1478, 239.500832094565 
1479, 236.783189988917 
1480, 237.72092114987 
1481, 236.855995834189 
1482, 234.582898472365 
1483, 235.950395553672 
1484, 237.834428403621 
1485, 241.253092272314 
1486, 248.454713769547 
1487, 256.764350977506 
1488, 258.322026496692 
1489, 261.789332195967 
1490, 262.475792818068 
1491, 259.733464173944 
1492, 263.042977262529 
1493, 269.805060480502 
1494, 275.530766200643 
1495, 278.939319083952 
1496, 279.515757248089 
1497, 278.707560610622 
1498, 280.415279582629 
1499, 283.659267149099 
1500, 285.02701144427 
1501, 287.418813672141 
1502, 288.744364113129 
1503, 287.181054637925 
1504, 287.728593838365 
1505, 287.253740590871 
1506, 290.864638807754 
1507, 299.133282531977 
1508, 304.187598269649 
1509, 310.02365356546 
1510, 316.182116864429 
1511, 320.240008114134 
1512, 324.734852812338 
1513, 332.60719029762 
1514, 336.987726350226 
1515, 339.791421454214 
1516, 339.961355352528 
1517, 335.819942434154 
1518, 334.506135598234 
1519, 331.293964119938 
1520, 330.936354465527 
1521, 334.024632297472 
1522, 336.365382045991 
1523, 339.863709372792 
1524, 341.763713020237 
1525, 342.47285374309 
1526, 347.551242390801 
1527, 350.993366465382 
1528, 347.911748016774 
1529, 348.076112078858 
1530, 349.090635744167 
1531, 346.971395745157 
1532, 349.320748877269 
1533, 350.37304577714 
1534, 345.703894145446 
1535, 342.997193641352 
1536, 339.26687584603 
1537, 338.887370373287 
1538, 338.681789583947 
1539, 342.019080473757 
1540, 351.557047762306 
1541, 354.943921384458 
1542, 356.007017424771 
1543, 357.788734936282 
1544, 356.586556253082 
1545, 358.400681029466 
1546, 364.358446015119 
1547, 365.945991647194 
1548, 363.87023747326 
1549, 366.839658191452 
1550, 369.476942951758 
1551, 374.420747498833 
1552, 386.49160965753 
1553, 392.714000927478 
1554, 396.733130338449 
1555, 399.829959053942 
1556, 400.501854937594 
1557, 400.470178716105 
1558, 400.612380869482 
1559, 398.45844048042 
1560, 392.41625371926 
1561, 388.946953843772 
1562, 382.057327816332 
1563, 380.334710022533 
1564, 386.600203277766 
1565, 387.212745131447 
1566, 388.359428492358 
1567, 388.475145586387 
1568, 384.076321699343 
1569, 378.830288430588 
1570, 383.480780183763 
1571, 382.421204324668 
1572, 378.80334826714 
1573, 378.496173761303 
1574, 375.19033617666 
1575, 374.290427325903 
1576, 381.616947265906 
1577, 391.665446283201 
1578, 395.714208639525 
1579, 397.451755310324 
1580, 400.887741714045 
1581, 399.502818087817 
1582, 404.863610292228 
1583, 417.539849787875 
1584, 421.881818499317 
1585, 423.787911849724 
1586, 426.178493809612 
1587, 423.25751241918 
1588, 428.30233685728 
1589, 439.376213926145 
1590, 445.133560763512 
1591, 453.331653089499 
1592, 456.035154288423 
1593, 452.863045884209 
1594, 452.550235259215 
1595, 451.435990252463 
1596, 450.117915008427 
1597, 448.916663577338 
1598, 448.428913845787 
1599, 448.496099514991 
1600, 446.463616867293 
1601, 445.631323607261 
1602, 440.443531795961 
1603, 427.460062586385 
1604, 423.851831626197 
1605, 421.549980574207 
1606, 422.541349240823 
1607, 432.193885629606 
1608, 437.010463953374 
1609, 441.333094081764 
1610, 444.070910597647 
1611, 444.897608839897 
1612, 446.568674413651 
1613, 448.536621260385 
1614, 448.50829218043 
1615, 445.756807512708 
1616, 446.902027218741 
1617, 451.000117285536 
1618, 450.812870168218 
1619, 449.324113597007 
1620, 450.246497921423 
1621, 446.728547608124 
1622, 447.559775541164 
1623, 458.083193595664 
1624, 461.029500210109 
1625, 459.931766855463 
1626, 459.626786737673 
1627, 454.752334565815 
1628, 453.017354769456 
1629, 453.417764042575 
1630, 454.332981148495 
1631, 457.654859423082 
1632, 458.818161856044 
1633, 458.563072284887 
1634, 459.88485694007 
1635, 461.784669808903 
1636, 462.338357151592 
1637, 464.3321884432 
1638, 464.723185199277 
1639, 461.77759134429 
1640, 460.016664014941 
1641, 456.997200254672 
1642, 456.448030100235 
1643, 454.829160445016 
1644, 458.201831858643 
1645, 471.262616479296 
1646, 477.201459358879 
1647, 482.399981103968 
1648, 486.444413516606 
1649, 482.688967972226 
1650, 482.27283889458 
1651, 485.524761738223 
1652, 487.042924814683 
1653, 489.498964734272 
1654, 491.822748130716 
1655, 496.595797697266 
1656, 502.105323364847 
1657, 509.10352174472 
1658, 518.835558144272 
1659, 526.192894292176 
1660, 534.771368939385 
1661, 537.95420693073 
1662, 537.946364489929 
1663, 540.071918577622 
1664, 537.938035092206 
1665, 543.912437324342 
1666, 556.565425521514 
1667, 560.573554498218 
1668, 563.418140040859 
1669, 568.716794934954 
1670, 569.492709014955 
1671, 575.768801270224 
1672, 588.640293039308 
1673, 596.599547741049 
1674, 603.695166676155 
1675, 608.009304680545 
1676, 610.463395313479 
1677, 614.312379959245 
1678, 616.03265259865 
1679, 619.315529351925 
1680, 624.227998183481 
1681, 629.053409277376 
1682, 633.060768133938 
1683, 637.912127352843 
1684, 644.411798656381 
1685, 650.320091106941 
1686, 654.110641100865 
1687, 663.501426254414 
1688, 677.045190264764 
1689, 686.41199680115 
1690, 698.657704095491 
1691, 703.970979186964 
1692, 703.46775768971 
1693, 705.434531383679 
1694, 705.445159115361 
1695, 707.97046535357 
1696, 710.955483485163 
1697, 715.419328054905 
1698, 720.820050390343 
1699, 727.19416368796 
1700, 734.500849569311 
1701, 743.808514092968 
1702, 755.89185756522 
1703, 763.869297472883 
1704, 773.016153599123 
1705, 777.480174746299 
1706, 776.858182857849 
1707, 779.567481493971 
1708, 781.033362875035 
1709, 785.398303154557 
1710, 790.548907422123 
1711, 798.876420063812 
1712, 810.904156776737 
1713, 819.289953310163 
1714, 828.901608620114 
1715, 833.81524448337 
1716, 839.33348483489 
1717, 844.076522876726 
1718, 852.405230743709 
1719, 862.117749626365 
1720, 868.287566961262 
1721, 875.959134330941 
1722, 882.129559455002 
1723, 883.585651398948 
1724, 881.430013594935 
1725, 880.859023483428 
1726, 882.198012981782 
1727, 885.668283607177 
1728, 893.493246288901 
1729, 898.430443262738 
1730, 901.930584354724 
1731, 906.723320594451 
1732, 908.831829263313 
1733, 909.835986001854 
1734, 911.423757072138 
1735, 913.739831619739 
1736, 917.308747386732 
1737, 925.199903711595 
1738, 931.993966310129 
1739, 936.20268412262 
1740, 942.367674373462 
1741, 946.065611792859 
1742, 952.869135536383 
1743, 960.6574271612 
1744, 968.99050273633 
1745, 977.718350124327 
1746, 986.439555774719 
1747, 1001.07658249091 
1748, 1009.22718996369 
1749, 1017.08951233833 
1750, 1021.06122534197 
1751, 1017.07459206705 
1752, 1017.30816864276 
1753, 1015.81038218668 
1754, 1019.15621574424 
1755, 1026.49037636326 
1756, 1027.03134396966 
1757, 1023.99205137462 
1758, 1023.20646613975 
1759, 1022.37936392845 
1760, 1024.15958396287 
1761, 1032.69202839344 
1762, 1037.83353983396 
1763, 1027.20764506322 
1764, 1025.4208775958 
1765, 1022.5212239217 
1766, 1021.34836979239 
1767, 1030.47144421393 
1768, 1033.60270794349 
1769, 1032.12741893506 
1770, 1030.7472502809 
1771, 1030.84917445847 
1772, 1025.33086787407 
1773, 1015.01244163685 
1774, 1007.01335999095 
1775, 995.437535865879 
1776, 984.398036276824 
1777, 972.858391013976 
1778, 966.165714671479 
1779, 963.398192205316 
1780, 954.882890581863 
1781, 948.37363919788 
1782, 938.753302849068 
1783, 918.997640051363 
1784, 910.709163986744 
1785, 910.363924951214 
1786, 905.963837435908 
1787, 907.982203435862 
1788, 898.226949106161 
1789, 880.985053905648 
1790, 864.093002672003 
1791, 844.498371860237 
1792, 818.126039006066 
1793, 786.009688867744 
1794, 756.541387066647 
1795, 719.908337305155 
1796, 693.811832530318 
1797, 673.206930768371 
1798, 647.992460013487 
1799, 613.845234477784 
1800, 577.96643479697 
1801, 3416.36039970953 
1802, 3302.54363109441 
1803, 3190.96028744772 
1804, 3087.75221148617 
1805, 2989.83863291941 
1806, 2914.46846940014 
1807, 2830.29738371437 
1808, 2740.23418478741 
1809, 2658.34626002386 
1810, 2564.04493935458 
1811, 2464.06289320535 
1812, 2352.75735615795 
1813, 2230.60779564866 
1814, 2104.37792614053 
1815, 1987.89813018482 
1816, 1847.77893075839 
1817, 1738.06633225863 
1818, 1655.78593688014 
1819, 1570.39647471054 
1820, 1494.21767782173 
1821, 1430.29973460656 
1822, 1383.18863227403 
1823, 1323.80355661281 
1824, 1273.9437168685 
1825, 1204.4450504473 
1826, 1083.42044868723 
1827, 971.330019133269 
1828, 860.593442294237 
1829, 723.2370118852 
1830, 614.107792205199 
1831, 525.897324900715 
1832, 420.649276600818 
1833, 331.623420488448 
1834, 268.61173097925 
1835, 214.521418395263 
1836, 181.124324169097 
1837, 169.32459830073 
1838, 172.619744462875 
1839, 159.07137210437 
1840, 135.293516301657 
1841, 133.395199256222 
1842, 136.472004829639 
1843, 128.609464397165 
1844, 146.62621292936 
1845, 189.731651788233 
1846, 221.249954650335 
1847, 236.21170501429 
1848, 259.500376993256 
1849, 271.978802658832 
1850, 272.857763013576 
1851, 258.588055491902 
1852, 255.680624423104 
1853, 234.996344772899 
1854, 206.856124663273 
1855, 187.437033644371 
1856, 175.14409052642 
1857, 197.053264010146 
1858, 230.380827802742 
1859, 250.222889590803 
1860, 278.024767473525 
1861, 300.483020236608 
1862, 316.001813755614 
1863, 330.103674585676 
1864, 350.604376116911 
1865, 372.966480244204 
1866, 362.52278264356 
1867, 330.832777889937 
1868, 283.287231232004 
1869, 237.612893396804 
1870, 201.755461223698 
1871, 165.758003100601 
1872, 125.598026740662 
1873, 129.658792541829 
1874, 140.672139017935 
1875, 139.959418403561 
1876, 169.944407362896 
1877, 189.4811833919 
1878, 220.035226828975 
1879, 270.090819605129 
1880, 312.860680265778 
1881, 362.039386771013 
1882, 423.04865316726 
1883, 459.199361635177 
1884, 482.677219383862 
1885, 520.340152076206 
1886, 522.730865749539 
1887, 506.688912033861 
1888, 494.926492452738 
1889, 472.343406285379 
1890, 468.56384145452 
1891, 457.853650049887 
1892, 454.783198312704 
1893, 448.362216177497 
1894, 427.009067720082 
1895, 379.959731559342 
1896, 339.846718069567 
1897, 304.083274475032 
1898, 280.500284017442 
1899, 242.35300026139 
1900, 207.661119787448 
1901, 172.288346293155 
1902, 143.979749737847 
1903, 106.007480660205 
1904, 98.4034218244659 
1905, 90.254440246524 
1906, 84.7704933822423 
1907, 86.8010089040634 
1908, 99.6510511435447 
1909, 145.881401991029 
1910, 162.009418523889 
1911, 180.557750296934 
1912, 207.429052400245 
1913, 224.878184049096 
1914, 227.837574839962 
1915, 235.112243505848 
1916, 247.297662787636 
1917, 247.380637054736 
1918, 252.692745977062 
1919, 297.012520737491 
1920, 342.161419119811 
1921, 372.837684127022 
1922, 397.321355715408 
1923, 419.976419869726 
1924, 421.968004075963 
1925, 410.550118841596 
1926, 389.585637896934 
1927, 355.134911765592 
1928, 331.69546829089 
1929, 341.426788286505 
1930, 353.215259680377 
1931, 372.69381149879 
1932, 387.368786839219 
1933, 392.51293223298 
1934, 373.721537300124 
1935, 381.805109825546 
1936, 402.779269188268 
1937, 417.261292080059 
1938, 427.317477573875 
1939, 428.775919519191 
1940, 405.148187426642 
1941, 373.191097253325 
1942, 364.521602471729 
1943, 367.882124525677 
1944, 376.982573309058 
1945, 418.427005976528 
1946, 432.765198458732 
1947, 443.168864602449 
1948, 437.251200572883 
1949, 417.561987801697 
1950, 382.437939209622 
1951, 360.698800458716 
1952, 347.410046651081 
1953, 325.347099554204 
1954, 324.46124477958 
1955, 308.963615963918 
1956, 268.4521791385 
1957, 263.212715087097 
1958, 274.469787021975 
1959, 278.535947677478 
1960, 294.793443685065 
1961, 317.332319024749 
1962, 320.143860071494 
1963, 329.348054809147 
1964, 347.650588285132 
1965, 361.002243839509 
1966, 374.201645439861 
1967, 385.174011492139 
1968, 404.917901254237 
1969, 431.90232995796 
1970, 450.915400512172 
1971, 471.106800507038 
1972, 490.607741030078 
1973, 499.660637472406 
1974, 514.39792488406 
1975, 544.159814243424 
1976, 586.811186658308 
1977, 622.053097506708 
1978, 650.115279698724 
1979, 663.561090861635 
1980, 655.157140083107 
1981, 654.847260506355 
1982, 632.994673527041 
1983, 639.432539689759 
1984, 669.179370978631 
1985, 687.284865025245 
1986, 717.056040945713 
1987, 748.354234534643 
1988, 743.217893893126 
1989, 733.478943532321 
1990, 726.921287227172 
1991, 714.290538807141 
1992, 695.131197135798 
1993, 676.804605007769 
1994, 650.848212842928 
1995, 615.768744751615 
1996, 576.335697868286 
1997, 531.344244046714 
1998, 486.812705024121 
1999, 438.175552365751 
2000, 387.679003988502 
2001, 323.955286632374 
2002, 258.595368951303 
2003, 206.224621655253 
2004, 133.362784944852 
2005, 104.958424067265 
2006, 115.709838425513 
2007, 116.133417305844 
2008, 141.159567696166 
2009, 148.534635227901 
2010, 150.049870444741 
2011, 146.168590606361 
2012, 137.503947425993 
2013, 158.229395207503 
2014, 175.586713327722 
2015, 204.946500045923 
2016, 224.905849366108 
2017, 245.499527605573 
2018, 263.592892278908 
2019, 267.187738040654 
2020, 294.747506207139 
2021, 335.741479447495 
2022, 374.948252357585 
2023, 423.60642409113 
2024, 482.769483287373 
2025, 527.418681351403 
2026, 562.296805709748 
2027, 593.891603292105 
2028, 620.884336442439 
2029, 642.854086536538 
2030, 650.576204461224 
2031, 675.14550885197 
2032, 708.380530017846 
2033, 731.172892169292 
2034, 769.265027880746 
2035, 781.460015050764 
2036, 764.011170933532 
2037, 759.303290548728 
2038, 744.541192822699 
2039, 737.9868212681 
2040, 735.45019020412 
2041, 746.335553374234 
2042, 744.685995234591 
2043, 739.358322555614 
2044, 732.623771751004 
2045, 724.376486909029 
2046, 712.657209234257 
2047, 700.754386759902 
2048, 683.375000089732 
2049, 661.414539522807 
2050, 633.347768236599 
2051, 594.056949458348 
2052, 559.295116370403 
2053, 528.083250326065 
2054, 505.07571626901 
2055, 497.757107395369 
2056, 507.361010317177 
2057, 519.708954426993 
2058, 551.545577105953 
2059, 566.513684213936 
2060, 582.619718830601 
2061, 593.292951046221 
2062, 592.002326397799 
2063, 597.279674656233 
2064, 606.422455836231 
2065, 614.572408396634 
2066, 622.883965906444 
2067, 625.587532067306 
2068, 637.99973447123 
2069, 650.681797093926 
2070, 668.689667751381 
2071, 689.494703733443 
2072, 721.149588649666 
2073, 759.009404621475 
2074, 801.448368775651 
2075, 867.408185366257 
2076, 910.731952832341 
2077, 945.183704277247 
2078, 980.356845447637 
2079, 1002.66405395252 
2080, 1028.69773435393 
2081, 1057.03378309003 
2082, 1091.18909948928 
2083, 1109.87692556845 
2084, 1117.96016328064 
2085, 1134.28621690501 
2086, 1146.37276905106 
2087, 1158.67915109684 
2088, 1170.03205738491 
2089, 1192.39973959801 
2090, 1215.15245966407 
2091, 1242.49063544256 
2092, 1294.07899000468 
2093, 1322.35344222249 
2094, 1335.46329044078 
2095, 1352.47696286822 
2096, 1357.0924120114 
2097, 1368.87882428681 
2098, 1384.95023246981 
2099, 1406.68104696681 
2100, 1427.04435725359 
2101, 1452.77576324723 
2102, 1472.45008269508 
2103, 1490.23539004338 
2104, 1508.87785380279 
2105, 1523.03451455856 
2106, 1539.8960632171 
2107, 1560.05011662966 
2108, 1579.92619128135 
2109, 1597.74858724253 
2110, 1618.88480031766 
2111, 1651.6056323073 
2112, 1670.07349011885 
2113, 1665.11612635208 
2114, 1680.65864008012 
2115, 1697.75005986432 
2116, 1707.80283050159 
2117, 1727.9497156296 
2118, 1766.59685883046 
2119, 1794.5209338129 
2120, 1810.79098115415 
2121, 1841.12894863714 
2122, 1883.68500511123 
2123, 1919.77763222913 
2124, 1964.35203826356 
2125, 1998.16785855942 
2126, 2023.53107316854 
2127, 2048.988316447 
2128, 2070.12231566262 
2129, 2087.79375720225 
2130, 2108.32635782066 
2131, 2130.63017193842 
2132, 2148.10616150558 
2133, 2163.61978677509 
2134, 2180.7195573887 
2135, 2186.91669116654 
2136, 2212.66758503557 
2137, 2252.93599402237 
2138, 2283.82138913711 
2139, 2326.42243048074 
2140, 2357.18440778206 
2141, 2376.64506857304 
2142, 2397.7804312733 
2143, 2420.51952123933 
2144, 2436.30524551318 
2145, 2445.60605970814 
2146, 2452.53380651788 
2147, 2460.11599083225 
2148, 2466.96985615442 
2149, 2488.50560881194 
2150, 2526.02571027416 
2151, 2547.55438292104 
2152, 2573.84934102223 
2153, 2589.83992992552 
2154, 2593.84283966039 
2155, 2600.06274668812 
2156, 2600.97423680727 
2157, 2608.81580047547 
2158, 2616.77334007721 
2159, 2624.68068235057 
2160, 2643.48701210116 
2161, 2650.80335751066 
2162, 2645.96857345083 
2163, 2648.11196918919 
2164, 2648.96539400592 
2165, 2647.46586814921 
2166, 2655.36505925994 
2167, 2667.3724357029 
2168, 2689.54003989093 
2169, 2721.96572418507 
2170, 2747.68643067555 
2171, 2780.85463828896 
2172, 2809.31812553141 
2173, 2830.71814281703 
2174, 2856.97354570411 
2175, 2892.90440878737 
2176, 2915.76538753213 
2177, 2927.30156778601 
2178, 2946.91418186676 
2179, 2967.92363700047 
2180, 2983.29438943333 
2181, 3002.08274098667 
2182, 3018.38229053047 
2183, 3025.0868669556 
2184, 3033.14379294329 
2185, 3055.28169926375 
2186, 3063.02879772781 
2187, 3078.39902784956 
2188, 3095.83988895911 
2189, 3111.87869246862 
2190, 3132.04616503443 
2191, 3142.11357083808 
2192, 3147.09755343977 
2193, 3153.39019581119 
2194, 3154.49627095884 
2195, 3155.61362264761 
2196, 3166.58270086547 
2197, 3158.28306154436 
2198, 3131.92534613748 
2199, 3113.09980713066 
2200, 3078.483516533 
2201, 3061.17584760506 
2202, 3044.85359450106 
2203, 3050.85629873208 
2204, 3076.53383691835 
2205, 3108.2509869388 
2206, 3155.41444274708 
2207, 3184.85438176723 
2208, 3215.94601177935 
2209, 3240.05282128533 
2210, 3264.12297421292 
2211, 3293.46246808274 
2212, 3307.80143230024 
2213, 3319.35338289605 
2214, 3310.4726396129 
2215, 3271.69857545441 
2216, 3261.51672355885 
2217, 3242.64480400204 
2218, 3241.53876445685 
2219, 3274.8259901382 
2220, 3283.88006488182 
2221, 3293.70520328686 
2222, 3289.63794855301 
2223, 3262.4220608893 
2224, 3249.40464573121 
2225, 3230.01907818026 
2226, 3218.93511592444 
2227, 3224.61844869947 
2228, 3227.69601658329 
2229, 3206.66939863061 
2230, 3189.32834648238 
2231, 3170.48439006795 
2232, 3139.85573367718 
2233, 3115.55753803081 
2234, 3102.32312255498 
2235, 3072.93720086336 
2236, 3024.74230433732 
2237, 3002.79899166737 
2238, 2984.92020186892 
2239, 2971.16704426968 
2240, 2982.14197452672 
2241, 2967.52354230786 
2242, 2954.58758770918 
2243, 2916.69641903343 
2244, 2846.01149384852 
2245, 2796.83263373711 
2246, 2731.28978137198 
2247, 2683.56491159302 
2248, 2658.17684925719 
2249, 2629.92112007663 
2250, 2615.39616657614 
2251, 2584.35393903549 
2252, 2556.53560789942 
2253, 2511.30526651554 
2254, 2448.72479608532 
2255, 2385.17722740382 
2256, 2318.81649033539 
2257, 2258.98615664034 
2258, 2204.59986813534 
2259, 2156.08574447374 
2260, 2103.69041907807 
2261, 2052.56596930472 
2262, 2009.13582955575 
2263, 1963.2545753458 
2264, 1929.27970755449 
2265, 1910.57262019881 
2266, 1883.63316071856 
2267, 1858.09329983847 
2268, 1830.85739590089 
2269, 1811.89949396226 
2270, 1773.84818609273 
2271, 1712.74235217023 
2272, 1677.05233518477 
2273, 1635.54706433765 
2274, 1608.24681572971 
2275, 1619.68539430855 
2276, 1605.58091301081 
2277, 1579.84310057678 
2278, 1555.36568798447 
2279, 1515.53058207712 
2280, 1486.11694255549 
2281, 1466.82279817104 
2282, 1440.03213336551 
2283, 1417.97916639734 
2284, 1401.8453667688 
2285, 1369.41424054447 
2286, 1352.24577578826 
2287, 1338.54436678035 
2288, 1326.52682549962 
2289, 1310.84735018957 
2290, 1300.30727050938 
2291, 1281.16734515761 
2292, 1255.86445646378 
2293, 1223.84170445776 
2294, 1186.91440333356 
2295, 1154.35157781468 
2296, 1117.57393969895 
2297, 1080.77088662225 
2298, 1037.45422519637 
2299, 1011.64219241347 
2300, 991.446390947013 
2301, 972.084467732145 
2302, 963.033795283748 
2303, 959.281157477803 
2304, 957.184656086168 
2305, 956.116035304265 
2306, 973.898278033118 
2307, 977.353852471366 
2308, 970.538828557023 
2309, 960.660760268104 
2310, 950.536768270683 
2311, 929.432595106815 
2312, 898.369216379416 
2313, 865.89254700582 
2314, 820.529576720778 
2315, 778.881954262956 
2316, 765.358236980759 
2317, 740.533055840497 
2318, 705.993087813698 
2319, 688.543381663129 
2320, 675.028586034693 
2321, 681.898394467562 
2322, 713.633770204569 
2323, 745.819292804402 
2324, 754.298006622737 
2325, 747.159422911343 
2326, 745.789214560783 
2327, 749.111817786753 
2328, 740.760468975796 
2329, 729.591386570212 
2330, 717.553836598526 
2331, 688.76924140222 
2332, 680.692838734582 
2333, 692.447575006114 
2334, 683.755226642582 
2335, 674.269987843356 
2336, 663.101226723442 
2337, 635.419466822928 
2338, 621.446857871057 
2339, 623.721489951526 
2340, 605.008953900541 
2341, 576.285585518768 
2342, 554.782005511994 
2343, 521.288485338107 
2344, 496.911375960024 
2345, 481.939435207817 
2346, 467.547345139677 
2347, 453.962277645859 
2348, 445.091600866606 
2349, 454.06698808383 
2350, 440.097373833124 
2351, 400.759530236085 
2352, 387.925617012083 
2353, 380.202331099318 
2354, 368.12345229812 
2355, 373.832892295867 
2356, 373.834989869884 
2357, 346.999140933975 
2358, 350.14033904355 
2359, 381.878731086931 
2360, 404.255777223608 
2361, 447.256070865306 
2362, 465.692081331316 
2363, 473.549360804933 
2364, 464.071003461581 
2365, 452.894244105837 
2366, 438.843918115616 
2367, 409.074880063814 
2368, 390.563325494404 
2369, 364.585737027061 
2370, 347.585208098527 
2371, 345.957510128039 
2372, 336.224219242577 
2373, 343.857197570292 
2374, 345.015508875281 
2375, 350.867130911818 
2376, 357.232292548142 
2377, 339.934160141793 
2378, 334.48841854506 
2379, 327.548138297059 
2380, 318.807276570261 
2381, 321.926221290536 
2382, 314.269925077343 
2383, 301.406554997063 
2384, 293.917401585157 
2385, 295.129807758741 
2386, 290.015372066762 
2387, 285.393647950399 
2388, 304.049827793747 
2389, 308.071860334854 
2390, 297.252023771093 
2391, 294.290158650943 
2392, 284.943016213325 
2393, 270.079727613395 
2394, 273.090749590039 
2395, 279.493926854637 
2396, 281.071106698765 
2397, 297.378448350953 
2398, 306.672045894063 
2399, 311.376680737164 
2400, 293.39658785603 
2401, 265.255414240269 
2402, 252.92628994474 
2403, 238.404667098283 
2404, 249.267020928427 
2405, 251.378416630302 
2406, 255.763342832053 
2407, 266.01785422807 
2408, 284.279334581694 
2409, 279.24584399676 
2410, 267.760827991635 
2411, 256.471275018377 
2412, 224.334720074047 
2413, 219.353061209036 
2414, 235.401191301481 
2415, 239.40405184414 
2416, 249.732932702854 
2417, 248.912085186984 
2418, 235.079658658318 
2419, 234.517888307098 
2420, 235.641291782556 
2421, 230.369471714305 
2422, 233.862810484024 
2423, 227.575976150206 
2424, 208.113196245494 
2425, 202.282658043916 
2426, 198.488707538876 
2427, 188.980019728178 
2428, 181.196292252166 
2429, 174.631752490798 
2430, 162.930149754061 
2431, 168.83353159503 
2432, 186.935894524789 
2433, 192.029307225631 
2434, 205.079395207753 
2435, 196.980999049271 
2436, 171.537720671385 
2437, 168.050907039525 
2438, 163.749529125297 
2439, 161.737265918123 
2440, 173.638840778217 
2441, 163.585793008185 
2442, 132.541134325611 
2443, 127.592798769947 
2444, 131.341689201459 
2445, 134.149146829099 
2446, 144.159813470347 
2447, 147.482679521524 
2448, 138.990874727659 
2449, 158.37083861615 
2450, 171.750711314721 
2451, 169.238236002705 
2452, 196.209505357737 
2453, 197.686455659496 
2454, 178.547405959997 
2455, 177.229945257063 
2456, 157.427037060096 
2457, 125.52311921252 
2458, 120.005169106275 
2459, 130.599284543605 
2460, 127.968704721165 
2461, 124.476967931896 
2462, 131.921444318146 
2463, 135.456448224263 
2464, 126.075063382657 
2465, 114.882017957868 
2466, 114.162065503423 
2467, 104.5445203529 
2468, 91.490820402365 
2469, 90.3350434136011 
2470, 83.7689362775407 
2471, 80.1551805700611 
2472, 81.8673495161568 
2473, 80.2560637108923 
2474, 80.3560356286794 
2475, 80.1370702983964 
2476, 75.206278335284 
2477, 78.1358985631188 
2478, 87.486489907354 
2479, 81.3311526394697 
2480, 68.3554044062642 
2481, 55.7507665508461 
2482, 42.2006031079727 
2483, 35.9456284654123 
2484, 38.6857381648664 
2485, 31.7335455822187 
2486, 20.5397313837104 
2487, 23.7053411471116 
2488, 26.9228910668634 
2489, 24.1762351790088 
2490, 24.9869874986939 
2491, 15.8049095147981 
2492,-4.2956906111511 
2493,-0.47015616250408 
2494, 10.8409325717262 
2495, 21.3748715540628 
2496, 38.2652041990036 
2497, 50.1073778118942 
2498, 64.2367873417311 
2499, 87.8480408281143 
2500, 88.8283226321491 
