Wavelength,0212202100052.asd
350, 406.605586834283 
351, 428.060937595443 
352, 447.424481993263 
353, 464.808827887637 
354, 481.994177581848 
355, 499.509737745664 
356, 517.267564524201 
357, 534.257428864498 
358, 553.824658421805 
359, 575.383765461228 
360, 597.388682650286 
361, 624.886391426122 
362, 656.184031767387 
363, 688.87586865822 
364, 720.741855386832 
365, 755.658204164537 
366, 789.816253408508 
367, 819.479444992169 
368, 844.133108829985 
369, 857.450802717193 
370, 861.960818189262 
371, 862.542864883651 
372, 858.795128226647 
373, 858.620285259533 
374, 862.387097415488 
375, 865.266282413136 
376, 866.403894629272 
377, 868.601156678468 
378, 869.947725339477 
379, 861.836665304253 
380, 851.866419627044 
381, 842.428784416305 
382, 832.828480072244 
383, 817.009360561963 
384, 801.649885043735 
385, 791.280927499271 
386, 790.217905010989 
387, 808.50919734434 
388, 833.699213746522 
389, 854.767408968667 
390, 865.282682136796 
391, 875.994016081539 
392, 886.653267535658 
393, 895.695983143321 
394, 901.814805677537 
395, 922.264418960371 
396, 962.137706410494 
397, 1021.26520446992 
398, 1102.20847986558 
399, 1195.390883008 
400, 1292.11221645841 
401, 1385.63659653183 
402, 1477.50560551615 
403, 1552.58661585756 
404, 1604.79380575548 
405, 1648.91926738476 
406, 1684.15223966007 
407, 1715.23104104994 
408, 1749.30460886281 
409, 1796.51723536546 
410, 1851.59312091042 
411, 1911.74135663855 
412, 1976.19777985755 
413, 2040.97198807485 
414, 2104.87278083744 
415, 2165.99581024278 
416, 2220.1518463617 
417, 2272.63816683344 
418, 2325.46881019342 
419, 2378.34354197184 
420, 2425.96334135533 
421, 2475.1763615895 
422, 2529.20928276404 
423, 2587.05393127179 
424, 2638.08717173465 
425, 2678.93939397048 
426, 2706.03727636627 
427, 2713.01094095301 
428, 2707.33887861941 
429, 2712.31335086454 
430, 2747.82479118153 
431, 2801.31787794435 
432, 2870.13430135966 
433, 2969.49317629705 
434, 3120.60141223992 
435, 3275.8780514118 
436, 3396.43612001409 
437, 3475.98352861427 
438, 3558.46016781067 
439, 3641.63819468562 
440, 3720.89661698369 
441, 3795.32604309264 
442, 3888.77643540653 
443, 3985.61991228656 
444, 4074.8162545913 
445, 4150.61945064454 
446, 4213.22031802504 
447, 4270.08747817404 
448, 4329.2811574367 
449, 4399.09638447386 
450, 4458.75805160175 
451, 4493.15990757079 
452, 4496.20254659854 
453, 4489.15168331064 
454, 4468.53514691355 
455, 4440.61112648 
456, 4420.64924109337 
457, 4417.82165430806 
458, 4422.3834925511 
459, 4423.30544730676 
460, 4414.88971482771 
461, 4401.70613815664 
462, 4387.29169433648 
463, 4372.08702012295 
464, 4343.03980320224 
465, 4299.52110052045 
466, 4247.06719294622 
467, 4196.55490825195 
468, 4154.52940607986 
469, 4124.2830642838 
470, 4106.59342893959 
471, 4100.52287962346 
472, 4095.9423670324 
473, 4094.57177736443 
474, 4101.42324671952 
475, 4101.9931710243 
476, 4098.19310289031 
477, 4094.68226630236 
478, 4097.41343223711 
479, 4108.72684826336 
480, 4124.01004318965 
481, 4134.48772813304 
482, 4127.84535826554 
483, 4094.369189877 
484, 4028.40049849228 
485, 3932.03755634059 
486, 3836.20414558219 
487, 3767.07543361781 
488, 3745.41127876438 
489, 3787.24707683455 
490, 3854.09285577871 
491, 3907.76759638393 
492, 3924.45802099417 
493, 3931.31155272994 
494, 3939.11888409443 
495, 3955.88451876482 
496, 3984.18151720325 
497, 3990.75022293191 
498, 3977.48071076818 
499, 3951.29514808996 
500, 3913.21041819467 
501, 3884.82925200541 
502, 3872.64620787905 
503, 3877.62145467738 
504, 3910.65395032463 
505, 3957.87819619583 
506, 4005.64945089379 
507, 4042.97470681365 
508, 4068.53215789993 
509, 4087.72300091575 
510, 4107.32477085577 
511, 4134.24942515273 
512, 4149.99365501683 
513, 4148.33437598436 
514, 4130.11569686016 
515, 4091.60522056643 
516, 4042.48780169613 
517, 3996.25750222873 
518, 3968.13601178483 
519, 3997.11476846903 
520, 4087.79854459657 
521, 4218.8116677501 
522, 4329.24686607699 
523, 4409.16262316285 
524, 4462.34113724011 
525, 4502.17440959066 
526, 4519.85729874756 
527, 4523.83057447448 
528, 4539.98844652022 
529, 4627.99816364151 
530, 4742.96779334527 
531, 4838.09536847876 
532, 4876.48046675473 
533, 4885.25141319269 
534, 4900.86799470949 
535, 4943.77418611989 
536, 5014.1475085867 
537, 5063.30881678257 
538, 5083.49789972754 
539, 5081.99481074903 
540, 5073.3767948335 
541, 5071.83947685022 
542, 5093.32014836002 
543, 5148.67374773395 
544, 5210.80238143426 
545, 5264.46109348706 
546, 5301.05501073962 
547, 5318.99831264784 
548, 5330.13121449725 
549, 5344.39925744151 
550, 5367.09315265795 
551, 5389.88165639111 
552, 5406.63725759608 
553, 5418.49470669886 
554, 5431.88331343351 
555, 5439.10590347062 
556, 5428.61036266679 
557, 5394.91336242555 
558, 5343.72601134181 
559, 5297.43819453898 
560, 5272.35605311104 
561, 5276.97812289944 
562, 5300.10170111121 
563, 5313.53627088996 
564, 5303.12453637187 
565, 5273.19463579884 
566, 5232.28715439112 
567, 5191.78797349022 
568, 5158.6283372764 
569, 5126.55330509265 
570, 5083.41885571748 
571, 5040.79013407384 
572, 5023.22754351736 
573, 5025.2156581744 
574, 5021.12206711656 
575, 4995.02675419886 
576, 4950.5921259332 
577, 4909.4195972297 
578, 4884.50127324783 
579, 4882.87283122481 
580, 4902.76661628847 
581, 4940.66277655045 
582, 4986.73983156102 
583, 5025.65282595841 
584, 5048.06292731108 
585, 5041.62360600631 
586, 5005.23525882196 
587, 4962.78098421254 
588, 4913.55428480834 
589, 4847.62325868992 
590, 4762.18991375565 
591, 4729.34587282502 
592, 4749.04802223533 
593, 4787.38568473565 
594, 4778.12406264999 
595, 4747.08887184424 
596, 4707.89343180104 
597, 4668.27982379735 
598, 4622.11185109927 
599, 4567.15153144767 
600, 4509.54861175997 
601, 4460.56188588031 
602, 4418.15995379411 
603, 4392.33511591219 
604, 4385.25359797686 
605, 4384.58982953017 
606, 4370.85037059794 
607, 4341.89631321759 
608, 4304.57587274247 
609, 4269.27233559052 
610, 4235.98008620833 
611, 4205.00224202593 
612, 4177.16594597349 
613, 4149.39496796092 
614, 4118.09593945873 
615, 4083.42454444879 
616, 4053.45820222469 
617, 4032.69727813497 
618, 4027.29283261655 
619, 4039.71009128389 
620, 4051.33442515666 
621, 4047.16624049756 
622, 4022.32038272624 
623, 3983.83590372309 
624, 3942.22012900036 
625, 3903.04760072858 
626, 3868.23706699004 
627, 3834.47223345467 
628, 3802.07670667537 
629, 3772.3145905457 
630, 3748.23093350416 
631, 3742.17360901994 
632, 3746.79590693317 
633, 3754.7044505104 
634, 3763.36752445385 
635, 3767.73796498233 
636, 3768.09167160962 
637, 3765.87381093071 
638, 3758.7565262463 
639, 3745.92045546299 
640, 3723.56595616569 
641, 3687.34378242965 
642, 3657.92665314759 
643, 3639.19708149543 
644, 3626.90991467211 
645, 3607.63790798332 
646, 3579.54254843933 
647, 3545.50551595912 
648, 3511.67031915333 
649, 3485.42635500765 
650, 3462.27170068162 
651, 3444.92425635312 
652, 3442.78547087481 
653, 3431.29671436123 
654, 3388.40900247517 
655, 3309.43890248755 
656, 3223.76562883248 
657, 3160.62612320702 
658, 3156.38139481602 
659, 3231.39834832103 
660, 3308.97708696754 
661, 3351.80463658948 
662, 3357.68658734976 
663, 3361.15866910294 
664, 3354.97987531014 
665, 3346.84892881487 
666, 3343.6647089907 
667, 3342.45743961722 
668, 3341.24152676878 
669, 3338.35105249004 
670, 3332.77084647407 
671, 3325.70507007716 
672, 3318.64428714213 
673, 3314.1915127255 
674, 3316.30764856681 
675, 3321.94069428173 
676, 3327.69393940719 
677, 3331.29671931287 
678, 3334.34066641598 
679, 3338.00268887605 
680, 3341.16532845875 
681, 3341.6911619351 
682, 3343.30007360421 
683, 3339.86375999472 
684, 3316.42268161587 
685, 3247.85802794982 
686, 3126.31735714775 
687, 2961.896802675 
688, 2794.63100597339 
689, 2728.68392919549 
690, 2790.89611772406 
691, 2931.90902953267 
692, 3057.83411493955 
693, 3173.24101689346 
694, 3261.04666039915 
695, 3317.13103432491 
696, 3356.80661795996 
697, 3389.73528644986 
698, 3414.65892936588 
699, 3428.12978494997 
700, 3432.01896817982 
701, 3435.03251908462 
702, 3445.7737615518 
703, 3471.26589116907 
704, 3509.83612927211 
705, 3554.3510053335 
706, 3595.97520806948 
707, 3624.79075491864 
708, 3651.45927779234 
709, 3678.74058136276 
710, 3706.64656738426 
711, 3733.54090526123 
712, 3760.59541026787 
713, 3785.53578144204 
714, 3803.41785693069 
715, 3808.98457984981 
716, 3789.90978514193 
717, 3739.69408663395 
718, 3660.38544445823 
719, 3594.64816604167 
720, 3585.32155651938 
721, 3650.96898202932 
722, 3758.08310721227 
723, 3844.73869919819 
724, 3885.28185188878 
725, 3886.93597007989 
726, 3911.15834876515 
727, 3951.33785022235 
728, 3994.50834049077 
729, 4029.12378659336 
730, 4081.06762326313 
731, 4152.8770741485 
732, 4239.07434540285 
733, 4330.48502735577 
734, 4412.27477818004 
735, 4474.17423471639 
736, 4511.82104221666 
737, 4532.63134813695 
738, 4549.69383327467 
739, 4566.63516392307 
740, 4579.26012478605 
741, 4596.42327909335 
742, 4621.50040106546 
743, 4654.68250038847 
744, 4693.20258196807 
745, 4724.90952642582 
746, 4748.71657649275 
747, 4766.27968572754 
748, 4774.3064915924 
749, 4773.45063505023 
750, 4766.78622987494 
751, 4759.70218479626 
752, 4761.95624825681 
753, 4769.45660336981 
754, 4776.75368553837 
755, 4778.56895193947 
756, 4762.46517206665 
757, 4671.52043573213 
758, 4414.55131413463 
759, 3837.30486916686 
760, 2983.89302017016 
761, 2147.40252978449 
762, 1683.02169865527 
763, 1693.21449868002 
764, 1952.2187338796 
765, 2343.57913475082 
766, 2851.39997078008 
767, 3396.59783409134 
768, 3864.4919235098 
769, 4185.21719676831 
770, 4358.87819768037 
771, 4439.97021616308 
772, 4464.83301125743 
773, 4461.30455651304 
774, 4449.58887510082 
775, 4429.96127046956 
776, 4406.80847688753 
777, 4384.0040892893 
778, 4357.44946325166 
779, 4326.70880384795 
780, 4294.2757826519 
781, 4264.54259534724 
782, 4236.61563876639 
783, 4206.54661410521 
784, 4173.23916618068 
785, 4140.62533300671 
786, 4107.31875405043 
787, 4071.28763168236 
788, 4030.86527917284 
789, 3986.06803799232 
790, 3936.36888923411 
791, 3884.24695756994 
792, 3833.20866195068 
793, 3783.18705253753 
794, 3742.78949529023 
795, 3716.17241189145 
796, 3702.16811760781 
797, 3691.81498578766 
798, 3676.66619643718 
799, 3651.53156731956 
800, 3615.59751518234 
801, 3578.21611031878 
802, 3544.72864289601 
803, 3516.17348426126 
804, 3486.657371701 
805, 3461.44009932002 
806, 3440.09892830842 
807, 3418.52822600982 
808, 3387.42557604094 
809, 3350.62213840467 
810, 3312.42419970273 
811, 3274.89584981991 
812, 3227.82827428161 
813, 3164.65408506637 
814, 3084.29945434056 
815, 2992.11212131523 
816, 2905.09359595326 
817, 2835.33857329032 
818, 2791.265141579 
819, 2777.21116238443 
820, 2771.58113191653 
821, 2763.643949641 
822, 2749.01655957409 
823, 2728.93700439974 
824, 2717.00773064877 
825, 2721.40202811381 
826, 2738.49104175528 
827, 2736.17912175829 
828, 2710.92447607337 
829, 2674.95160563839 
830, 2646.77652081241 
831, 2627.32989150364 
832, 2611.32478901227 
833, 2596.83674016406 
834, 2585.49453351729 
835, 2580.66768588232 
836, 2576.90750636366 
837, 2569.09032169214 
838, 2554.31046800162 
839, 2534.19551393792 
840, 2509.8455010979 
841, 2482.16303982528 
842, 2451.67469184168 
843, 2421.90154126712 
844, 2391.71904657143 
845, 2360.08821243277 
846, 2329.99839577912 
847, 2294.14339826144 
848, 2252.01946146087 
849, 2205.66796315684 
850, 2156.88907108755 
851, 2101.12976543443 
852, 2043.84866574929 
853, 1994.36097395562 
854, 1955.27329414075 
855, 1922.77346800625 
856, 1903.49331617397 
857, 1906.71582847029 
858, 1917.47432537584 
859, 1913.63150387653 
860, 1890.89008984679 
861, 1861.05472313854 
862, 1826.63516477601 
863, 1786.06472188733 
864, 1740.18554242171 
865, 1693.31639245338 
866, 1648.72319614509 
867, 1609.6270227769 
868, 1580.89635536461 
869, 1569.08391550009 
870, 1563.32403491346 
871, 1552.87010960145 
872, 1532.45418078805 
873, 1506.03910165795 
874, 1479.66806560686 
875, 1453.55954133871 
876, 1426.74936938351 
877, 1399.67696274518 
878, 1373.99875599921 
879, 1349.29823331351 
880, 1324.77213388796 
881, 1300.43957486074 
882, 1277.75100947113 
883, 1256.1754370241 
884, 1234.75750552101 
885, 1213.88680384235 
886, 1192.34292519398 
887, 1170.11522771919 
888, 1148.00869127114 
889, 1127.46031639842 
890, 1108.82526041244 
891, 1089.43436555112 
892, 1065.6707220413 
893, 1036.44604746359 
894, 1004.61623340957 
895, 970.899588077197 
896, 935.168759294807 
897, 899.221461416919 
898, 866.698434150478 
899, 839.444309034513 
900, 818.080924444645 
901, 804.040429252096 
902, 797.008313452599 
903, 793.696395336844 
904, 789.452431563631 
905, 783.11033494878 
906, 773.677102811982 
907, 760.168509484215 
908, 742.166023509119 
909, 721.263776761062 
910, 703.625604612771 
911, 691.090066223498 
912, 681.764255662238 
913, 674.518076387339 
914, 667.136658965928 
915, 658.697563227811 
916, 649.930008206267 
917, 644.337006208404 
918, 641.048917184818 
919, 637.947158097776 
920, 633.071519777833 
921, 629.231204131769 
922, 622.946888039536 
923, 613.690358612768 
924, 602.972019719858 
925, 589.041755369185 
926, 571.378929262835 
927, 550.657659427162 
928, 527.511428229562 
929, 498.195927288326 
930, 464.345589390916 
931, 428.913399244032 
932, 395.278126937125 
933, 365.541578500157 
934, 341.063017781765 
935, 323.617603105023 
936, 314.350504495238 
937, 311.37617473516 
938, 312.726500869971 
939, 315.44991057414 
940, 317.185770652125 
941, 319.548961155835 
942, 320.086004960296 
943, 317.21407480288 
944, 310.661015602076 
945, 302.139534792019 
946, 294.393606209068 
947, 289.12778820232 
948, 286.633934532803 
949, 285.18370032035 
950, 283.573041554377 
951, 282.377227591897 
952, 281.538524010214 
953, 277.805455771675 
954, 276.229760966871 
955, 274.072254292261 
956, 269.795028935531 
957, 268.302829398512 
958, 265.590348421551 
959, 263.107240372579 
960, 262.16093809297 
961, 261.757080101325 
962, 258.343214262162 
963, 256.127009228338 
964, 256.248869375863 
965, 254.737619561165 
966, 252.148892059505 
967, 250.800052060679 
968, 249.737307152576 
969, 245.722975229537 
970, 242.541380182862 
971, 237.200671319544 
972, 230.391472029758 
973, 225.213132296315 
974, 221.89840326321 
975, 216.576627780467 
976, 209.570325749211 
977, 203.338905767024 
978, 199.336555117875 
979, 194.371237187897 
980, 189.308492936827 
981, 185.605305381379 
982, 182.416933277357 
983, 177.69344798951 
984, 173.351607088888 
985, 170.298874017601 
986, 166.238417650108 
987, 161.787414452579 
988, 157.439947330221 
989, 152.742857156267 
990, 146.730626181911 
991, 142.186526837014 
992, 138.781325414691 
993, 135.41242071334 
994, 131.210972362445 
995, 127.625477027529 
996, 123.729859916542 
997, 119.706456922587 
998, 115.782280940434 
999, 110.37366510978 
1000, 108.202194982671 
1001, 665.751803949046 
1002, 662.456082256438 
1003, 657.207798843133 
1004, 646.967818827237 
1005, 638.091268659638 
1006, 635.093136949245 
1007, 633.65515781739 
1008, 630.639139844632 
1009, 628.216392409135 
1010, 628.673581632061 
1011, 625.283262468892 
1012, 616.706274102014 
1013, 614.99050189503 
1014, 618.012815950324 
1015, 619.07313102379 
1016, 623.035743317814 
1017, 627.690160062659 
1018, 624.00609597443 
1019, 621.269883648415 
1020, 624.992832672035 
1021, 628.248927478887 
1022, 630.990777009429 
1023, 637.319429690624 
1024, 640.380586368805 
1025, 635.349650133306 
1026, 633.022587596304 
1027, 638.109892083091 
1028, 644.258066784957 
1029, 647.338991412662 
1030, 649.014808731296 
1031, 645.97415296742 
1032, 642.7177977355 
1033, 651.768526022944 
1034, 665.8774033781 
1035, 673.580051377697 
1036, 681.144884111103 
1037, 684.749137209084 
1038, 685.096459321388 
1039, 683.6611679433 
1040, 688.078995371954 
1041, 694.224446974481 
1042, 695.026083434045 
1043, 699.583290439088 
1044, 704.279540040227 
1045, 707.679206049538 
1046, 715.168025183072 
1047, 723.11556777123 
1048, 732.735013275802 
1049, 737.372924332508 
1050, 740.039214287756 
1051, 744.971235377958 
1052, 746.849656906527 
1053, 749.938728180847 
1054, 755.553990020704 
1055, 760.055959891877 
1056, 770.874425863158 
1057, 777.41441680956 
1058, 786.424919229705 
1059, 804.923983580619 
1060, 814.926169230796 
1061, 814.843176240908 
1062, 826.72105640854 
1063, 842.910362211627 
1064, 853.816383543857 
1065, 873.452530742713 
1066, 892.215124078453 
1067, 903.545130226811 
1068, 919.066043515697 
1069, 931.442946137518 
1070, 945.72848725982 
1071, 964.388219078331 
1072, 979.566177173769 
1073, 997.032513770206 
1074, 1019.98699750253 
1075, 1034.77346758427 
1076, 1046.52075705186 
1077, 1057.59281881522 
1078, 1063.74242903483 
1079, 1077.0349547193 
1080, 1092.51593920429 
1081, 1102.31162136466 
1082, 1115.97425483299 
1083, 1124.28222523749 
1084, 1126.51789387007 
1085, 1133.88809509082 
1086, 1138.83304762182 
1087, 1139.72514106947 
1088, 1143.84908423821 
1089, 1147.70684786624 
1090, 1153.64674890348 
1091, 1162.89729951135 
1092, 1171.18408039457 
1093, 1172.33994229037 
1094, 1175.57295059335 
1095, 1174.84703360587 
1096, 1164.90213867333 
1097, 1153.20269179575 
1098, 1144.14189692174 
1099, 1140.1011398527 
1100, 1136.32696384111 
1101, 1134.59949955165 
1102, 1144.02543640916 
1103, 1142.58170563322 
1104, 1136.66233328123 
1105, 1128.28663376044 
1106, 1115.24220308806 
1107, 1108.53356611172 
1108, 1095.69419427855 
1109, 1074.90664568829 
1110, 1055.64690188932 
1111, 1022.80120723419 
1112, 984.997874348654 
1113, 940.313291108676 
1114, 894.05726494535 
1115, 832.354497838991 
1116, 787.033776158603 
1117, 742.833507035304 
1118, 706.120065963739 
1119, 679.80224279472 
1120, 654.641474173102 
1121, 629.976996396131 
1122, 608.541608548142 
1123, 591.675760468651 
1124, 575.452988169508 
1125, 564.279683170567 
1126, 556.220219875295 
1127, 555.397395462395 
1128, 559.752965408086 
1129, 567.204948475645 
1130, 586.316750679963 
1131, 597.387244572658 
1132, 605.684937265168 
1133, 617.534952226858 
1134, 628.135928203299 
1135, 639.955622033355 
1136, 658.477112330375 
1137, 673.686427606282 
1138, 688.976619836747 
1139, 702.310858464027 
1140, 710.783540294009 
1141, 718.405669668823 
1142, 718.629177464514 
1143, 709.27792914414 
1144, 704.315689286245 
1145, 691.710511816244 
1146, 687.511230764585 
1147, 685.545946138011 
1148, 690.181394418572 
1149, 699.763206405149 
1150, 712.563399061361 
1151, 736.416259569002 
1152, 758.896360633324 
1153, 779.284317825807 
1154, 801.870428331498 
1155, 822.551540996838 
1156, 841.063295774732 
1157, 858.836509612265 
1158, 877.937580993731 
1159, 894.611551313084 
1160, 910.165369632422 
1161, 921.701440543735 
1162, 930.649783878091 
1163, 938.222543192513 
1164, 941.047932089345 
1165, 945.168303706047 
1166, 950.493376636882 
1167, 949.363241090044 
1168, 943.418816822282 
1169, 931.306221799763 
1170, 920.901857893982 
1171, 904.796737428295 
1172, 893.66107459272 
1173, 888.018368830288 
1174, 874.336268862407 
1175, 857.30743519359 
1176, 840.433922747537 
1177, 813.073454270238 
1178, 796.998795306204 
1179, 789.14550757784 
1180, 778.594472142862 
1181, 770.709144919245 
1182, 766.419296654254 
1183, 759.333374292352 
1184, 751.69682475178 
1185, 740.65765147305 
1186, 728.283169493604 
1187, 716.14807702509 
1188, 697.476566423993 
1189, 686.335959980289 
1190, 680.089505331914 
1191, 673.123144399318 
1192, 670.90442885089 
1193, 664.473704287081 
1194, 657.585569560101 
1195, 648.905680268331 
1196, 637.922752548314 
1197, 624.400799903967 
1198, 613.450838175014 
1199, 600.903227155131 
1200, 592.374513958393 
1201, 585.488947892902 
1202, 580.889966098983 
1203, 581.6735122746 
1204, 577.114705975266 
1205, 571.818733160948 
1206, 566.582004588132 
1207, 556.335731717266 
1208, 551.073151325911 
1209, 551.154774389868 
1210, 547.944141794498 
1211, 545.410525273887 
1212, 541.769475623295 
1213, 537.012138242118 
1214, 528.761812570599 
1215, 525.397773510207 
1216, 523.296336636771 
1217, 522.015681995568 
1218, 523.406774459298 
1219, 523.391118193936 
1220, 523.810667348169 
1221, 523.396217743405 
1222, 521.889503346308 
1223, 521.86609892784 
1224, 525.093201012151 
1225, 522.969640878312 
1226, 516.807712577116 
1227, 513.780763849844 
1228, 506.496814634926 
1229, 502.890451014712 
1230, 501.974519275139 
1231, 507.758153945677 
1232, 506.893395740042 
1233, 505.003698129603 
1234, 502.511502734041 
1235, 496.700531823561 
1236, 493.735802757827 
1237, 494.804935955341 
1238, 489.584991859678 
1239, 480.379142701582 
1240, 473.801481104909 
1241, 460.3499243141 
1242, 455.288498769053 
1243, 460.608091663189 
1244, 459.952822660505 
1245, 456.543107446665 
1246, 459.583653163785 
1247, 457.978967231784 
1248, 452.447966046665 
1249, 448.973959039449 
1250, 447.009407110203 
1251, 443.232624494887 
1252, 435.682301568421 
1253, 433.576724381765 
1254, 437.373356539657 
1255, 433.717538499685 
1256, 430.593558802511 
1257, 424.089692050812 
1258, 409.467109018485 
1259, 398.397116742131 
1260, 383.931629926189 
1261, 376.049364412452 
1262, 371.981739950189 
1263, 369.837960286594 
1264, 366.309061932107 
1265, 368.623972369005 
1266, 363.725881313086 
1267, 350.378464214566 
1268, 348.523903741793 
1269, 346.940928428581 
1270, 353.596323206056 
1271, 372.831845186209 
1272, 383.349190500823 
1273, 396.693442124704 
1274, 405.685277288794 
1275, 410.066348471141 
1276, 414.039751554455 
1277, 413.733627860225 
1278, 417.47205031419 
1279, 421.759713100625 
1280, 426.261611038656 
1281, 433.720041246646 
1282, 437.955835624123 
1283, 442.581491480944 
1284, 446.061858485424 
1285, 447.398933387428 
1286, 447.951566490738 
1287, 449.241816455823 
1288, 445.643260744799 
1289, 448.206238571833 
1290, 456.975944842329 
1291, 460.501435946107 
1292, 462.331362418148 
1293, 467.087767427541 
1294, 474.456843299934 
1295, 476.244850682332 
1296, 477.344133395478 
1297, 477.691616879474 
1298, 473.761338728716 
1299, 467.59406798019 
1300, 461.928892261038 
1301, 462.662999543571 
1302, 460.806057867501 
1303, 456.581065827937 
1304, 456.089481088226 
1305, 457.893881792655 
1306, 459.106549034334 
1307, 463.762728993633 
1308, 463.313087713667 
1309, 459.292258974513 
1310, 459.293257871985 
1311, 457.995375514918 
1312, 456.988515364856 
1313, 462.513874697459 
1314, 461.740068493039 
1315, 453.803413248139 
1316, 449.995536748907 
1317, 447.395653876925 
1318, 440.689745124469 
1319, 438.837356172762 
1320, 441.510331938861 
1321, 442.376844160916 
1322, 443.125157420372 
1323, 441.67335602835 
1324, 439.264436113257 
1325, 435.858872603387 
1326, 430.644030301463 
1327, 424.8910815938 
1328, 417.157335475925 
1329, 411.509910754724 
1330, 406.877744376577 
1331, 400.481652051755 
1332, 394.314967577316 
1333, 387.995587598654 
1334, 376.773606878427 
1335, 371.417981697808 
1336, 371.13915370309 
1337, 369.864515639545 
1338, 367.620162997945 
1339, 364.321387884208 
1340, 356.267050478828 
1341, 345.52677676316 
1342, 336.012888802682 
1343, 327.718538298926 
1344, 315.896253480591 
1345, 304.857074015021 
1346, 285.50431159325 
1347, 260.150134990979 
1348, 233.5733621975 
1349, 197.650245780126 
1350, 170.196945510988 
1351, 144.564390836873 
1352, 121.359018668675 
1353, 101.984262339721 
1354, 83.1106157504646 
1355, 64.1902781862414 
1356, 48.0464279414712 
1357, 33.0359486535557 
1358, 21.572721339561 
1359, 14.1519730687857 
1360, 13.2989043023576 
1361, 9.77865439963988 
1362, 6.08339290522073 
1363, 4.11891215571352 
1364,-1.26442567908191 
1365,-2.20192588384339 
1366, 1.02537211669298 
1367, 3.59259500468675 
1368, 8.06866709700828 
1369, 10.0605688074929 
1370, 12.6420191475291 
1371, 12.046166498827 
1372, 6.82644287687478 
1373, 5.56905949984287 
1374, 2.86684620376888 
1375, 5.77257805430205 
1376, 16.8603449039219 
1377, 20.4976536001696 
1378, 25.1310106728196 
1379, 24.857908763315 
1380, 17.5951378509538 
1381, 16.9296877059695 
1382, 17.4433910962301 
1383, 16.8151103988783 
1384, 21.1438083017445 
1385, 19.1241366598175 
1386, 17.7445244850803 
1387, 18.4497058926076 
1388, 20.1620555252743 
1389, 22.917380016937 
1390, 26.6280628837432 
1391, 32.4511030072091 
1392, 36.3465579503474 
1393, 40.9491249587481 
1394, 42.0312085762023 
1395, 40.6486675442155 
1396, 40.7153159200148 
1397, 39.8670553519668 
1398, 37.20038861051 
1399, 32.4021412357614 
1400, 31.8536286501644 
1401, 32.7395031332869 
1402, 31.3933265483075 
1403, 32.4171141542104 
1404, 32.3684570014298 
1405, 26.5638151955548 
1406, 23.5334487493357 
1407, 26.9023052818898 
1408, 30.4408127933984 
1409, 35.3330880557099 
1410, 37.7588233708275 
1411, 39.6332006767958 
1412, 39.4793349971103 
1413, 40.2605965671725 
1414, 41.9992393127377 
1415, 41.7528964863607 
1416, 38.8486730894167 
1417, 38.5084523900067 
1418, 36.797190096124 
1419, 38.2837538526645 
1420, 46.5693480234199 
1421, 47.4062591432564 
1422, 45.2436190011615 
1423, 44.4837940873229 
1424, 38.3095585347137 
1425, 36.1290470855978 
1426, 38.4776162092158 
1427, 38.9205934114063 
1428, 40.5915521321547 
1429, 39.7928981371913 
1430, 38.7738685181344 
1431, 33.4048202559727 
1432, 23.9726655856086 
1433, 17.11936025976 
1434, 13.4603316746951 
1435, 10.7211476762787 
1436, 14.2175550297355 
1437, 21.9919933371524 
1438, 24.0164306019653 
1439, 26.0233897307053 
1440, 25.6057441187986 
1441, 19.0225109070618 
1442, 17.5463282433861 
1443, 17.8973589729439 
1444, 17.3049396729388 
1445, 19.1693923996081 
1446, 17.8590980990895 
1447, 14.1001871247678 
1448, 11.9650717046705 
1449, 8.76142545181749 
1450, 6.80710037778288 
1451, 7.34517073338778 
1452, 5.58188566517006 
1453, 1.8551131146219 
1454,-1.03209799141703 
1455,-3.82595755972855 
1456,-8.46940100534341 
1457,-10.2758029432188 
1458,-6.53228976974757 
1459,-8.99313984860821 
1460,-8.42443800565859 
1461,-6.16186619234616 
1462,-7.45599186301074 
1463,-5.07524943768736 
1464,-5.82282895577214 
1465,-4.65482078085407 
1466,-4.53397138641986 
1467,-4.03155039546682 
1468,-1.75981085474262 
1469, 0.71667275319384 
1470, 3.7730820170658 
1471, 1.97316566977436 
1472,-1.33819257025172 
1473,-4.28784885417469 
1474,-14.9398209561307 
1475,-15.9667248570927 
1476,-8.47945064096723 
1477,-5.56829429990738 
1478,-0.609037341212582 
1479, 2.55834434203152 
1480, 4.46458206336756 
1481, 4.09510493596148 
1482, 2.37296638336266 
1483, 0.376085908337702 
1484,-7.46371896384903 
1485,-9.7857017972343 
1486,-8.62093802242979 
1487,-7.16780891629719 
1488,-3.96326239832553 
1489, 2.75473264539798 
1490, 2.81000560472022 
1491, 0.750701254304299 
1492,-1.88136847231626 
1493,-6.86618220566181 
1494,-8.34737227789081 
1495,-7.64659263599239 
1496,-7.86086780348337 
1497,-7.96365772260429 
1498,-7.92454576154109 
1499,-8.76376355810214 
1500,-8.35344043712373 
1501,-7.16274884023801 
1502,-5.91908796793233 
1503,-3.49868041296111 
1504,-2.37430674867373 
1505, 0.093684541998756 
1506,-0.660252808307242 
1507,-5.69938234255177 
1508,-6.27003197071303 
1509,-6.15441373723439 
1510,-6.96598507028276 
1511,-4.82579437790434 
1512,-5.42786687855313 
1513,-8.91565280475701 
1514,-11.9014395218576 
1515,-16.3854752742705 
1516,-18.504686405759 
1517,-21.2505597260558 
1518,-20.852874380718 
1519,-14.1064785941867 
1520,-12.2066228303479 
1521,-12.1501027601368 
1522,-11.7486381373759 
1523,-11.1551428847092 
1524,-9.75547910007502 
1525,-7.37269204383316 
1526,-0.684134806532192 
1527, 5.49207224016476 
1528, 7.1317346077408 
1529, 8.09257417797315 
1530, 2.81912027074335 
1531,-3.09255524146183 
1532,-5.93388830116226 
1533,-4.49656404507922 
1534,-2.94458173062636 
1535,-1.43933998586093 
1536, 1.24688529804852 
1537, 2.93911378536163 
1538, 4.57458712666612 
1539, 5.50354196856766 
1540, 6.57004054250746 
1541, 5.28782523064713 
1542, 0.95641434062136 
1543, 0.263489825785291 
1544, 1.15044029230398 
1545,-1.43463575318362 
1546,-4.12947547593237 
1547,-6.24320589916218 
1548,-12.6306119708581 
1549,-14.022401414638 
1550,-9.66926841054398 
1551,-9.74122413647006 
1552,-12.6585753819807 
1553,-11.3616728524262 
1554,-7.79271728935006 
1555,-6.44195572960685 
1556,-3.80394763434341 
1557,-1.1196867339218 
1558,-0.721497850318192 
1559,-0.291892048681533 
1560, 4.39598509184418 
1561, 4.59536139837491 
1562,-2.64497756220332 
1563,-4.16365571587275 
1564,-4.91449904700028 
1565,-4.32773746991555 
1566, 2.01049061057716 
1567, 5.44011024790318 
1568, 9.13614960743921 
1569, 9.76982126930651 
1570, 7.89922754453529 
1571, 5.18581039561141 
1572,-2.13258896782907 
1573,-5.41089478291569 
1574,-2.13718387940253 
1575,-3.41412064568671 
1576,-2.88433627011262 
1577,-3.3806060285663 
1578,-11.2653994881519 
1579,-8.82319299267157 
1580,-7.07825138393333 
1581,-1.95964987678668 
1582, 0.127393653111831 
1583, 2.92870372975097 
1584, 4.14721231659422 
1585, 2.88359915603978 
1586, 5.3803624789873 
1587, 10.6704320075047 
1588, 12.2581157704984 
1589, 15.1742657652965 
1590, 13.2884777434878 
1591, 4.74069995269434 
1592, 3.23400642022254 
1593, 2.91514581977611 
1594, 2.4476477523846 
1595, 6.0602135981209 
1596, 6.62698194096721 
1597, 2.81833854436917 
1598, 3.78168574498032 
1599, 7.79737214091032 
1600, 9.96500144962717 
1601, 15.8312864491357 
1602, 15.7218021089835 
1603, 10.6754192028991 
1604, 8.63994179134921 
1605, 4.29010311573359 
1606, 1.42256909905664 
1607,-0.605514067752721 
1608,-0.843733941303143 
1609,-0.436701439131931 
1610, 1.11025857489403 
1611, 6.53418530477325 
1612, 9.44829888151248 
1613, 12.9332472496589 
1614, 12.9520064982905 
1615, 9.94995414594189 
1616, 7.94467031860604 
1617, 2.30846614676699 
1618, 0.292759034279338 
1619,-0.275372220589009 
1620, 1.21008644325484 
1621, 6.06336617793799 
1622, 9.40767028090558 
1623, 16.7137415997329 
1624, 18.4670444798131 
1625, 16.3445627636862 
1626, 13.9140505552442 
1627, 4.64572504301709 
1628, 1.93331248567642 
1629, 4.48656361752756 
1630, 4.00063092489646 
1631, 5.85574440068563 
1632, 6.09305468301716 
1633,-0.909193407474977 
1634,-0.69169409661177 
1635, 7.2892064578382 
1636, 10.104642992201 
1637, 15.3530092528308 
1638, 17.6642194609348 
1639, 10.8813401492116 
1640, 10.3377275102537 
1641, 14.9679847576117 
1642, 16.5485869033539 
1643, 21.0084102885149 
1644, 22.3932350860318 
1645, 20.3459881268069 
1646, 17.0146507630292 
1647, 9.49384624880861 
1648, 5.14972974356485 
1649,-0.173778801278417 
1650,-3.15042486209553 
1651,-3.97320250082855 
1652,-1.12600767595319 
1653, 0.796495047710592 
1654, 4.58049245408661 
1655, 4.40552655220757 
1656, 2.71741556616246 
1657, 4.22128681898513 
1658, 3.67710684620332 
1659, 7.91064801011654 
1660, 18.5803036393693 
1661, 20.5072223581471 
1662, 20.8121976469625 
1663, 18.7617561939569 
1664, 11.4120620254802 
1665, 8.48990220113048 
1666, 6.57785245845891 
1667, 3.23390567262462 
1668,-0.742849619700778 
1669,-1.9754292901193 
1670,-3.04279759368815 
1671,-3.21349207458658 
1672,-0.315009324053328 
1673, 0.150173965273447 
1674,-2.05688219786501 
1675, 0.629460271191068 
1676, 6.27845449984567 
1677, 8.80596795647966 
1678, 12.6828255094976 
1679, 14.5393773142901 
1680, 13.0486152995344 
1681, 14.7478976236099 
1682, 18.3077924472323 
1683, 19.8411873791754 
1684, 22.5927984617879 
1685, 20.4852104038319 
1686, 15.6631846715655 
1687, 10.8589454758382 
1688, 1.64775867456428 
1689,-2.08610250946308 
1690,-3.95531094597378 
1691,-5.049673024642 
1692,-3.94139708231531 
1693,-2.53249604175055 
1694,-0.583056954512239 
1695, 1.40142205933517 
1696, 4.71578361917621 
1697, 7.62545962094202 
1698, 11.2787288373001 
1699, 11.9522475320676 
1700, 13.3522567613431 
1701, 9.22837350648637 
1702,-1.28208169540231 
1703,-4.65129192516703 
1704,-8.47831391224501 
1705,-10.3208227090771 
1706,-7.26526777370877 
1707,-7.37058561160458 
1708,-8.533775480165 
1709,-11.2997071056548 
1710,-16.8709126257358 
1711,-14.8204016491682 
1712,-10.7348178054683 
1713,-6.84737532535871 
1714, 4.87580424746237 
1715, 5.51317449192713 
1716,-1.63664838317774 
1717, 1.02035866225677 
1718, 2.24316885183707 
1719,-1.01550388482194 
1720, 5.32951058517946 
1721, 7.64581576164221 
1722, 5.86684049925658 
1723, 8.98917556312711 
1724, 11.1125634996463 
1725, 16.6089139760931 
1726, 18.9171439579483 
1727, 19.0656427817778 
1728, 19.2606838854257 
1729, 12.5130862242491 
1730, 5.13827934966586 
1731, 3.37178538312171 
1732, 6.83196390647252 
1733, 11.2859339685469 
1734, 17.6036734148176 
1735, 22.5566049918876 
1736, 20.6017340985611 
1737, 15.7383819263072 
1738, 10.0885678913368 
1739, 3.25468054797416 
1740,-3.78650174230954E-03 
1741,-5.19386683914211 
1742,-6.97114519850501 
1743,-1.88640789823177 
1744,-1.28127156338505 
1745, 4.81297817586074 
1746, 9.66234963402784 
1747, 5.3026597621254 
1748, 2.53982453183213 
1749, 2.06697037466943E-02 
1750,-1.37424226800708 
1751,-1.43462134357577 
1752,-0.180858390727947 
1753, 0.590391370605371 
1754, 0.326047695093547 
1755, 2.22360603447642 
1756, 2.0398929348638 
1757, 1.09943801775443 
1758, 1.69845248236814 
1759, 2.19039231996403 
1760, 1.40837342935065 
1761, 3.01898217517763 
1762, 5.54553834754508 
1763, 8.05148472322894 
1764, 8.45332477422499 
1765, 5.46094439175055 
1766, 3.6020693092619 
1767, 2.59390618932554 
1768, 0.126611830421463 
1769,-4.96814090327211 
1770,-7.20295967326328 
1771,-10.0637513699089 
1772,-11.2348196157749 
1773,-7.7380407154301 
1774,-6.03038340748483 
1775,-4.53070126861901 
1776,-4.51098262911764 
1777,-7.70102399621172 
1778,-5.91043862207273 
1779,-0.691907967488076 
1780, 0.107020512557786 
1781, 3.69097391408544 
1782, 4.19206531769939 
1783,-1.08129709277225 
1784,-4.57874020078796 
1785,-9.31152051507194 
1786,-11.1111443402416 
1787,-12.4283646140842 
1788,-14.9904703285975 
1789,-15.713260966241 
1790,-14.3904614596556 
1791,-12.5604616413358 
1792,-9.84212095023098 
1793,-4.6066554215518 
1794,-2.00466451429226 
1795,-1.76835176586499 
1796,-3.1555688013018 
1797, 0.628608158682239 
1798,-1.55339604796015 
1799,-7.74892596276608 
1800,-7.56836169641096 
1801, 80.8832444264197 
1802, 88.3905366290943 
1803, 87.340677409565 
1804, 85.6260848495159 
1805, 85.1476979910232 
1806, 63.3706160813763 
1807, 46.4453579315505 
1808, 40.0665193956576 
1809, 37.9594668263356 
1810, 39.5159669298211 
1811, 58.674730485301 
1812, 55.9912817392308 
1813, 46.6813539953076 
1814, 33.6561376610137 
1815, 10.7923074185263 
1816, 0.646157214754181 
1817, 8.32071600971824 
1818, 15.0085125949466 
1819, 24.4857313955778 
1820, 54.1488798792248 
1821, 58.1852882788025 
1822, 44.3483116123287 
1823, 43.8026745181821 
1824, 49.8425109745462 
1825, 41.5457210466312 
1826, 52.5002333047966 
1827, 58.285634286753 
1828, 50.5420344152803 
1829, 15.3014025897536 
1830, 4.15603983070766 
1831,-4.74534711825385 
1832,-3.45977471928898 
1833,-7.4441328052626 
1834, 10.9404173101513 
1835, 17.5250173769289 
1836, 13.2832759370264 
1837, 36.6933301176845 
1838, 40.1668173642912 
1839, 45.0734194974347 
1840, 60.0753584446513 
1841, 64.1866471675409 
1842, 57.8998736268653 
1843, 43.5181227638093 
1844, 42.2577477710317 
1845, 38.4725248575064 
1846, 24.0570919128392 
1847, 41.8145862948424 
1848, 50.3194909570549 
1849, 46.4474777347649 
1850, 50.251375493641 
1851, 68.3621660844231 
1852, 52.027221807483 
1853, 33.0674340582646 
1854, 26.6766222694274 
1855, 0.082354218373686 
1856,-9.77590868710734 
1857,-4.70107617091281 
1858,-2.16023315207013 
1859,-7.75051774211358 
1860,-20.2046747825167 
1861,-26.2116990001467 
1862,-25.924189205752 
1863,-26.8005463572186 
1864,-0.111342639245454 
1865, 18.2757684947322 
1866, 37.8481965096017 
1867, 65.2020563188554 
1868, 60.109892204287 
1869, 58.164327465311 
1870, 52.789445768797 
1871, 39.5687142709068 
1872, 7.24255913973755 
1873,-4.01338617072928 
1874,-3.40807738703742 
1875,-2.66821391404947 
1876, 8.97320369688287 
1877, 30.5055919109329 
1878, 52.8564345058258 
1879, 60.2869789013742 
1880, 62.6844846210938 
1881, 60.9339707578623 
1882, 53.8039185637381 
1883, 31.3833691885738 
1884, 31.6760365941525 
1885, 38.9992195165959 
1886, 30.6048145934302 
1887, 33.7256126599111 
1888, 27.8408349531509 
1889, 1.36551092365314 
1890,-16.0482982287184 
1891,-23.2360893718053 
1892,-22.7471665664674 
1893,-36.5055414166326 
1894,-37.9706232875846 
1895,-28.2541848842616 
1896,-30.1974603955794 
1897,-8.34171428571757 
1898,-8.47965045083003 
1899,-12.7654792438471 
1900,-12.1800600578659 
1901,-34.1901541224243 
1902,-43.4288433096166 
1903,-33.8418501960562 
1904,-30.8454037447404 
1905,-46.8324856162902 
1906,-46.4884030276873 
1907,-52.7774053361729 
1908,-44.5130236494076 
1909,-32.0094258227125 
1910,-5.94495803807189 
1911, 13.3851431113177 
1912, 41.3040464836012 
1913, 44.9924530872883 
1914, 39.7817876805004 
1915, 22.9413594706307 
1916, 6.95679872841582 
1917, 6.49008643211569 
1918, 4.09642840944292 
1919, 13.0644130400642 
1920, 6.14784327066198 
1921,-7.13615395288539 
1922,-14.063382075037 
1923,-24.9740604563686 
1924,-25.8823544861263 
1925,-21.6106672812677 
1926,-12.4102868456781 
1927, 10.3436540421802 
1928, 28.3093947935565 
1929, 27.3664397319869 
1930, 24.5154623723147 
1931, 18.9538365330368 
1932, 18.7496116786812 
1933, 17.2873210166122 
1934, 27.7577745820792 
1935, 26.5731694811143 
1936, 16.9527362739898 
1937, 6.8677397368313 
1938, 0.872010476509744 
1939,-16.5044811915523 
1940,-16.2927107762556 
1941,-17.9437997675368 
1942,-25.7045744501015 
1943,-31.1085598628928 
1944,-30.8862332110171 
1945,-30.3778774340539 
1946,-27.8823274193232 
1947,-17.1482665540044 
1948,-2.65086706913652 
1949, 25.7125827066854 
1950, 18.6589424120961 
1951, 27.8199597514205 
1952, 31.412821359678 
1953, 7.12090364860583 
1954, 1.93512881122858 
1955,-5.38476399292732 
1956,-23.2819150312326 
1957,-22.2626864011596 
1958,-4.39499068781494 
1959, 5.97929234629069 
1960, 26.8902327589316 
1961, 42.4092038543782 
1962, 46.130820004989 
1963, 33.0473170450268 
1964, 24.5254566440603 
1965, 38.897476835868 
1966, 34.2838955727477 
1967, 28.4477236860156 
1968, 20.2791137217882 
1969,-8.34579077776428 
1970,-20.0346168764422 
1971,-20.8940268909099 
1972,-16.0271044082095 
1973, 4.5395228688292 
1974, 12.800074641573 
1975, 16.7665242118317 
1976, 2.05969139898379 
1977,-26.9605357043861 
1978,-38.8168245624093 
1979,-44.5758033822912 
1980,-43.2705082684496 
1981,-39.3285298258348 
1982,-24.3023182345186 
1983,-17.3595763808302 
1984,-2.61654248544617 
1985, 5.2020482950013 
1986, 4.55697424429807 
1987, 11.901658069473 
1988, 2.85683497231899 
1989,-18.6959478675253 
1990,-24.1415274561488 
1991,-33.6649871196838 
1992,-28.8923482928137 
1993,-0.38230272776891 
1994, 8.88397409850094 
1995, 10.1870197224529 
1996, 16.1152940488334 
1997, 22.3643568618047 
1998, 21.5034076089783 
1999, 18.0076153978685 
2000, 33.6651787778054 
2001, 41.3337321417038 
2002, 41.5165961457582 
2003, 35.0196974313507 
2004, 20.6782619340709 
2005, 15.1634895263924 
2006, 2.09616217410166 
2007,-3.51027359383316 
2008, 7.78194481681311 
2009, 7.89502333404664 
2010,-4.33048519344241 
2011,-4.22250756109328 
2012,-3.0921950175084 
2013,-12.4728197919307 
2014,-18.6105637401202 
2015,-27.6813470271619 
2016,-33.8894727763435 
2017,-44.3357029230292 
2018,-41.565636829561 
2019,-31.7457698853478 
2020,-20.0113896720961 
2021, 13.2752863074602 
2022, 24.1862274755151 
2023, 23.3787096780438 
2024, 23.6428389516492 
2025, 31.1798789697762 
2026, 13.3032890270537 
2027, 10.7109642203156 
2028, 20.6188021037252 
2029, 21.5912607986968 
2030, 10.4162056063863 
2031, 15.652718202664 
2032, 37.4366886575042 
2033, 37.6508613722461 
2034, 42.4107149198558 
2035, 34.9127656304602 
2036,-8.48543031669596 
2037,-25.5119784473829 
2038,-22.5931995989416 
2039,-41.557091571113 
2040,-47.0801835014865 
2041,-37.6765579359034 
2042,-35.4222859175762 
2043,-37.1601608098069 
2044,-34.9725773446063 
2045,-34.0605558719915 
2046,-25.7759079999652 
2047,-10.3597792735336 
2048, 0.248518658908066 
2049, 19.2732270827035 
2050, 31.4347595349205 
2051, 39.7700487313232 
2052, 39.7591607155098 
2053, 41.7680992879457 
2054, 36.1193784872881 
2055, 31.055909803394 
2056, 17.6190720910933 
2057, 14.2901463118792 
2058, 14.587237501464 
2059, 16.926757555236 
2060, 26.9777090667541 
2061, 28.4180669688676 
2062, 26.7907076710797 
2063, 24.8911640427382 
2064, 18.5749775350908 
2065, 16.2608381144538 
2066, 19.711275939847 
2067, 13.967482484759 
2068, 12.2796155527406 
2069, 13.4870339558864 
2070, 4.91048770384242 
2071,-16.9859731739333 
2072,-14.0777187793432 
2073,-1.70306040798097 
2074, 3.80244118105238 
2075, 31.159791427049 
2076, 34.3024853800141 
2077, 10.7879845564667 
2078, 2.3437586088363 
2079,-10.1119845816245 
2080,-12.4855366610858 
2081,-1.07524902329722 
2082, 3.81200940940273 
2083, 6.53007916689139 
2084, 8.37490762006257 
2085, 9.47378849043147 
2086, 9.18699252990533 
2087, 6.31276326747229 
2088, 1.27300228843939 
2089, 1.95896690561101 
2090,-6.69664932582585 
2091, 0.124044432029515 
2092, 33.6764681718353 
2093, 42.3517540013835 
2094, 52.5291045476131 
2095, 49.0351236190758 
2096, 27.0667491357443 
2097,-6.0385244808638 
2098,-26.9185312898314 
2099,-57.1737590347192 
2100,-59.2970282985812 
2101,-46.6619053969419 
2102,-31.754638317791 
2103, 11.9950606885168 
2104, 26.4619239160739 
2105, 27.0458819937706 
2106, 33.1974390912121 
2107, 20.5567424512115 
2108, 28.7936515955341 
2109, 64.2888001589002 
2110, 77.2481628655189 
2111, 83.6836660993227 
2112, 95.0287130541129 
2113, 89.7711205363305 
2114, 85.3092817647239 
2115, 87.7764857957003 
2116, 106.237703950891 
2117, 100.562423963533 
2118, 80.9296133084141 
2119, 71.3444994050953 
2120, 56.5172499291577 
2121, 41.3351730165843 
2122, 29.3123430471961 
2123, 20.5996019704133 
2124, 9.86799310478831 
2125,-2.46689663337941 
2126,-8.77150377730222 
2127,-17.4016399114112 
2128,-39.2997873104142 
2129,-51.6862236741361 
2130,-48.5899783417386 
2131,-35.5628026791371 
2132,-17.074998049252 
2133, 28.2486755587792 
2134, 35.3847190494723 
2135, 25.6142267358422 
2136, 27.5949686078713 
2137, 14.5215933660961 
2138, 11.7498572671282 
2139, 30.4474436840805 
2140, 30.2055800619591 
2141, 7.61462264893025 
2142, 2.85103579583725 
2143, 3.14537842359274 
2144, 2.59850600414749 
2145, 7.65674846289489 
2146, 20.5257082271341 
2147, 18.7787039800488 
2148, 17.7197997157732 
2149, 19.82482883191 
2150, 21.9789170252384 
2151, 27.3599987939412 
2152, 45.7116014884726 
2153, 39.9954549556627 
2154, 14.9671969852562 
2155, 9.41530206712963 
2156, 9.20752408153636E-03 
2157,-7.32562386522086 
2158, 4.92905478267025 
2159, 5.46386004542843 
2160,-12.4863950882007 
2161,-17.869112571645 
2162,-16.0216290587624 
2163,-14.3792881180942 
2164,-2.3181846410091 
2165,-3.16190549166071 
2166,-1.10771264537036 
2167,-2.25833423998475 
2168, 2.678492582094 
2169, 8.85413934846706 
2170, 17.0539125972765 
2171, 34.1329858803312 
2172, 39.6868347618762 
2173, 39.0381691846391 
2174, 39.0867465158689 
2175, 30.9015875489757 
2176, 31.822243837177 
2177, 46.7536499427797 
2178, 43.5470180369433 
2179, 30.0349618139252 
2180, 23.6649082955215 
2181, 3.95692887787147 
2182,-5.99055769817245 
2183,-7.0128724139522 
2184,-1.26745580391146 
2185, 4.25402861651897 
2186, 13.6891245669192 
2187, 13.1634164052007 
2188, 12.4987744364512 
2189, 8.25835272551175 
2190,-12.4899730415302 
2191,-10.7712788787313 
2192, 3.32550541047952 
2193, 12.7936454993922 
2194, 35.9103219590691 
2195, 44.5841047769736 
2196, 46.5578623735821 
2197, 45.5840776505211 
2198, 29.7788223238268 
2199, 27.8550752182674 
2200, 31.773426267234 
2201, 33.4630762830058 
2202, 48.1298951323007 
2203, 49.6875129199887 
2204, 37.9125663838878 
2205, 29.6996306450562 
2206, 15.9366033822322 
2207, 24.9760406087215 
2208, 23.6770141592597 
2209, 28.0868259931922 
2210, 26.8148442364352 
2211, 20.1029323384691 
2212, 15.5908026902629 
2213, 9.39852198040267 
2214, 12.957580326061 
2215, 15.8968370365651 
2216, 29.2858304154217 
2217, 63.6353823394579 
2218, 78.9430713580553 
2219, 97.7604290472825 
2220, 100.318634170773 
2221, 67.953028067605 
2222, 66.6835349002701 
2223, 87.9284348828273 
2224, 86.8069506858916 
2225, 88.1877106646825 
2226, 90.7717064676177 
2227, 83.309481062265 
2228, 57.7834973727968 
2229, 49.3590610652946 
2230, 63.8231621147521 
2231, 68.2218131414187 
2232, 70.7704023577575 
2233, 71.8547986759284 
2234, 79.0864379222442 
2235, 77.1908852685834 
2236, 63.7617268667701 
2237, 62.6925192964966 
2238, 68.7977911356708 
2239, 64.3604338890035 
2240, 62.1867537834191 
2241, 52.6082057518959 
2242, 26.6631182367038 
2243, 13.8675603129446 
2244, 5.39744667493098 
2245,-1.24256394085977 
2246,-6.55464564887292 
2247,-5.40172873566418 
2248, 8.39855489519783 
2249, 8.63180111437189 
2250, 2.83908926392181 
2251, 5.2009998714708 
2252, 0.96564394025648 
2253,-0.888107345478652 
2254, 21.4738789638929 
2255, 36.1607390185452 
2256, 38.3320295875272 
2257, 34.83593342896 
2258, 27.7269564596211 
2259, 3.01479350114076 
2260,-1.34366772279053 
2261, 5.71940124782755 
2262, 2.03156149785954 
2263,-2.43733733234629 
2264,-2.07443635834179 
2265,-8.02006901515588 
2266,-3.81929983364996 
2267, 17.4894081568841 
2268, 22.3478318910155 
2269, 22.8424320953498 
2270, 18.6759706464294 
2271, 5.3215762853813 
2272,-3.90516275786842 
2273,-21.4391743441937 
2274,-24.1104984820415 
2275,-18.1930982966666 
2276,-12.6292016653969 
2277, 13.0128308097681 
2278, 18.2473722690485 
2279, 6.71961166618193 
2280,-0.802872221237097 
2281,-13.1579692181717 
2282,-31.1212122337906 
2283,-45.0507143974885 
2284,-45.9731535396753 
2285,-47.5256075951067 
2286,-38.6154265931797 
2287,-35.3540637217313 
2288,-15.0674435417298 
2289, 2.10133288734159 
2290, 28.8651425742158 
2291, 29.9292787420143 
2292, 17.1108695215484 
2293, 20.6266497801528 
2294, 8.78891108661812 
2295, 12.0673165163255 
2296, 49.3820273667132 
2297, 52.4075165551201 
2298, 34.7861952313676 
2299, 29.9882282267078 
2300, 17.606952906642 
2301, 11.2759919666585 
2302, 12.3960993514991 
2303, 9.56149328911007 
2304, 2.60028511106026 
2305,-0.267561234178467 
2306, 5.95336979879977E-02 
2307, 0.803061500566921 
2308, 1.27629204569052 
2309, 8.76603398682008 
2310, 25.1710563279045 
2311, 32.0999481555695 
2312, 41.416314303014 
2313, 43.0042614146837 
2314, 36.1132223530388 
2315, 26.2386383830372 
2316, 7.94160108284026 
2317, 4.38229219531337 
2318, 0.629619231167264 
2319,-11.8552970497427 
2320,-7.97818894219456 
2321,-6.48480129230705 
2322,-16.6246096514473 
2323,-13.1364537248848 
2324,-7.6836081169773 
2325,-3.93208831894177 
2326, 14.7502199797398 
2327, 30.9385123453916 
2328, 36.6504190554315 
2329, 42.5621672357924 
2330, 33.3660038164612 
2331, 4.25610622984679 
2332,-12.949689009463 
2333,-37.2007827812262 
2334,-51.1420012910319 
2335,-59.7219924925157 
2336,-56.2066165665049 
2337,-43.5814420014264 
2338,-34.5155985181013 
2339,-18.0153002617088 
2340,-1.50937077954837 
2341, 21.4239211072306 
2342, 26.9381898124663 
2343, 31.3135504974035 
2344, 29.6831645266317 
2345, 3.28157932112531 
2346,-2.68207222212049 
2347, 5.64884233883221 
2348, 1.23481486333405 
2349,-4.16985771398382 
2350,-9.85777509383361 
2351,-32.7946174819137 
2352,-33.1851904105307 
2353,-9.78319239087793 
2354,-3.94743418871391 
2355, 3.92710663300892 
2356, 13.9939358631088 
2357, 16.5591323885396 
2358, 12.5404769191882 
2359, 13.9896189471599 
2360, 8.94844749456733 
2361,-29.2371661193202 
2362,-28.8404248277561 
2363, 2.09519211346255 
2364, 17.0666165244413 
2365, 43.2188577493544 
2366, 63.3479396852952 
2367, 39.7623911422396 
2368, 32.9045618368538 
2369, 38.320188899256 
2370, 32.0561986423501 
2371, 44.170179302629 
2372, 49.3800892718379 
2373, 43.3492922038796 
2374, 43.1482137279056 
2375, 46.6669901144058 
2376, 38.3135109540427 
2377, 28.7700118337593 
2378, 32.8029014121676 
2379, 11.7609361384536 
2380,-13.6182041003121 
2381,-30.3902527472864 
2382,-46.5411667856985 
2383,-41.1491593833672 
2384,-17.480603044149 
2385, 5.28758668025269 
2386, 3.31145084357618 
2387, 0.84568685448949 
2388, 10.1925588465352 
2389, 18.7614591867114 
2390, 35.0570582299083 
2391, 56.08353522941 
2392, 50.9178343279234 
2393, 30.8137623361574 
2394, 20.0828729832205 
2395,-8.13310169541857 
2396,-16.4976881058941 
2397,-5.32578303955003 
2398,-4.5578105833837 
2399, 6.30100629044139 
2400, 9.08239131724266E-02 
2401,-19.1352920704717 
2402,-21.6062322346912 
2403,-21.0309420211673 
2404,-16.5777079640788 
2405,-10.9050691999122 
2406, 1.02237836302425 
2407, 0.509008620412516 
2408,-4.78375706990374 
2409,-5.87711607209604 
2410,-6.86081437430446 
2411,-13.7490414902514 
2412,-24.130661655061 
2413,-19.8138309924258 
2414,-17.7416537127186 
2415,-18.2350850155746 
2416,-3.06523169889658 
2417,-10.1887096300461 
2418,-29.5505438630658 
2419,-42.1544273334928 
2420,-63.7391582171728 
2421,-67.34118267379 
2422,-75.5922805792088 
2423,-66.6931481427704 
2424,-35.2758839025629 
2425,-11.4720161513875 
2426, 29.2305646747995 
2427, 37.8545180738414 
2428, 32.9862665884149 
2429, 27.870574214057 
2430, 1.1395073329359 
2431,-11.679227184381 
2432,-22.28819303884 
2433,-22.4754710460141 
2434,-20.0083618253772 
2435,-6.02791893004886 
2436, 32.9599513210137 
2437, 35.505777044531 
2438, 21.8429636974876 
2439, 23.5005363541853 
2440, 10.9050398303914 
2441, 14.5850200820373 
2442, 40.8703291555334 
2443, 45.9351261653059 
2444, 45.8230404285295 
2445, 52.744639194475 
2446, 43.1172421067315 
2447, 24.1334793954172 
2448,-2.33756597879583 
2449,-25.1677924772308 
2450,-30.4112947411028 
2451,-19.0392970827395 
2452,-8.05805831089573 
2453, 4.82354966243797 
2454, 4.06886975881367 
2455,-0.702881864448145 
2456, 6.6256416807408 
2457, 13.7944673276668 
2458, 28.5897380387303 
2459, 44.2805819727731 
2460, 37.9592105977779 
2461, 10.7974791962703 
2462,-8.90807513286391 
2463,-14.2812676827434 
2464,-5.12037119292726 
2465, 11.945149057856 
2466, 14.91948097178 
2467, 3.72782399020305 
2468,-16.6832768685528 
2469,-34.6293495569051 
2470,-26.003314098007 
2471,-2.04529690422822 
2472, 9.86794429408054 
2473, 27.1191216562958 
2474, 35.5182737995153 
2475, 15.8541156423074 
2476, 12.0654360012746 
2477, 7.70398658802441 
2478,-2.63322557201621 
2479, 10.2794094369122 
2480, 27.4720099670219 
2481, 46.073329252576 
2482, 56.2938227154495 
2483, 51.1001803283379 
2484, 35.2192671698004 
2485, 19.0589963672623 
2486, 23.5974383010025 
2487, 27.4414680170684 
2488, 25.2091188720236 
2489, 36.9993779462183 
2490, 21.8063431731236 
2491,-3.35955200216559 
2492,-1.42350466425251 
2493,-22.4621527331828 
2494,-19.1568401294657 
2495, 5.07800215746388 
2496,-13.4119829748727 
2497,-11.7473774102639 
2498,-11.6874513084592 
2499,-8.24118918075799 
2500, 4.22430304119507 
