Wavelength,0212202100110.asd
350, 2514.45651084807 
351, 2645.34936307253 
352, 2766.01311130382 
353, 2866.01863704783 
354, 2963.81126033008 
355, 3067.77749129228 
356, 3178.94467543508 
357, 3285.54652880591 
358, 3397.17800096699 
359, 3518.08475020008 
360, 3651.75470841469 
361, 3811.65809046744 
362, 3996.01056298457 
363, 4196.60377878583 
364, 4400.80939481878 
365, 4608.39377628536 
366, 4806.71079378283 
367, 4980.71305095004 
368, 5115.97261019921 
369, 5194.80478959136 
370, 5221.51842401935 
371, 5212.86856876832 
372, 5190.91279860928 
373, 5180.30011489726 
374, 5186.25714335985 
375, 5199.08392483767 
376, 5211.41208730399 
377, 5218.47069304092 
378, 5208.70751039764 
379, 5161.64579888319 
380, 5100.10197491331 
381, 5029.81412854021 
382, 4950.59746816005 
383, 4856.44293412385 
384, 4758.79990345133 
385, 4688.70749376396 
386, 4685.53212132493 
387, 4779.53964635705 
388, 4918.1466977615 
389, 5040.76023463067 
390, 5093.5600472962 
391, 5151.04239938362 
392, 5207.69329402629 
393, 5252.59926093657 
394, 5290.04189761596 
395, 5395.89294614503 
396, 5608.08826406986 
397, 5943.15594869345 
398, 6411.67819951607 
399, 6945.90020743013 
400, 7495.2936976493 
401, 8030.2030741599 
402, 8539.66102515947 
403, 8959.6392778376 
404, 9262.27370261667 
405, 9496.25086429112 
406, 9682.53031393511 
407, 9847.13161350267 
408, 10022.8656614141 
409, 10266.9029401531 
410, 10563.7705283148 
411, 10893.6854984157 
412, 11235.2155741725 
413, 11571.9183117829 
414, 11905.8909411787 
415, 12229.7976081944 
416, 12513.6208920843 
417, 12781.6228388966 
418, 13056.0425312359 
419, 13343.4206582827 
420, 13590.8270400421 
421, 13839.9680132695 
422, 14113.3280885247 
423, 14410.7357647321 
424, 14683.8438234234 
425, 14898.2904427292 
426, 15024.7473651151 
427, 15034.477915678 
428, 14976.0297890158 
429, 14982.3185666678 
430, 15162.3039751515 
431, 15432.246431212 
432, 15786.1142823219 
433, 16306.0909245124 
434, 17102.945368764 
435, 17949.957612476 
436, 18598.7418233249 
437, 18997.3553020593 
438, 19415.6572801151 
439, 19846.240770313 
440, 20253.587626142 
441, 20622.4551447874 
442, 21096.8542939345 
443, 21599.0618265794 
444, 22061.9334833573 
445, 22437.8248502238 
446, 22739.5852270591 
447, 23010.3922858486 
448, 23297.5353510333 
449, 23654.0891239848 
450, 23959.0737096197 
451, 24124.4153900257 
452, 24113.7470719415 
453, 24047.8901620532 
454, 23910.6277597284 
455, 23738.0507367734 
456, 23614.2167786181 
457, 23584.0381472575 
458, 23589.8588284498 
459, 23571.8296664192 
460, 23509.5832407409 
461, 23415.064654638 
462, 23311.8339900853 
463, 23213.4066340228 
464, 23058.3835482237 
465, 22818.9404539726 
466, 22524.081842224 
467, 22256.3874870419 
468, 22028.8228579224 
469, 21857.0838843327 
470, 21749.6134061092 
471, 21710.1786743131 
472, 21683.3319863241 
473, 21674.6638752241 
474, 21706.4095292686 
475, 21699.5347282031 
476, 21675.6720723538 
477, 21659.9833150776 
478, 21669.6752848741 
479, 21738.501067931 
480, 21836.9364097329 
481, 21909.2161097225 
482, 21890.4309115033 
483, 21727.9207959445 
484, 21388.3807448565 
485, 20880.3390500976 
486, 20382.1199408978 
487, 20026.4916387525 
488, 19919.631402467 
489, 20149.7696955746 
490, 20521.4144659687 
491, 20828.9294691164 
492, 20937.6897356525 
493, 20978.2689277119 
494, 21035.1770844586 
495, 21150.0963466097 
496, 21313.955039766 
497, 21367.0128243134 
498, 21309.4048339313 
499, 21175.8328719665 
500, 20996.4636951763 
501, 20858.5653600795 
502, 20801.3355913697 
503, 20844.076859277 
504, 21036.9843493004 
505, 21306.9551602141 
506, 21581.7435458251 
507, 21802.5475433534 
508, 21968.6776740656 
509, 22099.1646852617 
510, 22223.0989813638 
511, 22386.5407404736 
512, 22502.2945317618 
513, 22526.8246710238 
514, 22446.1674037671 
515, 22264.4811386066 
516, 22017.6926307068 
517, 21773.4828981468 
518, 21630.7747435591 
519, 21810.1340509073 
520, 22334.1379877822 
521, 23078.6967696855 
522, 23700.0603968931 
523, 24164.4042877363 
524, 24491.0505503532 
525, 24734.58255454 
526, 24841.8416914311 
527, 24883.7106446508 
528, 25009.854431019 
529, 25508.8527859733 
530, 26162.8284332605 
531, 26716.7922440584 
532, 26960.493302535 
533, 27039.8923080297 
534, 27160.2947996797 
535, 27431.0485640609 
536, 27841.5288197877 
537, 28139.7148754022 
538, 28279.5155705579 
539, 28298.0043205494 
540, 28287.77119268 
541, 28311.6405554126 
542, 28454.4790769695 
543, 28782.2738085925 
544, 29162.8847109539 
545, 29496.4999530038 
546, 29728.7153371749 
547, 29863.7964593155 
548, 29952.1072329539 
549, 30054.4118603572 
550, 30209.4134703416 
551, 30367.7788949789 
552, 30491.0579893914 
553, 30582.81262923 
554, 30678.6722661553 
555, 30751.872577046 
556, 30727.8813606939 
557, 30563.4531334956 
558, 30279.4324920836 
559, 30036.3023743737 
560, 29926.296944864 
561, 29980.7918202161 
562, 30117.2606798767 
563, 30197.5585700251 
564, 30153.046366465 
565, 30003.6838762705 
566, 29795.0673132783 
567, 29581.8952438573 
568, 29397.6681571558 
569, 29216.7672630171 
570, 28978.6145825673 
571, 28749.8899366951 
572, 28665.7405854131 
573, 28691.5160024815 
574, 28686.8459135375 
575, 28560.6152325164 
576, 28320.452155537 
577, 28099.6844988663 
578, 27983.6899929645 
579, 28017.7868526954 
580, 28167.4836873972 
581, 28428.2118064005 
582, 28743.3986453047 
583, 29009.4634981331 
584, 29179.7472149452 
585, 29179.8872861835 
586, 28998.6608726339 
587, 28769.363419589 
588, 28484.8333936348 
589, 28098.9919141294 
590, 27612.1388468149 
591, 27439.5823864558 
592, 27571.2362814617 
593, 27813.7978393561 
594, 27804.1244790201 
595, 27665.5908347498 
596, 27470.3754414703 
597, 27267.6660962393 
598, 27044.7750478018 
599, 26768.9940033443 
600, 26465.4350313699 
601, 26199.2609656223 
602, 25993.8423587151 
603, 25882.9987637539 
604, 25865.3610389958 
605, 25889.3264679087 
606, 25833.5486682089 
607, 25690.9021680952 
608, 25506.4969024991 
609, 25325.643072734 
610, 25154.5593545373 
611, 25000.105950073 
612, 24869.40911186 
613, 24732.8362502151 
614, 24572.3866176295 
615, 24395.3098574988 
616, 24256.7464968336 
617, 24169.3706519128 
618, 24168.3682894129 
619, 24274.2692078762 
620, 24387.4041559064 
621, 24402.5997573332 
622, 24284.3607058362 
623, 24083.0690027098 
624, 23853.6473213846 
625, 23635.4187535523 
626, 23448.4539010325 
627, 23279.5063707252 
628, 23112.203409495 
629, 22954.4150633996 
630, 22837.6496493488 
631, 22847.0723722591 
632, 22930.8493670526 
633, 23037.1913595382 
634, 23148.6956730583 
635, 23237.5852791907 
636, 23300.2810047123 
637, 23340.9345307871 
638, 23355.8050372133 
639, 23323.55832655 
640, 23225.2001678365 
641, 23054.1010953607 
642, 22920.3215417203 
643, 22841.1487846284 
644, 22790.9010926721 
645, 22697.4760258838 
646, 22553.5176291606 
647, 22371.5853486126 
648, 22181.7723002733 
649, 22028.8843833652 
650, 21914.2118836939 
651, 21855.9875080446 
652, 21883.9772109913 
653, 21837.1087364911 
654, 21598.7545215472 
655, 21147.0947184436 
656, 20619.3084690854 
657, 20235.018087378 
658, 20236.2512614967 
659, 20750.77567815 
660, 21279.5004849284 
661, 21585.398540813 
662, 21650.2282380066 
663, 21683.2085515985 
664, 21663.1543081317 
665, 21628.98223972 
666, 21614.5575037117 
667, 21617.9273471738 
668, 21612.2952760514 
669, 21595.8684765408 
670, 21578.0237132576 
671, 21533.9504365117 
672, 21481.353913545 
673, 21447.2983984655 
674, 21464.4300642834 
675, 21492.6329189297 
676, 21513.7114594409 
677, 21522.1914237439 
678, 21533.1436741802 
679, 21539.7751307684 
680, 21538.8423267131 
681, 21529.1129125879 
682, 21515.2402427209 
683, 21468.0773644446 
684, 21291.8727629985 
685, 20806.9398197089 
686, 19947.203540674 
687, 18788.6473087662 
688, 17612.1516271909 
689, 17118.7400080206 
690, 17473.699472659 
691, 18356.3526804265 
692, 19156.9093716876 
693, 19856.5611565134 
694, 20363.215376555 
695, 20670.89291768 
696, 20888.6983523984 
697, 21078.368971542 
698, 21209.5134564208 
699, 21240.748841531 
700, 21196.267329081 
701, 21149.9679452892 
702, 21157.0405145056 
703, 21252.0085824209 
704, 21435.1246816105 
705, 21649.0613515221 
706, 21834.7830697426 
707, 21942.9390187499 
708, 22034.3068569205 
709, 22118.9390035659 
710, 22194.6224761966 
711, 22267.8192018179 
712, 22320.8414949581 
713, 22344.3371814803 
714, 22325.9110316613 
715, 22213.16180704 
716, 21915.1922462746 
717, 21392.8264091461 
718, 20678.808858254 
719, 20078.576926925 
720, 19858.2189245951 
721, 20124.2157011847 
722, 20677.0236939024 
723, 21069.1026344978 
724, 21139.1484381355 
725, 20961.9402658698 
726, 20925.981371477 
727, 20996.7582378638 
728, 21100.5113512525 
729, 21171.0202100621 
730, 21327.2614326799 
731, 21598.3684490179 
732, 21967.9646113676 
733, 22377.447981775 
734, 22736.0309951531 
735, 22972.1882606639 
736, 23053.3007028524 
737, 23048.6053684691 
738, 23030.9277129078 
739, 23017.2319085408 
740, 22980.2986414054 
741, 22980.3008009676 
742, 23027.3559645596 
743, 23113.9470040073 
744, 23221.1874457349 
745, 23299.5038355327 
746, 23343.1402077521 
747, 23359.8142154973 
748, 23346.3682391334 
749, 23286.7304953054 
750, 23197.4712284899 
751, 23117.925093415 
752, 23087.4441919884 
753, 23091.2106230145 
754, 23104.2306060215 
755, 23096.3670452687 
756, 22998.8724702026 
757, 22533.2262013425 
758, 21252.3875694556 
759, 18393.8105747789 
760, 14173.7303450042 
761, 10021.4106459186 
762, 7674.289457421 
763, 7654.76662570335 
764, 8884.27776916783 
765, 10810.5389466004 
766, 13363.3426876685 
767, 16151.9662698675 
768, 18580.6254121064 
769, 20279.901685482 
770, 21240.8127802556 
771, 21719.5669933277 
772, 21912.6621361309 
773, 21970.6039599927 
774, 21969.6643954533 
775, 21926.4167222222 
776, 21865.6921147595 
777, 21804.4449484706 
778, 21721.8472840466 
779, 21621.2468438251 
780, 21518.7333173817 
781, 21435.8322675325 
782, 21347.462192053 
783, 21240.4765184205 
784, 21115.5985032074 
785, 20991.111687044 
786, 20865.9553749202 
787, 20718.7537192993 
788, 20532.3105042614 
789, 20314.4963182127 
790, 20082.6756060613 
791, 19846.6417140884 
792, 19613.5077222632 
793, 19391.6755482945 
794, 19213.4024360344 
795, 19095.1717629918 
796, 19033.564011335 
797, 18991.0482598636 
798, 18918.0195086428 
799, 18790.0156501225 
800, 18617.4879961319 
801, 18424.2457579033 
802, 18244.6392784365 
803, 18094.6924304538 
804, 17947.4091598074 
805, 17822.05854063 
806, 17706.7300263924 
807, 17577.0696336279 
808, 17408.0749057555 
809, 17200.8786836638 
810, 16967.7620736329 
811, 16718.4440172358 
812, 16416.1654620063 
813, 16019.3537815132 
814, 15524.3830803368 
815, 14971.5509834852 
816, 14456.5292708175 
817, 14053.7468937018 
818, 13810.2372516464 
819, 13739.8479498558 
820, 13728.521313065 
821, 13688.2507519488 
822, 13582.1035700594 
823, 13457.8945374296 
824, 13375.1621194194 
825, 13388.9762354132 
826, 13487.3093573971 
827, 13465.6294711206 
828, 13320.4126319246 
829, 13121.1319896214 
830, 12965.9763880443 
831, 12867.5388803818 
832, 12795.3998110934 
833, 12736.662383081 
834, 12696.5931689954 
835, 12680.0753218731 
836, 12674.4379242761 
837, 12657.1714961918 
838, 12600.1263051547 
839, 12510.8882723417 
840, 12402.4298499622 
841, 12283.7541581011 
842, 12154.1583502723 
843, 12021.1169873999 
844, 11890.0685290009 
845, 11763.3311455508 
846, 11641.2958451054 
847, 11488.082215731 
848, 11300.9092821479 
849, 11092.1539124598 
850, 10880.1813290227 
851, 10635.4432717072 
852, 10382.4082368027 
853, 10167.9976264974 
854, 10010.3517414759 
855, 9884.35992601449 
856, 9825.07699545999 
857, 9884.98039122459 
858, 9985.73686610608 
859, 10011.1898942467 
860, 9938.77771322047 
861, 9830.68530387174 
862, 9703.3723317676 
863, 9539.28566528044 
864, 9338.92561926532 
865, 9129.2148061831 
866, 8931.46221630685 
867, 8763.76983620048 
868, 8652.87309980983 
869, 8635.16941013327 
870, 8657.47571598593 
871, 8650.64678957046 
872, 8580.83504885459 
873, 8480.56693812572 
874, 8372.01767764167 
875, 8263.31248463909 
876, 8156.61975358445 
877, 8052.85802128543 
878, 7952.16915980102 
879, 7852.10751825179 
880, 7750.33833598038 
881, 7646.8783139008 
882, 7544.59127391828 
883, 7447.50608743953 
884, 7357.27958015019 
885, 7268.5978026145 
886, 7171.06885118754 
887, 7067.41598180955 
888, 6965.0710129933 
889, 6864.9094901992 
890, 6766.24592507488 
891, 6656.85294248129 
892, 6521.27643547133 
893, 6355.47266926578 
894, 6162.99450156804 
895, 5950.22998607105 
896, 5725.72980778756 
897, 5497.47069116357 
898, 5283.28060580182 
899, 5105.38833345627 
900, 4983.07759924729 
901, 4915.60489178698 
902, 4887.06634699592 
903, 4877.33578819889 
904, 4865.66730345376 
905, 4838.60786219073 
906, 4787.17366911058 
907, 4700.4621366338 
908, 4574.27375602694 
909, 4441.57742665341 
910, 4329.41844020939 
911, 4248.20535653153 
912, 4192.32486826125 
913, 4144.62008967921 
914, 4099.62565999308 
915, 4055.04597733481 
916, 4012.78649282063 
917, 3987.69951033569 
918, 3967.90484299093 
919, 3948.51905923638 
920, 3930.77525938287 
921, 3910.27573505061 
922, 3878.15606520862 
923, 3826.58268678935 
924, 3751.00248603386 
925, 3656.64360333928 
926, 3540.86997077327 
927, 3399.87503310289 
928, 3230.11190825529 
929, 3030.31495124673 
930, 2806.04210889109 
931, 2569.12113494546 
932, 2336.90475999017 
933, 2131.42458458203 
934, 1968.13423878277 
935, 1857.83968799163 
936, 1803.06965507103 
937, 1790.08735701439 
938, 1804.26785966549 
939, 1829.33027671588 
940, 1851.83745025885 
941, 1870.35804816647 
942, 1875.616517737 
943, 1859.8240705193 
944, 1821.26821820972 
945, 1770.46529980159 
946, 1728.81559288908 
947, 1704.34807161443 
948, 1695.2106923728 
949, 1692.65016259029 
950, 1689.3405885665 
951, 1684.83574022905 
952, 1679.75783430609 
953, 1670.1361299067 
954, 1661.46572683158 
955, 1654.3877144769 
956, 1649.01290529137 
957, 1647.12689826075 
958, 1644.27328969059 
959, 1642.96237025743 
960, 1645.0092714446 
961, 1648.48937714626 
962, 1650.72582410103 
963, 1655.47195486018 
964, 1663.55874162069 
965, 1670.89092050316 
966, 1675.38953241834 
967, 1675.59821547844 
968, 1671.87008879984 
969, 1665.60618869617 
970, 1655.09436454909 
971, 1640.90825611876 
972, 1620.62332827045 
973, 1591.69186155501 
974, 1560.36106574112 
975, 1527.77720639068 
976, 1495.62956212311 
977, 1466.09174666775 
978, 1441.7912157237 
979, 1424.22391536837 
980, 1409.29354372578 
981, 1393.14684366548 
982, 1377.72953705773 
983, 1360.69417087607 
984, 1341.47052137219 
985, 1320.56888083399 
986, 1299.16836136116 
987, 1275.53557956856 
988, 1251.23895522534 
989, 1226.75614600218 
990, 1200.99668100539 
991, 1175.37650907839 
992, 1148.83351976161 
993, 1121.77879659605 
994, 1095.68241102572 
995, 1071.19082118394 
996, 1044.57641517822 
997, 1017.40256707884 
998, 992.174348922901 
999, 966.177980644262 
1000, 939.799830230533 
1001, 5958.71893748949 
1002, 5934.48671829767 
1003, 5914.13763144537 
1004, 5900.3495878075 
1005, 5889.83770131482 
1006, 5890.04708026775 
1007, 5894.94133659555 
1008, 5907.43797426495 
1009, 5922.5724181246 
1010, 5945.71515104191 
1011, 5967.56374607094 
1012, 5992.66769825049 
1013, 6017.14085898306 
1014, 6038.80398322998 
1015, 6063.44166116704 
1016, 6087.80145169306 
1017, 6108.62235964316 
1018, 6133.14076998695 
1019, 6164.11740045087 
1020, 6196.28565203923 
1021, 6230.68938504356 
1022, 6264.45421634919 
1023, 6300.66663410809 
1024, 6334.39599206128 
1025, 6367.07731457999 
1026, 6398.71810462284 
1027, 6435.12564539313 
1028, 6471.4672279655 
1029, 6501.93110965292 
1030, 6538.12478884055 
1031, 6573.34482297972 
1032, 6601.77432447256 
1033, 6638.05812353044 
1034, 6672.75670145964 
1035, 6699.2693963278 
1036, 6718.81386933876 
1037, 6740.61565382627 
1038, 6758.0851980089 
1039, 6773.8346992182 
1040, 6796.54076047692 
1041, 6824.06806247962 
1042, 6847.93288952913 
1043, 6861.97712519982 
1044, 6880.13738479071 
1045, 6893.59132485577 
1046, 6902.82628057037 
1047, 6921.49888897097 
1048, 6948.99285807033 
1049, 6971.33377986082 
1050, 6991.06593518561 
1051, 7017.62753532943 
1052, 7042.31607857406 
1053, 7065.79293448791 
1054, 7093.95432412523 
1055, 7123.60131416219 
1056, 7146.91460854735 
1057, 7174.41516740429 
1058, 7209.80296377678 
1059, 7248.32311112737 
1060, 7294.84437182363 
1061, 7353.08545631574 
1062, 7408.50533710792 
1063, 7465.35771120357 
1064, 7531.31533427036 
1065, 7593.88370295885 
1066, 7660.51487651234 
1067, 7735.13871829564 
1068, 7812.66674501584 
1069, 7905.65357930668 
1070, 8005.51086484767 
1071, 8105.6674618145 
1072, 8207.36496211221 
1073, 8311.45778548963 
1074, 8418.89343828571 
1075, 8521.73853141914 
1076, 8629.34164091627 
1077, 8731.14076007729 
1078, 8814.37416233575 
1079, 8881.70231173131 
1080, 8938.43257134306 
1081, 8989.19967201646 
1082, 9037.22636532213 
1083, 9085.73973194191 
1084, 9134.16134391526 
1085, 9177.71690245924 
1086, 9217.85767249067 
1087, 9257.26274968023 
1088, 9288.27707829193 
1089, 9319.46811451078 
1090, 9335.92654901603 
1091, 9344.20551576601 
1092, 9341.526742829 
1093, 9322.08845412243 
1094, 9291.24484703084 
1095, 9259.1857577955 
1096, 9227.15910994706 
1097, 9196.68087596006 
1098, 9167.36688355764 
1099, 9137.31727178913 
1100, 9106.11452518792 
1101, 9073.47737066601 
1102, 9046.4561609565 
1103, 9007.36932283177 
1104, 8968.88891135144 
1105, 8915.64371542579 
1106, 8848.15043530683 
1107, 8758.83919048817 
1108, 8637.52901093124 
1109, 8484.54179104212 
1110, 8280.43622922492 
1111, 8031.41316916473 
1112, 7738.19979921799 
1113, 7378.13783510585 
1114, 7021.56203221007 
1115, 6607.60458233484 
1116, 6233.4720830093 
1117, 5827.46167199831 
1118, 5485.09787649898 
1119, 5169.19505187747 
1120, 4880.6096359407 
1121, 4650.0844048501 
1122, 4466.27133092746 
1123, 4335.02027313264 
1124, 4245.267951184 
1125, 4198.96123328376 
1126, 4212.07502199598 
1127, 4234.21089747414 
1128, 4304.02191026922 
1129, 4371.14633696136 
1130, 4465.94232263604 
1131, 4554.89454083617 
1132, 4640.23208969078 
1133, 4747.62272499637 
1134, 4860.09374216979 
1135, 4988.60300493823 
1136, 5168.32948741815 
1137, 5355.97348837193 
1138, 5537.02618133547 
1139, 5698.16402883456 
1140, 5802.16768359082 
1141, 5870.3428252768 
1142, 5896.01073028036 
1143, 5853.26965008476 
1144, 5830.55889063785 
1145, 5733.23521522796 
1146, 5719.64359169124 
1147, 5706.40112944655 
1148, 5765.28052629917 
1149, 5887.22753303335 
1150, 6041.37779804468 
1151, 6254.87879618268 
1152, 6493.74289841916 
1153, 6735.76436286488 
1154, 7012.63037614537 
1155, 7274.83397394676 
1156, 7547.55392017519 
1157, 7809.67610444428 
1158, 8084.15743415031 
1159, 8328.20878442612 
1160, 8564.8621024564 
1161, 8776.19602531204 
1162, 8970.21237871489 
1163, 9140.41129295282 
1164, 9288.4490703494 
1165, 9416.62442429986 
1166, 9525.41458139701 
1167, 9605.73632410752 
1168, 9670.91495534536 
1169, 9718.28565653017 
1170, 9745.10454663629 
1171, 9747.19245623217 
1172, 9739.00055951307 
1173, 9708.37286622431 
1174, 9673.44921066298 
1175, 9623.38349780916 
1176, 9570.14521085714 
1177, 9505.508215884 
1178, 9440.89415765723 
1179, 9365.01008829221 
1180, 9295.53034821067 
1181, 9223.5325528722 
1182, 9154.16805957397 
1183, 9099.78266089633 
1184, 9050.02704755039 
1185, 9015.70772630288 
1186, 8995.94899535441 
1187, 8981.14709525047 
1188, 8978.43295198597 
1189, 8978.10560309825 
1190, 9000.58757073819 
1191, 8997.77090607387 
1192, 8997.99960237098 
1193, 8977.70520889416 
1194, 8934.9998251276 
1195, 8887.26496160737 
1196, 8827.37247811445 
1197, 8761.84361999567 
1198, 8687.17038859271 
1199, 8593.5209005654 
1200, 8522.05698285509 
1201, 8445.47730388473 
1202, 8386.71698290755 
1203, 8339.21303214698 
1204, 8305.31224058621 
1205, 8284.08082706787 
1206, 8267.28759181147 
1207, 8269.7485131088 
1208, 8267.58205583603 
1209, 8265.99126572782 
1210, 8268.01793740201 
1211, 8278.73572689328 
1212, 8283.83959187358 
1213, 8287.76491103282 
1214, 8294.0962089845 
1215, 8292.13750255692 
1216, 8284.15691890024 
1217, 8276.50036556376 
1218, 8265.15897081245 
1219, 8253.53800154822 
1220, 8241.01237434603 
1221, 8226.64451458651 
1222, 8209.92264425584 
1223, 8192.75754209274 
1224, 8172.07092693279 
1225, 8154.61719635202 
1226, 8136.77357765952 
1227, 8121.03418096493 
1228, 8107.50936619262 
1229, 8095.34149998594 
1230, 8084.54568249742 
1231, 8077.98669470238 
1232, 8063.22985268132 
1233, 8050.35505648743 
1234, 8027.06931539007 
1235, 7993.94469969616 
1236, 7962.60594875873 
1237, 7923.90329189202 
1238, 7890.70794972876 
1239, 7859.86870717781 
1240, 7826.5851782094 
1241, 7795.59368573482 
1242, 7761.1010723092 
1243, 7723.46794566998 
1244, 7684.937899137 
1245, 7644.81351675655 
1246, 7603.68194569654 
1247, 7561.12495198019 
1248, 7519.28547628619 
1249, 7469.53880433352 
1250, 7416.43933400228 
1251, 7360.47120197807 
1252, 7303.25456466543 
1253, 7233.24187503984 
1254, 7161.53097799303 
1255, 7075.37693433861 
1256, 6975.70969872671 
1257, 6868.00995358464 
1258, 6751.87599789939 
1259, 6625.45755974795 
1260, 6475.63477021776 
1261, 6337.58124472672 
1262, 6191.79667060913 
1263, 6049.83922051381 
1264, 5933.84580407157 
1265, 5821.97175406954 
1266, 5752.13664547096 
1267, 5702.04213158712 
1268, 5691.38930594232 
1269, 5711.45050465305 
1270, 5767.79282717486 
1271, 5872.36377162042 
1272, 5977.92066746607 
1273, 6135.37718582553 
1274, 6258.85513308002 
1275, 6384.92883952016 
1276, 6495.70112469174 
1277, 6594.3496768715 
1278, 6682.92784337629 
1279, 6760.26556697581 
1280, 6831.15973012333 
1281, 6890.22762946251 
1282, 6943.65163151103 
1283, 7000.58584479736 
1284, 7055.05981681256 
1285, 7109.08295084172 
1286, 7166.80999389008 
1287, 7213.35967879223 
1288, 7257.20014319281 
1289, 7292.13713541825 
1290, 7318.206029829 
1291, 7340.95415220857 
1292, 7358.8528006131 
1293, 7368.58725968808 
1294, 7373.90286983032 
1295, 7370.54571739873 
1296, 7354.26515410278 
1297, 7339.11134244696 
1298, 7318.50919896496 
1299, 7294.1315442351 
1300, 7274.51373920971 
1301, 7253.3317936168 
1302, 7232.39157628695 
1303, 7214.63725916544 
1304, 7189.04987647422 
1305, 7163.24648668343 
1306, 7128.67925717242 
1307, 7082.87005647797 
1308, 7043.22313030871 
1309, 6999.73610553795 
1310, 6958.01829242081 
1311, 6919.01708581456 
1312, 6880.2701337022 
1313, 6838.09211423578 
1314, 6800.6952073589 
1315, 6767.4198822363 
1316, 6734.66094962742 
1317, 6700.05638161739 
1318, 6675.59852123896 
1319, 6650.74700073394 
1320, 6622.81474211634 
1321, 6600.39815729917 
1322, 6566.95861045175 
1323, 6517.05511290725 
1324, 6461.19395308436 
1325, 6384.83239029511 
1326, 6286.69429042269 
1327, 6182.88370006355 
1328, 6055.30411978969 
1329, 5940.77735103302 
1330, 5806.1826728069 
1331, 5706.16325368906 
1332, 5618.20401256165 
1333, 5551.35136821142 
1334, 5515.79255915997 
1335, 5479.15884007472 
1336, 5461.81779939669 
1337, 5442.87758842833 
1338, 5417.45130683013 
1339, 5374.47550570318 
1340, 5295.38140668129 
1341, 5176.06225421225 
1342, 5007.22561594618 
1343, 4792.25725412301 
1344, 4538.43361660677 
1345, 4231.26662091165 
1346, 3905.93721114036 
1347, 3528.61068323686 
1348, 3163.79306654335 
1349, 2760.31144311118 
1350, 2395.40810074157 
1351, 2019.78634632438 
1352, 1693.2972947934 
1353, 1387.78635990199 
1354, 1122.06660687425 
1355, 892.895800876729 
1356, 696.755632030508 
1357, 531.485625624285 
1358, 409.362167900686 
1359, 312.376260343541 
1360, 238.373316990477 
1361, 189.246860188829 
1362, 151.951826019611 
1363, 127.408392793582 
1364, 115.013495804401 
1365, 102.363341300013 
1366, 95.0303347925164 
1367, 91.8545005710189 
1368, 93.0037956865591 
1369, 98.6391744216694 
1370, 107.300992863522 
1371, 124.141659207848 
1372, 152.789338021287 
1373, 174.305779802809 
1374, 207.226517590235 
1375, 224.711134593124 
1376, 230.660299252588 
1377, 236.185875075025 
1378, 237.905251464762 
1379, 230.415149238293 
1380, 224.938508375767 
1381, 216.585829881569 
1382, 204.883305085106 
1383, 201.062065689686 
1384, 206.45349416399 
1385, 220.756892158186 
1386, 245.998728410041 
1387, 273.580666222703 
1388, 299.045908991679 
1389, 329.878495025242 
1390, 352.08658755191 
1391, 371.331590855528 
1392, 387.30299920536 
1393, 396.312136460561 
1394, 406.653284961791 
1395, 412.865896877551 
1396, 423.350461698386 
1397, 435.277676154991 
1398, 447.890881189098 
1399, 462.333441534947 
1400, 478.27465526096 
1401, 496.449205249093 
1402, 513.039762041646 
1403, 529.756047444765 
1404, 546.934524665485 
1405, 562.728912354316 
1406, 579.78840393263 
1407, 605.377797639573 
1408, 633.016951586123 
1409, 664.546149570632 
1410, 703.729339822614 
1411, 746.719276570793 
1412, 798.882589852437 
1413, 842.803925534156 
1414, 892.174966793199 
1415, 928.77287575422 
1416, 957.688595370824 
1417, 981.274195714789 
1418, 995.597954906726 
1419, 1013.31585230779 
1420, 1027.91961831951 
1421, 1039.86957269368 
1422, 1057.28604186722 
1423, 1061.1521133813 
1424, 1056.85758444831 
1425, 1048.36514365019 
1426, 1031.35633044285 
1427, 1009.71228939349 
1428, 987.087449479478 
1429, 950.634036256761 
1430, 905.543343362961 
1431, 861.918346716916 
1432, 816.692314742256 
1433, 776.726487148635 
1434, 740.976990046157 
1435, 707.506992133021 
1436, 676.067526199808 
1437, 640.479047934578 
1438, 611.875515145552 
1439, 586.362086170983 
1440, 563.40113654706 
1441, 546.469301801447 
1442, 528.435061638187 
1443, 512.336068918535 
1444, 494.909065705066 
1445, 477.058955904481 
1446, 458.878235094674 
1447, 438.947910697341 
1448, 421.725056563697 
1449, 408.364088066457 
1450, 392.410049004971 
1451, 371.486786378823 
1452, 358.129555759379 
1453, 347.40855226656 
1454, 336.687468602179 
1455, 331.155190663868 
1456, 329.705307320762 
1457, 315.508519202073 
1458, 300.635552479942 
1459, 282.569139484725 
1460, 260.000315665636 
1461, 243.401510320317 
1462, 221.416858039608 
1463, 200.450707062172 
1464, 184.969938859416 
1465, 168.072168963132 
1466, 152.505520582016 
1467, 137.867715234636 
1468, 122.706287026135 
1469, 109.126305345832 
1470, 94.046374450251 
1471, 85.9810612012004 
1472, 82.3511164088056 
1473, 80.3548380912925 
1474, 86.3714713748183 
1475, 85.8954819012168 
1476, 82.3287837311614 
1477, 80.9310807765048 
1478, 77.2487218758694 
1479, 76.6400668280048 
1480, 82.438798184174 
1481, 82.0578713311018 
1482, 77.4266459531789 
1483, 76.3337738146082 
1484, 71.7548160145171 
1485, 70.3504928966098 
1486, 75.6939985097369 
1487, 77.6008075665714 
1488, 71.4658076977609 
1489, 73.5255658172132 
1490, 73.0824524796538 
1491, 72.7068456289792 
1492, 74.6223772671298 
1493, 73.3044107535485 
1494, 75.592449340562 
1495, 77.8711179525001 
1496, 80.503056578265 
1497, 87.1376989506617 
1498, 89.1883020962928 
1499, 85.6030541231841 
1500, 87.2816661939869 
1501, 91.5034056420519 
1502, 93.0725923538092 
1503, 96.8674240972466 
1504, 96.8624048820576 
1505, 92.0682614161886 
1506, 90.581265927975 
1507, 87.334867927794 
1508, 87.9370003159188 
1509, 92.2174924235683 
1510, 94.5917720575376 
1511, 100.357467470377 
1512, 102.400810767475 
1513, 100.045279477841 
1514, 101.784789407064 
1515, 103.908810521593 
1516, 104.897906181519 
1517, 107.49338682934 
1518, 110.132240084069 
1519, 112.899222502249 
1520, 112.874196606576 
1521, 112.091931112857 
1522, 111.584438331856 
1523, 107.085781143536 
1524, 109.879737151923 
1525, 111.085378396378 
1526, 110.722307823157 
1527, 114.934701784755 
1528, 117.007650887442 
1529, 117.286720983445 
1530, 124.095720556156 
1531, 127.810514126835 
1532, 123.737781889076 
1533, 130.963074193218 
1534, 135.975384739492 
1535, 135.95922175822 
1536, 133.935575241632 
1537, 133.595313171042 
1538, 127.787692305893 
1539, 127.598625770671 
1540, 130.541091971352 
1541, 133.394199851218 
1542, 137.524867532389 
1543, 142.615347420568 
1544, 149.578603740754 
1545, 157.013457114801 
1546, 168.223869745497 
1547, 171.886879017448 
1548, 172.384726267144 
1549, 173.963905334468 
1550, 167.823750943888 
1551, 169.067761103813 
1552, 177.019135378806 
1553, 181.212798557749 
1554, 186.772833230343 
1555, 191.244275947041 
1556, 193.856692913468 
1557, 196.598688704829 
1558, 199.394900908819 
1559, 201.939077534541 
1560, 202.339461305273 
1561, 204.61830858015 
1562, 208.346422678246 
1563, 211.630603049933 
1564, 218.198819878763 
1565, 221.427907924962 
1566, 220.921321384659 
1567, 222.294044027125 
1568, 225.824817225319 
1569, 221.406282194296 
1570, 222.578312190084 
1571, 230.204590397174 
1572, 232.380817714094 
1573, 237.172349454413 
1574, 241.641255955126 
1575, 241.105173435792 
1576, 239.298237685063 
1577, 239.071591667094 
1578, 241.427075076031 
1579, 246.943143245869 
1580, 254.085023311145 
1581, 265.499162313357 
1582, 277.777667925685 
1583, 293.720106928889 
1584, 301.980960539421 
1585, 310.548072627352 
1586, 316.322621103838 
1587, 311.073583086713 
1588, 319.930040788803 
1589, 338.195633720782 
1590, 346.661223463219 
1591, 360.005762005089 
1592, 363.105878120157 
1593, 355.182778677302 
1594, 352.220647667773 
1595, 345.119697451043 
1596, 343.505739227428 
1597, 343.028603639933 
1598, 345.909024563805 
1599, 356.849331556488 
1600, 359.072137332963 
1601, 357.388924154291 
1602, 359.118821408715 
1603, 356.22519242142 
1604, 358.932293672486 
1605, 371.051629955108 
1606, 374.708598755854 
1607, 375.692879875356 
1608, 375.502128467254 
1609, 368.171319098919 
1610, 367.833641773037 
1611, 369.943567696115 
1612, 373.203496270355 
1613, 382.10968002093 
1614, 386.594882231175 
1615, 386.908914205808 
1616, 392.170539031372 
1617, 400.344287409227 
1618, 405.803613518299 
1619, 412.888338064524 
1620, 419.630296468304 
1621, 421.254155301316 
1622, 427.464890646708 
1623, 440.550743793983 
1624, 448.244596234358 
1625, 457.047827327973 
1626, 461.06981654265 
1627, 456.612020773878 
1628, 457.281172639319 
1629, 460.486264289894 
1630, 459.634229750419 
1631, 460.789956547978 
1632, 458.03758805267 
1633, 446.720926226857 
1634, 439.858606211331 
1635, 432.338810660959 
1636, 428.169242862265 
1637, 425.466435264593 
1638, 426.645750824044 
1639, 436.052968647686 
1640, 440.106371905644 
1641, 443.937626637126 
1642, 447.422261643312 
1643, 445.454124534545 
1644, 446.356178461022 
1645, 450.346637388696 
1646, 453.794863789597 
1647, 458.017939519247 
1648, 461.774237061392 
1649, 467.060168050764 
1650, 469.545605827216 
1651, 471.533793846545 
1652, 468.718013524797 
1653, 471.705369478516 
1654, 473.691995868734 
1655, 479.66495024563 
1656, 492.127709181374 
1657, 495.318376363432 
1658, 495.309853199618 
1659, 497.929815882715 
1660, 497.198938070382 
1661, 500.229074919716 
1662, 507.623162719894 
1663, 510.154463170126 
1664, 510.979206454562 
1665, 511.316605177941 
1666, 509.163128315337 
1667, 511.247766353301 
1668, 514.070151515724 
1669, 517.814676743659 
1670, 524.175234715645 
1671, 529.457817013842 
1672, 535.475838308001 
1673, 538.119451901399 
1674, 540.334075786293 
1675, 541.567311164415 
1676, 539.418822483959 
1677, 539.684414898523 
1678, 539.909083337964 
1679, 543.049936093274 
1680, 546.835092428761 
1681, 552.241142390207 
1682, 562.558100503833 
1683, 566.387067441874 
1684, 568.058513657161 
1685, 570.012743213816 
1686, 567.948222388503 
1687, 571.267061506835 
1688, 578.281314239874 
1689, 581.253729424088 
1690, 584.189107971371 
1691, 587.620850361227 
1692, 591.390300752504 
1693, 588.162973899189 
1694, 580.549820836905 
1695, 580.870409992839 
1696, 577.863893630493 
1697, 580.989352211564 
1698, 595.482947436507 
1699, 599.749921714358 
1700, 597.979873390133 
1701, 601.493700448494 
1702, 606.372471182147 
1703, 609.052396140275 
1704, 612.987328221246 
1705, 614.047187501952 
1706, 612.270070192693 
1707, 610.518180722206 
1708, 608.029327124629 
1709, 607.803681272026 
1710, 607.400612979513 
1711, 606.783680353388 
1712, 605.767300637495 
1713, 608.251632393224 
1714, 610.970778884926 
1715, 617.796784745125 
1716, 629.067855069666 
1717, 632.289711833609 
1718, 629.330095475113 
1719, 628.033210970097 
1720, 622.980120567986 
1721, 616.650217839564 
1722, 620.337382204879 
1723, 623.919112466393 
1724, 620.25053840794 
1725, 618.239187340554 
1726, 613.613537738668 
1727, 608.539801046495 
1728, 609.939965926103 
1729, 611.658132868662 
1730, 616.327466628476 
1731, 621.751674035105 
1732, 620.975253294184 
1733, 621.612540774501 
1734, 619.066784036073 
1735, 612.175675908355 
1736, 608.832772038867 
1737, 608.482778219231 
1738, 612.004903600442 
1739, 617.592273925375 
1740, 623.75210792098 
1741, 627.637945101224 
1742, 625.627565005618 
1743, 621.258702619825 
1744, 620.075808238598 
1745, 621.405948873698 
1746, 621.504677171469 
1747, 624.193133025378 
1748, 624.285579524457 
1749, 618.293781194565 
1750, 621.452952137637 
1751, 623.973273772926 
1752, 621.612031503991 
1753, 626.778419496271 
1754, 624.983422992221 
1755, 620.244480713919 
1756, 620.055968227673 
1757, 615.761133530743 
1758, 614.39912396228 
1759, 614.139976288532 
1760, 608.724970141696 
1761, 601.478574491727 
1762, 596.428123171815 
1763, 595.859791320259 
1764, 593.32449529281 
1765, 593.778442002915 
1766, 592.113186944311 
1767, 590.025331913425 
1768, 583.183987172917 
1769, 569.943083423191 
1770, 562.922079221505 
1771, 552.915869077322 
1772, 548.186095187989 
1773, 554.461991116747 
1774, 553.292107693143 
1775, 549.706941385276 
1776, 545.853182295324 
1777, 539.732408466315 
1778, 533.888789812611 
1779, 528.039695139045 
1780, 520.229271174872 
1781, 509.121350265931 
1782, 501.366327792463 
1783, 494.021937883845 
1784, 486.860927729047 
1785, 482.612040030926 
1786, 478.002789736775 
1787, 474.473518910585 
1788, 467.358769334756 
1789, 458.724774551464 
1790, 449.005876354739 
1791, 436.107327461837 
1792, 424.242629363352 
1793, 414.550541653374 
1794, 400.059977068554 
1795, 382.161120904699 
1796, 366.280189340477 
1797, 348.202525278291 
1798, 333.225166141744 
1799, 315.860050642696 
1800, 297.123109819529 
1801, 1761.8344677863 
1802, 1698.04842486191 
1803, 1627.75695348401 
1804, 1557.75342502288 
1805, 1497.17700570096 
1806, 1459.21480335188 
1807, 1399.90987561181 
1808, 1350.48049770216 
1809, 1321.26096067186 
1810, 1276.94379323676 
1811, 1226.43276239935 
1812, 1171.77738215328 
1813, 1112.0528062981 
1814, 1053.85088207888 
1815, 983.538908950991 
1816, 909.696172475042 
1817, 856.027142711158 
1818, 802.136219666838 
1819, 762.603584635327 
1820, 750.225490041644 
1821, 717.51431301347 
1822, 687.517174265545 
1823, 647.447380476915 
1824, 595.651982671203 
1825, 565.714763166303 
1826, 528.141170456578 
1827, 482.717530162233 
1828, 437.19711432307 
1829, 383.572046999612 
1830, 325.463729261904 
1831, 259.736311944834 
1832, 204.454338716474 
1833, 151.800257058406 
1834, 116.81469787647 
1835, 82.8367681972389 
1836, 79.6385228167097 
1837, 86.4694575150212 
1838, 64.2832340003565 
1839, 59.0637179369718 
1840, 63.5529077341251 
1841, 66.6135227638264 
1842, 66.6730908873162 
1843, 94.8236489626807 
1844, 100.744140247062 
1845, 99.9794758419412 
1846, 105.738485511983 
1847, 102.790872594649 
1848, 92.4769431123953 
1849, 81.6724319739446 
1850, 80.4596747814181 
1851, 81.4002785929285 
1852, 69.718243166394 
1853, 67.0362683546894 
1854, 74.1608030931377 
1855, 67.9992834554744 
1856, 58.7887480250504 
1857, 53.2653932274407 
1858, 63.5373746023914 
1859, 72.8457396241378 
1860, 81.1560744576496 
1861, 93.1953592779379 
1862, 111.514335327614 
1863, 115.679068918173 
1864, 117.726787315167 
1865, 121.105234314379 
1866, 123.755833099053 
1867, 123.94733515168 
1868, 110.442903280889 
1869, 80.5434053436201 
1870, 58.2891292935233 
1871, 31.4077308771451 
1872, 4.64973977366816 
1873,-4.07112541366655 
1874, 7.5394278762191 
1875, 14.8506037704631 
1876, 43.1819185643945 
1877, 58.1587077369987 
1878, 62.8889451638032 
1879, 83.3924972198082 
1880, 89.4865648600469 
1881, 81.6753887794228 
1882, 76.0903352674429 
1883, 83.8869154975263 
1884, 88.4106224348955 
1885, 101.220957220676 
1886, 122.497977972111 
1887, 118.563886946847 
1888, 101.974586553972 
1889, 98.5632175547268 
1890, 99.7754586415616 
1891, 102.662313410317 
1892, 118.164066756355 
1893, 134.344624974166 
1894, 142.510856550106 
1895, 143.117592962815 
1896, 124.401588195532 
1897, 119.764111650171 
1898, 111.147107123111 
1899, 68.1126379046855 
1900, 48.7428460184536 
1901, 39.4854544471944 
1902, 35.2177037273764 
1903, 33.3727210899345 
1904, 47.979298821892 
1905, 65.5322304305069 
1906, 71.0179798141277 
1907, 49.9389132166791 
1908, 37.223372143148 
1909, 23.2648349561243 
1910, 1.68161681579613 
1911, 0.783350933290158 
1912, 25.947258376902 
1913, 26.764562127567 
1914, 19.7758355028085 
1915, 35.5997579527674 
1916, 33.4527367408447 
1917, 31.4569036303955 
1918, 59.9916887301627 
1919, 67.577038193794 
1920, 53.8232960535127 
1921, 48.8284825003374 
1922, 51.9311492647862 
1923, 60.3369814572279 
1924, 55.314210929561 
1925, 44.4263910792439 
1926, 57.7119809811028 
1927, 50.8770013565132 
1928, 47.8034846290585 
1929, 78.4563994979328 
1930, 89.7670277333653 
1931, 80.8706821146124 
1932, 65.205495046935 
1933, 60.14107362482 
1934, 51.2244165518274 
1935, 44.6412877761808 
1936, 44.1059718034103 
1937, 52.5984811091586 
1938, 41.053340744382 
1939, 22.311830189055 
1940, 16.4779235006227 
1941, 9.21537105191713 
1942, 2.71290672917447 
1943, 11.5082331472592 
1944, 10.0055189897404 
1945,-1.11845388443227 
1946,-3.04938528314546 
1947,-9.93890850599757 
1948,-4.74459167575355 
1949, 11.8505385933718 
1950, 36.8277527476018 
1951, 42.3657562711387 
1952, 55.4331644357634 
1953, 62.9334876063468 
1954, 72.0399988861375 
1955, 75.2983635636538 
1956, 86.344563239844 
1957, 86.2230485612288 
1958, 64.5682787724696 
1959, 54.437691774429 
1960, 54.3553124610417 
1961, 41.9266582630612 
1962, 23.7140889060716 
1963, 37.459158927597 
1964, 30.5323547554745 
1965, 39.5042283669563 
1966, 34.6616176002626 
1967, 14.4437296494862 
1968, 12.1819212469155 
1969, 7.64409296404247 
1970, 8.84345145795922 
1971, 36.3801645755923 
1972, 45.0071904472474 
1973, 33.0152763262519 
1974, 51.7908463529582 
1975, 55.3163774332624 
1976, 56.2612301136364 
1977, 61.7028144843771 
1978, 52.3684637731003 
1979, 51.814367657175 
1980, 40.0804219177514 
1981, 48.4225805866141 
1982, 79.4625949364633 
1983, 94.9102029238533 
1984, 123.085823230701 
1985, 132.033619056147 
1986, 122.609732590004 
1987, 111.100358869335 
1988, 98.9290930909863 
1989, 84.737350007898 
1990, 69.6156882522038 
1991, 46.942668873382 
1992, 36.2440833680152 
1993, 28.3895436155638 
1994, 26.6663257682447 
1995, 51.6273810606805 
1996, 49.4760838549134 
1997, 38.3306143628491 
1998, 14.496742072578 
1999,-16.6851860105941 
2000,-37.4794750371887 
2001,-33.2560137092793 
2002,-30.9885328128669 
2003,-23.9394270693505 
2004,-4.52061681888885 
2005, 2.76593539507705 
2006, 12.3221635057219 
2007, 15.4017070644834 
2008, 11.046842200877 
2009, 11.3481017614661 
2010, 17.2378803738935 
2011,-1.3487140841791 
2012, 11.1708908632329 
2013, 7.00412001955435 
2014, 6.0971761414764 
2015, 8.74085827263561 
2016, 13.4319200318841 
2017, 12.6408354653868 
2018, 16.9948182051475 
2019, 40.5175817147996 
2020, 36.5203896679202 
2021, 9.42760766985229 
2022, 1.56975087072095 
2023,-9.42004650660994 
2024,-23.6559912626064 
2025,-7.80176347101828 
2026,-18.0084614203411 
2027,-20.4542296361276 
2028,-27.5643148599707 
2029,-29.1300361727503 
2030,-31.1752387722908 
2031,-21.5113713995607 
2032,-9.44586326181912 
2033, 6.5581497101344 
2034, 54.1498460067188 
2035, 64.5799162919567 
2036, 47.3049524984899 
2037, 45.8073778613005 
2038, 43.7945981504416 
2039, 15.8728359334714 
2040, 8.3388168478731 
2041, 22.9002091440289 
2042, 17.8681330545904 
2043, 3.85926904595044 
2044,-9.70978842157392 
2045,-33.7747130197059 
2046,-42.3036306909024 
2047,-54.5117657719776 
2048,-50.7618114233487 
2049,-18.4646515844005 
2050,-4.08635402969064 
2051, 13.7161747878869 
2052, 17.8663399305512 
2053, 29.7400790830107 
2054, 33.8097463497926 
2055, 42.1728825028404 
2056, 63.7007968500635 
2057, 66.3445948399868 
2058, 58.9262534327787 
2059, 48.6528912936444 
2060, 15.9050177341909 
2061, 9.57804583593149 
2062, 11.7810972857412 
2063, 16.6489986978227 
2064, 51.0505946148596 
2065, 61.067596400421 
2066, 59.3154061240413 
2067, 53.5697189902564 
2068, 42.9253997381787 
2069, 12.208767683653 
2070, 5.10092589060005 
2071, 5.00232802578958 
2072, 5.97265677598551 
2073, 20.7196207216661 
2074, 28.6554759535864 
2075, 32.6263921928589 
2076, 37.398102796592 
2077, 41.9278619195609 
2078, 46.8333591626789 
2079, 56.5947988521985 
2080, 59.2755767012198 
2081, 56.020755786392 
2082, 53.6475968804464 
2083, 59.1964160441933 
2084, 67.0993169544963 
2085, 68.5057493292213 
2086, 80.491523049274 
2087, 75.0058468969466 
2088, 45.7367803678455 
2089, 37.5841859064233 
2090, 28.6470179273102 
2091, 29.6754362601459 
2092, 49.7644653050185 
2093, 60.1252004815624 
2094, 73.8750288585343 
2095, 82.3647860835516 
2096, 95.7583777955997 
2097, 82.620289997466 
2098, 86.3674499092929 
2099, 91.6798569175889 
2100, 93.3434750022525 
2101, 95.6400171399076 
2102, 100.970401677319 
2103, 103.541542695746 
2104, 108.594198069079 
2105, 120.226455657732 
2106, 127.557778211089 
2107, 134.027897731368 
2108, 136.806682538245 
2109, 136.632209140109 
2110, 137.218204080534 
2111, 129.755306483728 
2112, 127.248649231592 
2113, 140.202638022051 
2114, 166.918478888459 
2115, 179.913899836575 
2116, 205.002044537589 
2117, 208.352816459876 
2118, 184.378221392006 
2119, 186.998315129213 
2120, 188.992247597595 
2121, 202.315278235657 
2122, 245.104554927089 
2123, 261.278568415592 
2124, 268.524523706065 
2125, 277.360239739927 
2126, 274.94726198248 
2127, 272.873474973806 
2128, 270.655041475917 
2129, 267.837431261829 
2130, 274.763868912583 
2131, 276.809242611541 
2132, 298.047791027565 
2133, 344.26479720802 
2134, 367.908896344944 
2135, 394.307204651582 
2136, 407.426226498524 
2137, 403.233804091602 
2138, 406.446902405783 
2139, 400.438952333366 
2140, 410.407859830884 
2141, 433.743294944266 
2142, 447.460708044561 
2143, 471.155224028629 
2144, 482.062720053276 
2145, 476.308513586678 
2146, 472.974214825794 
2147, 482.119101564429 
2148, 494.453241305428 
2149, 505.961593170623 
2150, 529.93037845995 
2151, 538.56225257068 
2152, 532.21313539502 
2153, 543.615262102224 
2154, 556.620042076176 
2155, 575.772271207708 
2156, 610.212715276884 
2157, 633.21811562596 
2158, 662.475877563284 
2159, 673.783683584558 
2160, 672.220843798602 
2161, 672.47768108759 
2162, 655.013286802127 
2163, 648.166474663375 
2164, 651.556288087104 
2165, 643.579416696225 
2166, 650.317083237691 
2167, 660.923929960057 
2168, 679.70260368579 
2169, 713.292373313594 
2170, 733.082536209567 
2171, 753.072319712485 
2172, 771.970414453606 
2173, 785.967362654647 
2174, 798.248628505178 
2175, 804.664725814696 
2176, 823.122126486723 
2177, 848.36394086704 
2178, 866.16099192956 
2179, 892.395616137637 
2180, 911.327512647202 
2181, 921.254440994731 
2182, 927.208495674236 
2183, 924.344806474441 
2184, 928.220151596703 
2185, 948.931763142231 
2186, 964.542132993507 
2187, 977.331117449038 
2188, 1004.89412767848 
2189, 1017.48424047528 
2190, 1008.97231735582 
2191, 1018.46689697238 
2192, 1042.2478862697 
2193, 1048.89210242351 
2194, 1045.84818072941 
2195, 1052.36279738388 
2196, 1055.71732822559 
2197, 1062.41318433072 
2198, 1081.03118775179 
2199, 1091.27013442686 
2200, 1092.29707260588 
2201, 1097.61233205051 
2202, 1096.0418614497 
2203, 1107.46628460526 
2204, 1117.43816665285 
2205, 1152.24698249213 
2206, 1188.53468332186 
2207, 1215.69308404745 
2208, 1234.00975639097 
2209, 1246.34153218164 
2210, 1251.44623575021 
2211, 1238.02316624562 
2212, 1248.86086919222 
2213, 1259.35360694164 
2214, 1279.98812807372 
2215, 1333.47947862971 
2216, 1349.43756834783 
2217, 1346.98700436875 
2218, 1355.63195103855 
2219, 1348.32268519468 
2220, 1351.20195256336 
2221, 1374.70837877703 
2222, 1378.73084643731 
2223, 1361.94645968008 
2224, 1361.39926154149 
2225, 1364.30365707288 
2226, 1367.14384009075 
2227, 1380.350630702 
2228, 1391.17864396814 
2229, 1398.44824071298 
2230, 1396.49168511043 
2231, 1403.60565467406 
2232, 1418.24330003035 
2233, 1420.95775288131 
2234, 1424.80650095795 
2235, 1418.43349327626 
2236, 1395.99690542716 
2237, 1386.9966363294 
2238, 1368.1870274246 
2239, 1373.39415902012 
2240, 1408.74249827246 
2241, 1415.32139350364 
2242, 1427.61145249159 
2243, 1423.31581085404 
2244, 1389.67442990617 
2245, 1369.87049212142 
2246, 1348.6770677116 
2247, 1333.23382107944 
2248, 1316.98202498548 
2249, 1305.53377670692 
2250, 1310.10311273844 
2251, 1301.83757059623 
2252, 1277.49807329586 
2253, 1279.28128647635 
2254, 1272.07614507108 
2255, 1244.87692309072 
2256, 1236.59747062851 
2257, 1233.40202786326 
2258, 1224.97591543702 
2259, 1215.43052798017 
2260, 1207.65984589454 
2261, 1205.89473121849 
2262, 1181.45948698079 
2263, 1145.09833284259 
2264, 1118.16527635199 
2265, 1076.59480237837 
2266, 1049.99071228649 
2267, 1039.21921467093 
2268, 1021.4747317363 
2269, 996.181122397822 
2270, 984.80660281342 
2271, 984.912425598555 
2272, 976.477668111206 
2273, 973.124964578139 
2274, 965.756412046335 
2275, 956.141020244427 
2276, 941.748932181061 
2277, 919.870414255019 
2278, 904.518149904616 
2279, 880.226921395384 
2280, 867.906130838895 
2281, 868.112097330489 
2282, 871.65946708333 
2283, 880.664073569126 
2284, 877.80563395143 
2285, 861.416555145302 
2286, 845.027002583299 
2287, 805.946845560122 
2288, 766.528853784043 
2289, 731.55330450442 
2290, 687.810683443655 
2291, 662.479757669474 
2292, 652.526193688114 
2293, 631.91855353537 
2294, 614.444219216324 
2295, 600.309270566862 
2296, 576.484435812927 
2297, 566.159740135297 
2298, 576.433961283739 
2299, 566.371539309066 
2300, 547.848695849053 
2301, 540.722250145258 
2302, 534.213134538681 
2303, 521.451911005032 
2304, 513.22991213218 
2305, 501.478161154309 
2306, 474.538996407156 
2307, 458.049839636075 
2308, 453.171410820413 
2309, 442.386232967935 
2310, 422.632611705445 
2311, 419.313616667008 
2312, 433.727405288243 
2313, 429.539243193561 
2314, 432.883720986695 
2315, 421.101972054795 
2316, 375.661999165931 
2317, 341.718306226643 
2318, 316.414200286834 
2319, 287.74997868084 
2320, 280.397414979218 
2321, 283.03643912628 
2322, 278.745967918588 
2323, 281.926710215301 
2324, 281.379824742357 
2325, 280.748234016265 
2326, 297.502216688419 
2327, 303.92607613266 
2328, 291.974901987678 
2329, 268.531690502966 
2330, 250.349424041096 
2331, 206.964761098717 
2332, 196.996844675792 
2333, 214.972438064797 
2334, 207.496134318276 
2335, 199.707029923953 
2336, 191.816513905042 
2337, 167.376338200519 
2338, 161.614627521113 
2339, 168.163036896559 
2340, 171.2818556453 
2341, 182.39755367989 
2342, 183.038329900216 
2343, 183.912947716652 
2344, 178.116731780131 
2345, 161.516647383464 
2346, 152.382627846094 
2347, 139.570571778886 
2348, 130.65970244003 
2349, 124.797158352863 
2350, 119.952564027863 
2351, 113.334804866889 
2352, 118.119408499343 
2353, 135.391642070805 
2354, 143.592992374254 
2355, 167.707563096394 
2356, 166.959791220112 
2357, 135.97878417172 
2358, 126.114591094411 
2359, 101.417432691481 
2360, 96.8463231542475 
2361, 129.812962632933 
2362, 140.134552177479 
2363, 144.859936937923 
2364, 156.032545554807 
2365, 145.025884050904 
2366, 115.538654206904 
2367, 111.785436564499 
2368, 108.49200817591 
2369, 113.33015966972 
2370, 133.482995634031 
2371, 134.963267205364 
2372, 130.798138732678 
2373, 133.130048801798 
2374, 125.734644714975 
2375, 126.699975721004 
2376, 138.530242478536 
2377, 133.090285342981 
2378, 130.842071065639 
2379, 129.391395047677 
2380, 107.494139854192 
2381, 105.35808892209 
2382, 106.122181621495 
2383, 87.7634392806258 
2384, 89.5447437714205 
2385, 82.0044041838384 
2386, 67.7020650468581 
2387, 66.6045774410663 
2388, 62.0336537393326 
2389, 40.5579155357382 
2390, 23.5791698764947 
2391, 20.561006861591 
2392, 13.5324829965028 
2393, 40.0675463077214 
2394, 59.3744340718826 
2395, 68.6988527054564 
2396, 82.0083241573505 
2397, 91.3243627121244 
2398, 123.266992802436 
2399, 140.478245504978 
2400, 150.699207760046 
2401, 157.526021583207 
2402, 145.458001112149 
2403, 113.621214055986 
2404, 95.0710129168388 
2405, 95.3107080028558 
2406, 102.972101587791 
2407, 96.916255839776 
2408, 112.572692452724 
2409, 103.940335850708 
2410, 60.3264136473744 
2411, 51.3440393327087 
2412, 59.9389787861164 
2413, 55.8921914058461 
2414, 55.7246297350434 
2415, 50.2145914339903 
2416, 38.862821907609 
2417, 35.5902431479182 
2418, 34.9616895456688 
2419, 31.1868857832688 
2420, 24.3103323695248 
2421, 24.2542525814208 
2422, 23.7131220304876 
2423, 25.8896850629282 
2424, 43.5968378341321 
2425, 41.7122179335787 
2426, 33.1335981686538 
2427, 28.3170142469726 
2428, 6.36702466806463 
2429, 2.35604514611736 
2430, 8.80498436960046 
2431, 10.2759141377789 
2432, 23.9447678126616 
2433, 20.4997782714712 
2434, 2.82740433146834 
2435,-4.23622391073363 
2436,-20.7518679872433 
2437,-11.0381514846023 
2438, 31.1517157688346 
2439, 32.9763465094377 
2440, 22.8622298016147 
2441, 22.9858272886153 
2442, 0.520188848400662 
2443,-4.9871060249411 
2444, 16.093606333651 
2445, 12.684633566345 
2446, 5.99178302468271 
2447, 10.1223116053038 
2448,-7.00204099824921 
2449,-20.36101177691 
2450,-7.21522809460056 
2451, 6.12243549395763 
2452, 20.0102276178946 
2453, 28.2510900275717 
2454, 26.6913774878241 
2455, 21.9453373908206 
2456, 32.6793740019236 
2457, 42.6867391452302 
2458, 40.63817111199 
2459, 46.2830382471949 
2460, 45.1847872912981 
2461, 46.0716126975181 
2462, 51.8204400732747 
2463, 36.4973903371552 
2464, 21.9536504679036 
2465, 19.6819772894929 
2466,-5.2662702927889 
2467,-23.6527448420253 
2468,-25.5267587814666 
2469,-52.5109150470222 
2470,-58.8472248277017 
2471,-54.082238771914 
2472,-50.9370036035395 
2473,-14.9396409142782 
2474, 17.8708836664863 
2475, 50.6994521672648 
2476, 68.8538217890697 
2477, 46.9535663314818 
2478, 23.9053685110256 
2479, 2.36193515883453 
2480,-15.3283073150427 
2481,-5.62969127426495 
2482, 6.72419154792032 
2483, 14.5753625732452 
2484, 25.197521725613 
2485, 15.8114037118415 
2486, 11.3479750096013 
2487, 13.0215628397777 
2488,-1.68780991785273 
2489,-2.9152012749169 
2490,-5.04891463758732 
2491,-1.06818272493888 
2492, 8.91888195675465 
2493, 1.88896334636583 
2494, 14.2454984889219 
2495, 19.4243392275927 
2496, 17.2194444941564 
2497, 28.7672294879145 
2498, 27.5705797364569 
2499, 11.2022607369728 
2500, 3.82319854904592 
