Wavelength,0212202100041.asd
350, 3014.37008572472 
351, 3171.2843514462 
352, 3318.1616225756 
353, 3439.08515509323 
354, 3560.72243249733 
355, 3689.10363808325 
356, 3822.87607847666 
357, 3956.57898313994 
358, 4096.8849491699 
359, 4247.40522844776 
360, 4413.109837148 
361, 4614.44984688957 
362, 4842.91457101285 
363, 5087.72505947293 
364, 5338.67024894374 
365, 5594.6819615153 
366, 5838.97627730656 
367, 6051.7644214813 
368, 6213.87035319318 
369, 6310.88505172175 
370, 6346.44741821142 
371, 6338.36090121756 
372, 6319.47598893352 
373, 6315.82528203876 
374, 6330.73491174294 
375, 6350.88664933812 
376, 6371.5886966466 
377, 6383.21226657781 
378, 6370.99869376668 
379, 6314.69424030844 
380, 6242.07999209592 
381, 6159.85909175984 
382, 6067.16206355203 
383, 5955.4085268833 
384, 5841.30531973547 
385, 5764.51163890465 
386, 5772.91960528932 
387, 5896.8570035172 
388, 6066.97810568511 
389, 6212.62960560157 
390, 6279.48960666017 
391, 6356.74381404792 
392, 6430.11360731614 
393, 6484.47127571589 
394, 6538.49415832118 
395, 6684.33054642771 
396, 6963.56659711368 
397, 7390.11601691857 
398, 7974.89826945089 
399, 8640.42606442672 
400, 9324.70457923574 
401, 9986.36156412571 
402, 10612.9806884792 
403, 11130.2366023324 
404, 11506.5864490353 
405, 11800.5770545036 
406, 12034.1015769288 
407, 12244.9550170729 
408, 12478.6068992532 
409, 12794.0826356579 
410, 13168.8139173148 
411, 13580.4132366195 
412, 14008.5355089827 
413, 14435.9697114071 
414, 14857.0335756072 
415, 15260.1090551994 
416, 15618.1700587262 
417, 15958.970808918 
418, 16307.797969673 
419, 16671.3857194072 
420, 16986.9230621852 
421, 17308.6529359982 
422, 17660.6924779236 
423, 18035.5285686793 
424, 18378.8129845136 
425, 18650.4645341887 
426, 18812.6598252584 
427, 18821.7996695271 
428, 18756.4594029053 
429, 18784.21903014 
430, 19033.9165340309 
431, 19381.4107621881 
432, 19844.2037159376 
433, 20524.0224185596 
434, 21538.3840607049 
435, 22592.5775101347 
436, 23398.2461501349 
437, 23905.1197812797 
438, 24444.1662189854 
439, 24996.8284685709 
440, 25519.1387059538 
441, 25995.7952630693 
442, 26609.9183532858 
443, 27249.5527053592 
444, 27833.0230351073 
445, 28315.6333187093 
446, 28706.1692343417 
447, 29059.6402486334 
448, 29435.1492745783 
449, 29895.8755684516 
450, 30279.7777272175 
451, 30484.6822212349 
452, 30476.4953105302 
453, 30398.8927955811 
454, 30234.5664523323 
455, 30029.4825489423 
456, 29887.05857006 
457, 29857.470174827 
458, 29871.5333202874 
459, 29856.5283245725 
460, 29783.4830950906 
461, 29670.9984763434 
462, 29547.4555804528 
463, 29427.2379222412 
464, 29233.7319499159 
465, 28935.2481625198 
466, 28568.9171731656 
467, 28236.4055525435 
468, 27954.176881119 
469, 27744.8350986857 
470, 27620.28683523 
471, 27581.7169111185 
472, 27556.0041585839 
473, 27550.315365106 
474, 27594.5506849 
475, 27588.7665052403 
476, 27563.5304057965 
477, 27551.7011190335 
478, 27573.1099196634 
479, 27670.6239016949 
480, 27803.3976093386 
481, 27898.618073096 
482, 27879.0348322822 
483, 27670.1339519624 
484, 27229.6040620297 
485, 26575.4647398798 
486, 25958.0386499327 
487, 25529.4142083731 
488, 25413.4763797337 
489, 25729.281546366 
490, 26207.3750566621 
491, 26595.4497284388 
492, 26736.9386363965 
493, 26791.0981532083 
494, 26874.5310637013 
495, 27035.9423618591 
496, 27249.2293894735 
497, 27314.7930035978 
498, 27239.5228920078 
499, 27071.636754854 
500, 26845.9029546493 
501, 26682.6654845665 
502, 26626.272266823 
503, 26692.2485997683 
504, 26952.6625695976 
505, 27308.708717005 
506, 27664.6850897918 
507, 27945.4178754528 
508, 28159.5201216094 
509, 28329.2898368991 
510, 28489.753500888 
511, 28706.5809300595 
512, 28854.0914835776 
513, 28879.2698724749 
514, 28774.662866854 
515, 28536.7739573554 
516, 28216.8821603337 
517, 27907.8591574838 
518, 27741.7805576624 
519, 27999.2997517817 
520, 28695.2308808672 
521, 29658.0465013013 
522, 30455.0692131737 
523, 31044.7420909942 
524, 31457.3628276705 
525, 31770.0914601581 
526, 31904.1908482657 
527, 31960.8269012417 
528, 32139.0469474187 
529, 32805.3408064637 
530, 33658.3232461229 
531, 34364.3173217108 
532, 34659.8205673289 
533, 34763.8134980302 
534, 34931.3495315074 
535, 35294.153354439 
536, 35832.9845482519 
537, 36215.8863147156 
538, 36392.111465844 
539, 36418.1816743727 
540, 36410.8221966359 
541, 36449.4932684007 
542, 36646.9580951007 
543, 37091.4015354357 
544, 37590.3617484199 
545, 38021.0174898996 
546, 38319.2356512139 
547, 38491.0187225946 
548, 38607.1058883087 
549, 38746.1472632741 
550, 38955.2559052346 
551, 39164.6997376961 
552, 39326.3825895313 
553, 39447.7924628902 
554, 39578.0998533198 
555, 39676.646356317 
556, 39641.8027405454 
557, 39420.2561205233 
558, 39058.7328024116 
559, 38753.9966418908 
560, 38624.3771979846 
561, 38711.0766044838 
562, 38895.8708200366 
563, 39001.4669629554 
564, 38943.2615472807 
565, 38753.0324126368 
566, 38485.185318485 
567, 38216.2755662263 
568, 37991.4559903488 
569, 37759.2542231389 
570, 37451.1880163247 
571, 37159.0347882262 
572, 37059.7948919208 
573, 37109.1066925737 
574, 37105.465042555 
575, 36926.7960706466 
576, 36608.9584288165 
577, 36324.1153135667 
578, 36179.847875489 
579, 36230.7248306147 
580, 36432.0610120129 
581, 36780.7563013733 
582, 37200.8478833755 
583, 37550.6881208859 
584, 37771.8002922182 
585, 37769.2583463823 
586, 37533.4011758079 
587, 37250.7237028704 
588, 36900.8523002709 
589, 36416.85490093 
590, 35798.4553298005 
591, 35617.3784437026 
592, 35822.0905777836 
593, 36139.5008877871 
594, 36105.1955260197 
595, 35914.1231883102 
596, 35656.1029951161 
597, 35383.6713041412 
598, 35084.2612451423 
599, 34716.013537435 
600, 34313.901518116 
601, 33965.3813567312 
602, 33695.268589302 
603, 33556.0681502932 
604, 33546.1538461313 
605, 33580.5125757994 
606, 33503.3835675016 
607, 33314.3317072416 
608, 33079.3159134516 
609, 32842.0916374356 
610, 32618.3439223468 
611, 32421.7478893062 
612, 32261.7703832781 
613, 32083.7894716969 
614, 31871.5339268194 
615, 31642.5164850988 
616, 31466.7655827329 
617, 31360.1022871388 
618, 31369.5895839299 
619, 31521.1287777839 
620, 31664.876672313 
621, 31678.6927215593 
622, 31523.1815598411 
623, 31256.7914911347 
624, 30960.8303249372 
625, 30682.8643238201 
626, 30445.1002174475 
627, 30238.6331841326 
628, 30026.0057420408 
629, 29820.2632431398 
630, 29676.1804439745 
631, 29698.1967007511 
632, 29813.712691809 
633, 29955.4125602611 
634, 30109.5705523842 
635, 30225.7553338253 
636, 30305.3905054768 
637, 30363.1533883848 
638, 30388.3139376405 
639, 30346.939643356 
640, 30214.8849389339 
641, 29989.9994128687 
642, 29820.6945647943 
643, 29727.5075883146 
644, 29673.1217101086 
645, 29558.6665339342 
646, 29378.2533796738 
647, 29153.4135318276 
648, 28925.4677337563 
649, 28736.996747732 
650, 28587.1993791484 
651, 28508.137538982 
652, 28555.3409437114 
653, 28492.650077663 
654, 28172.6604283206 
655, 27572.5763759779 
656, 26858.9526800985 
657, 26350.5209661402 
658, 26379.2430840239 
659, 27104.5167553514 
660, 27779.9033257432 
661, 28152.909220665 
662, 28230.5901512349 
663, 28268.9057834973 
664, 28239.4712863813 
665, 28196.2954132852 
666, 28184.3949300733 
667, 28192.0726776377 
668, 28181.7193043541 
669, 28156.7738327753 
670, 28138.0613586941 
671, 28083.0743320214 
672, 28014.4783745338 
673, 27971.2014161015 
674, 28003.4839539384 
675, 28042.4228495743 
676, 28068.4160490115 
677, 28081.7591888323 
678, 28101.4448355327 
679, 28110.9281808411 
680, 28109.05171259 
681, 28102.2039155836 
682, 28084.6509571291 
683, 28023.2728118126 
684, 27794.9061456914 
685, 27159.6755532786 
686, 26025.2578649889 
687, 24482.5872562711 
688, 22914.374258127 
689, 22337.6343449136 
690, 22868.8332541667 
691, 24056.1526153267 
692, 25118.8151058752 
693, 26052.340845478 
694, 26730.5138821976 
695, 27139.6046897674 
696, 27421.7954167582 
697, 27655.6315215684 
698, 27808.2102675671 
699, 27836.2775251967 
700, 27787.4368783316 
701, 27736.1223573191 
702, 27747.1513987996 
703, 27868.7156809385 
704, 28102.2030264526 
705, 28371.8579736015 
706, 28602.2356995428 
707, 28734.3947271776 
708, 28845.355858085 
709, 28945.0599079919 
710, 29030.4413459634 
711, 29120.4437413799 
712, 29184.0582470914 
713, 29209.4146347249 
714, 29186.6901346114 
715, 29057.394314706 
716, 28705.003456881 
717, 28076.4899781153 
718, 27209.0360892365 
719, 26488.4772120475 
720, 26236.4225933295 
721, 26575.7470197567 
722, 27259.5999412233 
723, 27720.9785170685 
724, 27784.1628119603 
725, 27575.274485378 
726, 27546.2635845531 
727, 27632.8973050766 
728, 27741.3558899153 
729, 27807.4355591323 
730, 27988.5283615583 
731, 28315.0462895912 
732, 28757.241933914 
733, 29232.8655364016 
734, 29640.7010408491 
735, 29899.622212626 
736, 29974.1314409827 
737, 29950.5384782969 
738, 29907.4030032269 
739, 29863.9574746162 
740, 29793.9284480933 
741, 29774.708369228 
742, 29820.2710950188 
743, 29920.7169190375 
744, 30049.9223933578 
745, 30137.4989798592 
746, 30179.3269833973 
747, 30189.3847240858 
748, 30157.7057081374 
749, 30068.5052278122 
750, 29944.0459863495 
751, 29832.7970154055 
752, 29780.3781760737 
753, 29775.3107142412 
754, 29785.4958704872 
755, 29761.9143476725 
756, 29626.9079565795 
757, 29017.3602014877 
758, 27339.4719320218 
759, 23561.0681978637 
760, 18039.9231508822 
761, 12701.6205488832 
762, 9821.03624735565 
763, 9899.83148301059 
764, 11531.8249700619 
765, 14029.2887169286 
766, 17346.1546299756 
767, 20935.9298080594 
768, 24032.6612168476 
769, 26174.493521249 
770, 27371.9808159301 
771, 27965.1692094428 
772, 28204.7075735487 
773, 28277.7699600056 
774, 28277.8911342818 
775, 28223.6086410925 
776, 28148.8275481054 
777, 28077.7197777685 
778, 27974.5082328598 
779, 27849.3627580905 
780, 27724.2419800055 
781, 27623.4236637041 
782, 27513.9221570775 
783, 27380.2905741173 
784, 27224.9926088862 
785, 27072.4772920282 
786, 26922.529918365 
787, 26745.8577760487 
788, 26518.1172152562 
789, 26248.2718801872 
790, 25961.9095948218 
791, 25667.6228179331 
792, 25369.5274123022 
793, 25084.2651567102 
794, 24854.2942204508 
795, 24705.9685453946 
796, 24640.5512542591 
797, 24590.3891335524 
798, 24497.650924786 
799, 24334.3949952935 
800, 24110.1676612421 
801, 23866.3105604967 
802, 23639.7791164531 
803, 23445.2318983533 
804, 23254.275602034 
805, 23087.151329609 
806, 22932.8772149457 
807, 22764.6465934732 
808, 22543.396304936 
809, 22277.5607072577 
810, 21984.7458075505 
811, 21676.9963044608 
812, 21313.8179225324 
813, 20834.0910305646 
814, 20229.1403240445 
815, 19551.0371894008 
816, 18919.2030783086 
817, 18418.5376947131 
818, 18104.104779035 
819, 17997.5701529832 
820, 17958.8273394768 
821, 17888.2479848583 
822, 17746.6052481352 
823, 17589.7234077705 
824, 17486.8755577417 
825, 17497.2448186253 
826, 17600.5700141687 
827, 17553.9795955037 
828, 17361.661547331 
829, 17106.7292119797 
830, 16902.5563362256 
831, 16765.4563196359 
832, 16661.7985621678 
833, 16575.2571384006 
834, 16509.0528670577 
835, 16474.1959021532 
836, 16455.2352595608 
837, 16423.3539287266 
838, 16342.0930891493 
839, 16218.5236414687 
840, 16073.4606038527 
841, 15920.0585809189 
842, 15752.738987169 
843, 15579.7957208456 
844, 15410.2946112409 
845, 15248.3056122566 
846, 15090.5138302646 
847, 14892.6588789544 
848, 14652.4988530785 
849, 14386.5254755483 
850, 14117.2399188065 
851, 13803.4337195729 
852, 13479.8066477374 
853, 13210.6742184567 
854, 13011.4784211501 
855, 12853.7315946915 
856, 12785.5599494209 
857, 12874.5755421994 
858, 13008.5531670497 
859, 13042.6063150721 
860, 12953.0378841551 
861, 12822.7455590278 
862, 12661.1334870506 
863, 12448.7522826958 
864, 12191.2366841902 
865, 11927.1214374333 
866, 11676.9716720616 
867, 11466.3272147425 
868, 11332.1793284626 
869, 11321.8353220068 
870, 11358.131644362 
871, 11352.7368211607 
872, 11265.5045522178 
873, 11142.2746042107 
874, 11007.7907691418 
875, 10872.5550110792 
876, 10740.0783025357 
877, 10611.6035553611 
878, 10485.4890739505 
879, 10360.6843888083 
880, 10235.6990509446 
881, 10107.2252588699 
882, 9978.25366359136 
883, 9856.63939948126 
884, 9746.18313889866 
885, 9634.01627378869 
886, 9511.67200814615 
887, 9382.46609363124 
888, 9254.12283389629 
889, 9128.58034186832 
890, 9003.97960318054 
891, 8865.68583990385 
892, 8695.42062412744 
893, 8487.21843110036 
894, 8244.69002752405 
895, 7977.66235454737 
896, 7698.57629474892 
897, 7411.81802118072 
898, 7141.44210802324 
899, 6916.43081006415 
900, 6760.56472567987 
901, 6667.74482007632 
902, 6623.67281113649 
903, 6605.46390037762 
904, 6586.21859860687 
905, 6546.41558329601 
906, 6476.53832021558 
907, 6364.51532944513 
908, 6205.12664760433 
909, 6033.17233064282 
910, 5887.83779960926 
911, 5783.75043800225 
912, 5711.74454539409 
913, 5647.77004656086 
914, 5586.85435127219 
915, 5526.74113841338 
916, 5468.94357992642 
917, 5429.88732010282 
918, 5398.08714061141 
919, 5367.09695025664 
920, 5335.6140145695 
921, 5299.1335004271 
922, 5250.53369249877 
923, 5180.56475261543 
924, 5081.27458850639 
925, 4957.2929811982 
926, 4808.66367610558 
927, 4629.37561389965 
928, 4411.34834831101 
929, 4155.8411534716 
930, 3868.50049079458 
931, 3563.96754547797 
932, 3264.69032693353 
933, 2998.33663885745 
934, 2786.67939056548 
935, 2642.78812960904 
936, 2568.41981622914 
937, 2549.22155348064 
938, 2565.46085514403 
939, 2595.57143704047 
940, 2622.08733767183 
941, 2643.67929110011 
942, 2648.75216540521 
943, 2625.46328814067 
944, 2570.82794623948 
945, 2504.4203542796 
946, 2450.78270208877 
947, 2418.27115238179 
948, 2404.29566972252 
949, 2401.27864398299 
950, 2395.77932973391 
951, 2387.2738808715 
952, 2378.22426762174 
953, 2365.52621130635 
954, 2352.18737921836 
955, 2339.88364565182 
956, 2330.53600225528 
957, 2326.97724193133 
958, 2323.56465581237 
959, 2321.94221954092 
960, 2323.17029512825 
961, 2324.8845198611 
962, 2328.16475675732 
963, 2334.51810541198 
964, 2343.58677761148 
965, 2352.43640705962 
966, 2355.80376018415 
967, 2354.35159265055 
968, 2348.7190278313 
969, 2338.82870979943 
970, 2326.33136489688 
971, 2307.73430864631 
972, 2280.94153577101 
973, 2246.03545531712 
974, 2205.1760690922 
975, 2164.15650813173 
976, 2124.65102908612 
977, 2087.50558840825 
978, 2059.14136668002 
979, 2035.54498054653 
980, 2015.17122571992 
981, 1996.35339349885 
982, 1975.27412660011 
983, 1956.30161896307 
984, 1933.38140251541 
985, 1904.69431676844 
986, 1878.5840712006 
987, 1850.06539540561 
988, 1819.64737319286 
989, 1787.38766212315 
990, 1752.43990532725 
991, 1718.23004921326 
992, 1684.32603900763 
993, 1650.35301418061 
994, 1616.40341468514 
995, 1583.05388909643 
996, 1549.3960320273 
997, 1515.11389588956 
998, 1480.07104841719 
999, 1443.48622003256 
1000, 1407.58481390161 
1001, 8904.72809792752 
1002, 8903.78627224478 
1003, 8905.34697208033 
1004, 8905.65000985248 
1005, 8908.32447723672 
1006, 8928.43332844806 
1007, 8961.52610251529 
1008, 9002.40640910466 
1009, 9046.99712028739 
1010, 9105.0713829202 
1011, 9157.93993564097 
1012, 9211.47781276155 
1013, 9266.07063449865 
1014, 9322.56094316598 
1015, 9378.92148341146 
1016, 9432.01646779794 
1017, 9484.10209622721 
1018, 9539.26955593187 
1019, 9596.51647195058 
1020, 9658.89711364935 
1021, 9726.01668111895 
1022, 9790.69630072327 
1023, 9856.11426107744 
1024, 9920.94150695074 
1025, 9986.92368077754 
1026, 10050.3609601479 
1027, 10112.5439071893 
1028, 10177.0936697163 
1029, 10230.7759032269 
1030, 10277.522594408 
1031, 10327.3714029563 
1032, 10367.1506734049 
1033, 10405.636969476 
1034, 10447.5836427366 
1035, 10486.2007332685 
1036, 10522.6895591891 
1037, 10556.2357872619 
1038, 10584.0624670546 
1039, 10609.3962528856 
1040, 10631.8508789172 
1041, 10653.4029493361 
1042, 10672.8327068764 
1043, 10684.3714480702 
1044, 10694.4327775388 
1045, 10701.6949745495 
1046, 10710.6418826267 
1047, 10723.6446650943 
1048, 10743.0581084869 
1049, 10756.5880676049 
1050, 10767.6188200423 
1051, 10780.4381041833 
1052, 10788.8400538844 
1053, 10801.4818130286 
1054, 10814.6624286645 
1055, 10829.7249270581 
1056, 10850.6720009984 
1057, 10870.198749358 
1058, 10900.3283736945 
1059, 10941.0179185205 
1060, 10985.7443890711 
1061, 11037.8050835665 
1062, 11092.915408297 
1063, 11150.5738902573 
1064, 11219.6598171134 
1065, 11292.8081787107 
1066, 11375.574206388 
1067, 11474.8588863011 
1068, 11575.7705287104 
1069, 11689.1920583821 
1070, 11815.1075476013 
1071, 11950.4153150293 
1072, 12090.478069921 
1073, 12228.5815164277 
1074, 12374.5228260937 
1075, 12509.5563398712 
1076, 12643.8994423103 
1077, 12770.0688978731 
1078, 12876.0448729357 
1079, 12979.077039203 
1080, 13065.9043428166 
1081, 13139.9237927442 
1082, 13216.6446315368 
1083, 13287.221434079 
1084, 13357.2861165682 
1085, 13426.5007135749 
1086, 13489.6551800503 
1087, 13555.5456783198 
1088, 13602.2121242668 
1089, 13641.7519694877 
1090, 13667.5315748708 
1091, 13678.5804515403 
1092, 13680.1926461876 
1093, 13668.2472510999 
1094, 13648.8306266302 
1095, 13627.7292253509 
1096, 13600.4821093848 
1097, 13570.7295022277 
1098, 13542.1998403581 
1099, 13511.5742489704 
1100, 13473.3945175091 
1101, 13441.4661472544 
1102, 13419.4210721363 
1103, 13381.6885977459 
1104, 13348.8054554148 
1105, 13295.7905622223 
1106, 13225.7834993976 
1107, 13124.1224314049 
1108, 12967.2637700855 
1109, 12763.9380090795 
1110, 12484.2645994374 
1111, 12135.4680218999 
1112, 11724.1163212458 
1113, 11217.1237746811 
1114, 10719.8674918401 
1115, 10136.7348252314 
1116, 9615.25042561181 
1117, 9061.90663037826 
1118, 8585.78859413952 
1119, 8142.19008954563 
1120, 7736.79866644451 
1121, 7405.44790164401 
1122, 7142.05751883579 
1123, 6953.06379142001 
1124, 6825.97184723508 
1125, 6770.60557249192 
1126, 6809.64874436712 
1127, 6856.28865940483 
1128, 6978.2452506016 
1129, 7089.60923434845 
1130, 7235.06712328601 
1131, 7372.93916483673 
1132, 7503.99015864113 
1133, 7669.70646573995 
1134, 7845.92593188864 
1135, 8037.08924728122 
1136, 8307.7943820618 
1137, 8589.68575817092 
1138, 8866.9410818924 
1139, 9128.44933913025 
1140, 9302.57712164432 
1141, 9430.59073456531 
1142, 9493.2724935053 
1143, 9455.02592590027 
1144, 9445.21118626546 
1145, 9322.48701325486 
1146, 9332.44031666634 
1147, 9349.33506499569 
1148, 9466.536399768 
1149, 9680.31457821234 
1150, 9939.8626347813 
1151, 10281.3979455708 
1152, 10666.7434675353 
1153, 11064.6801801282 
1154, 11524.0814597884 
1155, 11962.8176869969 
1156, 12426.8766972803 
1157, 12861.7495382317 
1158, 13307.2442927051 
1159, 13718.9267015254 
1160, 14112.9077876264 
1161, 14483.2821300919 
1162, 14842.1134063139 
1163, 15166.4572730961 
1164, 15467.1428044705 
1165, 15732.1526087055 
1166, 15969.3966803712 
1167, 16177.489377354 
1168, 16353.492048187 
1169, 16497.5054244199 
1170, 16615.3143225109 
1171, 16697.8732155337 
1172, 16764.7715362621 
1173, 16799.3653142052 
1174, 16827.9212960213 
1175, 16832.3235673178 
1176, 16834.2816560302 
1177, 16821.4430071904 
1178, 16807.7418781911 
1179, 16780.9452686603 
1180, 16760.3516096673 
1181, 16731.606044023 
1182, 16709.4341108438 
1183, 16709.8907699819 
1184, 16714.7046436832 
1185, 16747.2540634657 
1186, 16802.1333214497 
1187, 16871.973230718 
1188, 16968.2356324265 
1189, 17061.9956741965 
1190, 17190.0729773404 
1191, 17283.6208232067 
1192, 17388.8299029273 
1193, 17449.1854308165 
1194, 17483.8223562515 
1195, 17492.2017170146 
1196, 17462.3496604411 
1197, 17414.3876239025 
1198, 17360.055051571 
1199, 17271.4700218311 
1200, 17217.8898334162 
1201, 17154.888437342 
1202, 17127.4451024278 
1203, 17118.1594009341 
1204, 17130.3518397695 
1205, 17167.0621413166 
1206, 17214.4445502074 
1207, 17287.9069768257 
1208, 17362.1432185649 
1209, 17452.5483061779 
1210, 17540.517527525 
1211, 17640.2563659405 
1212, 17731.5309526861 
1213, 17820.1331145325 
1214, 17912.4535302116 
1215, 17985.5144382835 
1216, 18053.2662510828 
1217, 18103.2137027746 
1218, 18133.6807974542 
1219, 18165.6718186208 
1220, 18182.9524385898 
1221, 18205.6884640397 
1222, 18225.6577363109 
1223, 18247.4263635949 
1224, 18267.6513950144 
1225, 18290.0774835015 
1226, 18316.1044219056 
1227, 18339.4355612291 
1228, 18363.7448927831 
1229, 18385.5937892619 
1230, 18405.637414027 
1231, 18426.3935221297 
1232, 18437.114295273 
1233, 18448.2086836478 
1234, 18442.8403594352 
1235, 18427.953183958 
1236, 18402.2658226184 
1237, 18363.3608047348 
1238, 18319.1591352598 
1239, 18262.473004223 
1240, 18204.8954149846 
1241, 18136.8643532835 
1242, 18073.0076557376 
1243, 18009.7710582141 
1244, 17942.9264085437 
1245, 17876.1605356263 
1246, 17808.9825269682 
1247, 17731.1087715831 
1248, 17650.7513122611 
1249, 17554.26029087 
1250, 17452.939362044 
1251, 17329.3980640736 
1252, 17197.3519033088 
1253, 17034.6173010285 
1254, 16853.4614589915 
1255, 16645.6635789547 
1256, 16411.0503866951 
1257, 16155.3109298012 
1258, 15871.228759765 
1259, 15574.1191581285 
1260, 15239.7148756835 
1261, 14915.7125097397 
1262, 14567.1053378203 
1263, 14232.2873006262 
1264, 13947.7272533322 
1265, 13654.7913334081 
1266, 13478.2759076311 
1267, 13349.4721609162 
1268, 13322.1616190171 
1269, 13383.8125061616 
1270, 13510.4275383788 
1271, 13752.966826787 
1272, 13984.9612650862 
1273, 14309.5904417124 
1274, 14578.35432977 
1275, 14866.9550356328 
1276, 15108.2349548763 
1277, 15326.499911952 
1278, 15516.1852585484 
1279, 15670.6894956437 
1280, 15802.735411129 
1281, 15921.7110083632 
1282, 16032.7808437117 
1283, 16148.85632737 
1284, 16261.2399192742 
1285, 16373.2243744488 
1286, 16492.0921747581 
1287, 16590.3151766289 
1288, 16685.7133386258 
1289, 16760.3351462434 
1290, 16819.0096370773 
1291, 16864.7260831016 
1292, 16894.0058106518 
1293, 16913.7482825177 
1294, 16918.9168679667 
1295, 16915.5750975395 
1296, 16898.5160584302 
1297, 16877.3350933438 
1298, 16848.219762183 
1299, 16812.1428257429 
1300, 16764.9297345736 
1301, 16714.8991375222 
1302, 16660.3732811675 
1303, 16597.318035386 
1304, 16532.6319046429 
1305, 16465.6982865507 
1306, 16395.5151497308 
1307, 16320.4903110794 
1308, 16242.0913461005 
1309, 16162.6629209077 
1310, 16076.6958373714 
1311, 15976.7439561448 
1312, 15888.5237914002 
1313, 15796.7445290329 
1314, 15716.5419430354 
1315, 15647.3952422554 
1316, 15579.5682807217 
1317, 15516.575434404 
1318, 15456.4624572947 
1319, 15408.7883988449 
1320, 15366.0095934838 
1321, 15319.0320384705 
1322, 15260.942684175 
1323, 15163.242202474 
1324, 15047.8375699843 
1325, 14887.3693725913 
1326, 14682.8172016742 
1327, 14465.8865999127 
1328, 14191.8469927599 
1329, 13952.1648792839 
1330, 13678.3004242518 
1331, 13472.4766316585 
1332, 13284.2416893702 
1333, 13150.2364534341 
1334, 13091.6455274058 
1335, 13024.0030844133 
1336, 12999.0594533253 
1337, 12975.0176158418 
1338, 12919.2146700592 
1339, 12808.3720510423 
1340, 12629.9544594369 
1341, 12360.8235923109 
1342, 11982.8448129784 
1343, 11511.4158794561 
1344, 10944.2504031784 
1345, 10256.5081042209 
1346, 9519.00099063447 
1347, 8659.75494733546 
1348, 7825.27692575349 
1349, 6898.30786105854 
1350, 6052.63655100293 
1351, 5185.03573104816 
1352, 4413.30642836175 
1353, 3671.35235898144 
1354, 3022.80247895938 
1355, 2444.4030127805 
1356, 1950.62476878212 
1357, 1535.75813728224 
1358, 1205.76358726051 
1359, 945.065744723728 
1360, 748.252709735359 
1361, 602.340058762125 
1362, 495.77702262698 
1363, 422.719169823116 
1364, 371.054778973515 
1365, 333.443257719576 
1366, 318.240329643816 
1367, 315.197052556045 
1368, 329.859475826526 
1369, 357.906561188605 
1370, 403.376084768045 
1371, 457.742854203744 
1372, 534.855402240843 
1373, 604.037831447839 
1374, 696.153160743699 
1375, 755.97241346057 
1376, 814.090298329208 
1377, 841.0201908063 
1378, 842.083296842506 
1379, 822.270781396985 
1380, 785.995752819337 
1381, 745.614336829354 
1382, 713.577661386837 
1383, 705.998504122098 
1384, 731.157280994747 
1385, 788.085711874658 
1386, 870.984685592665 
1387, 978.629668862442 
1388, 1071.09740623359 
1389, 1182.19808970469 
1390, 1260.38494760145 
1391, 1325.17804671243 
1392, 1374.41034563532 
1393, 1401.30891533154 
1394, 1429.72404395329 
1395, 1437.55139377306 
1396, 1464.16169999326 
1397, 1486.37349199809 
1398, 1527.63183381336 
1399, 1584.23416621531 
1400, 1646.92174754675 
1401, 1727.25476379968 
1402, 1802.96617134531 
1403, 1880.58091508314 
1404, 1959.90501928918 
1405, 2045.6119191621 
1406, 2141.01136114836 
1407, 2255.13686913 
1408, 2394.08085948793 
1409, 2554.22974287145 
1410, 2732.32738806952 
1411, 2917.38568836155 
1412, 3127.78315658729 
1413, 3323.18683887862 
1414, 3529.94773588387 
1415, 3712.6838551497 
1416, 3884.55952018356 
1417, 4050.25134472345 
1418, 4199.70173215614 
1419, 4350.47432080047 
1420, 4499.96231030747 
1421, 4643.35992889693 
1422, 4793.98631351361 
1423, 4915.44602714107 
1424, 5037.61496378121 
1425, 5118.98672639352 
1426, 5174.93676755624 
1427, 5193.8435259464 
1428, 5179.47849074288 
1429, 5130.29541390115 
1430, 5055.6675442537 
1431, 4962.65446551727 
1432, 4863.24823913373 
1433, 4773.73596545771 
1434, 4694.95932730613 
1435, 4633.40441227437 
1436, 4588.31808979641 
1437, 4559.00528271267 
1438, 4548.37249669068 
1439, 4557.9044066949 
1440, 4574.65953192928 
1441, 4617.53761239226 
1442, 4647.88896374886 
1443, 4685.22211141681 
1444, 4711.57225730107 
1445, 4731.06202968447 
1446, 4750.92291599474 
1447, 4760.41720733001 
1448, 4781.97618321884 
1449, 4801.9731295801 
1450, 4838.41902372406 
1451, 4891.18033922565 
1452, 4942.68667023945 
1453, 5016.93561626017 
1454, 5068.80797713053 
1455, 5122.27906971959 
1456, 5152.40310852828 
1457, 5158.181396601 
1458, 5133.67305366257 
1459, 5069.17001122084 
1460, 4967.42562681365 
1461, 4832.78320013821 
1462, 4659.9877166797 
1463, 4473.4650146162 
1464, 4276.26300863946 
1465, 4091.1484093352 
1466, 3896.06241119381 
1467, 3730.0445132975 
1468, 3566.40819762128 
1469, 3441.35858002324 
1470, 3339.40064727534 
1471, 3261.10391619135 
1472, 3216.11890035679 
1473, 3181.97217877507 
1474, 3174.13866581346 
1475, 3166.19214884754 
1476, 3176.81591876452 
1477, 3181.96196780055 
1478, 3190.47384763608 
1479, 3198.78376263711 
1480, 3208.11361493404 
1481, 3220.44217380295 
1482, 3226.97394334432 
1483, 3247.93677562251 
1484, 3278.91002262863 
1485, 3312.84928755372 
1486, 3352.6942571267 
1487, 3404.9140914357 
1488, 3454.52857774008 
1489, 3505.67872762356 
1490, 3570.8793496874 
1491, 3631.4753140286 
1492, 3687.91624258433 
1493, 3739.65350098402 
1494, 3777.93981960725 
1495, 3814.0970462929 
1496, 3846.89732638138 
1497, 3875.48561664291 
1498, 3898.50862832234 
1499, 3916.4289470725 
1500, 3928.21237692552 
1501, 3928.83229525557 
1502, 3939.39958851836 
1503, 3945.32437754015 
1504, 3962.4545722541 
1505, 3989.11881331493 
1506, 4016.65624917146 
1507, 4048.21484415636 
1508, 4083.40986562855 
1509, 4124.10084108111 
1510, 4161.94635021122 
1511, 4206.03352940591 
1512, 4241.92849633843 
1513, 4277.09465362032 
1514, 4304.41390901186 
1515, 4322.20460436934 
1516, 4341.09497562693 
1517, 4354.22905329046 
1518, 4367.46338531388 
1519, 4378.70846776362 
1520, 4393.21247273508 
1521, 4404.35254597307 
1522, 4425.02572845809 
1523, 4445.33566162753 
1524, 4460.89752723759 
1525, 4473.0835373858 
1526, 4477.65347804761 
1527, 4485.21033458351 
1528, 4495.47001213219 
1529, 4502.17559292605 
1530, 4511.75959865314 
1531, 4522.8895784701 
1532, 4528.16226521397 
1533, 4532.08832758997 
1534, 4539.97588455293 
1535, 4548.16457157981 
1536, 4552.82721792351 
1537, 4564.25270773097 
1538, 4580.56516435305 
1539, 4597.6644329767 
1540, 4617.58277541207 
1541, 4637.24797464627 
1542, 4660.13248119774 
1543, 4680.57505869657 
1544, 4699.47150389017 
1545, 4720.09615015881 
1546, 4745.01951257362 
1547, 4761.30636688989 
1548, 4773.1631112962 
1549, 4785.67774873039 
1550, 4789.56855569414 
1551, 4802.04470702292 
1552, 4821.77977894796 
1553, 4837.18000166541 
1554, 4852.49597211488 
1555, 4869.20146065528 
1556, 4884.01041911426 
1557, 4901.42506334543 
1558, 4924.3133948912 
1559, 4941.92291490378 
1560, 4961.44718159723 
1561, 4973.69663595093 
1562, 4983.59417451208 
1563, 4985.34223903258 
1564, 4980.53345462271 
1565, 4969.53714065537 
1566, 4951.45747769596 
1567, 4927.10790981035 
1568, 4894.41004866504 
1569, 4858.27059826086 
1570, 4816.86149526968 
1571, 4785.10363892988 
1572, 4761.13827282975 
1573, 4745.32867397813 
1574, 4743.80462296509 
1575, 4755.64851491393 
1576, 4780.1409172516 
1577, 4819.54298902581 
1578, 4867.57693028642 
1579, 4922.25880900694 
1580, 4982.16030883744 
1581, 5052.31355941809 
1582, 5116.96758731906 
1583, 5187.60045319469 
1584, 5249.18109263218 
1585, 5310.6968647291 
1586, 5357.90398177213 
1587, 5398.95685151461 
1588, 5430.06952805602 
1589, 5445.44056613718 
1590, 5466.38423743109 
1591, 5482.23841960771 
1592, 5499.51450129148 
1593, 5523.55241446136 
1594, 5529.3577405793 
1595, 5530.22833444072 
1596, 5519.12756058399 
1597, 5489.19557188668 
1598, 5464.5528773078 
1599, 5434.62819301079 
1600, 5404.86310338489 
1601, 5371.24579301091 
1602, 5342.86673813246 
1603, 5306.85364555636 
1604, 5289.67299879564 
1605, 5282.71183265014 
1606, 5281.62632923129 
1607, 5294.69799953392 
1608, 5308.18056069751 
1609, 5323.71868550893 
1610, 5346.43274431931 
1611, 5379.10518351076 
1612, 5408.22459136844 
1613, 5440.69689260442 
1614, 5473.66282131488 
1615, 5507.91137457497 
1616, 5539.47254104535 
1617, 5578.56840150009 
1618, 5603.61515174429 
1619, 5616.11309647269 
1620, 5631.73754411106 
1621, 5642.62591662672 
1622, 5650.80868583565 
1623, 5661.23667079419 
1624, 5665.89791823863 
1625, 5662.19446922134 
1626, 5659.21212621744 
1627, 5659.27629272311 
1628, 5649.73682665801 
1629, 5636.59074035001 
1630, 5616.35596559241 
1631, 5583.48636639017 
1632, 5552.75079971009 
1633, 5517.5513126842 
1634, 5483.2467777319 
1635, 5448.68149302346 
1636, 5414.23322663146 
1637, 5376.91141222174 
1638, 5343.84683777557 
1639, 5311.0738108672 
1640, 5282.92896656225 
1641, 5254.96947615949 
1642, 5236.61665224392 
1643, 5226.75717887546 
1644, 5219.32855267499 
1645, 5220.5805449848 
1646, 5223.02104317036 
1647, 5229.86294736082 
1648, 5234.64915064781 
1649, 5239.25144005739 
1650, 5246.46392695823 
1651, 5254.35219746004 
1652, 5262.05923187119 
1653, 5268.93666680295 
1654, 5278.40205762246 
1655, 5285.41481898359 
1656, 5289.00149225315 
1657, 5295.63790399501 
1658, 5307.48878903204 
1659, 5305.19431381723 
1660, 5300.8218673485 
1661, 5283.31027015132 
1662, 5251.68188093313 
1663, 5226.71312836224 
1664, 5195.76885746505 
1665, 5169.8678804116 
1666, 5142.8513780843 
1667, 5128.14005206266 
1668, 5115.40377268079 
1669, 5114.59737612289 
1670, 5129.17265857132 
1671, 5134.95684107687 
1672, 5143.53205061582 
1673, 5151.14276064641 
1674, 5160.00779981678 
1675, 5160.67207738815 
1676, 5161.07596355533 
1677, 5154.4012501552 
1678, 5136.52074862113 
1679, 5127.37704979063 
1680, 5118.92496856554 
1681, 5111.12957427705 
1682, 5105.32548409536 
1683, 5098.95430044985 
1684, 5091.66668038116 
1685, 5086.95523676996 
1686, 5083.03569627182 
1687, 5082.32675065546 
1688, 5085.58427031016 
1689, 5083.88273005467 
1690, 5083.30550396136 
1691, 5079.2661744595 
1692, 5073.08634977543 
1693, 5061.25274552736 
1694, 5045.94860221801 
1695, 5031.18575758119 
1696, 5011.34027870906 
1697, 4993.22001099042 
1698, 4976.09516355362 
1699, 4960.14746495329 
1700, 4940.67532334578 
1701, 4927.72674385829 
1702, 4921.99807286227 
1703, 4910.10372390965 
1704, 4898.34696081945 
1705, 4883.97061499882 
1706, 4864.90459866421 
1707, 4851.64583034972 
1708, 4840.10594851855 
1709, 4828.53612003546 
1710, 4817.92264309488 
1711, 4810.19247929896 
1712, 4801.6034770893 
1713, 4798.68986795523 
1714, 4803.82259370268 
1715, 4803.07299129169 
1716, 4800.20466649843 
1717, 4791.11379937419 
1718, 4775.62529981606 
1719, 4748.44301282641 
1720, 4717.95800482622 
1721, 4690.25598673586 
1722, 4659.3968945568 
1723, 4631.21600008009 
1724, 4606.82644351484 
1725, 4581.54130752166 
1726, 4554.49234912218 
1727, 4533.11667381492 
1728, 4512.06093725077 
1729, 4487.70717409694 
1730, 4464.87901676824 
1731, 4434.80079350209 
1732, 4405.04934226144 
1733, 4376.27811561752 
1734, 4350.91515351691 
1735, 4337.99132689184 
1736, 4324.10079667477 
1737, 4314.90404766853 
1738, 4307.01873655772 
1739, 4296.44173272035 
1740, 4293.05494070094 
1741, 4289.4946119077 
1742, 4276.48509175405 
1743, 4261.01328115189 
1744, 4247.35567348521 
1745, 4229.00849696343 
1746, 4220.71363691492 
1747, 4217.96522116738 
1748, 4212.63833451225 
1749, 4217.64117088874 
1750, 4216.56260264145 
1751, 4214.3688420553 
1752, 4210.29634155501 
1753, 4192.05062911741 
1754, 4178.96367273788 
1755, 4162.75635434332 
1756, 4140.95482908017 
1757, 4121.53810806084 
1758, 4096.84859803446 
1759, 4067.70990838762 
1760, 4036.39140548018 
1761, 4005.839615306 
1762, 3971.96826100501 
1763, 3940.69238846236 
1764, 3910.05326219178 
1765, 3877.98327880449 
1766, 3849.04336431874 
1767, 3821.56959186501 
1768, 3792.60473461546 
1769, 3769.46202401269 
1770, 3740.34987575004 
1771, 3710.62480842344 
1772, 3670.8044801955 
1773, 3622.62393737514 
1774, 3573.63722886324 
1775, 3513.0300035961 
1776, 3463.02050929599 
1777, 3418.15900949487 
1778, 3370.89311582585 
1779, 3325.01095087786 
1780, 3281.09020143564 
1781, 3235.03225577712 
1782, 3194.12896771209 
1783, 3158.99049779689 
1784, 3124.79192154865 
1785, 3096.45697444596 
1786, 3060.01584812298 
1787, 3023.46268022777 
1788, 2976.94702908976 
1789, 2927.50642500284 
1790, 2867.41930899291 
1791, 2800.67750817174 
1792, 2724.31864030458 
1793, 2634.09405890454 
1794, 2542.42250689004 
1795, 2444.23873391756 
1796, 2339.55865051284 
1797, 2231.32712831428 
1798, 2117.85243116024 
1799, 2002.99925840992 
1800, 1894.82489071634 
1801, 11173.0149164687 
1802, 10681.5547683104 
1803, 10257.7573970682 
1804, 9890.36871033607 
1805, 9588.23771940223 
1806, 9342.16329421344 
1807, 9088.51144888585 
1808, 8811.52863223784 
1809, 8580.04758889893 
1810, 8282.96039451708 
1811, 7939.109138402 
1812, 7583.54407694441 
1813, 7205.86155450741 
1814, 6801.51280439115 
1815, 6379.93841130741 
1816, 5986.74297095833 
1817, 5651.96103413148 
1818, 5354.51900719427 
1819, 5079.10705190784 
1820, 4846.56355650618 
1821, 4636.23067077609 
1822, 4474.10712445892 
1823, 4291.33649710697 
1824, 4102.84989815831 
1825, 3879.1412089136 
1826, 3590.52378352431 
1827, 3271.58970289743 
1828, 2935.01457585101 
1829, 2549.32724584651 
1830, 2205.89902234878 
1831, 1842.01093423475 
1832, 1494.98515521919 
1833, 1228.35668049645 
1834, 995.289897137299 
1835, 822.027209607902 
1836, 728.30179206475 
1837, 649.411926996523 
1838, 590.29104031393 
1839, 554.57805760778 
1840, 536.29077611749 
1841, 541.589450354528 
1842, 577.49972435664 
1843, 640.42151184711 
1844, 705.463550712694 
1845, 750.081796636691 
1846, 762.85215738488 
1847, 765.707128336481 
1848, 753.556073165263 
1849, 736.894938069495 
1850, 713.853298367368 
1851, 680.591973811866 
1852, 643.614614722234 
1853, 618.115934905072 
1854, 610.440157774052 
1855, 620.277201747873 
1856, 634.300888714558 
1857, 668.299659057606 
1858, 718.348679721383 
1859, 775.109942763416 
1860, 845.218082373674 
1861, 939.234519063762 
1862, 1020.66889792097 
1863, 1057.95836561489 
1864, 1091.8851911282 
1865, 1093.23631368889 
1866, 1037.45854001315 
1867, 963.437082585196 
1868, 834.848776292161 
1869, 692.091886223908 
1870, 587.12506796352 
1871, 481.621834380392 
1872, 411.999262985129 
1873, 397.356107665663 
1874, 407.009772872488 
1875, 466.745780436009 
1876, 568.629155185667 
1877, 686.413238603968 
1878, 837.754700103425 
1879, 996.980345593015 
1880, 1136.52647109601 
1881, 1268.39186933511 
1882, 1408.38123285951 
1883, 1524.9961398368 
1884, 1593.7224548517 
1885, 1661.83435264432 
1886, 1701.35925610963 
1887, 1710.09070636972 
1888, 1728.87003576119 
1889, 1717.6427714532 
1890, 1674.54423308731 
1891, 1631.91268051661 
1892, 1575.32807700098 
1893, 1514.01802112052 
1894, 1451.39248883091 
1895, 1375.12020385092 
1896, 1287.53198260787 
1897, 1174.47022462389 
1898, 1049.14096127522 
1899, 920.213513444568 
1900, 801.945556850688 
1901, 670.088484145298 
1902, 579.649919468053 
1903, 499.164477349139 
1904, 450.365988603062 
1905, 440.095632253174 
1906, 450.954099278744 
1907, 478.656176295786 
1908, 533.409642875214 
1909, 591.305016942248 
1910, 633.737437783054 
1911, 680.383550854846 
1912, 714.216378901223 
1913, 765.048826493764 
1914, 821.15684669961 
1915, 893.077471241809 
1916, 957.736226174809 
1917, 1052.46449228877 
1918, 1139.55050322673 
1919, 1201.44956728499 
1920, 1287.23017282558 
1921, 1387.89828964443 
1922, 1459.79561552093 
1923, 1539.27449596964 
1924, 1584.32170803916 
1925, 1612.78934437943 
1926, 1587.14733560321 
1927, 1566.08079434054 
1928, 1548.16996771881 
1929, 1548.42918936709 
1930, 1574.06688827381 
1931, 1610.04601348465 
1932, 1655.81785129326 
1933, 1697.78208005656 
1934, 1750.16998224495 
1935, 1792.11652690099 
1936, 1840.18822088025 
1937, 1861.35126399764 
1938, 1872.40433882768 
1939, 1879.97004878196 
1940, 1861.80918311378 
1941, 1855.38397416779 
1942, 1884.14385885162 
1943, 1889.05750827338 
1944, 1897.50858519981 
1945, 1937.39621220649 
1946, 1937.90413093607 
1947, 1908.04809932562 
1948, 1879.44306947668 
1949, 1852.18347360308 
1950, 1779.54835899043 
1951, 1699.97234321601 
1952, 1640.28044444221 
1953, 1555.73896765757 
1954, 1462.42987763323 
1955, 1387.68648836822 
1956, 1304.3390990232 
1957, 1255.24933921351 
1958, 1208.36219097844 
1959, 1213.36304742865 
1960, 1256.29184401109 
1961, 1322.42087422995 
1962, 1426.98370265111 
1963, 1526.65940158931 
1964, 1605.47552806591 
1965, 1691.45800547579 
1966, 1776.93230180289 
1967, 1842.22360994078 
1968, 1943.20992806904 
1969, 2061.57502117986 
1970, 2186.39413802431 
1971, 2342.75392402034 
1972, 2482.01031717777 
1973, 2629.98984036888 
1974, 2760.66098534018 
1975, 2877.1257505339 
1976, 2978.46409896251 
1977, 3072.87272850132 
1978, 3167.20142806932 
1979, 3245.86706537685 
1980, 3315.99637037393 
1981, 3380.86876244184 
1982, 3435.61848062308 
1983, 3480.56599206077 
1984, 3521.7027247589 
1985, 3550.61551012348 
1986, 3570.95369624174 
1987, 3569.73842090318 
1988, 3573.39000312178 
1989, 3564.17625506481 
1990, 3520.89197428048 
1991, 3467.68886364712 
1992, 3373.61298607856 
1993, 3254.93420127608 
1994, 3088.27361606675 
1995, 2874.52273258599 
1996, 2640.34321523731 
1997, 2348.66503256752 
1998, 2058.5910866096 
1999, 1775.45598503497 
2000, 1494.04840184566 
2001, 1236.80987215712 
2002, 1016.38908917162 
2003, 845.465927558287 
2004, 702.096697364165 
2005, 621.503189828074 
2006, 619.367681704108 
2007, 608.295178293922 
2008, 657.08705312225 
2009, 678.74133068112 
2010, 692.796242044257 
2011, 727.114856124422 
2012, 753.011454561291 
2013, 775.569971083889 
2014, 815.066109779221 
2015, 855.365180461134 
2016, 920.738407045443 
2017, 987.303048847057 
2018, 1103.45655270629 
2019, 1254.19211885787 
2020, 1417.02348958576 
2021, 1632.58986741733 
2022, 1824.73748341634 
2023, 2012.68777132436 
2024, 2221.40784058498 
2025, 2415.60208497378 
2026, 2608.69334304005 
2027, 2800.11058725979 
2028, 3009.61772068899 
2029, 3163.07802242501 
2030, 3299.79853111669 
2031, 3414.82113506179 
2032, 3481.61870033058 
2033, 3558.8856070406 
2034, 3642.46719433163 
2035, 3693.980922945 
2036, 3720.31570517433 
2037, 3741.68743215813 
2038, 3742.02713930905 
2039, 3734.04887480521 
2040, 3723.55790405788 
2041, 3710.43644764296 
2042, 3686.20445331367 
2043, 3667.66507539721 
2044, 3605.78676214265 
2045, 3524.79258558133 
2046, 3425.61831393584 
2047, 3290.90742247805 
2048, 3148.81819904347 
2049, 2968.63188005224 
2050, 2819.5577623494 
2051, 2660.93941711006 
2052, 2505.55583141601 
2053, 2415.26357720117 
2054, 2359.9664348644 
2055, 2332.66408360961 
2056, 2351.610052161 
2057, 2377.68519570034 
2058, 2444.72093953111 
2059, 2491.8467005677 
2060, 2555.58248431167 
2061, 2604.28910869322 
2062, 2647.03156745804 
2063, 2681.35796439732 
2064, 2698.44132571782 
2065, 2731.80716216588 
2066, 2757.6140567865 
2067, 2795.01972591436 
2068, 2853.21456156264 
2069, 2930.24656612915 
2070, 3013.37800014421 
2071, 3100.96449949157 
2072, 3218.06913124489 
2073, 3360.26909143195 
2074, 3501.98230717272 
2075, 3675.76751644291 
2076, 3831.03981273046 
2077, 3988.01388993285 
2078, 4131.46853804944 
2079, 4275.20079456839 
2080, 4401.38327165286 
2081, 4516.47266214387 
2082, 4613.00994252556 
2083, 4701.6520504042 
2084, 4768.39031845725 
2085, 4853.14096982207 
2086, 4932.85637794601 
2087, 5017.62722833772 
2088, 5124.29010302387 
2089, 5200.16605002045 
2090, 5246.47655015401 
2091, 5319.28114385192 
2092, 5388.67962120333 
2093, 5462.91610127901 
2094, 5565.01353206465 
2095, 5648.51642222251 
2096, 5718.31328474004 
2097, 5787.89732818753 
2098, 5860.28266401143 
2099, 5928.19700378962 
2100, 6005.12908997411 
2101, 6090.80674879165 
2102, 6167.00759791797 
2103, 6247.16110084447 
2104, 6316.91844525739 
2105, 6372.98245663425 
2106, 6437.56261775077 
2107, 6503.25991580513 
2108, 6565.57110155946 
2109, 6628.52870946023 
2110, 6691.41827899004 
2111, 6754.77051648893 
2112, 6811.91637465007 
2113, 6860.50063822565 
2114, 6918.29745204696 
2115, 6980.65765437169 
2116, 7036.4313446936 
2117, 7110.39181452335 
2118, 7205.39360899941 
2119, 7287.15647956112 
2120, 7371.128933761 
2121, 7454.11976423897 
2122, 7524.88973273521 
2123, 7614.02885208293 
2124, 7712.42286621416 
2125, 7813.7366475006 
2126, 7936.696816131 
2127, 8042.95477599577 
2128, 8145.96234140962 
2129, 8244.52641444885 
2130, 8331.57579754727 
2131, 8405.16516274795 
2132, 8482.99130368821 
2133, 8550.45478549199 
2134, 8631.66358348891 
2135, 8726.4327656914 
2136, 8799.42674470591 
2137, 8863.57145000497 
2138, 8934.44114609488 
2139, 8993.91504170797 
2140, 9057.99609421408 
2141, 9141.35715700945 
2142, 9206.80233770812 
2143, 9245.46247171154 
2144, 9305.52590915642 
2145, 9376.19161786541 
2146, 9440.3909633799 
2147, 9511.04302290583 
2148, 9579.12690743794 
2149, 9634.35652108985 
2150, 9668.60569418946 
2151, 9722.47895451026 
2152, 9785.5648324865 
2153, 9832.45417001581 
2154, 9877.83606271323 
2155, 9919.83771095923 
2156, 9948.92901802589 
2157, 9983.02513508649 
2158, 10028.3892353887 
2159, 10058.8081137425 
2160, 10083.8880213794 
2161, 10097.6873196586 
2162, 10086.9199979336 
2163, 10092.4702788407 
2164, 10085.1733718243 
2165, 10093.5349334367 
2166, 10138.5487006447 
2167, 10202.971850387 
2168, 10294.1938796247 
2169, 10431.7297784651 
2170, 10543.6956943274 
2171, 10673.388177504 
2172, 10783.6594285716 
2173, 10890.4445624533 
2174, 10978.9314603758 
2175, 11053.2944099772 
2176, 11126.8650638856 
2177, 11189.6986544356 
2178, 11243.4063910508 
2179, 11290.3294162425 
2180, 11335.0622220205 
2181, 11359.7838608101 
2182, 11396.3449048701 
2183, 11435.2782038998 
2184, 11483.6432233125 
2185, 11530.7732170979 
2186, 11579.6014462694 
2187, 11630.5228120811 
2188, 11685.1173301804 
2189, 11737.0739424413 
2190, 11800.6311023492 
2191, 11834.5131674146 
2192, 11873.3291007414 
2193, 11866.8629113785 
2194, 11828.0140934015 
2195, 11775.1500373026 
2196, 11686.3962395132 
2197, 11597.8360154035 
2198, 11462.8336635123 
2199, 11382.0718484776 
2200, 11293.3519691416 
2201, 11255.1231184409 
2202, 11260.7782920477 
2203, 11295.8008970536 
2204, 11365.8383462211 
2205, 11465.6258923696 
2206, 11599.450110415 
2207, 11742.8714727316 
2208, 11864.4587270257 
2209, 11996.5217011575 
2210, 12097.7297480811 
2211, 12186.2281491062 
2212, 12246.8635176693 
2213, 12290.203770418 
2214, 12309.603903679 
2215, 12287.9603631011 
2216, 12279.8873663437 
2217, 12257.6812342161 
2218, 12242.4222884806 
2219, 12226.6753986243 
2220, 12212.3833053026 
2221, 12203.0910808039 
2222, 12182.9279122256 
2223, 12161.8830030232 
2224, 12134.7764877963 
2225, 12091.5454338976 
2226, 12056.0265816972 
2227, 12025.4859929339 
2228, 11995.0765806899 
2229, 11937.8357613175 
2230, 11889.8789257703 
2231, 11831.3873674417 
2232, 11749.5856144973 
2233, 11692.968838106 
2234, 11644.066286945 
2235, 11600.810911311 
2236, 11573.2345123563 
2237, 11526.2828368639 
2238, 11482.7500626583 
2239, 11427.8553949405 
2240, 11360.9440695654 
2241, 11287.9668188477 
2242, 11201.2814704794 
2243, 11124.2133014646 
2244, 11038.6578115988 
2245, 10963.339927079 
2246, 10903.8700160063 
2247, 10837.455573494 
2248, 10772.021643925 
2249, 10700.8507759759 
2250, 10631.3190226914 
2251, 10550.2972250535 
2252, 10460.7124042441 
2253, 10365.404459303 
2254, 10260.1730496087 
2255, 10175.5056627744 
2256, 10085.0090878571 
2257, 9983.52799758685 
2258, 9879.54515303795 
2259, 9770.62243178991 
2260, 9654.14669499852 
2261, 9523.71030944412 
2262, 9412.90026625548 
2263, 9288.72995608742 
2264, 9202.73687841044 
2265, 9148.35233945062 
2266, 9089.21880019183 
2267, 9059.92139125705 
2268, 9001.78713285705 
2269, 8934.71529535378 
2270, 8862.7873413621 
2271, 8784.99483862785 
2272, 8694.56253992117 
2273, 8580.14350408528 
2274, 8486.91972248646 
2275, 8387.05241025861 
2276, 8301.20890589018 
2277, 8246.51019442696 
2278, 8176.85709924641 
2279, 8108.35393171109 
2280, 8026.46036402283 
2281, 7934.99581882512 
2282, 7837.6803201902 
2283, 7733.71506548974 
2284, 7639.52365312033 
2285, 7547.57489236858 
2286, 7471.27771849323 
2287, 7402.3308534943 
2288, 7308.48306074276 
2289, 7199.65095719375 
2290, 7074.81703396246 
2291, 6949.8174222954 
2292, 6805.88615276381 
2293, 6671.75798068921 
2294, 6534.72025477777 
2295, 6412.11041463827 
2296, 6278.72749746615 
2297, 6179.74134839411 
2298, 6109.11748273623 
2299, 6034.76290146236 
2300, 5979.23188012944 
2301, 5923.1147957946 
2302, 5858.85792684977 
2303, 5823.37354313413 
2304, 5805.57174051679 
2305, 5787.72292366116 
2306, 5793.88373731002 
2307, 5790.55475153748 
2308, 5806.85069532116 
2309, 5785.95670552185 
2310, 5760.26616554042 
2311, 5699.36503069094 
2312, 5601.93626944737 
2313, 5484.62996862293 
2314, 5339.77531262183 
2315, 5184.70643816346 
2316, 4979.34342136454 
2317, 4799.22570859512 
2318, 4649.23822756327 
2319, 4517.65064981737 
2320, 4449.47911248037 
2321, 4427.20174310065 
2322, 4444.31630202364 
2323, 4465.22520124205 
2324, 4499.28467379361 
2325, 4524.32367175102 
2326, 4514.56971260794 
2327, 4496.71022503141 
2328, 4466.82771369632 
2329, 4421.72528043645 
2330, 4368.18839673929 
2331, 4306.33935973694 
2332, 4228.49443279486 
2333, 4129.72167995966 
2334, 4037.01932793642 
2335, 3931.40382971101 
2336, 3838.45387191608 
2337, 3749.81263504921 
2338, 3665.48147992649 
2339, 3582.31888465034 
2340, 3503.75594222153 
2341, 3427.91789190937 
2342, 3362.30352443602 
2343, 3311.2523268849 
2344, 3249.54953257414 
2345, 3188.97815174931 
2346, 3127.01928090266 
2347, 3051.44466181504 
2348, 2994.15758494605 
2349, 2949.67614810916 
2350, 2904.21693709751 
2351, 2861.88897251317 
2352, 2825.83155665458 
2353, 2793.09940698432 
2354, 2769.7613626926 
2355, 2758.18215374518 
2356, 2743.11701488082 
2357, 2719.5096248672 
2358, 2716.32259094397 
2359, 2737.20583611151 
2360, 2740.66114977299 
2361, 2763.54977625762 
2362, 2762.03971527376 
2363, 2746.00337132654 
2364, 2702.98159624175 
2365, 2645.28426879657 
2366, 2576.64426604721 
2367, 2480.94278147058 
2368, 2376.92700557917 
2369, 2284.77623266768 
2370, 2193.47097479436 
2371, 2120.08153088154 
2372, 2067.20465088473 
2373, 2039.17931737411 
2374, 2034.69849731389 
2375, 2030.70805848595 
2376, 2049.69377051714 
2377, 2072.51624747305 
2378, 2069.13792268859 
2379, 2074.60641871859 
2380, 2050.19816094392 
2381, 2009.91604626661 
2382, 1983.99259747299 
2383, 1940.95009373112 
2384, 1919.58321387394 
2385, 1894.83888045365 
2386, 1856.81829871628 
2387, 1830.95404784087 
2388, 1813.17936018708 
2389, 1809.50496139251 
2390, 1817.22151203183 
2391, 1846.78421692562 
2392, 1851.99240528786 
2393, 1835.49712333636 
2394, 1823.10631010718 
2395, 1789.72815650801 
2396, 1756.70229684693 
2397, 1738.35895620049 
2398, 1723.98837011253 
2399, 1703.32627090419 
2400, 1687.9151603708 
2401, 1674.88149555745 
2402, 1664.85503435097 
2403, 1644.17186342015 
2404, 1610.3803286508 
2405, 1580.80753091482 
2406, 1540.01852474997 
2407, 1499.5882331281 
2408, 1463.981909444 
2409, 1429.61669633167 
2410, 1392.24177761407 
2411, 1358.97528815 
2412, 1332.37038921848 
2413, 1294.2504747213 
2414, 1238.67102765161 
2415, 1211.54027450278 
2416, 1201.38581465172 
2417, 1177.22734293321 
2418, 1155.95549750724 
2419, 1151.73252038705 
2420, 1141.43139063034 
2421, 1140.34564379154 
2422, 1171.96666648919 
2423, 1172.19235636762 
2424, 1144.76294815207 
2425, 1146.98716633543 
2426, 1160.86492484732 
2427, 1167.48738299824 
2428, 1197.73292251096 
2429, 1181.87875384951 
2430, 1136.00173860018 
2431, 1097.23236593464 
2432, 1026.70145069712 
2433, 992.052446913152 
2434, 971.901921692029 
2435, 953.430199627334 
2436, 954.046968762525 
2437, 955.613099747321 
2438, 960.661444221215 
2439, 974.517922128628 
2440, 1003.35721154624 
2441, 994.020762924309 
2442, 976.354175797175 
2443, 943.093878964143 
2444, 881.258238526067 
2445, 824.160113232212 
2446, 779.602069187064 
2447, 741.166079328951 
2448, 720.44847205583 
2449, 705.880727515978 
2450, 670.850470712475 
2451, 666.470147418033 
2452, 665.815216512721 
2453, 666.950294646085 
2454, 694.900142175259 
2455, 702.328088569794 
2456, 710.000329412469 
2457, 736.64450682367 
2458, 767.488135597881 
2459, 781.963370143201 
2460, 792.486036911815 
2461, 782.72861966382 
2462, 753.951255584847 
2463, 744.749526869624 
2464, 717.096924872191 
2465, 679.981000685088 
2466, 660.157820640956 
2467, 655.058768619073 
2468, 648.68482554516 
2469, 650.802558340751 
2470, 653.140478499221 
2471, 625.720185072333 
2472, 593.658087729539 
2473, 551.382586729858 
2474, 523.891903084822 
2475, 516.350779181789 
2476, 509.97384485582 
2477, 515.255936005543 
2478, 494.564530576567 
2479, 451.49493128138 
2480, 406.320868497675 
2481, 359.839292531427 
2482, 328.179625146724 
2483, 304.767748451041 
2484, 295.510702599998 
2485, 298.484687221 
2486, 305.799086071679 
2487, 316.969254541221 
2488, 312.26141002994 
2489, 309.079461447981 
2490, 310.077428010675 
2491, 303.87886280571 
2492, 309.803752963625 
2493, 304.068641066401 
2494, 269.998316044237 
2495, 251.447371474796 
2496, 241.44314268488 
2497, 247.931179684447 
2498, 255.304201686538 
2499, 280.048286335132 
2500, 287.214183548876 
