Wavelength,0212202100061.asd
350, 293.980540570714 
351, 311.468040656917 
352, 328.890981965713 
353, 341.525620644404 
354, 353.898608791011 
355, 368.363473190726 
356, 385.399418578833 
357, 401.681238748685 
358, 420.342136179966 
359, 440.941775179063 
360, 462.112973169749 
361, 487.575716803008 
362, 518.1243871873 
363, 551.497985584243 
364, 583.20707354328 
365, 617.942249593254 
366, 653.256453967255 
367, 685.863780128546 
368, 713.552661484291 
369, 733.855709099293 
370, 749.103891481334 
371, 762.323136491313 
372, 770.78320180117 
373, 784.361535664589 
374, 803.714238521168 
375, 823.170193031739 
376, 842.62684217198 
377, 861.978234667948 
378, 879.524756966254 
379, 891.459383132565 
380, 899.803631267546 
381, 908.453411842378 
382, 919.657503031936 
383, 929.72730606754 
384, 937.889674387386 
385, 953.516763604713 
386, 989.289702361761 
387, 1046.19183462725 
388, 1110.78132343652 
389, 1170.06396140056 
390, 1214.69601121536 
391, 1266.30438744154 
392, 1319.47188297888 
393, 1368.66368070953 
394, 1417.53801318114 
395, 1492.34184295099 
396, 1601.291708545 
397, 1744.44336052251 
398, 1926.08274552746 
399, 2127.47788948984 
400, 2333.43861395658 
401, 2533.87664182102 
402, 2729.81115704835 
403, 2896.82321166605 
404, 3024.23929963911 
405, 3132.86213827695 
406, 3224.71267180295 
407, 3307.17869754532 
408, 3391.60870273177 
409, 3498.85349093162 
410, 3623.02109943418 
411, 3757.37411884247 
412, 3895.22239899741 
413, 4032.02790425252 
414, 4169.14273845777 
415, 4303.33177515528 
416, 4421.31245195168 
417, 4536.78434661726 
418, 4657.62745116736 
419, 4784.68913559872 
420, 4898.70486938603 
421, 5017.54133949442 
422, 5148.44880552608 
423, 5288.17350736709 
424, 5421.73161093259 
425, 5538.03691729224 
426, 5625.53741110617 
427, 5669.35123767959 
428, 5690.01622669388 
429, 5741.77657394056 
430, 5868.51259911974 
431, 6033.71198690571 
432, 6237.6082845571 
433, 6513.37396063429 
434, 6903.72935342266 
435, 7316.45356149837 
436, 7654.92987721377 
437, 7900.26582008116 
438, 8159.8016959275 
439, 8430.28451665687 
440, 8693.40443028824 
441, 8940.00744863683 
442, 9234.53499404879 
443, 9537.91392910327 
444, 9819.80024023848 
445, 10061.630547286 
446, 10268.0522787061 
447, 10456.2218348794 
448, 10645.8625632938 
449, 10861.2650983638 
450, 11043.5845195641 
451, 11154.5700490928 
452, 11180.8359047228 
453, 11176.2576374184 
454, 11133.597825393 
455, 11070.3856099305 
456, 11026.7600093992 
457, 11023.7831363977 
458, 11037.6905963882 
459, 11041.2874137814 
460, 11019.2534558614 
461, 10983.9385192809 
462, 10946.1571314351 
463, 10909.9471932406 
464, 10848.7398215373 
465, 10749.0243878487 
466, 10622.6768537825 
467, 10505.9089423518 
468, 10410.4239135156 
469, 10343.2170206871 
470, 10306.8184544881 
471, 10302.30793752 
472, 10304.1371513341 
473, 10315.4026600917 
474, 10346.8316993914 
475, 10360.2704181125 
476, 10366.670662387 
477, 10378.3516147279 
478, 10403.3217839727 
479, 10455.8727678799 
480, 10520.6479597279 
481, 10571.791118101 
482, 10584.6830573987 
483, 10529.151896721 
484, 10389.8102694572 
485, 10174.2918542474 
486, 9965.71045027305 
487, 9829.74008627235 
488, 9818.17363537763 
489, 9971.7168320949 
490, 10196.0927013445 
491, 10391.7919031536 
492, 10493.3606297475 
493, 10562.1626485804 
494, 10643.9394277279 
495, 10758.8497249622 
496, 10898.3847412731 
497, 10984.2050795341 
498, 11014.9722297282 
499, 11007.4793476668 
500, 10978.4891422608 
501, 10974.3853659014 
502, 11015.3593798534 
503, 11110.8109813356 
504, 11287.1302123742 
505, 11505.5955477456 
506, 11728.289480416 
507, 11924.7148294146 
508, 12093.5395824653 
509, 12244.7971062344 
510, 12394.7191522067 
511, 12570.7178575316 
512, 12722.0045122616 
513, 12823.4141837637 
514, 12866.7051196829 
515, 12851.5483003588 
516, 12798.9327469607 
517, 12748.4132797403 
518, 12757.1172557056 
519, 12961.3326777852 
520, 13371.0398839356 
521, 13910.1205368787 
522, 14386.3574436215 
523, 14771.7991650163 
524, 15077.3718938 
525, 15340.2578961005 
526, 15521.3697322484 
527, 15666.0658444062 
528, 15868.8519254747 
529, 16308.4833848254 
530, 16849.3266851159 
531, 17328.5639441311 
532, 17611.1731537588 
533, 17792.4929749972 
534, 18001.9415556325 
535, 18309.2281512361 
536, 18709.2626779774 
537, 19036.4068856296 
538, 19257.3128021204 
539, 19394.46194295 
540, 19511.5012716878 
541, 19653.6305579822 
542, 19878.4111823082 
543, 20228.9620866377 
544, 20614.9978989897 
545, 20967.0495013028 
546, 21246.3531794945 
547, 21453.8593503341 
548, 21625.7769646233 
549, 21805.1641476603 
550, 22019.371756569 
551, 22234.1146168949 
552, 22417.1086199904 
553, 22570.7889307398 
554, 22724.1870533738 
555, 22853.4085903572 
556, 22903.4438094263 
557, 22844.5873812275 
558, 22698.1859818316 
559, 22574.9678847681 
560, 22544.7959063113 
561, 22636.3089678891 
562, 22789.7114363835 
563, 22900.6863012981 
564, 22918.0091570787 
565, 22858.3492140104 
566, 22753.8330515105 
567, 22649.9581643516 
568, 22574.4654345585 
569, 22499.7924935352 
570, 22385.9403580297 
571, 22282.1710883821 
572, 22285.9045928118 
573, 22376.8553660368 
574, 22444.9843252274 
575, 22418.9746079999 
576, 22306.8628660564 
577, 22207.5148128307 
578, 22187.2459117767 
579, 22283.5522791019 
580, 22473.638050986 
581, 22753.299827238 
582, 23078.2766457627 
583, 23368.4217050288 
584, 23590.3727115649 
585, 23684.1223533561 
586, 23639.568625892 
587, 23563.085411753 
588, 23452.2777342397 
589, 23267.8389282244 
590, 23004.0392920365 
591, 22985.5301190411 
592, 23207.9281927247 
593, 23515.0885877296 
594, 23607.0542319283 
595, 23586.5156250082 
596, 23509.8928299743 
597, 23414.8350417431 
598, 23291.9542571447 
599, 23117.3444701818 
600, 22912.7019781957 
601, 22731.3898142359 
602, 22594.0372208808 
603, 22531.5978446516 
604, 22543.0355519721 
605, 22580.8033528672 
606, 22539.8912159308 
607, 22414.6083676681 
608, 22244.2343781046 
609, 22065.5640479638 
610, 21886.6601690428 
611, 21714.6072924198 
612, 21555.1322642501 
613, 21384.767496238 
614, 21187.6402367077 
615, 20971.2424183081 
616, 20789.4432973767 
617, 20651.5993914392 
618, 20584.9660357557 
619, 20604.9592531237 
620, 20633.3804459283 
621, 20584.7174855715 
622, 20430.3829794115 
623, 20212.2473618173 
624, 19980.0380183682 
625, 19766.5122884655 
626, 19589.1795927173 
627, 19444.1604549677 
628, 19314.5311703233 
629, 19198.5435952371 
630, 19112.2435535853 
631, 19130.4568361181 
632, 19213.0116084052 
633, 19321.9978511872 
634, 19452.0601665327 
635, 19567.34015418 
636, 19669.2098619351 
637, 19766.9684345816 
638, 19845.7373096346 
639, 19892.4163079106 
640, 19893.5359794899 
641, 19843.2830353618 
642, 19829.1354932478 
643, 19870.3091925382 
644, 19948.1649903289 
645, 19998.1857403242 
646, 20012.7024620127 
647, 20001.996603166 
648, 19990.6446876969 
649, 20011.0398976389 
650, 20059.3410361054 
651, 20153.7484691876 
652, 20329.1197057435 
653, 20437.5150605592 
654, 20365.7374618938 
655, 20090.8039181358 
656, 19745.9507661072 
657, 19539.1716794856 
658, 19699.143898864 
659, 20346.5598430849 
660, 21013.2898227076 
661, 21465.6303052908 
662, 21682.963646176 
663, 21868.5217951379 
664, 22002.4022442426 
665, 22120.1459383081 
666, 22253.4585260821 
667, 22405.4237336345 
668, 22538.4458427167 
669, 22654.4478483171 
670, 22772.8380393875 
671, 22859.8612278659 
672, 22933.7868775135 
673, 23022.7006876493 
674, 23159.5513451508 
675, 23307.4013386176 
676, 23444.2920392718 
677, 23561.9493128227 
678, 23682.2474040163 
679, 23794.7882362846 
680, 23896.2918713059 
681, 23987.3342340632 
682, 24071.6901742485 
683, 24112.886327002 
684, 24006.2508971989 
685, 23562.3612464631 
686, 22710.615450891 
687, 21538.2651533453 
688, 20352.1992171999 
689, 19903.0935456089 
690, 20378.3496510426 
691, 21432.1368416543 
692, 22401.2595481299 
693, 23269.9542605684 
694, 23930.3959565227 
695, 24363.8801755138 
696, 24672.8238618263 
697, 24933.7657501119 
698, 25125.3798124524 
699, 25214.6734025245 
700, 25238.9434461997 
701, 25255.9336594098 
702, 25318.0088674809 
703, 25467.1339624885 
704, 25717.4226024293 
705, 26002.002460709 
706, 26253.7392253042 
707, 26421.8298482386 
708, 26567.6919506883 
709, 26707.5549843721 
710, 26844.610400767 
711, 26982.9913150618 
712, 27106.1602275118 
713, 27203.8425469839 
714, 27262.4909409431 
715, 27237.3133389854 
716, 27028.7570618214 
717, 26585.8938935561 
718, 25928.7798213614 
719, 25380.0352244476 
720, 25225.5413583011 
721, 25586.0479889773 
722, 26263.6533396881 
723, 26777.3062126992 
724, 26955.5558972346 
725, 26876.7483402169 
726, 26933.3876095458 
727, 27088.0200877398 
728, 27264.6684484641 
729, 27397.3660015563 
730, 27628.9583876296 
731, 27993.6592428025 
732, 28468.1353987054 
733, 28971.3686461417 
734, 29412.2710244138 
735, 29719.3954046774 
736, 29860.5177829792 
737, 29900.4765733892 
738, 29915.608809795 
739, 29925.7904468686 
740, 29906.9289978736 
741, 29933.7910422987 
742, 30024.8379433007 
743, 30173.7849433277 
744, 30354.4549023629 
745, 30501.0731334841 
746, 30604.1597829591 
747, 30672.3516022389 
748, 30702.7302998603 
749, 30673.8029326499 
750, 30606.3758456313 
751, 30550.4441130231 
752, 30554.0239780368 
753, 30598.4203669709 
754, 30651.7264502382 
755, 30674.7461845687 
756, 30576.1221202613 
757, 29990.1622705649 
758, 28333.9476967868 
759, 24618.0323839674 
760, 19130.6517987536 
761, 13754.7314036382 
762, 10771.3612564542 
763, 10843.356991712 
764, 12528.0286468029 
765, 15080.9162761302 
766, 18400.5158343408 
767, 21988.3006906934 
768, 25085.0433049345 
769, 27226.4365449751 
770, 28415.2725347036 
771, 28993.3042788223 
772, 29211.603282917 
773, 29259.142910434 
774, 29235.0098151432 
775, 29157.9720843982 
776, 29058.0114453436 
777, 28955.7867106108 
778, 28825.569016978 
779, 28671.1678258038 
780, 28513.786312901 
781, 28382.1970836493 
782, 28240.964527231 
783, 28074.801681033 
784, 27886.8631525759 
785, 27702.5031803885 
786, 27521.8249280551 
787, 27317.596512996 
788, 27066.1532977808 
789, 26773.4059180979 
790, 26457.4341943056 
791, 26125.4008026867 
792, 25783.3237525615 
793, 25448.7948997655 
794, 25171.1008234135 
795, 24980.0791959143 
796, 24877.2730692213 
797, 24796.0811711153 
798, 24669.1033240075 
799, 24467.0044333348 
800, 24209.83279179 
801, 23931.6660870562 
802, 23668.4859655402 
803, 23434.8860618977 
804, 23201.2923998147 
805, 22989.5331434952 
806, 22790.747027039 
807, 22581.1125980892 
808, 22326.4806289247 
809, 22033.512620815 
810, 21719.8131058486 
811, 21398.7523164591 
812, 21031.6576187395 
813, 20561.884789305 
814, 19976.2941657453 
815, 19313.9233892725 
816, 18683.5565213507 
817, 18168.1187534105 
818, 17821.4055811848 
819, 17662.377322117 
820, 17572.9896081875 
821, 17464.6516022888 
822, 17298.8225382917 
823, 17117.8215846856 
824, 16983.2535767021 
825, 16951.2222327469 
826, 17006.6809873795 
827, 16929.8093613011 
828, 16722.1134574861 
829, 16455.7058771819 
830, 16230.7351092285 
831, 16064.4057310672 
832, 15927.3124308854 
833, 15805.8967837045 
834, 15704.5629263295 
835, 15635.8215002957 
836, 15583.7265448044 
837, 15521.0355991066 
838, 15415.3060057399 
839, 15274.3646558448 
840, 15112.4763831736 
841, 14940.7941583792 
842, 14761.4841944715 
843, 14577.7763751702 
844, 14396.4766838381 
845, 14221.9086399955 
846, 14054.8185620156 
847, 13853.8959845114 
848, 13614.8040394193 
849, 13351.0874134227 
850, 13086.2673277222 
851, 12782.5437162143 
852, 12469.0746520996 
853, 12202.5313961345 
854, 12002.3047317066 
855, 11840.3730629143 
856, 11761.0667710877 
857, 11828.2289744279 
858, 11941.170499141 
859, 11962.5016860706 
860, 11869.436978993 
861, 11740.4534519007 
862, 11584.8972661788 
863, 11383.0477818635 
864, 11138.5138726085 
865, 10886.2435875082 
866, 10649.1864185235 
867, 10448.0736072394 
868, 10315.3200927821 
869, 10296.1972670038 
870, 10320.6200504576 
871, 10311.322314183 
872, 10230.9149525863 
873, 10112.6210317838 
874, 9985.06201068666 
875, 9858.64446963609 
876, 9735.1010638111 
877, 9611.95024601273 
878, 9491.95715465819 
879, 9375.50076385496 
880, 9260.78707392651 
881, 9142.48273230763 
882, 9022.39544581431 
883, 8908.26399934504 
884, 8805.18667592367 
885, 8704.339426419 
886, 8593.95622700152 
887, 8475.42742720399 
888, 8356.27698581822 
889, 8241.61454848621 
890, 8130.64438161251 
891, 8009.52159788932 
892, 7860.94283790964 
893, 7681.52394543648 
894, 7474.33213570144 
895, 7244.96552958652 
896, 7001.21027661772 
897, 6750.81166182702 
898, 6513.30782881181 
899, 6313.20797017088 
900, 6171.37453483598 
901, 6083.8705859794 
902, 6038.19922887069 
903, 6016.67942629025 
904, 5998.4742767912 
905, 5963.05480444451 
906, 5899.48223340973 
907, 5798.90075342653 
908, 5660.37349846543 
909, 5511.23103648632 
910, 5383.34603573625 
911, 5289.47831926629 
912, 5223.75221774697 
913, 5169.66743983437 
914, 5113.93827325164 
915, 5055.58314542752 
916, 5003.07046857859 
917, 4962.94506457166 
918, 4930.43331677007 
919, 4899.46886753069 
920, 4865.15452214444 
921, 4830.57248377522 
922, 4785.75886914778 
923, 4723.16372449817 
924, 4638.5490218501 
925, 4529.39418023192 
926, 4399.71000807842 
927, 4246.2542850641 
928, 4060.77670737688 
929, 3837.45108570822 
930, 3585.71402530749 
931, 3318.70541218453 
932, 3053.69886651823 
933, 2815.63694898751 
934, 2625.39010414985 
935, 2495.17469701211 
936, 2426.81564570912 
937, 2409.35030931656 
938, 2423.72786040559 
939, 2449.45383986528 
940, 2470.83502724104 
941, 2489.85418457855 
942, 2495.78933594031 
943, 2475.64203568918 
944, 2425.26590331899 
945, 2367.2758367396 
946, 2317.78086332973 
947, 2285.86913611283 
948, 2272.36783613061 
949, 2268.53720037284 
950, 2264.49389856006 
951, 2256.93984197447 
952, 2246.2103498565 
953, 2233.88222142182 
954, 2221.70182531741 
955, 2210.61650358638 
956, 2201.12034730906 
957, 2193.44484154785 
958, 2190.74907635733 
959, 2189.40571999777 
960, 2187.76266798724 
961, 2189.39239689486 
962, 2190.32182384052 
963, 2193.94784652571 
964, 2201.02332502528 
965, 2207.39667506606 
966, 2208.43782845407 
967, 2206.15332278578 
968, 2200.734301562 
969, 2190.2783481262 
970, 2176.95995515664 
971, 2159.78910498903 
972, 2136.13659130383 
973, 2103.94304265381 
974, 2066.79935952672 
975, 2029.45548177234 
976, 1994.50927450192 
977, 1962.89140562235 
978, 1934.6761096665 
979, 1911.90391057626 
980, 1894.33033170385 
981, 1878.85858643291 
982, 1858.64749263657 
983, 1838.60556213411 
984, 1817.81771800318 
985, 1794.71108522023 
986, 1769.16302414672 
987, 1741.33853360523 
988, 1712.6876059346 
989, 1683.34315573666 
990, 1652.28244592563 
991, 1622.73914099058 
992, 1593.42391521796 
993, 1563.13394458001 
994, 1531.80358442745 
995, 1502.25537637984 
996, 1471.60674284509 
997, 1439.58495845708 
998, 1407.16217576461 
999, 1374.45318864242 
1000, 1343.1568168569 
1001, 8591.28971738827 
1002, 8596.25852575078 
1003, 8601.08136470524 
1004, 8616.63495251526 
1005, 8635.44691087944 
1006, 8665.33816582409 
1007, 8712.55518803927 
1008, 8764.67417630183 
1009, 8817.09285912384 
1010, 8877.33089493225 
1011, 8937.23664171233 
1012, 8996.9018091741 
1013, 9060.60110619925 
1014, 9123.25653330484 
1015, 9186.71897711339 
1016, 9256.4744598471 
1017, 9321.60660928774 
1018, 9388.37638397598 
1019, 9462.23833088375 
1020, 9531.1609563769 
1021, 9603.61395550709 
1022, 9675.18918768921 
1023, 9749.29505307923 
1024, 9821.21928575435 
1025, 9893.69694555895 
1026, 9961.36309470518 
1027, 10033.6547741061 
1028, 10104.3374362559 
1029, 10165.0123277619 
1030, 10228.179142294 
1031, 10281.7830244725 
1032, 10331.4373856627 
1033, 10387.6650174693 
1034, 10434.8903882061 
1035, 10478.7946649821 
1036, 10519.7839714659 
1037, 10556.5428430357 
1038, 10588.9270505197 
1039, 10624.7294820425 
1040, 10655.4839200293 
1041, 10685.7846675255 
1042, 10712.9811421245 
1043, 10730.2876555585 
1044, 10750.3906288698 
1045, 10769.6574619134 
1046, 10784.8302354412 
1047, 10802.5100635921 
1048, 10821.1495145253 
1049, 10836.8262815544 
1050, 10856.6277885725 
1051, 10883.4418760658 
1052, 10911.2989997076 
1053, 10938.2673030382 
1054, 10962.8397819984 
1055, 10987.6229789141 
1056, 11011.0961926235 
1057, 11036.7906079433 
1058, 11066.2180460363 
1059, 11106.4832524541 
1060, 11157.8056522117 
1061, 11221.1234292979 
1062, 11287.5234491796 
1063, 11365.1080994524 
1064, 11442.5563242119 
1065, 11525.627828435 
1066, 11618.2682686275 
1067, 11714.9429549617 
1068, 11820.9483151669 
1069, 11940.0935117016 
1070, 12069.2853741912 
1071, 12209.0551549046 
1072, 12352.5777282027 
1073, 12496.0203921141 
1074, 12645.3029217745 
1075, 12784.4193796497 
1076, 12922.8534602418 
1077, 13059.5633664836 
1078, 13178.474234815 
1079, 13283.2799725773 
1080, 13379.825829038 
1081, 13470.8146200689 
1082, 13557.7063659885 
1083, 13644.9507661022 
1084, 13727.2554759723 
1085, 13805.3208121458 
1086, 13878.7179418824 
1087, 13949.2504231225 
1088, 14010.107550687 
1089, 14073.1403814658 
1090, 14113.6158106088 
1091, 14138.2235461243 
1092, 14157.0941721807 
1093, 14155.6003452899 
1094, 14149.9825986182 
1095, 14145.7764783646 
1096, 14133.3940140071 
1097, 14125.4195957287 
1098, 14116.9834445687 
1099, 14108.9218886853 
1100, 14101.9928602485 
1101, 14093.5266293739 
1102, 14090.1626646921 
1103, 14071.9259723674 
1104, 14055.4271385616 
1105, 14024.5109962839 
1106, 13970.9289167517 
1107, 13888.33369617 
1108, 13750.6972923991 
1109, 13553.4631124946 
1110, 13275.6465829284 
1111, 12931.7771893796 
1112, 12527.7672575737 
1113, 12030.2414893827 
1114, 11536.2147305135 
1115, 10959.6143308493 
1116, 10437.4050752353 
1117, 9868.79285301143 
1118, 9388.74338790172 
1119, 8945.01016224955 
1120, 8538.98147469743 
1121, 8209.79161093568 
1122, 7947.51556672257 
1123, 7762.53847748133 
1124, 7644.15529263369 
1125, 7592.76942538252 
1126, 7638.4077891233 
1127, 7688.46625630081 
1128, 7804.98656146713 
1129, 7919.70574114273 
1130, 8074.35079531646 
1131, 8218.60125683113 
1132, 8355.71227254982 
1133, 8530.93510338852 
1134, 8714.56148050058 
1135, 8918.72086989763 
1136, 9210.40325380749 
1137, 9516.3274096751 
1138, 9818.96684889014 
1139, 10106.8480932471 
1140, 10303.4773056029 
1141, 10455.5117437191 
1142, 10532.9364712377 
1143, 10501.7508023276 
1144, 10502.1727932444 
1145, 10383.5548463014 
1146, 10401.2753546055 
1147, 10427.8163264209 
1148, 10555.9621668735 
1149, 10778.7835793987 
1150, 11051.982684315 
1151, 11407.8524033004 
1152, 11812.9895705774 
1153, 12234.9150619205 
1154, 12723.7537150958 
1155, 13185.6451625315 
1156, 13676.92147953 
1157, 14136.7064302039 
1158, 14601.2428499551 
1159, 15035.1586185502 
1160, 15458.5944155006 
1161, 15847.65017652 
1162, 16216.9851714838 
1163, 16556.6621763611 
1164, 16868.8151077277 
1165, 17147.7717512303 
1166, 17404.1092582988 
1167, 17626.2204149274 
1168, 17819.3387761 
1169, 17979.1443153879 
1170, 18117.2305566491 
1171, 18224.569784166 
1172, 18312.739250857 
1173, 18373.2417922141 
1174, 18419.021836407 
1175, 18437.5148716453 
1176, 18448.8591370547 
1177, 18434.9734221497 
1178, 18425.8013117665 
1179, 18405.9017130321 
1180, 18386.9235389758 
1181, 18359.3825413565 
1182, 18337.0315004661 
1183, 18335.0110180005 
1184, 18328.1527737413 
1185, 18359.9492274095 
1186, 18419.3360370312 
1187, 18491.587075201 
1188, 18588.3654439801 
1189, 18692.0053535871 
1190, 18835.7572465134 
1191, 18942.6048634096 
1192, 19067.6285956506 
1193, 19146.7022569913 
1194, 19197.1373544622 
1195, 19222.0604172562 
1196, 19211.2597776782 
1197, 19182.162345934 
1198, 19149.5113017933 
1199, 19080.4350893547 
1200, 19052.8986774397 
1201, 19024.7890079125 
1202, 19023.9290690974 
1203, 19037.8322382568 
1204, 19077.723807496 
1205, 19142.7753155174 
1206, 19216.8436503463 
1207, 19320.3635416738 
1208, 19422.3012711415 
1209, 19531.441071609 
1210, 19647.0091788571 
1211, 19781.1330680861 
1212, 19905.1786625107 
1213, 20027.9778284032 
1214, 20157.4761154236 
1215, 20268.9151299251 
1216, 20374.1740259032 
1217, 20465.1971896611 
1218, 20545.5639089877 
1219, 20616.4664710461 
1220, 20669.010798685 
1221, 20726.4184226594 
1222, 20772.1167226305 
1223, 20827.3498731644 
1224, 20885.9906529733 
1225, 20944.2086006012 
1226, 21008.369208167 
1227, 21068.0365155987 
1228, 21129.6163499361 
1229, 21183.703122919 
1230, 21233.246698947 
1231, 21282.5876059033 
1232, 21317.0140871487 
1233, 21343.4223015114 
1234, 21360.358760379 
1235, 21368.9588665545 
1236, 21364.9219189888 
1237, 21350.569633315 
1238, 21326.6885451179 
1239, 21288.29721962 
1240, 21245.6783410658 
1241, 21190.8243761653 
1242, 21137.5183303212 
1243, 21079.4743297408 
1244, 21018.6143410686 
1245, 20962.7237359286 
1246, 20894.4940962305 
1247, 20815.3624442247 
1248, 20730.6734594062 
1249, 20629.236917907 
1250, 20516.9319677837 
1251, 20387.7972476193 
1252, 20254.6351758094 
1253, 20084.6072427025 
1254, 19898.3452300402 
1255, 19676.0645978081 
1256, 19423.9922522267 
1257, 19141.4220285454 
1258, 18817.3916793957 
1259, 18484.4296598157 
1260, 18107.7037190847 
1261, 17742.5932946816 
1262, 17351.2439305371 
1263, 16979.221092402 
1264, 16658.3781619518 
1265, 16327.0672355889 
1266, 16120.5854398171 
1267, 15964.6909268354 
1268, 15920.5488758498 
1269, 15970.9448636527 
1270, 16093.2827534 
1271, 16341.2509406622 
1272, 16583.1995682246 
1273, 16929.046276841 
1274, 17212.2336813333 
1275, 17524.5839671355 
1276, 17777.6685599267 
1277, 17998.9071552322 
1278, 18190.0191159764 
1279, 18339.8598193004 
1280, 18465.3250322452 
1281, 18580.4338053282 
1282, 18688.9620585933 
1283, 18804.6667931548 
1284, 18920.5625232118 
1285, 19033.8942859907 
1286, 19154.5381188971 
1287, 19254.6235717984 
1288, 19352.1058269963 
1289, 19429.2620512426 
1290, 19493.422364799 
1291, 19537.997193675 
1292, 19564.0540563626 
1293, 19578.0993255113 
1294, 19569.8651471113 
1295, 19558.0291907199 
1296, 19535.1647892034 
1297, 19506.1412549378 
1298, 19469.9023379192 
1299, 19424.5813995495 
1300, 19368.1892293344 
1301, 19310.8902028152 
1302, 19249.2361033125 
1303, 19180.631920038 
1304, 19111.2499505473 
1305, 19045.26627591 
1306, 18961.96932681 
1307, 18866.8185928886 
1308, 18772.0963181079 
1309, 18664.7481990369 
1310, 18561.2478776281 
1311, 18456.2879124468 
1312, 18354.9353400716 
1313, 18244.2859748869 
1314, 18151.8832483508 
1315, 18069.2490366221 
1316, 17993.2160497135 
1317, 17928.9783158709 
1318, 17871.6521366828 
1319, 17816.5544468084 
1320, 17762.0609463967 
1321, 17701.8389801666 
1322, 17622.1560253607 
1323, 17509.3194137966 
1324, 17382.8820577978 
1325, 17205.8611218274 
1326, 16985.7653358128 
1327, 16747.4388959386 
1328, 16445.7942617222 
1329, 16180.8515218383 
1330, 15877.2655306287 
1331, 15645.7361719944 
1332, 15431.0823574881 
1333, 15277.4046394148 
1334, 15201.9672323627 
1335, 15120.7748819176 
1336, 15087.5362630301 
1337, 15060.2057157901 
1338, 14999.420704054 
1339, 14880.0442942938 
1340, 14682.7584047219 
1341, 14382.7087804364 
1342, 13954.4527459552 
1343, 13416.3326546163 
1344, 12769.5946562939 
1345, 11981.7061986253 
1346, 11141.6841247019 
1347, 10166.5167696959 
1348, 9213.25124322233 
1349, 8160.18386832022 
1350, 7186.48275584931 
1351, 6176.23099295347 
1352, 5276.71676755036 
1353, 4402.35692121509 
1354, 3637.84921049757 
1355, 2954.64685498301 
1356, 2367.7092681785 
1357, 1866.90388836644 
1358, 1470.58621416019 
1359, 1154.97591168633 
1360, 906.574172912859 
1361, 722.324898352981 
1362, 585.34287260876 
1363, 491.047005539071 
1364, 432.00226399202 
1365, 388.45470032392 
1366, 378.291976347662 
1367, 377.287664453265 
1368, 395.097589931912 
1369, 429.059875120016 
1370, 486.052499123043 
1371, 548.803620765586 
1372, 634.210321552267 
1373, 714.236020042453 
1374, 817.144134918076 
1375, 888.487054888295 
1376, 963.047893079526 
1377, 1001.36403016033 
1378, 1015.75169742131 
1379, 999.823089825285 
1380, 958.859414364997 
1381, 914.194238018068 
1382, 874.380780240714 
1383, 856.477808613251 
1384, 878.557569217054 
1385, 936.27625480725 
1386, 1017.20049980126 
1387, 1133.05731319845 
1388, 1237.77102197977 
1389, 1368.41580039053 
1390, 1462.63454142159 
1391, 1552.88336637465 
1392, 1614.15403421056 
1393, 1643.3221727556 
1394, 1679.41075238166 
1395, 1687.35660849557 
1396, 1723.64112025505 
1397, 1766.35351756948 
1398, 1820.73526692438 
1399, 1890.64872064541 
1400, 1965.7362758765 
1401, 2048.35080351643 
1402, 2136.87397630091 
1403, 2230.26780545593 
1404, 2336.31042861078 
1405, 2446.78493321619 
1406, 2570.67622016932 
1407, 2710.81992320972 
1408, 2872.05731597827 
1409, 3068.30505787855 
1410, 3291.33071592777 
1411, 3521.2541981974 
1412, 3785.8339096489 
1413, 4033.36664189027 
1414, 4290.3805338182 
1415, 4526.07331975632 
1416, 4754.1357322617 
1417, 4978.18692438136 
1418, 5186.30467589423 
1419, 5400.01343154897 
1420, 5618.58405591079 
1421, 5830.87847511251 
1422, 6053.32656156987 
1423, 6243.32077924019 
1424, 6441.73118224234 
1425, 6582.69828751925 
1426, 6691.41171132683 
1427, 6757.79730279592 
1428, 6781.91969496102 
1429, 6760.29347272981 
1430, 6714.53124714717 
1431, 6646.2591753695 
1432, 6569.45594746581 
1433, 6508.60418882541 
1434, 6468.81051542844 
1435, 6453.41432305216 
1436, 6466.57723543339 
1437, 6515.25370433465 
1438, 6582.63602787939 
1439, 6679.4331085716 
1440, 6786.38550093058 
1441, 6923.62023497952 
1442, 7052.66616393778 
1443, 7197.62864065777 
1444, 7330.55896002 
1445, 7457.12247709562 
1446, 7591.27619122307 
1447, 7714.81659242467 
1448, 7861.7347215998 
1449, 8014.84423084609 
1450, 8191.50513987559 
1451, 8392.04613207673 
1452, 8599.36335320709 
1453, 8852.22160175341 
1454, 9064.6392671593 
1455, 9281.04576343809 
1456, 9468.68437433474 
1457, 9608.5216538635 
1458, 9675.38204141825 
1459, 9679.0384160548 
1460, 9598.04302600161 
1461, 9444.34159454964 
1462, 9222.58192699864 
1463, 8953.3864301922 
1464, 8654.3511281849 
1465, 8371.90916171793 
1466, 8051.55556693176 
1467, 7799.15933688155 
1468, 7552.57582080152 
1469, 7376.5447279158 
1470, 7243.89569960974 
1471, 7163.81043839811 
1472, 7145.74414993756 
1473, 7152.39223038514 
1474, 7219.53634093364 
1475, 7278.67759816098 
1476, 7376.78313656672 
1477, 7452.03228444584 
1478, 7526.9037498666 
1479, 7599.70355931645 
1480, 7661.93451340689 
1481, 7731.99167079384 
1482, 7795.79442515476 
1483, 7880.66104774846 
1484, 7972.39524901805 
1485, 8080.10530225089 
1486, 8206.68710584551 
1487, 8344.17315742767 
1488, 8485.59414969059 
1489, 8643.44882931744 
1490, 8802.95917056936 
1491, 8958.9724752798 
1492, 9112.85270097983 
1493, 9257.00408284145 
1494, 9391.48542666955 
1495, 9509.41992515686 
1496, 9608.38064907071 
1497, 9681.76336602166 
1498, 9737.8029533747 
1499, 9764.20667338369 
1500, 9794.45544865285 
1501, 9804.734621859 
1502, 9825.69504895154 
1503, 9838.48539245401 
1504, 9870.53145226853 
1505, 9905.37912951935 
1506, 9960.15722246038 
1507, 10036.6851779335 
1508, 10110.5319096004 
1509, 10200.7223706902 
1510, 10278.5778376355 
1511, 10360.4673758401 
1512, 10427.6014279128 
1513, 10490.3582702624 
1514, 10537.9869828144 
1515, 10568.9678744251 
1516, 10597.4949822441 
1517, 10608.9702389401 
1518, 10628.3688358588 
1519, 10650.224779769 
1520, 10667.6266237361 
1521, 10685.2773702575 
1522, 10702.7205263207 
1523, 10705.5348118728 
1524, 10708.6327424793 
1525, 10714.2673794941 
1526, 10716.9785677674 
1527, 10726.8482612066 
1528, 10729.4241786432 
1529, 10719.6073245711 
1530, 10713.2051100937 
1531, 10706.1977685581 
1532, 10698.3421465014 
1533, 10695.7439862784 
1534, 10690.5585945594 
1535, 10683.5123357765 
1536, 10669.8928232582 
1537, 10667.8755655635 
1538, 10666.9071701405 
1539, 10673.6273542634 
1540, 10689.8169810702 
1541, 10703.7799540186 
1542, 10725.2617252837 
1543, 10737.9168512165 
1544, 10749.6061496578 
1545, 10758.7332408491 
1546, 10762.6729597449 
1547, 10764.2494380679 
1548, 10764.7421615934 
1549, 10761.0979124545 
1550, 10753.2509852672 
1551, 10743.5799779014 
1552, 10730.7498623549 
1553, 10716.6930303169 
1554, 10697.6680345389 
1555, 10681.934336465 
1556, 10667.9932090162 
1557, 10652.5484705823 
1558, 10639.5240592351 
1559, 10621.1233482012 
1560, 10605.3499428564 
1561, 10576.8818158864 
1562, 10545.6544999178 
1563, 10500.0846323486 
1564, 10444.3017224582 
1565, 10374.6497056551 
1566, 10288.1384539193 
1567, 10197.0823747488 
1568, 10091.4910004028 
1569, 9982.76732948107 
1570, 9875.06128431821 
1571, 9768.26628099318 
1572, 9672.58615573997 
1573, 9594.42809082629 
1574, 9536.73142310507 
1575, 9507.19012106421 
1576, 9506.78768954232 
1577, 9535.66197989805 
1578, 9587.84783906834 
1579, 9655.67051990281 
1580, 9725.05402127056 
1581, 9811.16476148621 
1582, 9886.34836206379 
1583, 9968.25101843796 
1584, 10033.8659210042 
1585, 10095.9869081968 
1586, 10143.3169105732 
1587, 10178.3087594276 
1588, 10204.8636259352 
1589, 10220.7811828405 
1590, 10228.9871692916 
1591, 10227.4486582545 
1592, 10220.2171326657 
1593, 10208.9466554858 
1594, 10180.9533957713 
1595, 10145.7414975772 
1596, 10091.6849687105 
1597, 10017.1602617064 
1598, 9939.11080885073 
1599, 9840.34554955387 
1600, 9754.22630134987 
1601, 9659.85938396006 
1602, 9582.00069459367 
1603, 9506.03819928641 
1604, 9452.48623178257 
1605, 9410.48608515894 
1606, 9386.56781835998 
1607, 9387.32125136496 
1608, 9390.24634884852 
1609, 9405.65862523823 
1610, 9427.25924715735 
1611, 9461.13262027069 
1612, 9492.93690187614 
1613, 9531.58291718622 
1614, 9569.90014150765 
1615, 9614.27344776386 
1616, 9647.90550043424 
1617, 9685.71906641048 
1618, 9707.69525578881 
1619, 9714.27980849231 
1620, 9718.16528806498 
1621, 9710.02625778116 
1622, 9704.1020200719 
1623, 9698.78714914231 
1624, 9685.70724245992 
1625, 9670.99290466299 
1626, 9648.60508871792 
1627, 9622.3583016352 
1628, 9583.05337399582 
1629, 9532.61801996249 
1630, 9478.20745581242 
1631, 9411.06723523562 
1632, 9342.10480351952 
1633, 9270.89875222336 
1634, 9194.80455662624 
1635, 9108.12634922933 
1636, 9026.32220288457 
1637, 8938.48311646394 
1638, 8860.19285995471 
1639, 8782.63127081579 
1640, 8717.52147186589 
1641, 8660.9694372844 
1642, 8614.23095108136 
1643, 8584.67909713879 
1644, 8554.23742538033 
1645, 8531.5258264313 
1646, 8509.04507973099 
1647, 8488.93784116442 
1648, 8467.56877288097 
1649, 8448.24198352339 
1650, 8427.40846664886 
1651, 8407.84481135388 
1652, 8381.44691124866 
1653, 8358.02582091115 
1654, 8335.02918887913 
1655, 8308.90194120252 
1656, 8282.50910834329 
1657, 8250.40289064906 
1658, 8216.96316634445 
1659, 8172.99130648213 
1660, 8123.88775524475 
1661, 8065.7704281909 
1662, 7999.17550798074 
1663, 7926.02541723952 
1664, 7840.85847038227 
1665, 7766.94525857379 
1666, 7684.54886549771 
1667, 7625.83907664768 
1668, 7579.67263826912 
1669, 7538.82666361764 
1670, 7509.35797558466 
1671, 7484.14597101511 
1672, 7469.26176735763 
1673, 7445.27274745087 
1674, 7428.45918478765 
1675, 7396.74081027811 
1676, 7355.05944443177 
1677, 7313.4274523972 
1678, 7266.64799067455 
1679, 7219.0551654011 
1680, 7167.95190387652 
1681, 7117.01088669556 
1682, 7065.15773211384 
1683, 7010.10433811223 
1684, 6953.82120011286 
1685, 6894.02034306654 
1686, 6832.71262696867 
1687, 6763.56019770285 
1688, 6688.98701422763 
1689, 6614.63126593231 
1690, 6532.97142763999 
1691, 6457.20772782593 
1692, 6382.48347183097 
1693, 6309.96495842072 
1694, 6238.5639898213 
1695, 6169.41442448235 
1696, 6103.58084574257 
1697, 6037.76184252038 
1698, 5974.28288588769 
1699, 5906.26822298215 
1700, 5837.39395507116 
1701, 5768.82557828617 
1702, 5696.00199950992 
1703, 5629.21165435137 
1704, 5563.16660809705 
1705, 5505.46092202054 
1706, 5451.06301595231 
1707, 5404.15912261888 
1708, 5364.73242486736 
1709, 5330.16402542357 
1710, 5300.2627154336 
1711, 5277.91105968045 
1712, 5264.87645529819 
1713, 5247.61670675514 
1714, 5236.89202719158 
1715, 5215.84553309757 
1716, 5193.49324908513 
1717, 5168.71823915829 
1718, 5136.60064972958 
1719, 5097.62084161874 
1720, 5058.5586242537 
1721, 5013.07681436087 
1722, 4970.58543212932 
1723, 4930.41679150972 
1724, 4892.89823846958 
1725, 4870.18866386694 
1726, 4845.46090694069 
1727, 4824.88975842416 
1728, 4807.88949638981 
1729, 4783.04319118142 
1730, 4759.71450683646 
1731, 4733.05774679526 
1732, 4705.62532487656 
1733, 4684.55140192761 
1734, 4664.44464423908 
1735, 4646.74897554917 
1736, 4640.72383787479 
1737, 4639.49281037076 
1738, 4634.90809191833 
1739, 4639.16361743118 
1740, 4642.12443039669 
1741, 4639.95197833212 
1742, 4636.16364288291 
1743, 4632.26002072236 
1744, 4629.86198993984 
1745, 4620.17496182817 
1746, 4617.33373634612 
1747, 4617.88003680419 
1748, 4610.10460203175 
1749, 4606.26660391893 
1750, 4605.02387069896 
1751, 4597.56629866016 
1752, 4589.3877658205 
1753, 4579.14766310688 
1754, 4562.05553497688 
1755, 4542.13505176532 
1756, 4522.50635209359 
1757, 4503.48272495819 
1758, 4480.65762366141 
1759, 4454.33249481791 
1760, 4425.75868811119 
1761, 4396.53331113788 
1762, 4366.22163527267 
1763, 4325.45296948532 
1764, 4292.87810549358 
1765, 4259.64261477195 
1766, 4229.85863792499 
1767, 4211.17854197974 
1768, 4186.94901576391 
1769, 4159.32192098982 
1770, 4129.65259211287 
1771, 4105.6654099058 
1772, 4067.53965207549 
1773, 4022.6529845053 
1774, 3973.0443641029 
1775, 3904.91707968978 
1776, 3847.91906598518 
1777, 3789.75160220565 
1778, 3738.98515609268 
1779, 3696.3859986525 
1780, 3652.74899496728 
1781, 3614.97627519144 
1782, 3573.39744831072 
1783, 3530.17137425057 
1784, 3488.66164470238 
1785, 3446.78434372063 
1786, 3405.57330958927 
1787, 3373.09717084438 
1788, 3323.90774991759 
1789, 3270.2170289865 
1790, 3202.54369722176 
1791, 3122.09448580135 
1792, 3032.06891302182 
1793, 2929.92221077877 
1794, 2826.54743149744 
1795, 2712.86523234433 
1796, 2600.31855993963 
1797, 2485.11288307583 
1798, 2362.80184475117 
1799, 2233.71954798874 
1800, 2102.18304482047 
1801, 12413.4220100409 
1802, 11861.4779361535 
1803, 11385.2852009869 
1804, 10981.9061474092 
1805, 10617.3461301245 
1806, 10326.9768372835 
1807, 10044.3480669008 
1808, 9736.40869479866 
1809, 9485.24618293963 
1810, 9142.81986368523 
1811, 8741.6300858314 
1812, 8344.21545943686 
1813, 7909.47245265882 
1814, 7468.79679970617 
1815, 7029.02060166261 
1816, 6608.96122221743 
1817, 6218.98845599825 
1818, 5863.00536116298 
1819, 5551.38228062781 
1820, 5289.62647654782 
1821, 5042.6134790275 
1822, 4848.86514200956 
1823, 4652.23404468513 
1824, 4446.0040882715 
1825, 4219.38003526868 
1826, 3910.11618313621 
1827, 3571.36950332876 
1828, 3208.23169488033 
1829, 2751.78541274109 
1830, 2375.33116997027 
1831, 1994.3949884137 
1832, 1653.71596356267 
1833, 1371.78786199848 
1834, 1143.38879270307 
1835, 970.500151459935 
1836, 816.094231386899 
1837, 710.576198876136 
1838, 656.38891541845 
1839, 607.179609590488 
1840, 588.139177848934 
1841, 586.060824859731 
1842, 601.971826791699 
1843, 632.835877135026 
1844, 694.330800510546 
1845, 768.737257678914 
1846, 819.331432022157 
1847, 841.725458731955 
1848, 827.37790782922 
1849, 786.171643603384 
1850, 756.489882753806 
1851, 715.577068432674 
1852, 681.624850025806 
1853, 655.598495310971 
1854, 629.616567563736 
1855, 630.830942092872 
1856, 655.408033909361 
1857, 695.919641321665 
1858, 785.58982965111 
1859, 874.896662627668 
1860, 982.944650845585 
1861, 1083.47459063773 
1862, 1202.17381714216 
1863, 1288.27939992341 
1864, 1329.13427405176 
1865, 1343.52389271139 
1866, 1301.60062331242 
1867, 1209.24577950453 
1868, 1068.18920870733 
1869, 894.726839724811 
1870, 753.436200234351 
1871, 587.84602588476 
1872, 462.56399853901 
1873, 421.377897161922 
1874, 430.117357594999 
1875, 489.64385740247 
1876, 618.937946804039 
1877, 772.826129025352 
1878, 955.361425579176 
1879, 1167.40471161209 
1880, 1360.91064703373 
1881, 1562.97058456011 
1882, 1737.10659102167 
1883, 1889.58109013675 
1884, 2008.95866517222 
1885, 2083.39953510903 
1886, 2132.55493313138 
1887, 2146.78561535363 
1888, 2140.30799593074 
1889, 2118.27445070303 
1890, 2073.25580309776 
1891, 2031.11795509972 
1892, 1987.47501696635 
1893, 1937.08872139154 
1894, 1868.32715540924 
1895, 1781.86002311965 
1896, 1656.8754050757 
1897, 1521.54768113569 
1898, 1369.43898537807 
1899, 1210.22736026928 
1900, 1074.94421816018 
1901, 926.290771853954 
1902, 820.161287358569 
1903, 731.849405515674 
1904, 689.443831104554 
1905, 662.482519390466 
1906, 698.187840334489 
1907, 756.201618424166 
1908, 817.97805912122 
1909, 894.307536250376 
1910, 967.324424612297 
1911, 1036.89808057029 
1912, 1087.68558565007 
1913, 1164.59313654164 
1914, 1241.24288664299 
1915, 1334.84348805286 
1916, 1497.40291755156 
1917, 1697.49276761267 
1918, 1897.91982672315 
1919, 2131.64514394898 
1920, 2338.06794637618 
1921, 2508.64204579199 
1922, 2657.10180027268 
1923, 2801.41240546562 
1924, 2898.62861669069 
1925, 2954.55327981925 
1926, 2983.93392254554 
1927, 2989.85865815623 
1928, 3009.77863757132 
1929, 3043.99802610575 
1930, 3098.53544376742 
1931, 3188.65328273112 
1932, 3297.95089174002 
1933, 3412.72041311786 
1934, 3564.89791906918 
1935, 3680.03185019555 
1936, 3795.18750997123 
1937, 3892.85454597207 
1938, 3959.98760303766 
1939, 4008.93705997334 
1940, 4076.7274950778 
1941, 4145.90186810123 
1942, 4218.71148957068 
1943, 4305.04716271647 
1944, 4357.88686019242 
1945, 4408.01869340887 
1946, 4417.72851638641 
1947, 4401.28739444568 
1948, 4352.62370631022 
1949, 4274.90770339488 
1950, 4167.19746876114 
1951, 4020.97988461496 
1952, 3857.53557782429 
1953, 3661.92823208731 
1954, 3456.31044683494 
1955, 3311.49402623272 
1956, 3152.88698541153 
1957, 3098.92426932482 
1958, 3108.27223148182 
1959, 3175.03595941002 
1960, 3321.2868989571 
1961, 3496.54622733078 
1962, 3713.28307377117 
1963, 3949.17611529105 
1964, 4201.23137403267 
1965, 4466.42122124118 
1966, 4731.42923613005 
1967, 5002.99942197019 
1968, 5291.87384700959 
1969, 5566.35905201979 
1970, 5896.40365529931 
1971, 6278.15399189481 
1972, 6647.35657567859 
1973, 7048.77741003937 
1974, 7461.5381975893 
1975, 7822.09846407926 
1976, 8153.03021313946 
1977, 8438.98467616453 
1978, 8676.63720391685 
1979, 8895.53562571982 
1980, 9067.5737060417 
1981, 9239.7804350056 
1982, 9401.38018617205 
1983, 9529.24509705052 
1984, 9642.61295149044 
1985, 9726.52955629059 
1986, 9772.52675463125 
1987, 9810.02137473536 
1988, 9828.61302795675 
1989, 9812.39723809751 
1990, 9718.24600743183 
1991, 9603.6597175239 
1992, 9364.01290494765 
1993, 9065.45500429255 
1994, 8634.94197291268 
1995, 8090.25058317777 
1996, 7457.92281005423 
1997, 6686.87937911784 
1998, 5848.77266259123 
1999, 4975.42903456826 
2000, 4146.92033013697 
2001, 3413.39340774845 
2002, 2778.08549892411 
2003, 2297.35933422076 
2004, 1948.2983233091 
2005, 1708.08878314181 
2006, 1654.78741083321 
2007, 1593.31241560313 
2008, 1663.60470634612 
2009, 1695.93794325709 
2010, 1753.47610590163 
2011, 1817.00313483393 
2012, 1871.76739041879 
2013, 1928.24652407616 
2014, 2027.68488535095 
2015, 2114.26526275105 
2016, 2298.35645159779 
2017, 2523.03393403152 
2018, 2828.49250942538 
2019, 3232.63598036024 
2020, 3638.83830274464 
2021, 4111.46660831482 
2022, 4587.16062618032 
2023, 5099.41252842284 
2024, 5603.8047003981 
2025, 6119.60040363303 
2026, 6617.89519308272 
2027, 7046.7505031496 
2028, 7433.90754358343 
2029, 7783.53195358245 
2030, 8096.21874468899 
2031, 8352.89265053822 
2032, 8575.03571899739 
2033, 8736.40234963982 
2034, 8819.50414976027 
2035, 8887.73182092727 
2036, 8897.65580259815 
2037, 8901.413328174 
2038, 8870.112675439 
2039, 8843.46462847656 
2040, 8800.64080635919 
2041, 8748.97857275442 
2042, 8671.4832655821 
2043, 8603.873334788 
2044, 8456.93880313652 
2045, 8273.01916918218 
2046, 8042.35418643303 
2047, 7744.92515217168 
2048, 7429.43104819811 
2049, 7048.83827141075 
2050, 6691.001686942 
2051, 6264.3359109588 
2052, 5904.71571149217 
2053, 5625.27739515914 
2054, 5396.97754041781 
2055, 5291.87081027337 
2056, 5320.25245937814 
2057, 5356.68302918032 
2058, 5502.37029371574 
2059, 5613.10358380049 
2060, 5793.68448148881 
2061, 5896.73088428412 
2062, 5971.93415806982 
2063, 6041.9810370816 
2064, 6054.06970796983 
2065, 6098.59680633189 
2066, 6132.2668766748 
2067, 6195.52817578779 
2068, 6319.75230490084 
2069, 6465.622602343 
2070, 6664.48487910164 
2071, 6937.73982588012 
2072, 7208.86529399779 
2073, 7514.29922908927 
2074, 7819.97465477888 
2075, 8176.75332993643 
2076, 8483.3567324758 
2077, 8794.05204367475 
2078, 9066.60116405286 
2079, 9317.70077999911 
2080, 9532.42914139596 
2081, 9721.11859454241 
2082, 9869.66949658985 
2083, 9991.73565907543 
2084, 10061.5411312543 
2085, 10150.8354033497 
2086, 10208.1318363565 
2087, 10296.1080897078 
2088, 10401.9967888356 
2089, 10491.7269497982 
2090, 10580.9117754998 
2091, 10673.214501196 
2092, 10758.052513372 
2093, 10845.2432293897 
2094, 10953.2254617169 
2095, 11036.6813842259 
2096, 11104.142097804 
2097, 11167.3348122077 
2098, 11225.9471584819 
2099, 11269.8227444121 
2100, 11323.4740588409 
2101, 11373.7809494662 
2102, 11433.1702232794 
2103, 11512.4084241578 
2104, 11556.1198928876 
2105, 11598.1535422131 
2106, 11620.115017622 
2107, 11587.6927119991 
2108, 11597.3755707664 
2109, 11625.7181376973 
2110, 11643.3774224994 
2111, 11673.9098847899 
2112, 11704.4772801519 
2113, 11698.8217906791 
2114, 11703.5015771259 
2115, 11708.6127398056 
2116, 11702.2849261362 
2117, 11721.4924631981 
2118, 11753.7559135296 
2119, 11786.931345251 
2120, 11840.9860303027 
2121, 11880.045390028 
2122, 11909.2543102521 
2123, 11949.3454039601 
2124, 11995.8280850703 
2125, 12036.5121436305 
2126, 12085.6621707604 
2127, 12125.5023723395 
2128, 12164.1069616441 
2129, 12181.9572749905 
2130, 12204.7568766599 
2131, 12226.590506025 
2132, 12236.2871208847 
2133, 12239.9781677737 
2134, 12235.6535562402 
2135, 12214.2396320262 
2136, 12207.6189236884 
2137, 12199.9006502057 
2138, 12193.9802978796 
2139, 12203.955335283 
2140, 12193.0462596981 
2141, 12169.4004347725 
2142, 12149.6420970002 
2143, 12120.5342308001 
2144, 12093.4854433451 
2145, 12076.4250096149 
2146, 12042.5313425975 
2147, 12003.1388105502 
2148, 11977.8797694646 
2149, 11943.3978663162 
2150, 11899.8059108347 
2151, 11875.7080395659 
2152, 11853.1762786298 
2153, 11841.3757134084 
2154, 11858.0999071525 
2155, 11847.5148495676 
2156, 11846.909623247 
2157, 11811.180622357 
2158, 11741.4758862068 
2159, 11678.7430455801 
2160, 11602.012710687 
2161, 11518.3423223318 
2162, 11408.6052972898 
2163, 11333.8741790553 
2164, 11251.8368819777 
2165, 11191.5650910037 
2166, 11177.7951632863 
2167, 11204.3607652738 
2168, 11253.0759466459 
2169, 11346.8814269587 
2170, 11423.8476428114 
2171, 11543.1450395914 
2172, 11609.1164641983 
2173, 11653.0957645783 
2174, 11691.4287565227 
2175, 11698.3673430992 
2176, 11720.4068833911 
2177, 11757.6154405113 
2178, 11766.1045694917 
2179, 11762.2928416614 
2180, 11752.3681845083 
2181, 11715.9638739282 
2182, 11686.1476003792 
2183, 11650.0314181661 
2184, 11623.0270440626 
2185, 11604.6831461415 
2186, 11586.1111694828 
2187, 11575.163124262 
2188, 11573.5060904364 
2189, 11578.9375430216 
2190, 11600.9494112429 
2191, 11596.0600204674 
2192, 11607.0436325157 
2193, 11574.6394937217 
2194, 11515.437091143 
2195, 11430.5168639243 
2196, 11308.6611912213 
2197, 11191.0062916109 
2198, 11015.7204122323 
2199, 10903.4638130026 
2200, 10799.492125606 
2201, 10737.801662125 
2202, 10726.7316754096 
2203, 10726.1196330422 
2204, 10752.6802166991 
2205, 10797.7052653417 
2206, 10860.4292313484 
2207, 10940.6193598626 
2208, 11012.1688443856 
2209, 11113.4994827526 
2210, 11158.1731841426 
2211, 11183.5826785 
2212, 11189.8295952399 
2213, 11154.6970496813 
2214, 11133.4696048305 
2215, 11109.9632429545 
2216, 11073.39217702 
2217, 11029.8630069043 
2218, 10979.1589823265 
2219, 10911.9757296399 
2220, 10846.5617524347 
2221, 10769.2620179542 
2222, 10704.5954603266 
2223, 10651.5015905084 
2224, 10586.4027008485 
2225, 10532.8233092661 
2226, 10461.3958013641 
2227, 10378.6256805906 
2228, 10275.118105493 
2229, 10174.3855909768 
2230, 10056.8176218273 
2231, 9952.6578723622 
2232, 9846.84584549431 
2233, 9746.14474209649 
2234, 9653.18958949371 
2235, 9556.44676828739 
2236, 9470.93340706362 
2237, 9354.00071709626 
2238, 9223.49125591179 
2239, 9089.03566204761 
2240, 8918.48261379965 
2241, 8780.88502084346 
2242, 8663.31510907977 
2243, 8534.3278901231 
2244, 8420.22700685045 
2245, 8287.85196676758 
2246, 8132.50736152212 
2247, 7992.9523893866 
2248, 7860.70688304343 
2249, 7716.58443959333 
2250, 7587.56760963696 
2251, 7433.08480595407 
2252, 7259.88077550138 
2253, 7068.25805398325 
2254, 6882.35349884636 
2255, 6684.60285352555 
2256, 6506.51885777555 
2257, 6340.38369693718 
2258, 6169.85522377193 
2259, 6000.46762370219 
2260, 5846.20109257385 
2261, 5697.33163963081 
2262, 5548.94829607571 
2263, 5408.29217069344 
2264, 5276.59129731695 
2265, 5140.79486015366 
2266, 5026.72144776076 
2267, 4944.00458163673 
2268, 4841.86650319518 
2269, 4736.558609341 
2270, 4637.22647208231 
2271, 4520.92317038946 
2272, 4433.97752844797 
2273, 4368.19938171851 
2274, 4304.16024477859 
2275, 4262.08764035585 
2276, 4214.17374491668 
2277, 4166.03662513468 
2278, 4119.80875903248 
2279, 4081.7951668846 
2280, 4031.45617618611 
2281, 3968.33490345968 
2282, 3918.51597151044 
2283, 3859.54788774359 
2284, 3809.31462124439 
2285, 3769.68381659127 
2286, 3734.87181510819 
2287, 3708.42629455888 
2288, 3668.75800355544 
2289, 3623.12949031918 
2290, 3572.64159816361 
2291, 3518.91206841031 
2292, 3458.34968473781 
2293, 3393.91209337951 
2294, 3328.90707709385 
2295, 3258.94891703269 
2296, 3173.98383701448 
2297, 3100.86347751455 
2298, 3020.37896542665 
2299, 2964.29300276437 
2300, 2922.05096117406 
2301, 2885.08197539737 
2302, 2868.28351253856 
2303, 2845.05208312581 
2304, 2826.14845597552 
2305, 2802.54617566996 
2306, 2783.85543099739 
2307, 2760.07936205888 
2308, 2718.24371708327 
2309, 2697.61641862249 
2310, 2696.01930938247 
2311, 2673.18205732339 
2312, 2673.64874973678 
2313, 2632.97680721173 
2314, 2550.40933336761 
2315, 2470.53167874422 
2316, 2379.03204301809 
2317, 2302.26574240554 
2318, 2277.05019594806 
2319, 2268.54645774943 
2320, 2267.72599359118 
2321, 2279.95170214873 
2322, 2305.21561018149 
2323, 2340.96645203426 
2324, 2387.33542271983 
2325, 2434.83970268307 
2326, 2467.98352615883 
2327, 2486.36422402913 
2328, 2486.72522543521 
2329, 2471.84041025366 
2330, 2455.11954687431 
2331, 2419.07442424781 
2332, 2387.75416305007 
2333, 2359.98927359648 
2334, 2323.45003739553 
2335, 2277.9022943964 
2336, 2226.90904640009 
2337, 2169.42335803992 
2338, 2117.48209350264 
2339, 2057.59079812134 
2340, 2005.82284511569 
2341, 1956.14504424608 
2342, 1915.42470999254 
2343, 1886.08734706298 
2344, 1852.69983760396 
2345, 1828.23320614624 
2346, 1794.61796804567 
2347, 1746.50313228154 
2348, 1709.22192242185 
2349, 1676.96546583796 
2350, 1641.44240284427 
2351, 1605.40735887466 
2352, 1577.09010768849 
2353, 1545.83614212949 
2354, 1528.79900338745 
2355, 1526.96540947575 
2356, 1524.43646104654 
2357, 1525.57084770326 
2358, 1528.63714048762 
2359, 1540.981254123 
2360, 1547.14225496606 
2361, 1554.84326790468 
2362, 1559.92069394333 
2363, 1566.40166799711 
2364, 1562.02108658443 
2365, 1537.21311805704 
2366, 1509.7026982372 
2367, 1462.54867522597 
2368, 1403.70349092082 
2369, 1377.02379320119 
2370, 1342.69617247265 
2371, 1296.47127518203 
2372, 1271.22463591624 
2373, 1249.68065723345 
2374, 1229.59010327105 
2375, 1244.14722045854 
2376, 1265.95525105335 
2377, 1272.29502854569 
2378, 1283.86821877269 
2379, 1283.76090593353 
2380, 1282.68492303992 
2381, 1273.63118959041 
2382, 1258.65229288643 
2383, 1246.34628264929 
2384, 1226.82344103474 
2385, 1238.66056149862 
2386, 1247.88137469847 
2387, 1246.85572544608 
2388, 1243.5988145883 
2389, 1211.07516371176 
2390, 1199.33061127119 
2391, 1208.85664463709 
2392, 1208.41709527759 
2393, 1211.63827075623 
2394, 1198.47751705117 
2395, 1173.57610057887 
2396, 1171.03276774571 
2397, 1161.65630822777 
2398, 1159.65009412261 
2399, 1168.8502103936 
2400, 1152.49620653272 
2401, 1138.53022667357 
2402, 1115.63076746135 
2403, 1079.51065143837 
2404, 1055.41448110783 
2405, 1035.01203258471 
2406, 1023.27923634816 
2407, 1009.33284031234 
2408, 1003.11426259594 
2409, 984.629622751422 
2410, 955.847845187139 
2411, 936.987914127853 
2412, 913.677656900984 
2413, 893.483606978063 
2414, 888.359237286629 
2415, 867.907847691491 
2416, 836.268942981436 
2417, 819.515914787664 
2418, 797.225035857998 
2419, 785.047122980389 
2420, 786.863090029356 
2421, 785.61234930302 
2422, 784.61118156574 
2423, 793.486189258711 
2424, 812.53560435464 
2425, 822.072527437301 
2426, 835.453426941141 
2427, 835.370383294995 
2428, 827.930298798992 
2429, 811.846275455956 
2430, 788.427063217052 
2431, 761.017399778102 
2432, 717.792744714125 
2433, 698.647368969055 
2434, 683.580796233713 
2435, 671.701559368728 
2436, 677.53082263308 
2437, 668.077567930005 
2438, 649.356248405173 
2439, 639.591333620417 
2440, 625.599910878662 
2441, 626.092056696622 
2442, 642.480369184364 
2443, 641.139211762211 
2444, 649.707459923501 
2445, 630.358375945604 
2446, 591.095384899786 
2447, 541.911415915134 
2448, 496.749954305513 
2449, 450.328356083338 
2450, 417.982671071065 
2451, 429.054200983389 
2452, 436.175113175241 
2453, 448.419303998576 
2454, 467.199558168419 
2455, 448.317002770153 
2456, 430.290010752416 
2457, 423.107074396457 
2458, 435.072720927705 
2459, 466.931038100913 
2460, 489.647888939023 
2461, 512.309289905981 
2462, 510.685906116282 
2463, 489.341767172964 
2464, 480.372930433966 
2465, 450.253700234765 
2466, 417.755148789912 
2467, 415.255271698548 
2468, 399.731175787594 
2469, 394.835643285223 
2470, 403.885702212754 
2471, 403.442873131238 
2472, 407.916264985354 
2473, 405.714257406533 
2474, 404.131227683407 
2475, 397.616809562081 
2476, 388.515194660892 
2477, 390.376040729765 
2478, 384.422614383323 
2479, 360.955367644749 
2480, 327.11658309977 
2481, 288.918897189723 
2482, 258.057007220273 
2483, 243.954669999749 
2484, 224.860277095079 
2485, 209.626742372251 
2486, 211.887424053384 
2487, 205.186609210807 
2488, 207.973087299625 
2489, 215.585608038791 
2490, 213.13692856338 
2491, 202.616301514843 
2492, 186.59828982775 
2493, 170.522381263159 
2494, 137.80207345238 
2495, 128.763833317752 
2496, 153.814552589916 
2497, 195.550593437795 
2498, 219.936093850828 
2499, 243.280224640988 
2500, 252.739195329373 
