Wavelength,0212202100059.asd
350, 294.563595180824 
351, 311.282705825974 
352, 326.145355941075 
353, 340.461594199856 
354, 354.260973693281 
355, 369.464189471757 
356, 386.74531604216 
357, 401.500773316982 
358, 418.748981594903 
359, 439.483414886923 
360, 462.61320900736 
361, 487.394883290954 
362, 516.489084231525 
363, 549.373328177851 
364, 582.431233875257 
365, 617.721635922258 
366, 652.751185242391 
367, 684.529888215352 
368, 710.553168364048 
369, 733.433974545176 
370, 750.334861374978 
371, 759.676457943162 
372, 770.486414608319 
373, 784.336286842674 
374, 801.900594797697 
375, 822.52948817051 
376, 841.06831770408 
377, 859.664907126248 
378, 877.432740621543 
379, 888.358961868401 
380, 898.315928335385 
381, 907.708931802494 
382, 916.186416346174 
383, 924.820794874534 
384, 934.713141089514 
385, 951.702664007925 
386, 984.012080518641 
387, 1040.31718034421 
388, 1105.16837667697 
389, 1164.81078977202 
390, 1210.97536075738 
391, 1260.37448788136 
392, 1311.35131674505 
393, 1361.28018244719 
394, 1411.27494813321 
395, 1483.8019641806 
396, 1589.3058958106 
397, 1731.43163721103 
398, 1911.56013927464 
399, 2111.23611884563 
400, 2315.96089212027 
401, 2516.17873572956 
402, 2707.44925725656 
403, 2870.62686069489 
404, 2998.12772562289 
405, 3106.43948642427 
406, 3197.27178453124 
407, 3279.11063508625 
408, 3364.10699117189 
409, 3470.21619133357 
410, 3590.82122716484 
411, 3721.55974425202 
412, 3859.5518130162 
413, 3992.86635371155 
414, 4126.5806833211 
415, 4260.43202877405 
416, 4380.19568100922 
417, 4495.55061821612 
418, 4613.62487958033 
419, 4736.80453888614 
420, 4851.45802839107 
421, 4968.4765410977 
422, 5095.50767525234 
423, 5234.68593711309 
424, 5367.43817848767 
425, 5480.9149632406 
426, 5564.39224162167 
427, 5607.63501672329 
428, 5629.80987487722 
429, 5680.93864590323 
430, 5802.34172535522 
431, 5965.02853142394 
432, 6166.96057962574 
433, 6438.6735325129 
434, 6821.1044486336 
435, 7230.83020901025 
436, 7564.71077090458 
437, 7801.89323422162 
438, 8059.4578251822 
439, 8326.57898293697 
440, 8585.16162191953 
441, 8827.79608888051 
442, 9116.53155567472 
443, 9414.03225723949 
444, 9691.22630377916 
445, 9930.13434081142 
446, 10133.8211985458 
447, 10318.6779889232 
448, 10504.5456953499 
449, 10717.1145076363 
450, 10897.730664504 
451, 11007.8109058747 
452, 11033.5122089598 
453, 11029.0601663317 
454, 10986.0103883923 
455, 10921.8622680298 
456, 10877.7758368893 
457, 10874.8388192222 
458, 10888.2013694766 
459, 10890.4361365766 
460, 10868.3430990364 
461, 10832.2588934982 
462, 10794.3495999523 
463, 10760.1489805802 
464, 10697.8858401118 
465, 10598.6717299839 
466, 10475.1908650544 
467, 10360.0861747354 
468, 10266.590917629 
469, 10200.4586173333 
470, 10163.5391841959 
471, 10158.8622830884 
472, 10160.6796108117 
473, 10171.5528777536 
474, 10201.7677119339 
475, 10214.8241826672 
476, 10221.3481078836 
477, 10232.4721128474 
478, 10254.2611891288 
479, 10304.7701412578 
480, 10369.3555466612 
481, 10421.2939816908 
482, 10432.6047683744 
483, 10377.8791718664 
484, 10240.880761142 
485, 10025.6247999494 
486, 9820.26682594276 
487, 9687.29983229211 
488, 9675.85896218107 
489, 9826.3166434781 
490, 10046.3339404557 
491, 10237.984953308 
492, 10337.2767655905 
493, 10407.7346901607 
494, 10488.4882451479 
495, 10599.2930370806 
496, 10736.2316198868 
497, 10818.0899570024 
498, 10847.3795044713 
499, 10842.4528793305 
500, 10814.976462662 
501, 10811.0546206297 
502, 10850.3363233525 
503, 10942.2482627161 
504, 11115.1243747753 
505, 11331.2785328763 
506, 11551.4396546927 
507, 11741.558200261 
508, 11906.708845299 
509, 12055.8573477679 
510, 12203.1732807235 
511, 12376.1030411841 
512, 12525.0373311733 
513, 12624.6747194853 
514, 12666.097280024 
515, 12650.1733067256 
516, 12597.9916559768 
517, 12549.069885717 
518, 12560.7414405645 
519, 12759.9861514563 
520, 13161.0067382184 
521, 13693.7159458762 
522, 14161.0422197815 
523, 14540.6176673561 
524, 14843.1427696081 
525, 15101.2005943726 
526, 15278.1708136679 
527, 15419.6692690282 
528, 15619.0838132265 
529, 16051.7714061417 
530, 16583.9890783922 
531, 17055.2088416378 
532, 17332.5493977466 
533, 17511.058737065 
534, 17718.9074605407 
535, 18023.545583694 
536, 18416.8358076473 
537, 18736.3051109201 
538, 18951.6646108582 
539, 19086.9478888369 
540, 19203.8219098742 
541, 19343.580973927 
542, 19563.9332915646 
543, 19910.3962069928 
544, 20291.7611368391 
545, 20637.6576304779 
546, 20910.8393395883 
547, 21117.6543516312 
548, 21287.6422900479 
549, 21463.0178179135 
550, 21672.3269148781 
551, 21882.5877965325 
552, 22062.3018731207 
553, 22214.0788009445 
554, 22366.4820820565 
555, 22493.5634164272 
556, 22541.5835662474 
557, 22482.4895588895 
558, 22339.01891355 
559, 22219.1486066369 
560, 22190.3127601484 
561, 22279.673513713 
562, 22430.3001634012 
563, 22540.0477812946 
564, 22558.0157925057 
565, 22499.1086471236 
566, 22396.8398487498 
567, 22294.4540206799 
568, 22218.3489380419 
569, 22145.2267227867 
570, 22033.0466530849 
571, 21930.2425766248 
572, 21934.1317524023 
573, 22023.3885173588 
574, 22090.8784154385 
575, 22065.7519036277 
576, 21951.3622396919 
577, 21850.9471081009 
578, 21832.6981338827 
579, 21933.0322425384 
580, 22119.1368156922 
581, 22392.50503249 
582, 22713.1572908751 
583, 23002.7977921677 
584, 23221.6376121494 
585, 23312.0844630327 
586, 23267.1823860445 
587, 23194.3970848379 
588, 23085.789880157 
589, 22902.9889601406 
590, 22643.3373446069 
591, 22627.0394083939 
592, 22846.7085459421 
593, 23147.777095957 
594, 23237.3602886852 
595, 23218.6212046582 
596, 23144.9891381901 
597, 23051.0641963344 
598, 22927.7359041382 
599, 22756.8866201476 
600, 22557.8722734097 
601, 22377.0542903193 
602, 22241.8976720246 
603, 22182.1453509949 
604, 22195.0840918931 
605, 22232.4932978481 
606, 22191.8113081205 
607, 22067.072396772 
608, 21897.2148379721 
609, 21723.6688602647 
610, 21547.9802871033 
611, 21376.882472249 
612, 21221.7281762629 
613, 21054.7441470952 
614, 20861.5985333148 
615, 20650.6579320717 
616, 20472.67133844 
617, 20334.9858548136 
618, 20267.9831576904 
619, 20291.3585138493 
620, 20320.4125568585 
621, 20272.2817731035 
622, 20119.2341862662 
623, 19900.8004577337 
624, 19670.9311605688 
625, 19463.1484270461 
626, 19292.9712184782 
627, 19149.0041807771 
628, 19019.4582984497 
629, 18904.4354967342 
630, 18819.3688572318 
631, 18836.2593819888 
632, 18918.5255206978 
633, 19028.8366627084 
634, 19155.978860968 
635, 19270.2931643775 
636, 19371.6271820274 
637, 19466.929261194 
638, 19546.3808458832 
639, 19593.3307344768 
640, 19593.5399931741 
641, 19543.0403055757 
642, 19531.6507760137 
643, 19572.8394185532 
644, 19646.063547615 
645, 19695.6785324495 
646, 19712.1054568104 
647, 19703.5134081748 
648, 19692.2770873011 
649, 19710.5774256859 
650, 19755.6100824211 
651, 19847.9986121043 
652, 20025.8599631713 
653, 20132.7699675904 
654, 20061.5500008181 
655, 19793.8509844862 
656, 19457.2674429647 
657, 19253.1080323196 
658, 19409.474049362 
659, 20049.9201039648 
660, 20706.9794005655 
661, 21153.5079716559 
662, 21370.0734595811 
663, 21554.2147493044 
664, 21684.6510455587 
665, 21797.6827237941 
666, 21927.2646050954 
667, 22081.1335686844 
668, 22216.4287648631 
669, 22332.0610484366 
670, 22446.4795334661 
671, 22529.5521434647 
672, 22600.4358982005 
673, 22688.2910973068 
674, 22827.8246822925 
675, 22975.7685534589 
676, 23111.7337879317 
677, 23229.9820966903 
678, 23350.7983445366 
679, 23461.2485982407 
680, 23560.3796008877 
681, 23652.9096362325 
682, 23734.0163057843 
683, 23774.0730930918 
684, 23672.2180320023 
685, 23235.7352672314 
686, 22395.8047126818 
687, 21236.0588655125 
688, 20059.5398568331 
689, 19618.8251074917 
690, 20091.0564505306 
691, 21132.7177752561 
692, 22090.7680409863 
693, 22948.3987375437 
694, 23601.579126485 
695, 24031.6261792716 
696, 24334.8685455081 
697, 24592.2414237869 
698, 24784.6903100052 
699, 24878.3540599467 
700, 24901.0543552806 
701, 24917.5920479544 
702, 24980.4447551306 
703, 25127.7007987996 
704, 25376.4168686645 
705, 25659.9867584489 
706, 25909.8662547912 
707, 26071.8421249118 
708, 26218.2186461724 
709, 26360.109513228 
710, 26494.2969282635 
711, 26628.8119642617 
712, 26752.0656389313 
713, 26853.2107384945 
714, 26914.5870333528 
715, 26888.3868110802 
716, 26679.4502284658 
717, 26241.1744475357 
718, 25596.4660548034 
719, 25054.7854150107 
720, 24900.565981125 
721, 25256.9143429972 
722, 25929.2195361225 
723, 26436.5301047152 
724, 26610.4186424639 
725, 26532.1564735343 
726, 26588.2452258899 
727, 26740.7844710071 
728, 26915.636857983 
729, 27050.210029941 
730, 27279.2504956277 
731, 27640.0572002756 
732, 28111.8096414392 
733, 28608.2727989792 
734, 29047.4644798158 
735, 29354.8020645938 
736, 29492.486182315 
737, 29533.7453556592 
738, 29550.5439088977 
739, 29560.5335035882 
740, 29540.0945131387 
741, 29567.2607669987 
742, 29657.3433071723 
743, 29803.1182523103 
744, 29983.0573373735 
745, 30130.6694358728 
746, 30234.434340054 
747, 30301.6259274037 
748, 30332.3852677042 
749, 30303.0042682274 
750, 30235.0709049542 
751, 30180.4101208823 
752, 30181.615027773 
753, 30224.692858435 
754, 30278.7378779196 
755, 30299.9909329817 
756, 30202.508036782 
757, 29623.9843275444 
758, 27987.160044985 
759, 24315.2663392177 
760, 18891.9480777224 
761, 13578.2236513927 
762, 10629.0002563139 
763, 10698.797794076 
764, 12363.1509210987 
765, 14885.393804321 
766, 18163.1444156178 
767, 21709.8536030793 
768, 24770.9351057077 
769, 26886.1798703942 
770, 28063.4381830963 
771, 28637.871365173 
772, 28855.226034738 
773, 28901.6777252791 
774, 28879.7682963424 
775, 28803.2348591381 
776, 28703.5905762093 
777, 28604.8811840842 
778, 28477.1375843209 
779, 28327.0779657899 
780, 28174.3444971501 
781, 28042.7711140648 
782, 27901.9285587421 
783, 27737.8770276713 
784, 27553.4295465463 
785, 27371.9844984201 
786, 27191.1038726124 
787, 26985.4157495145 
788, 26734.3858037512 
789, 26447.0118748753 
790, 26137.6959721797 
791, 25811.8839253587 
792, 25474.8380689316 
793, 25143.251193221 
794, 24870.68321718 
795, 24683.9059831055 
796, 24577.4275720268 
797, 24496.851513545 
798, 24372.6620722951 
799, 24173.2176495787 
800, 23918.5877420746 
801, 23644.8475461109 
802, 23387.0086833222 
803, 23158.3518879697 
804, 22928.9983982242 
805, 22718.9340450196 
806, 22520.7725990961 
807, 22312.9961141393 
808, 22061.8107068094 
809, 21774.3839550029 
810, 21466.153245478 
811, 21147.7009739923 
812, 20783.3485762781 
813, 20316.9846657865 
814, 19737.2175077892 
815, 19085.1837750443 
816, 18461.7123944256 
817, 17950.5471814687 
818, 17606.9707713807 
819, 17450.225073925 
820, 17363.8287702349 
821, 17257.38436038 
822, 17092.1794811885 
823, 16916.4033970237 
824, 16784.6388642592 
825, 16752.7640564519 
826, 16808.1590935211 
827, 16733.9561496015 
828, 16526.9391039808 
829, 16262.0210231366 
830, 16043.5799560379 
831, 15877.6234495295 
832, 15741.5942759115 
833, 15622.7859505527 
834, 15521.4284257651 
835, 15453.9500380274 
836, 15404.1242218386 
837, 15343.3708696723 
838, 15237.5587057955 
839, 15097.0606863783 
840, 14937.6064656879 
841, 14769.8061756822 
842, 14592.511422416 
843, 14409.3722843565 
844, 14230.3090763298 
845, 14060.7971484919 
846, 13896.2953500626 
847, 13697.481893091 
848, 13459.7096484489 
849, 13196.9982898447 
850, 12938.569043556 
851, 12639.1133474295 
852, 12327.4667455211 
853, 12063.3501790618 
854, 11867.1411755306 
855, 11707.1040515945 
856, 11627.1698537865 
857, 11693.258746092 
858, 11806.0349701003 
859, 11829.2526390529 
860, 11737.8590216102 
861, 11606.4429529593 
862, 11451.8668126697 
863, 11253.4617701457 
864, 11012.7510077574 
865, 10762.9004117977 
866, 10529.0282302768 
867, 10330.6462489391 
868, 10199.0210679112 
869, 10179.3475616647 
870, 10206.5286394621 
871, 10197.8400959645 
872, 10114.0884584056 
873, 9997.015929281 
874, 9873.20202913254 
875, 9748.64337882908 
876, 9623.7070251885 
877, 9502.79351848207 
878, 9386.34834963808 
879, 9271.38536690751 
880, 9154.72344037341 
881, 9035.54536088967 
882, 8919.92768491003 
883, 8811.17376313465 
884, 8709.04453543848 
885, 8607.84118644607 
886, 8496.23844523018 
887, 8378.1472451625 
888, 8262.84321948718 
889, 8151.93332653149 
890, 8041.85052642024 
891, 7921.17603580171 
892, 7775.71845491896 
893, 7596.19341073564 
894, 7390.49871972738 
895, 7164.26791166928 
896, 6923.00497580474 
897, 6675.81504855265 
898, 6440.93246399777 
899, 6242.76328130612 
900, 6102.50728501878 
901, 6014.00452814558 
902, 5969.79285759936 
903, 5950.51876302976 
904, 5930.71470250289 
905, 5896.17682514272 
906, 5834.72798809372 
907, 5735.05249689715 
908, 5594.69383058374 
909, 5447.51252030994 
910, 5321.64845973265 
911, 5229.21696480168 
912, 5165.74165378075 
913, 5110.32679836983 
914, 5054.6596317166 
915, 4998.015746976 
916, 4945.80575083253 
917, 4907.6050741843 
918, 4875.16307128652 
919, 4843.69001255868 
920, 4811.83257657325 
921, 4775.67930413173 
922, 4730.637769832 
923, 4669.52287435262 
924, 4585.18958203312 
925, 4479.6705269704 
926, 4352.28292865438 
927, 4198.7098145891 
928, 4013.1902443626 
929, 3794.5777966518 
930, 3545.50379891201 
931, 3279.04159342424 
932, 3016.3735490026 
933, 2780.34017342546 
934, 2592.16495986942 
935, 2465.11063233771 
936, 2400.84470417996 
937, 2381.5275224062 
938, 2393.52504827804 
939, 2419.27951801132 
940, 2442.75512241981 
941, 2460.07276933016 
942, 2464.14925718766 
943, 2444.46163740706 
944, 2396.71895646918 
945, 2337.04682706449 
946, 2287.88364711367 
947, 2258.29215067223 
948, 2246.23938566029 
949, 2239.84426773219 
950, 2234.66322297041 
951, 2227.78761018026 
952, 2218.1801625417 
953, 2206.385834749 
954, 2194.73138964232 
955, 2184.35876648192 
956, 2175.55919239618 
957, 2167.85515702234 
958, 2163.38210795855 
959, 2161.7352109771 
960, 2161.99981583113 
961, 2163.52461510221 
962, 2164.25987193819 
963, 2168.05203022634 
964, 2175.25352338129 
965, 2180.87908910414 
966, 2182.48163124721 
967, 2180.988665862 
968, 2175.8911552606 
969, 2165.50142217682 
970, 2152.77409528262 
971, 2135.6746934625 
972, 2111.68493100512 
973, 2079.79727713294 
974, 2044.79559643499 
975, 2007.71316486236 
976, 1970.56623546059 
977, 1936.71253208849 
978, 1912.51083169899 
979, 1890.54920996588 
980, 1871.75256940676 
981, 1856.70118292673 
982, 1838.14503849392 
983, 1819.172059893 
984, 1797.55664075154 
985, 1773.35336863747 
986, 1751.3679566078 
987, 1722.56713635982 
988, 1692.59327599708 
989, 1664.52174595625 
990, 1635.65053445414 
991, 1604.96169736852 
992, 1574.82218576081 
993, 1545.50525346728 
994, 1515.47127719854 
995, 1483.57910970896 
996, 1452.9927288254 
997, 1422.37898311065 
998, 1389.71511355107 
999, 1357.57848864435 
1000, 1327.25392910582 
1001, 8497.4807002104 
1002, 8500.41721411255 
1003, 8510.35157726681 
1004, 8523.5607310039 
1005, 8538.03723502037 
1006, 8570.06489793772 
1007, 8613.41010212053 
1008, 8654.69419976706 
1009, 8703.43631316052 
1010, 8768.32426916528 
1011, 8827.49363708357 
1012, 8883.52006972557 
1013, 8949.53485545845 
1014, 9012.83501953485 
1015, 9075.51844776637 
1016, 9141.38508818495 
1017, 9202.53839655742 
1018, 9269.7583989346 
1019, 9344.61446322675 
1020, 9414.22970490585 
1021, 9486.22133070303 
1022, 9556.45725778532 
1023, 9626.99926555079 
1024, 9692.83798656898 
1025, 9760.93005029773 
1026, 9826.66319950778 
1027, 9895.82276471847 
1028, 9967.0511985556 
1029, 10035.1559348548 
1030, 10096.8856059982 
1031, 10147.9825693646 
1032, 10194.4631123713 
1033, 10239.0766488753 
1034, 10282.3992180314 
1035, 10325.8964423425 
1036, 10372.1905234778 
1037, 10413.6513473868 
1038, 10445.2764137361 
1039, 10478.2850723405 
1040, 10507.237396607 
1041, 10531.2506941259 
1042, 10560.8822973823 
1043, 10584.7941931993 
1044, 10601.9306744484 
1045, 10619.5417410043 
1046, 10637.9372499942 
1047, 10656.3970175422 
1048, 10673.5500562066 
1049, 10694.1242177236 
1050, 10719.4127042804 
1051, 10743.3127838523 
1052, 10765.8451705219 
1053, 10790.5625552332 
1054, 10808.8579825237 
1055, 10827.9855030001 
1056, 10858.3353848181 
1057, 10890.684529044 
1058, 10934.401624612 
1059, 10986.7955825447 
1060, 11040.5676165028 
1061, 11099.0589058712 
1062, 11162.2351759967 
1063, 11230.3401408332 
1064, 11297.5277235206 
1065, 11369.6877682074 
1066, 11452.2629799898 
1067, 11542.3787596395 
1068, 11644.7421806769 
1069, 11764.758685727 
1070, 11894.2258376116 
1071, 12032.8346974135 
1072, 12170.4642165745 
1073, 12311.0437938505 
1074, 12461.1424135358 
1075, 12599.1832965461 
1076, 12734.9378597895 
1077, 12870.8448511752 
1078, 12989.8142503433 
1079, 13096.7406109144 
1080, 13186.9840483887 
1081, 13272.2133337669 
1082, 13355.1739993116 
1083, 13428.3265628737 
1084, 13512.7147334629 
1085, 13592.5255571801 
1086, 13667.6344008503 
1087, 13747.7225964383 
1088, 13813.7181929028 
1089, 13877.1501809402 
1090, 13919.6124685096 
1091, 13948.990302924 
1092, 13962.6913654831 
1093, 13958.4813509597 
1094, 13952.0308839925 
1095, 13945.1388945061 
1096, 13930.1072317577 
1097, 13921.6219272976 
1098, 13911.2037151524 
1099, 13901.0618052205 
1100, 13892.6771693432 
1101, 13882.7982695922 
1102, 13878.8933020142 
1103, 13860.3019529567 
1104, 13847.4824448393 
1105, 13809.4672820804 
1106, 13749.785504482 
1107, 13658.0230142121 
1108, 13517.1707620373 
1109, 13331.3437178023 
1110, 13066.7104230406 
1111, 12733.3543766587 
1112, 12337.1564241101 
1113, 11842.1219946871 
1114, 11353.3213831856 
1115, 10781.7244826338 
1116, 10266.8934457065 
1117, 9708.03132772987 
1118, 9235.54692311945 
1119, 8801.06333692041 
1120, 8402.04241613547 
1121, 8073.77932077028 
1122, 7812.62163045149 
1123, 7623.9815246664 
1124, 7500.41546452746 
1125, 7452.4898625498 
1126, 7508.40131485533 
1127, 7560.89799929299 
1128, 7685.08069464255 
1129, 7798.55460775748 
1130, 7939.7237093483 
1131, 8077.54211367207 
1132, 8209.82968584047 
1133, 8380.30588459118 
1134, 8559.11704999351 
1135, 8760.10598519537 
1136, 9052.55147113496 
1137, 9349.00197686814 
1138, 9643.27203117186 
1139, 9923.95586934104 
1140, 10117.8885503704 
1141, 10267.3370805605 
1142, 10347.7752376871 
1143, 10332.2377322116 
1144, 10333.8893935622 
1145, 10211.1046809599 
1146, 10224.3413741357 
1147, 10235.6397092164 
1148, 10358.3453075429 
1149, 10580.5045102363 
1150, 10855.8590443657 
1151, 11213.593187047 
1152, 11613.751692947 
1153, 12027.5744189212 
1154, 12500.1394491762 
1155, 12954.030920319 
1156, 13437.7225950194 
1157, 13888.6135075564 
1158, 14347.1246892138 
1159, 14774.122021562 
1160, 15185.1910608228 
1161, 15569.522404117 
1162, 15942.500908235 
1163, 16279.9986031821 
1164, 16588.5091356853 
1165, 16865.4585678132 
1166, 17123.0907424417 
1167, 17342.3067559259 
1168, 17535.3236884181 
1169, 17701.8626546637 
1170, 17838.1662805877 
1171, 17940.210707011 
1172, 18020.6503712318 
1173, 18065.5996558367 
1174, 18103.7426823708 
1175, 18115.8397900221 
1176, 18121.0363794395 
1177, 18102.9696881759 
1178, 18093.1286136209 
1179, 18069.6375816071 
1180, 18053.641941413 
1181, 18037.9012802 
1182, 18031.9063540845 
1183, 18034.1708747675 
1184, 18030.4300989326 
1185, 18062.2198554787 
1186, 18110.4243229474 
1187, 18179.1453085786 
1188, 18279.3811149136 
1189, 18377.3318496785 
1190, 18506.4542450067 
1191, 18608.9336009746 
1192, 18728.4798790831 
1193, 18805.5708742346 
1194, 18862.2834893449 
1195, 18893.3014554585 
1196, 18889.7282333926 
1197, 18870.2044132149 
1198, 18838.2163288025 
1199, 18769.0494332776 
1200, 18740.3691408208 
1201, 18700.4933631889 
1202, 18697.9467299527 
1203, 18719.8541444314 
1204, 18758.7716434617 
1205, 18819.4431512924 
1206, 18890.9084830271 
1207, 18986.425368983 
1208, 19086.3027937357 
1209, 19200.8989430704 
1210, 19316.6127644717 
1211, 19450.7996349191 
1212, 19573.7688330627 
1213, 19693.8640206712 
1214, 19816.0691679909 
1215, 19924.7923819335 
1216, 20029.7311938917 
1217, 20117.7650667097 
1218, 20196.4883359252 
1219, 20261.8093603579 
1220, 20302.1391935783 
1221, 20355.2090713242 
1222, 20398.7230927746 
1223, 20451.4024499351 
1224, 20513.1685667578 
1225, 20571.1490327621 
1226, 20631.1704440817 
1227, 20688.7101503472 
1228, 20746.8895312541 
1229, 20801.1340566469 
1230, 20852.7794145978 
1231, 20905.9834650912 
1232, 20944.7380433865 
1233, 20981.3287195518 
1234, 20999.7451307752 
1235, 21007.182135595 
1236, 21000.0632484701 
1237, 20976.7306797463 
1238, 20946.5778689402 
1239, 20898.1148704353 
1240, 20852.2339828059 
1241, 20799.7756307278 
1242, 20745.1682400169 
1243, 20687.6488420349 
1244, 20627.4973513934 
1245, 20567.7981770936 
1246, 20499.7542686248 
1247, 20422.3939006391 
1248, 20343.2653739845 
1249, 20246.8243862676 
1250, 20143.5910544751 
1251, 20014.7968452869 
1252, 19876.5115727047 
1253, 19707.5081686306 
1254, 19519.5645821149 
1255, 19297.6009198003 
1256, 19051.6335829389 
1257, 18773.1830871719 
1258, 18451.4849248667 
1259, 18120.0224011 
1260, 17742.6872373549 
1261, 17382.5735249756 
1262, 16997.2125921737 
1263, 16631.8478870014 
1264, 16319.816844575 
1265, 16004.6747763278 
1266, 15806.0291997772 
1267, 15655.8316310097 
1268, 15613.8352422963 
1269, 15663.7492196781 
1270, 15783.567899392 
1271, 16024.5850638319 
1272, 16260.3841817294 
1273, 16594.3959008946 
1274, 16873.8115874631 
1275, 17188.0457102421 
1276, 17438.5143995708 
1277, 17660.0526309725 
1278, 17850.7803343231 
1279, 17998.6221334002 
1280, 18118.1675956853 
1281, 18231.4120657641 
1282, 18334.5168382263 
1283, 18446.9171205173 
1284, 18557.6250185962 
1285, 18668.6634601106 
1286, 18790.4596228768 
1287, 18888.7773659702 
1288, 18983.4619290151 
1289, 19055.9705218901 
1290, 19111.3057619753 
1291, 19153.5050773522 
1292, 19178.0719129101 
1293, 19194.2118714408 
1294, 19195.7370001033 
1295, 19189.5730867206 
1296, 19170.2131805091 
1297, 19146.5650012163 
1298, 19116.9285049842 
1299, 19079.0385793216 
1300, 19025.666496351 
1301, 18967.6950163719 
1302, 18899.9990447695 
1303, 18813.9142910812 
1304, 18737.5162301373 
1305, 18661.487006157 
1306, 18579.6083749332 
1307, 18497.4527950277 
1308, 18409.0299500131 
1309, 18312.7623492855 
1310, 18216.8324611959 
1311, 18115.373844357 
1312, 18017.6892308751 
1313, 17913.3962247677 
1314, 17820.7651502679 
1315, 17731.3572308416 
1316, 17651.7671896032 
1317, 17578.5534967754 
1318, 17519.4945930368 
1319, 17468.2310116609 
1320, 17413.4566503745 
1321, 17354.2114310081 
1322, 17279.6674617959 
1323, 17173.3108036334 
1324, 17058.619089218 
1325, 16884.9128844324 
1326, 16666.7901983414 
1327, 16429.2952145045 
1328, 16119.5244520222 
1329, 15854.5555752542 
1330, 15557.0221970311 
1331, 15327.6163650654 
1332, 15116.2771485042 
1333, 14963.4937879772 
1334, 14885.5657398509 
1335, 14805.4819807367 
1336, 14777.2131373298 
1337, 14746.5332467239 
1338, 14689.2773938274 
1339, 14574.6860746946 
1340, 14384.2767624961 
1341, 14098.1948822507 
1342, 13682.298398148 
1343, 13162.1805685965 
1344, 12526.7565687897 
1345, 11746.0156536041 
1346, 10916.8912845639 
1347, 9950.08480507385 
1348, 9010.68741846108 
1349, 7976.75565069476 
1350, 7019.44538303112 
1351, 6026.75190671981 
1352, 5144.54664979982 
1353, 4288.89696380418 
1354, 3540.60358017538 
1355, 2871.81025679897 
1356, 2299.44556289515 
1357, 1811.47671722826 
1358, 1426.74796094759 
1359, 1125.76648257091 
1360, 895.006750380844 
1361, 721.893146643154 
1362, 592.580783428493 
1363, 496.329675770586 
1364, 433.584919942659 
1365, 389.104845332054 
1366, 375.099767511639 
1367, 372.23061639365 
1368, 392.189696841425 
1369, 425.53743732489 
1370, 479.201567155148 
1371, 541.197002493171 
1372, 629.780834359739 
1373, 706.407202654005 
1374, 801.888367859046 
1375, 869.039569053599 
1376, 935.645898722829 
1377, 969.209386835374 
1378, 982.412861786209 
1379, 965.11860699957 
1380, 926.301246710484 
1381, 882.973557655284 
1382, 846.183651136611 
1383, 832.195464395827 
1384, 851.495212921308 
1385, 907.331445705661 
1386, 989.701946930402 
1387, 1097.8674272449 
1388, 1198.74231741909 
1389, 1326.64736105059 
1390, 1417.73516062911 
1391, 1502.51180615221 
1392, 1564.5739204543 
1393, 1598.266945152 
1394, 1635.49184608093 
1395, 1651.75265966571 
1396, 1684.99431737875 
1397, 1710.66075383303 
1398, 1761.00322770742 
1399, 1828.69941798131 
1400, 1900.5045999052 
1401, 1988.70234430323 
1402, 2078.22605062525 
1403, 2169.72069020212 
1404, 2267.56674057118 
1405, 2373.53048177962 
1406, 2499.55464403864 
1407, 2642.21477186536 
1408, 2803.10520953887 
1409, 2993.74111777462 
1410, 3206.50541002564 
1411, 3430.99466564019 
1412, 3686.53096640126 
1413, 3928.73458573896 
1414, 4187.56980699239 
1415, 4420.04311585096 
1416, 4638.78326879416 
1417, 4860.3788941134 
1418, 5072.47443668084 
1419, 5283.68703771119 
1420, 5498.18499097124 
1421, 5706.17045949165 
1422, 5920.27701024378 
1423, 6104.69711082205 
1424, 6298.36769807111 
1425, 6438.31200888847 
1426, 6547.5356098573 
1427, 6613.2328865498 
1428, 6637.03129050445 
1429, 6621.28398931241 
1430, 6575.55129163119 
1431, 6507.47402011732 
1432, 6437.59858090754 
1433, 6378.89683503871 
1434, 6335.94491699234 
1435, 6321.22440598666 
1436, 6332.45589886073 
1437, 6373.96683620953 
1438, 6440.37860523896 
1439, 6544.1632040161 
1440, 6647.79470699817 
1441, 6778.19055282816 
1442, 6901.79593582924 
1443, 7033.93798732773 
1444, 7160.79446273084 
1445, 7287.33738377652 
1446, 7418.43531067961 
1447, 7539.73989454098 
1448, 7683.04798415043 
1449, 7831.19382642496 
1450, 8002.84073711623 
1451, 8199.24829861536 
1452, 8400.23093540534 
1453, 8644.91014228916 
1454, 8849.78528175656 
1455, 9058.89252687925 
1456, 9233.33623226224 
1457, 9370.22819017821 
1458, 9432.15447087147 
1459, 9423.56221633426 
1460, 9345.83289053385 
1461, 9192.90321350892 
1462, 8970.58011897568 
1463, 8716.25377984347 
1464, 8431.07582666203 
1465, 8161.60014166596 
1466, 7860.570560551 
1467, 7615.55251722052 
1468, 7368.45428383895 
1469, 7194.91510658249 
1470, 7058.88897354784 
1471, 6979.02428909586 
1472, 6964.6167249738 
1473, 6974.0538114862 
1474, 7044.41097175387 
1475, 7103.85863842938 
1476, 7202.78506232913 
1477, 7276.42137036559 
1478, 7344.93181624044 
1479, 7411.66183510785 
1480, 7464.6169458036 
1481, 7532.92798453129 
1482, 7599.88760048824 
1483, 7683.84745784202 
1484, 7778.51058027294 
1485, 7885.08474007055 
1486, 8003.38790804935 
1487, 8136.68689616485 
1488, 8277.26545821786 
1489, 8427.39112674101 
1490, 8580.06873838689 
1491, 8734.4510835609 
1492, 8886.35598279964 
1493, 9029.15073138194 
1494, 9154.78554044063 
1495, 9263.06157794639 
1496, 9358.10334308257 
1497, 9427.76346237147 
1498, 9485.48130186614 
1499, 9523.22968473242 
1500, 9559.7862853138 
1501, 9577.04129103164 
1502, 9603.43369509473 
1503, 9624.016476537 
1504, 9655.65426528082 
1505, 9684.55507321397 
1506, 9732.74794419565 
1507, 9794.52187251007 
1508, 9862.76509213626 
1509, 9951.51614740471 
1510, 10027.1616514046 
1511, 10111.3305791322 
1512, 10177.8784453207 
1513, 10236.8693873874 
1514, 10282.6978365848 
1515, 10312.0056588069 
1516, 10340.3102591808 
1517, 10356.7282691329 
1518, 10375.2180077991 
1519, 10389.945597021 
1520, 10406.4881485818 
1521, 10424.1615698296 
1522, 10438.3997825575 
1523, 10449.8351925755 
1524, 10461.5137661273 
1525, 10467.6742088578 
1526, 10469.2490996758 
1527, 10469.2287744883 
1528, 10469.2477428429 
1529, 10467.4366046159 
1530, 10462.3271454368 
1531, 10460.8765967978 
1532, 10455.3683223666 
1533, 10441.6665094253 
1534, 10430.6221194092 
1535, 10421.8319808079 
1536, 10408.75757033 
1537, 10405.722737557 
1538, 10409.6833392362 
1539, 10414.5643742279 
1540, 10423.4674351683 
1541, 10433.9122896151 
1542, 10450.1912276657 
1543, 10461.0431174168 
1544, 10474.8085563094 
1545, 10480.3740274372 
1546, 10476.4710319981 
1547, 10479.3631155872 
1548, 10485.6012115584 
1549, 10482.0130946166 
1550, 10479.2300871222 
1551, 10470.2249055072 
1552, 10445.5012092506 
1553, 10431.8267724423 
1554, 10420.2007455438 
1555, 10410.2351158533 
1556, 10408.5664138616 
1557, 10399.0904376129 
1558, 10391.643113381 
1559, 10376.2680483829 
1560, 10354.7145727609 
1561, 10327.2598229686 
1562, 10301.0388412733 
1563, 10256.9462549246 
1564, 10203.3746347667 
1565, 10137.355943792 
1566, 10053.6087509788 
1567, 9963.14568524927 
1568, 9861.25202168395 
1569, 9752.98280978926 
1570, 9635.03698939872 
1571, 9523.19870361666 
1572, 9426.97405905493 
1573, 9351.91614478245 
1574, 9306.8063411098 
1575, 9287.19348605277 
1576, 9291.18370944227 
1577, 9318.79427782375 
1578, 9362.80846231484 
1579, 9426.0890715894 
1580, 9489.65638318351 
1581, 9566.7612061182 
1582, 9641.18496657157 
1583, 9726.39462200965 
1584, 9790.50161645504 
1585, 9855.46450765786 
1586, 9900.55965540617 
1587, 9925.38382727278 
1588, 9951.06540869419 
1589, 9969.97809190242 
1590, 9980.4636376019 
1591, 9985.92872881916 
1592, 9979.39888019348 
1593, 9963.30243610707 
1594, 9937.66964109581 
1595, 9905.88848080406 
1596, 9856.28348485758 
1597, 9793.90626002646 
1598, 9719.3037488289 
1599, 9618.44276172447 
1600, 9532.12057091501 
1601, 9431.47613233167 
1602, 9356.46863195059 
1603, 9289.95266229208 
1604, 9241.32717249938 
1605, 9210.28050836151 
1606, 9190.03166027112 
1607, 9185.75603875879 
1608, 9188.2876984509 
1609, 9203.78625695599 
1610, 9224.53711809461 
1611, 9258.69514674098 
1612, 9289.64092588334 
1613, 9327.303327096 
1614, 9361.35892948243 
1615, 9397.16505285699 
1616, 9426.4571191563 
1617, 9456.39058171176 
1618, 9477.47855486479 
1619, 9491.60900275582 
1620, 9499.95251610638 
1621, 9502.51918522545 
1622, 9498.70999690752 
1623, 9487.95442178415 
1624, 9472.43563952645 
1625, 9449.46732306486 
1626, 9424.30200208197 
1627, 9397.97712302633 
1628, 9362.44688746246 
1629, 9323.99014006698 
1630, 9275.05762667719 
1631, 9214.18176713241 
1632, 9149.23112457022 
1633, 9073.02959346744 
1634, 8997.86874612475 
1635, 8919.62029256185 
1636, 8839.38829154776 
1637, 8748.17119412092 
1638, 8671.53676922788 
1639, 8592.55164363471 
1640, 8529.14593356389 
1641, 8486.04386788413 
1642, 8444.24424701479 
1643, 8413.85946585374 
1644, 8382.94774819513 
1645, 8352.99001319813 
1646, 8327.57140332442 
1647, 8310.64826965545 
1648, 8287.72132702963 
1649, 8263.69320347926 
1650, 8241.05203914717 
1651, 8214.0279744461 
1652, 8187.56757575587 
1653, 8166.77625585888 
1654, 8153.24353836204 
1655, 8130.04441287582 
1656, 8107.20779378849 
1657, 8076.97406183489 
1658, 8042.01982807391 
1659, 7999.25174238989 
1660, 7953.05042057668 
1661, 7895.43009506258 
1662, 7827.31744454856 
1663, 7756.897333559 
1664, 7676.08556031265 
1665, 7604.20993682148 
1666, 7525.33479476805 
1667, 7469.69572200583 
1668, 7423.41319825378 
1669, 7386.51659010389 
1670, 7366.6009491834 
1671, 7341.40604621092 
1672, 7323.04727220532 
1673, 7296.48066868578 
1674, 7270.16018623838 
1675, 7239.867167555 
1676, 7206.67786263963 
1677, 7166.74244530782 
1678, 7124.39433175024 
1679, 7076.03734127218 
1680, 7016.58870659507 
1681, 6966.01068579436 
1682, 6917.1925529244 
1683, 6863.76455842143 
1684, 6813.75618532553 
1685, 6753.09854962026 
1686, 6683.13625517951 
1687, 6618.57457434285 
1688, 6552.99896420256 
1689, 6482.76536262208 
1690, 6411.92955562768 
1691, 6339.85595510535 
1692, 6259.70567404209 
1693, 6190.03161179303 
1694, 6124.9677589055 
1695, 6061.30503289454 
1696, 6003.36123167482 
1697, 5938.95703299009 
1698, 5874.21053666999 
1699, 5809.29122966336 
1700, 5739.62941551667 
1701, 5676.02392675129 
1702, 5615.52519715112 
1703, 5555.78813716207 
1704, 5497.95521837814 
1705, 5439.4593731736 
1706, 5378.58936149266 
1707, 5330.14436736365 
1708, 5284.40203442592 
1709, 5248.90953940586 
1710, 5224.84080510275 
1711, 5200.73633235474 
1712, 5180.89861149812 
1713, 5164.48460881762 
1714, 5155.53365015406 
1715, 5141.56891534623 
1716, 5126.97386042248 
1717, 5106.20016628387 
1718, 5082.34587563879 
1719, 5049.64997837452 
1720, 5010.1791806842 
1721, 4963.60216535013 
1722, 4915.7360478861 
1723, 4875.15475468946 
1724, 4837.59795901145 
1725, 4805.86442487214 
1726, 4777.27450667737 
1727, 4753.62714726518 
1728, 4736.26958165121 
1729, 4718.6867316472 
1730, 4701.34736122451 
1731, 4681.18652595829 
1732, 4653.36397055637 
1733, 4628.43020580138 
1734, 4613.99263319926 
1735, 4600.06960458749 
1736, 4589.80720710863 
1737, 4585.63323942649 
1738, 4575.68845194384 
1739, 4572.29152166303 
1740, 4574.58063499586 
1741, 4574.75511729323 
1742, 4573.12922334322 
1743, 4567.97801117619 
1744, 4563.70086877001 
1745, 4556.7777596336 
1746, 4554.29117965307 
1747, 4552.72734570734 
1748, 4543.13390963059 
1749, 4536.13410987594 
1750, 4529.10702082376 
1751, 4518.32449482028 
1752, 4511.1506782033 
1753, 4504.14328909821 
1754, 4494.41874429824 
1755, 4478.54177453724 
1756, 4455.80279236144 
1757, 4425.47372875658 
1758, 4393.02801910562 
1759, 4369.07711934963 
1760, 4345.3975340409 
1761, 4321.72694587818 
1762, 4296.60290250111 
1763, 4257.58932384513 
1764, 4225.26032748175 
1765, 4190.43297558539 
1766, 4161.04173333024 
1767, 4139.61406299581 
1768, 4116.15371633086 
1769, 4100.98664871258 
1770, 4072.57784631738 
1771, 4038.71355344834 
1772, 3998.45002013897 
1773, 3946.99152162481 
1774, 3896.27027537393 
1775, 3838.96344848929 
1776, 3787.55656158024 
1777, 3734.83440948277 
1778, 3685.05708621082 
1779, 3641.42701742661 
1780, 3594.69976593877 
1781, 3544.03643942621 
1782, 3501.88679920527 
1783, 3464.8330540104 
1784, 3424.76746826984 
1785, 3391.3255604661 
1786, 3350.46373649995 
1787, 3308.06209164346 
1788, 3254.33879105901 
1789, 3197.14939447921 
1790, 3128.75740586947 
1791, 3049.4745693984 
1792, 2966.06192101856 
1793, 2874.19937371942 
1794, 2775.39180398764 
1795, 2669.65233151019 
1796, 2553.67747540368 
1797, 2440.55961217661 
1798, 2316.89634527908 
1799, 2180.88705672345 
1800, 2051.41186751117 
1801, 12142.5366891858 
1802, 11608.2515912397 
1803, 11142.7800593135 
1804, 10750.4476090939 
1805, 10410.538026891 
1806, 10107.8718410039 
1807, 9827.8669414853 
1808, 9514.7259830911 
1809, 9240.71865151298 
1810, 8911.44408754643 
1811, 8534.67041317642 
1812, 8157.24750547586 
1813, 7780.16582145927 
1814, 7355.47733458871 
1815, 6894.29490485827 
1816, 6476.33051462651 
1817, 6082.46192170253 
1818, 5720.77526022699 
1819, 5416.91800434396 
1820, 5195.18921859512 
1821, 4955.6960123935 
1822, 4759.54858513236 
1823, 4561.73954766465 
1824, 4323.26123519423 
1825, 4073.29316171788 
1826, 3767.59541498746 
1827, 3420.58460432298 
1828, 3063.55980658279 
1829, 2647.62338422188 
1830, 2279.43864942836 
1831, 1893.18690328383 
1832, 1547.78309813915 
1833, 1269.82978377968 
1834, 1033.38859246249 
1835, 858.771194633649 
1836, 728.88593856927 
1837, 619.894757851939 
1838, 541.445294101781 
1839, 504.481997482624 
1840, 521.331501481405 
1841, 535.399939516833 
1842, 584.062566506233 
1843, 649.759610245908 
1844, 686.017657749888 
1845, 741.436684827115 
1846, 777.810962660013 
1847, 791.864278417637 
1848, 797.664554186772 
1849, 750.483630959164 
1850, 716.427028657765 
1851, 661.610302826228 
1852, 621.809237049821 
1853, 599.451927140432 
1854, 608.102877164952 
1855, 622.38786577312 
1856, 662.920620546479 
1857, 704.9331875602 
1858, 751.324003887398 
1859, 824.096506922259 
1860, 925.123617598654 
1861, 1017.23068500054 
1862, 1112.33852090592 
1863, 1204.43483227902 
1864, 1239.80547990214 
1865, 1226.79304661943 
1866, 1172.8519175825 
1867, 1066.89973615262 
1868, 933.153557390141 
1869, 784.436148503836 
1870, 662.763548796558 
1871, 533.566111441385 
1872, 439.00280758892 
1873, 383.588534309551 
1874, 382.697747105343 
1875, 434.875207784052 
1876, 541.563887514843 
1877, 700.704968432305 
1878, 905.248015355861 
1879, 1123.92547515368 
1880, 1307.96084852719 
1881, 1488.03993117995 
1882, 1657.70925282974 
1883, 1808.58291824753 
1884, 1919.4849228263 
1885, 2020.70012483225 
1886, 2105.82323357634 
1887, 2135.03806046435 
1888, 2124.42884407363 
1889, 2127.92872643128 
1890, 2085.70831890141 
1891, 2029.75570919094 
1892, 1942.74357952601 
1893, 1890.12946304158 
1894, 1783.31806967352 
1895, 1684.68284008197 
1896, 1597.60676902704 
1897, 1459.40750284035 
1898, 1334.2458268118 
1899, 1190.15363402068 
1900, 1053.61925627307 
1901, 890.432809204132 
1902, 784.394557573785 
1903, 681.544579070216 
1904, 635.314934868116 
1905, 653.061595812484 
1906, 691.157996136316 
1907, 752.513248929743 
1908, 810.054066745172 
1909, 852.34493193684 
1910, 907.666734156484 
1911, 967.619954120598 
1912, 1021.45711079884 
1913, 1105.16928455207 
1914, 1199.53269815851 
1915, 1310.51761944186 
1916, 1462.29725300481 
1917, 1636.60714911507 
1918, 1838.69163026236 
1919, 2044.14822932755 
1920, 2224.6628813884 
1921, 2403.01525273445 
1922, 2550.05960489461 
1923, 2673.12095438685 
1924, 2769.99416678092 
1925, 2847.11548469519 
1926, 2890.28532228073 
1927, 2907.32432779843 
1928, 2940.76438753486 
1929, 2977.54312104001 
1930, 3025.07721460012 
1931, 3109.37278649858 
1932, 3206.87760215211 
1933, 3305.03793820256 
1934, 3423.86162292502 
1935, 3534.20737179448 
1936, 3661.7218109678 
1937, 3751.39940132279 
1938, 3811.95279207579 
1939, 3884.21300322945 
1940, 3912.46665360072 
1941, 3951.36293685678 
1942, 4019.77251488826 
1943, 4072.65134045615 
1944, 4131.58814234295 
1945, 4223.64156142925 
1946, 4256.16864065896 
1947, 4293.64656436631 
1948, 4267.11180302114 
1949, 4196.44265448379 
1950, 4073.83469723569 
1951, 3911.64566557164 
1952, 3716.31095850055 
1953, 3507.16175852614 
1954, 3321.57906269011 
1955, 3181.7690678908 
1956, 3036.39737635267 
1957, 2985.95820705367 
1958, 2994.03669258542 
1959, 3052.94510449497 
1960, 3175.39784922451 
1961, 3355.85043742625 
1962, 3579.82561740387 
1963, 3801.80251941212 
1964, 4024.43195817991 
1965, 4281.96222356398 
1966, 4555.93876783111 
1967, 4841.78255127128 
1968, 5147.82089384827 
1969, 5487.6595191976 
1970, 5827.8483098367 
1971, 6185.87002510255 
1972, 6529.43128531208 
1973, 6879.24727803179 
1974, 7244.61079564515 
1975, 7567.71533221869 
1976, 7894.18135162362 
1977, 8194.01991128797 
1978, 8448.73187314378 
1979, 8673.11965762904 
1980, 8851.33567915193 
1981, 9021.65019399878 
1982, 9167.47660526344 
1983, 9288.69040143249 
1984, 9391.06574033896 
1985, 9472.01120738779 
1986, 9535.62967745854 
1987, 9563.97303675329 
1988, 9568.49314134677 
1989, 9544.70351712037 
1990, 9445.84291443339 
1991, 9321.58818783268 
1992, 9081.54899481584 
1993, 8792.08252567829 
1994, 8370.14614885957 
1995, 7815.96960604764 
1996, 7204.3694651578 
1997, 6480.79461585574 
1998, 5690.49892404431 
1999, 4848.02417168322 
2000, 4050.373515356 
2001, 3327.24660359764 
2002, 2682.21740824458 
2003, 2200.92802087326 
2004, 1857.29921541345 
2005, 1617.1913080551 
2006, 1546.59625738856 
2007, 1489.03252899303 
2008, 1581.6279471616 
2009, 1619.14278016758 
2010, 1680.2806659006 
2011, 1756.30085746382 
2012, 1797.61144717242 
2013, 1840.7769792964 
2014, 1931.95228386323 
2015, 2006.99253122136 
2016, 2191.90785880864 
2017, 2435.12224370853 
2018, 2734.44603176349 
2019, 3120.89433107272 
2020, 3521.43815005093 
2021, 3976.52891723968 
2022, 4444.14500525301 
2023, 4962.62245734887 
2024, 5477.03455642563 
2025, 5990.51706957676 
2026, 6481.90449232683 
2027, 6923.66076887369 
2028, 7349.3326150567 
2029, 7695.94457297097 
2030, 7998.0128234854 
2031, 8241.83118816127 
2032, 8407.86150985271 
2033, 8555.64306150232 
2034, 8662.23156071001 
2035, 8731.35418204555 
2036, 8746.28317616752 
2037, 8750.59386046901 
2038, 8714.12110768499 
2039, 8663.37984004706 
2040, 8617.39336020575 
2041, 8571.61771711013 
2042, 8495.85749423281 
2043, 8432.36688640045 
2044, 8294.74054537503 
2045, 8130.38756778433 
2046, 7902.60199229894 
2047, 7607.30236440472 
2048, 7289.22211398604 
2049, 6878.81279730172 
2050, 6514.28670283128 
2051, 6105.29267691633 
2052, 5737.76294011575 
2053, 5459.92631175478 
2054, 5255.40117906666 
2055, 5154.49394092571 
2056, 5180.19859235082 
2057, 5216.21273119772 
2058, 5359.73903075154 
2059, 5462.30664076942 
2060, 5627.43590901089 
2061, 5721.03829460981 
2062, 5783.70300389147 
2063, 5842.11358802655 
2064, 5829.35513526188 
2065, 5878.77409639262 
2066, 5936.28222019539 
2067, 6030.03073466683 
2068, 6166.15395500714 
2069, 6344.9102993544 
2070, 6545.58850688708 
2071, 6787.02645587763 
2072, 7039.7826747482 
2073, 7321.50662518536 
2074, 7612.03525680251 
2075, 7938.81181068234 
2076, 8245.72480214739 
2077, 8594.34625211442 
2078, 8877.15492988629 
2079, 9143.09555137017 
2080, 9363.45554557767 
2081, 9539.29826531974 
2082, 9671.2207867643 
2083, 9789.04168216478 
2084, 9863.66844124566 
2085, 9952.68645118697 
2086, 10020.3777587508 
2087, 10098.8411415357 
2088, 10170.8323717818 
2089, 10257.5414098992 
2090, 10347.840245235 
2091, 10439.2814841354 
2092, 10555.1412656534 
2093, 10647.9714385385 
2094, 10724.8288356598 
2095, 10804.8945693138 
2096, 10888.3741504172 
2097, 10949.6152008961 
2098, 11011.8937550995 
2099, 11072.0479993148 
2100, 11133.7362676938 
2101, 11194.6222997732 
2102, 11238.2091938728 
2103, 11277.2786865329 
2104, 11312.0726343924 
2105, 11323.9659024287 
2106, 11346.2335264123 
2107, 11379.5720863419 
2108, 11402.6748339281 
2109, 11416.1717540569 
2110, 11434.8819071358 
2111, 11459.1041099906 
2112, 11468.1135041448 
2113, 11492.6782028256 
2114, 11514.2324905974 
2115, 11527.4530008952 
2116, 11536.6856718024 
2117, 11548.4373713842 
2118, 11547.3742773023 
2119, 11562.7920736767 
2120, 11577.2685023065 
2121, 11613.2386063341 
2122, 11669.8303439278 
2123, 11721.3070824866 
2124, 11801.2935513926 
2125, 11853.2661380939 
2126, 11887.5541422506 
2127, 11922.659661975 
2128, 11944.8839875141 
2129, 11968.9649987648 
2130, 11991.046087312 
2131, 12019.1056185715 
2132, 12028.3309046659 
2133, 12027.7333288062 
2134, 12023.6874998348 
2135, 12007.2263387715 
2136, 11993.0590390233 
2137, 11965.4204282415 
2138, 11958.4470819514 
2139, 11959.6390449308 
2140, 11960.4682924383 
2141, 11985.9329625068 
2142, 11990.0486808665 
2143, 11991.3868357673 
2144, 11973.3351462743 
2145, 11937.0943361339 
2146, 11890.1254873496 
2147, 11849.0413416765 
2148, 11808.2155009535 
2149, 11784.4837327544 
2150, 11782.2658921666 
2151, 11767.592012829 
2152, 11759.0211750054 
2153, 11740.8177714474 
2154, 11720.4656939897 
2155, 11691.9181002318 
2156, 11660.0789042603 
2157, 11617.6691188398 
2158, 11571.0421694369 
2159, 11510.6309391624 
2160, 11428.2604222977 
2161, 11355.2965997586 
2162, 11252.0621535368 
2163, 11189.0806989738 
2164, 11142.5936252805 
2165, 11115.2676718333 
2166, 11113.8934745985 
2167, 11147.4682335782 
2168, 11179.1826475136 
2169, 11226.863212997 
2170, 11282.3441361456 
2171, 11360.3866090231 
2172, 11417.4258642606 
2173, 11491.4359866356 
2174, 11530.3609289025 
2175, 11542.5738927866 
2176, 11553.3834920643 
2177, 11551.4799209846 
2178, 11538.5566927691 
2179, 11507.5227328138 
2180, 11485.6287321867 
2181, 11449.8389296072 
2182, 11424.8478408097 
2183, 11404.458302182 
2184, 11396.1845928136 
2185, 11387.5983344964 
2186, 11384.4480955267 
2187, 11389.9409970936 
2188, 11403.9394091922 
2189, 11421.9050695743 
2190, 11459.6962459837 
2191, 11468.2706428062 
2192, 11492.1772744333 
2193, 11460.321382994 
2194, 11401.7427873885 
2195, 11309.0751194253 
2196, 11163.8084639899 
2197, 11024.993410824 
2198, 10820.3106429504 
2199, 10688.5687957239 
2200, 10559.1143738185 
2201, 10485.3619923503 
2202, 10464.1704692369 
2203, 10476.5040447402 
2204, 10544.2225018225 
2205, 10616.0968789821 
2206, 10741.8607253632 
2207, 10863.1958146064 
2208, 10951.9877980714 
2209, 11048.7896799354 
2210, 11091.2583879891 
2211, 11091.8747441334 
2212, 11090.8537531553 
2213, 11057.0765415919 
2214, 11028.7814850887 
2215, 10985.7012989957 
2216, 10949.0608139861 
2217, 10913.1070096087 
2218, 10868.4605691988 
2219, 10829.7758106414 
2220, 10772.6208154523 
2221, 10695.9520900435 
2222, 10620.8022233174 
2223, 10536.104363491 
2224, 10452.1091154255 
2225, 10360.6814142176 
2226, 10277.0929549687 
2227, 10205.7883707595 
2228, 10116.5705438346 
2229, 10032.5184497095 
2230, 9943.45914494059 
2231, 9841.66298183123 
2232, 9720.08829141536 
2233, 9618.38870263296 
2234, 9514.49291809658 
2235, 9420.61746178564 
2236, 9343.1939746035 
2237, 9250.16339504653 
2238, 9158.63949361308 
2239, 9055.64324069786 
2240, 8944.57730956519 
2241, 8827.97076395764 
2242, 8709.2601082405 
2243, 8575.5046571438 
2244, 8424.90187048825 
2245, 8278.43041520796 
2246, 8118.55993144553 
2247, 7965.17376205691 
2248, 7815.65623094146 
2249, 7668.65187040893 
2250, 7530.7844298721 
2251, 7380.35049007358 
2252, 7228.02357517587 
2253, 7073.50661673261 
2254, 6895.60128351576 
2255, 6713.51616488199 
2256, 6525.77171692353 
2257, 6328.91382680625 
2258, 6151.84767611091 
2259, 5980.41287091039 
2260, 5810.20043705067 
2261, 5644.51230118279 
2262, 5496.32722677159 
2263, 5344.01283172438 
2264, 5225.32826792842 
2265, 5144.43970071745 
2266, 5049.3873093355 
2267, 4974.35974020107 
2268, 4875.51025228513 
2269, 4761.71526982843 
2270, 4655.99388011257 
2271, 4535.15206263914 
2272, 4435.98085859372 
2273, 4342.75011359513 
2274, 4267.53481354593 
2275, 4212.47576347323 
2276, 4157.65025376196 
2277, 4128.55033945819 
2278, 4080.98153717233 
2279, 4025.25469892309 
2280, 3970.8993017213 
2281, 3910.24699624226 
2282, 3837.53433403262 
2283, 3806.13821477168 
2284, 3768.57465625224 
2285, 3740.09942397278 
2286, 3731.00539818885 
2287, 3684.57947748941 
2288, 3629.90354650155 
2289, 3582.39640108058 
2290, 3531.29673169052 
2291, 3471.28063294466 
2292, 3417.23288034099 
2293, 3346.41911137918 
2294, 3247.05831501011 
2295, 3174.02705226517 
2296, 3108.49999545971 
2297, 3042.84092102192 
2298, 2989.87688795931 
2299, 2932.88769257106 
2300, 2859.0362579464 
2301, 2810.36057272955 
2302, 2768.91141657878 
2303, 2740.09602473007 
2304, 2734.19331666761 
2305, 2731.19293129816 
2306, 2751.86609491963 
2307, 2750.87261890822 
2308, 2754.25813897657 
2309, 2735.13757615677 
2310, 2688.08082988982 
2311, 2646.42443484145 
2312, 2595.41854153994 
2313, 2543.60087063999 
2314, 2490.54820834388 
2315, 2434.3345006219 
2316, 2380.29746396258 
2317, 2326.26773361715 
2318, 2288.77343836282 
2319, 2264.98506794211 
2320, 2232.50458560124 
2321, 2244.84966696604 
2322, 2264.83540774754 
2323, 2277.52090502384 
2324, 2324.090804979 
2325, 2365.49536618314 
2326, 2397.6808362423 
2327, 2432.67539921288 
2328, 2452.72498830541 
2329, 2461.66048092562 
2330, 2460.51607624068 
2331, 2457.0572283701 
2332, 2428.12337762342 
2333, 2373.54277230254 
2334, 2328.82135158196 
2335, 2271.59280095149 
2336, 2217.77960773116 
2337, 2164.03828455425 
2338, 2117.00972424679 
2339, 2068.34748835861 
2340, 2017.56113532732 
2341, 1978.25275390265 
2342, 1929.62335038883 
2343, 1869.83307043317 
2344, 1815.29914606919 
2345, 1754.74256866664 
2346, 1705.65917826439 
2347, 1663.09648030373 
2348, 1621.50570905456 
2349, 1588.39076807567 
2350, 1554.38700937254 
2351, 1506.92237212907 
2352, 1484.08194738496 
2353, 1478.61378359698 
2354, 1476.85702674649 
2355, 1496.45469922044 
2356, 1506.09065138281 
2357, 1518.10098372658 
2358, 1522.62000022014 
2359, 1520.73592749477 
2360, 1521.02173113656 
2361, 1510.10447121894 
2362, 1509.41115253363 
2363, 1525.85072935347 
2364, 1524.63570949443 
2365, 1514.80234002186 
2366, 1494.68430578698 
2367, 1443.12391883704 
2368, 1392.46198318714 
2369, 1335.11566533848 
2370, 1283.04122066693 
2371, 1236.11745024967 
2372, 1190.34991654644 
2373, 1174.51807949832 
2374, 1167.89190401705 
2375, 1187.47423563062 
2376, 1221.22752347097 
2377, 1232.61376943814 
2378, 1238.76680686349 
2379, 1234.93422720942 
2380, 1236.55172834076 
2381, 1245.34509864399 
2382, 1258.99591839978 
2383, 1264.45686603305 
2384, 1245.15226226644 
2385, 1238.80207422195 
2386, 1235.71511740642 
2387, 1229.72825239414 
2388, 1222.16623073739 
2389, 1202.50892835822 
2390, 1193.72890465928 
2391, 1203.64315442661 
2392, 1227.73093635834 
2393, 1254.0548081975 
2394, 1255.20914572206 
2395, 1222.10928585295 
2396, 1173.18477987511 
2397, 1116.78707513099 
2398, 1071.10073999188 
2399, 1046.18550581445 
2400, 1033.94103376625 
2401, 1040.26718679511 
2402, 1062.43826621866 
2403, 1077.32412615427 
2404, 1072.43452821146 
2405, 1045.3090327068 
2406, 980.618593216641 
2407, 950.086400697527 
2408, 909.370023170619 
2409, 889.921818313117 
2410, 902.79518561843 
2411, 889.604393719555 
2412, 872.158654488201 
2413, 858.221993680083 
2414, 836.427159798683 
2415, 819.073261561801 
2416, 801.234487094921 
2417, 788.837559164209 
2418, 783.416958000771 
2419, 767.239526606464 
2420, 749.636116712741 
2421, 742.787202397124 
2422, 728.713606643651 
2423, 738.115730576819 
2424, 769.684067066819 
2425, 779.360266447344 
2426, 793.394091975498 
2427, 788.370869577738 
2428, 767.425595721349 
2429, 755.216042821521 
2430, 739.127788383351 
2431, 715.612217100428 
2432, 686.163735386087 
2433, 671.010824137637 
2434, 653.255702953155 
2435, 642.77658855813 
2436, 648.951382820607 
2437, 645.421125144364 
2438, 628.271099511155 
2439, 636.4810451977 
2440, 664.157301809003 
2441, 673.071789494274 
2442, 696.936093653059 
2443, 680.143196835519 
2444, 641.234617712551 
2445, 580.66098941755 
2446, 513.863387510673 
2447, 490.271300170854 
2448, 445.172224421125 
2449, 405.636095098221 
2450, 393.287448441947 
2451, 371.194748281585 
2452, 361.65863930716 
2453, 380.668675411779 
2454, 400.262383939095 
2455, 408.175949844383 
2456, 410.901596348849 
2457, 419.181885287584 
2458, 429.83154455712 
2459, 434.032424982077 
2460, 447.749679713835 
2461, 440.513320588684 
2462, 418.992694542815 
2463, 395.750270120701 
2464, 363.419351219351 
2465, 360.988916826169 
2466, 363.090825120526 
2467, 382.311325419333 
2468, 410.037326403124 
2469, 383.813578752419 
2470, 356.963218983475 
2471, 354.191763400248 
2472, 335.921587031776 
2473, 340.236674337866 
2474, 366.034282091503 
2475, 362.540394723776 
2476, 362.955045908383 
2477, 349.32331639885 
2478, 337.534879584082 
2479, 344.347038686468 
2480, 316.867731409109 
2481, 301.76415697375 
2482, 286.908928188783 
2483, 239.961643147251 
2484, 216.771420146509 
2485, 202.836411886243 
2486, 184.480355746479 
2487, 185.34889293566 
2488, 172.849157138333 
2489, 169.115527770122 
2490, 178.720250244168 
2491, 167.930264121018 
2492, 168.670353094312 
2493, 181.195930295113 
2494, 178.525696611351 
2495, 180.4151035113 
2496, 200.172546261763 
2497, 211.605289888581 
2498, 210.388823564097 
2499, 196.572395223664 
2500, 189.095993209275 
