Wavelength,0212202100013.asd
350, 3732.32249963458 
351, 3924.27380769607 
352, 4101.10522037243 
353, 4253.04802595766 
354, 4408.82325161946 
355, 4571.92098312039 
356, 4739.14951630556 
357, 4909.82443729796 
358, 5086.41142457332 
359, 5276.54941655872 
360, 5492.11615562316 
361, 5752.9019902097 
362, 6041.2805402152 
363, 6344.4350491069 
364, 6657.45939498288 
365, 6978.27150706027 
366, 7281.29744990821 
367, 7539.74873820986 
368, 7733.66986756056 
369, 7846.84161502502 
370, 7890.12033013898 
371, 7889.44500138872 
372, 7875.9879898042 
373, 7878.89901004848 
374, 7901.17349676354 
375, 7927.59018300532 
376, 7960.94604587504 
377, 7980.03572253689 
378, 7962.07928438404 
379, 7886.87786722834 
380, 7796.26282807535 
381, 7695.23078435564 
382, 7579.6336509554 
383, 7444.25323492345 
384, 7314.46108685884 
385, 7239.42000001488 
386, 7273.01756109394 
387, 7434.93298745699 
388, 7634.7277473976 
389, 7799.22991870528 
390, 7891.24057098829 
391, 7997.46398804486 
392, 8088.99025549257 
393, 8151.23976778158 
394, 8240.64161156623 
395, 8453.13828571083 
396, 8833.22298912104 
397, 9393.47142963243 
398, 10137.6191337527 
399, 10976.4362162606 
400, 11838.4453970436 
401, 12673.9500331884 
402, 13445.770130975 
403, 14083.2348468178 
404, 14561.4091465391 
405, 14940.1586629401 
406, 15239.8828392978 
407, 15516.2247330404 
408, 15833.3018766669 
409, 16242.8546645755 
410, 16724.4089420803 
411, 17253.5626471543 
412, 17804.2205635935 
413, 18351.8050616979 
414, 18888.4514943511 
415, 19400.6211482507 
416, 19857.3006192044 
417, 20301.8097221539 
418, 20756.3839755863 
419, 21219.9560071519 
420, 21627.9197631568 
421, 22048.399316568 
422, 22506.4204559893 
423, 22984.7622321897 
424, 23421.5626671084 
425, 23767.2277361912 
426, 23969.7995314545 
427, 23960.621800536 
428, 23896.1745351977 
429, 23972.3179305238 
430, 24318.7920219081 
431, 24775.3726059008 
432, 25401.6778377195 
433, 26318.5436245237 
434, 27632.1481801581 
435, 28938.8490143 
436, 29938.2706846223 
437, 30601.1842541523 
438, 31306.3736519036 
439, 32020.1724139237 
440, 32700.2317741849 
441, 33338.9903845646 
442, 34137.5559254795 
443, 34952.7818084168 
444, 35692.5455639532 
445, 36318.5656765411 
446, 36824.7308098186 
447, 37292.500525276 
448, 37798.2408588002 
449, 38398.2720009492 
450, 38871.1113974842 
451, 39110.7833846454 
452, 39102.898186865 
453, 39008.3679710555 
454, 38807.9324187182 
455, 38562.0831710977 
456, 38401.8907323161 
457, 38373.4385043651 
458, 38394.7072899283 
459, 38380.1267124178 
460, 38291.798667134 
461, 38155.8377809832 
462, 38003.46034884 
463, 37847.292014727 
464, 37596.3325380045 
465, 37212.2171498197 
466, 36746.9760753688 
467, 36336.9011511408 
468, 35986.8712815039 
469, 35732.6045022361 
470, 35593.0005865427 
471, 35551.8153041754 
472, 35530.9548394515 
473, 35537.183453369 
474, 35599.8135017745 
475, 35597.313161821 
476, 35575.1399695682 
477, 35574.5663693621 
478, 35611.6023471516 
479, 35751.4695092908 
480, 35927.5308036525 
481, 36035.6041994231 
482, 35996.1437731593 
483, 35699.034166298 
484, 35100.2685737865 
485, 34248.15520727 
486, 33475.0797393287 
487, 32963.0735478813 
488, 32858.4512283796 
489, 33309.6857656449 
490, 33928.3528898549 
491, 34408.5279611574 
492, 34582.1411083013 
493, 34657.2992229704 
494, 34779.6378541687 
495, 35001.6818257671 
496, 35276.4890617334 
497, 35349.2474752013 
498, 35241.9982585465 
499, 35024.4744649979 
500, 34732.8643752516 
501, 34532.0889483361 
502, 34478.0860761249 
503, 34585.9356864111 
504, 34952.7299035235 
505, 35426.1131927438 
506, 35880.4523258873 
507, 36242.2974152329 
508, 36516.1650940766 
509, 36737.1361227433 
510, 36952.7765258012 
511, 37233.6683768976 
512, 37418.2823078366 
513, 37443.7150372795 
514, 37305.8747119505 
515, 36978.9038989081 
516, 36550.3330412901 
517, 36156.3484342357 
518, 35969.377322779 
519, 36357.8708359702 
520, 37311.2093242371 
521, 38575.809958977 
522, 39591.9183718351 
523, 40345.5922346009 
524, 40878.0525992882 
525, 41262.6927040687 
526, 41412.5045380804 
527, 41486.4254487306 
528, 41754.116642479 
529, 42671.1389646381 
530, 43800.5351557136 
531, 44697.6754873418 
532, 45035.7827958507 
533, 45157.5150461944 
534, 45393.8512621546 
535, 45898.0047088959 
536, 46613.4690194678 
537, 47097.9290580921 
538, 47302.009999402 
539, 47319.6132782305 
540, 47311.1860942728 
541, 47374.2584995228 
542, 47655.2254795928 
543, 48266.963933478 
544, 48922.28847181 
545, 49474.1936101463 
546, 49851.6247022152 
547, 50063.869239309 
548, 50212.0844097346 
549, 50399.1729804403 
550, 50681.571040602 
551, 50956.5169838749 
552, 51163.7333550144 
553, 51319.2553542083 
554, 51495.0111922435 
555, 51626.3659616573 
556, 51572.2530211744 
557, 51263.2493476316 
558, 50774.7226338665 
559, 50385.6535860512 
560, 50245.5638400276 
561, 50389.2518229806 
562, 50649.0023149105 
563, 50784.5046959186 
564, 50692.5701389962 
565, 50439.5000482894 
566, 50090.1529711218 
567, 49751.1056830011 
568, 49481.1631987207 
569, 49185.2270641277 
570, 48781.0127043449 
571, 48405.3227220729 
572, 48308.6289655258 
573, 48414.8475164212 
574, 48427.3801299716 
575, 48177.8147049516 
576, 47746.0149678435 
577, 47380.6854287527 
578, 47207.3841756068 
579, 47275.702693915 
580, 47548.4267208991 
581, 48017.5181301419 
582, 48573.0453024985 
583, 49015.533734091 
584, 49284.983972064 
585, 49256.5579042114 
586, 48923.0242961307 
587, 48557.9309367736 
588, 48113.265835059 
589, 47476.0617924748 
590, 46640.7014023372 
591, 46504.4879451369 
592, 46849.4187754205 
593, 47247.9051590114 
594, 47159.5623303397 
595, 46884.1582217181 
596, 46542.2313930534 
597, 46187.409667237 
598, 45778.8477956738 
599, 45278.6346637602 
600, 44742.847597761 
601, 44289.2061457497 
602, 43930.190959365 
603, 43757.4943772547 
604, 43773.5951803396 
605, 43829.5483151051 
606, 43715.7415713546 
607, 43451.7006595144 
608, 43146.5056970795 
609, 42838.2051702602 
610, 42551.1409606811 
611, 42303.3002885134 
612, 42102.7031155024 
613, 41871.9345372683 
614, 41594.8091448198 
615, 41299.0977285731 
616, 41075.5785496449 
617, 40933.6895666801 
618, 40957.8936878099 
619, 41205.527942262 
620, 41397.2759195666 
621, 41402.8719920083 
622, 41190.1532791505 
623, 40829.2264790661 
624, 40443.1458276339 
625, 40089.6388075046 
626, 39792.516881549 
627, 39556.0864653889 
628, 39289.4564937092 
629, 39017.6496633664 
630, 38848.4188595005 
631, 38894.6060928585 
632, 39053.0923626319 
633, 39234.6163406451 
634, 39427.947742135 
635, 39570.4961207877 
636, 39666.8221193442 
637, 39738.6159278423 
638, 39778.2142352445 
639, 39719.8827742501 
640, 39528.3850646751 
641, 39214.896580063 
642, 39007.578369846 
643, 38907.8575144535 
644, 38843.9512418922 
645, 38689.8203644117 
646, 38453.9879897386 
647, 38169.3012659571 
648, 37886.6546548448 
649, 37647.6829020575 
650, 37450.4496579234 
651, 37349.5601381034 
652, 37439.9916654529 
653, 37354.4552007333 
654, 36914.8472239822 
655, 36103.2787031697 
656, 35088.2959824095 
657, 34415.5747274127 
658, 34547.3380174238 
659, 35637.1054148871 
660, 36483.0065865087 
661, 36910.2160291426 
662, 37006.2338267616 
663, 37049.3389557993 
664, 36997.3526830292 
665, 36938.9719371135 
666, 36941.3720904265 
667, 36948.5312401154 
668, 36934.613002679 
669, 36907.5437981737 
670, 36886.3426984835 
671, 36805.0455014532 
672, 36713.1148814323 
673, 36667.2471822689 
674, 36715.7739807313 
675, 36766.9253350779 
676, 36801.4105910021 
677, 36824.4514057469 
678, 36852.130551815 
679, 36863.6464555938 
680, 36859.5137380399 
681, 36851.0316361721 
682, 36834.4646179614 
683, 36756.6294918448 
684, 36455.0218965341 
685, 35629.6757361187 
686, 34128.9475228842 
687, 32038.3581100846 
688, 29898.542270497 
689, 29341.7210570635 
690, 30190.9046867153 
691, 31772.6605970388 
692, 33153.9975492978 
693, 34349.8594859493 
694, 35200.2650331139 
695, 35694.4780494668 
696, 36033.8437297172 
697, 36316.3825314587 
698, 36490.662161786 
699, 36497.3002093288 
700, 36419.5491671444 
701, 36343.5673703935 
702, 36348.6163701906 
703, 36497.2315818949 
704, 36801.7106876209 
705, 37140.7270981178 
706, 37409.5119773755 
707, 37552.9039734815 
708, 37674.5108607799 
709, 37786.7954654845 
710, 37883.4928681787 
711, 37988.8593981023 
712, 38052.1453919591 
713, 38064.2176068502 
714, 38027.6620686287 
715, 37868.1716104223 
716, 37426.245349852 
717, 36628.1920228293 
718, 35523.5845736723 
719, 34620.5104711773 
720, 34338.9249978174 
721, 34825.8961722117 
722, 35716.0245402014 
723, 36251.7808824401 
724, 36262.8537248762 
725, 35994.1525964696 
726, 35986.2152108025 
727, 36104.30270578 
728, 36215.9848751816 
729, 36272.8562282862 
730, 36492.0513033451 
731, 36899.8668375943 
732, 37444.0308198085 
733, 38018.0857524022 
734, 38493.260607578 
735, 38771.8896485458 
736, 38819.7677081062 
737, 38770.4221325535 
738, 38699.23213399 
739, 38620.1495721051 
740, 38505.1282366746 
741, 38467.8034535479 
742, 38520.2711331197 
743, 38643.7793170731 
744, 38805.0166626916 
745, 38906.9300144608 
746, 38950.5163907394 
747, 38959.5365581646 
748, 38910.1315152103 
749, 38783.6870102137 
750, 38615.1139475305 
751, 38474.0332566648 
752, 38412.6942597063 
753, 38411.0983712429 
754, 38425.3622357264 
755, 38393.1941921522 
756, 38225.0418912777 
757, 37444.826833122 
758, 35246.1521875557 
759, 30169.6753379066 
760, 22883.3980129311 
761, 16065.1285223535 
762, 12724.4025517438 
763, 13116.989123036 
764, 15364.939704974 
765, 18632.3554566868 
766, 22974.945481429 
767, 27565.0446792508 
768, 31435.8658910516 
769, 34043.2735791331 
770, 35463.9441486782 
771, 36151.637164386 
772, 36419.6417957654 
773, 36491.8235805546 
774, 36479.480386126 
775, 36405.3991992808 
776, 36307.643050875 
777, 36211.9546122646 
778, 36076.8805744934 
779, 35914.5011976576 
780, 35755.2343040254 
781, 35633.7186645561 
782, 35491.0109216151 
783, 35316.5384143516 
784, 35120.2961983517 
785, 34930.5658542591 
786, 34744.7126499297 
787, 34522.8945971325 
788, 34234.54065113 
789, 33899.880352375 
790, 33541.1432669544 
791, 33164.7636158878 
792, 32775.8537910245 
793, 32400.5362159002 
794, 32105.1540036917 
795, 31923.3996922056 
796, 31847.2818725788 
797, 31789.1027425122 
798, 31667.2261331987 
799, 31447.4397897451 
800, 31155.6262761453 
801, 30846.6189247232 
802, 30560.8192676946 
803, 30311.0380480666 
804, 30062.4871737653 
805, 29840.8022761565 
806, 29631.4079213371 
807, 29402.2746787098 
808, 29115.3114153954 
809, 28776.1652208738 
810, 28409.086670507 
811, 28032.6704979919 
812, 27581.7554608507 
813, 26986.7335427958 
814, 26237.965965498 
815, 25395.2963939983 
816, 24609.7599657547 
817, 23985.4224127967 
818, 23587.7855855379 
819, 23439.8216770055 
820, 23368.7259823993 
821, 23261.0320350645 
822, 23074.9932292029 
823, 22874.6946298352 
824, 22744.7251453806 
825, 22752.5172333331 
826, 22866.5130165214 
827, 22780.6133972713 
828, 22523.016816607 
829, 22198.7911485706 
830, 21937.8788745668 
831, 21752.0315862187 
832, 21604.7556320108 
833, 21479.4553499838 
834, 21381.3354200684 
835, 21323.6325871637 
836, 21285.9308213919 
837, 21231.0549674306 
838, 21112.8422277892 
839, 20949.2817698019 
840, 20755.7298116821 
841, 20545.6264788628 
842, 20327.5977343711 
843, 20103.196720807 
844, 19881.7022878236 
845, 19668.5853224093 
846, 19462.2646257913 
847, 19202.5782971387 
848, 18889.9762664259 
849, 18547.6866535308 
850, 18193.9840618732 
851, 17786.701070331 
852, 17373.5349581 
853, 17034.4953777608 
854, 16780.2451624742 
855, 16580.7263316181 
856, 16500.4607945304 
857, 16623.4711703046 
858, 16788.6560957585 
859, 16825.0874996719 
860, 16707.3160695671 
861, 16535.7753775788 
862, 16323.9173208708 
863, 16048.6993499105 
864, 15717.3936143788 
865, 15377.6302102106 
866, 15059.8139369261 
867, 14797.0046871262 
868, 14633.4524080058 
869, 14623.1822006396 
870, 14665.7617343065 
871, 14654.2910706075 
872, 14541.8069313844 
873, 14384.8686280819 
874, 14214.5217735457 
875, 14042.191033492 
876, 13871.4164361644 
877, 13705.6215059205 
878, 13544.4732002943 
879, 13386.1564251282 
880, 13227.2794194423 
881, 13061.293796687 
882, 12898.1673334487 
883, 12745.0588177377 
884, 12602.8971928396 
885, 12459.1969094731 
886, 12301.7760173995 
887, 12135.4322931674 
888, 11971.1873947744 
889, 11811.7917305956 
890, 11654.3900722679 
891, 11478.8583442464 
892, 11261.554620793 
893, 11000.6015980624 
894, 10700.4484189845 
895, 10369.2284131999 
896, 10018.7073210914 
897, 9662.54364134357 
898, 9327.85231143676 
899, 9048.51679435934 
900, 8852.86187908607 
901, 8733.07459393096 
902, 8669.74405426238 
903, 8636.72322458083 
904, 8605.28142439193 
905, 8554.50025722928 
906, 8463.10090733119 
907, 8315.49853556502 
908, 8111.7773485441 
909, 7900.56542953462 
910, 7722.35660234495 
911, 7590.60986129583 
912, 7494.64296114197 
913, 7415.01599900921 
914, 7336.50521882138 
915, 7255.99681222156 
916, 7180.76340909974 
917, 7122.22023512286 
918, 7072.93565758727 
919, 7027.54115057421 
920, 6982.44928232336 
921, 6928.70817214913 
922, 6860.18852685675 
923, 6766.47898193896 
924, 6637.10528625558 
925, 6477.27383196756 
926, 6287.4450105518 
927, 6059.72075909688 
928, 5783.48067001076 
929, 5462.50353008191 
930, 5100.44775085238 
931, 4716.0313199055 
932, 4340.17889695617 
933, 4008.53207962805 
934, 3744.11400684063 
935, 3562.23377469053 
936, 3466.2236635437 
937, 3438.76418273252 
938, 3452.97405766564 
939, 3485.05486203893 
940, 3516.77147816446 
941, 3539.99267757027 
942, 3544.12018245543 
943, 3514.35850162195 
944, 3444.93193426562 
945, 3358.14386607582 
946, 3288.39506055012 
947, 3246.5405880292 
948, 3227.54879810487 
949, 3217.79524336459 
950, 3208.36182051395 
951, 3196.34554953357 
952, 3181.68644031255 
953, 3163.89992138926 
954, 3146.04734691325 
955, 3129.4016818792 
956, 3115.37361793482 
957, 3106.5190562241 
958, 3099.64518933491 
959, 3095.08887211974 
960, 3093.66521328949 
961, 3095.45549419833 
962, 3098.13083453925 
963, 3102.47318198505 
964, 3108.57565386414 
965, 3114.61543821578 
966, 3115.49677171516 
967, 3111.59603877429 
968, 3102.26365853092 
969, 3085.88820633939 
970, 3065.91089085103 
971, 3039.79391310871 
972, 3003.98405886161 
973, 2956.82186409903 
974, 2904.91856661286 
975, 2851.907197302 
976, 2800.27072528893 
977, 2752.49679489246 
978, 2713.48517994794 
979, 2682.41276572311 
980, 2655.97385604756 
981, 2630.15066542329 
982, 2602.07312736427 
983, 2572.65818713397 
984, 2541.11201765337 
985, 2506.88817568996 
986, 2470.34078148384 
987, 2429.21470543134 
988, 2387.85999442121 
989, 2347.43515725909 
990, 2304.75996401321 
991, 2261.24406701077 
992, 2216.20226662456 
993, 2171.31745275997 
994, 2128.8887003106 
995, 2085.94850772022 
996, 2041.64708565296 
997, 1995.67648135065 
998, 1948.82018332164 
999, 1903.87853758908 
1000, 1859.76364590879 
1001, 11576.9654408847 
1002, 11579.1490550602 
1003, 11573.9377498087 
1004, 11579.3938451245 
1005, 11601.5971250843 
1006, 11635.3889889708 
1007, 11684.8502731273 
1008, 11745.4746825518 
1009, 11806.023978132 
1010, 11871.0668821745 
1011, 11939.4081336988 
1012, 12012.6737277574 
1013, 12087.1044478147 
1014, 12163.9476041245 
1015, 12239.3130675562 
1016, 12314.066978087 
1017, 12385.6818105702 
1018, 12458.9270210582 
1019, 12537.234277645 
1020, 12616.5178949198 
1021, 12704.5330816412 
1022, 12791.4795575804 
1023, 12881.1327206481 
1024, 12971.1914686425 
1025, 13060.1132622771 
1026, 13139.9873304509 
1027, 13221.0130428136 
1028, 13294.3532613961 
1029, 13362.9033858961 
1030, 13435.0764985146 
1031, 13501.990641251 
1032, 13562.4061804282 
1033, 13616.73454562 
1034, 13665.2868764833 
1035, 13710.8950657312 
1036, 13750.7616535969 
1037, 13786.0495742773 
1038, 13824.3178961944 
1039, 13860.0591902827 
1040, 13887.1140440084 
1041, 13916.5320648472 
1042, 13939.3142029913 
1043, 13952.1316415229 
1044, 13965.5592256262 
1045, 13974.9459420587 
1046, 13982.9724086504 
1047, 13994.9599592025 
1048, 14009.9372729985 
1049, 14023.3571827038 
1050, 14035.0326771154 
1051, 14047.7054155285 
1052, 14061.2275859572 
1053, 14079.0627440926 
1054, 14103.4927918001 
1055, 14129.5114279618 
1056, 14148.3678331316 
1057, 14166.8660002797 
1058, 14194.8984878548 
1059, 14234.5326610987 
1060, 14285.3780364612 
1061, 14355.437439918 
1062, 14426.5935187646 
1063, 14505.3221465125 
1064, 14584.13645711 
1065, 14675.2151288101 
1066, 14775.7828567052 
1067, 14884.1065044708 
1068, 15014.3039817544 
1069, 15159.3694716438 
1070, 15310.8025157725 
1071, 15484.1513946686 
1072, 15659.695183109 
1073, 15835.5084941514 
1074, 16027.8188948545 
1075, 16200.8839022663 
1076, 16370.4955891931 
1077, 16529.6865160736 
1078, 16668.0492135685 
1079, 16792.017724244 
1080, 16893.6467552233 
1081, 16985.2665048376 
1082, 17078.3954538647 
1083, 17164.1742919706 
1084, 17254.4848363262 
1085, 17348.2786212768 
1086, 17430.3065472013 
1087, 17510.8810022294 
1088, 17574.3753072375 
1089, 17633.5182119182 
1090, 17670.0555151204 
1091, 17688.084325445 
1092, 17695.2117548822 
1093, 17684.975961115 
1094, 17659.0900840139 
1095, 17632.8927353349 
1096, 17605.8110707308 
1097, 17575.9486398418 
1098, 17548.9083569648 
1099, 17523.3101715007 
1100, 17498.4916968725 
1101, 17472.4536729775 
1102, 17459.938959286 
1103, 17421.2098432103 
1104, 17385.5864353605 
1105, 17316.9661563224 
1106, 17222.1122796854 
1107, 17092.2130028508 
1108, 16898.8699771751 
1109, 16649.5301313676 
1110, 16301.7724760418 
1111, 15867.8952454941 
1112, 15360.065329953 
1113, 14732.9882035471 
1114, 14113.8814669178 
1115, 13394.0002399269 
1116, 12744.760155527 
1117, 12045.6565018343 
1118, 11449.8606503931 
1119, 10898.3903964726 
1120, 10390.5386882133 
1121, 9975.61172784269 
1122, 9641.16020798118 
1123, 9412.0743109492 
1124, 9265.29432276368 
1125, 9203.72151023023 
1126, 9270.74055917356 
1127, 9331.63213435109 
1128, 9471.41496497366 
1129, 9607.42929840556 
1130, 9781.66890459328 
1131, 9953.26311017195 
1132, 10120.4443393201 
1133, 10335.604937197 
1134, 10569.2344344265 
1135, 10822.6180068727 
1136, 11174.7445411352 
1137, 11540.3350017776 
1138, 11893.5885550534 
1139, 12226.9210843509 
1140, 12456.5618634668 
1141, 12634.4359704197 
1142, 12722.9143213882 
1143, 12685.3647429113 
1144, 12682.3598689773 
1145, 12529.9586958527 
1146, 12550.7695100046 
1147, 12584.7737755684 
1148, 12744.5799624459 
1149, 13022.4103342374 
1150, 13369.6089477135 
1151, 13818.459415529 
1152, 14313.2660844921 
1153, 14825.0725183805 
1154, 15413.7369127878 
1155, 15969.644984185 
1156, 16550.0591870987 
1157, 17102.9493194267 
1158, 17668.3470664896 
1159, 18192.3160061067 
1160, 18701.4629578031 
1161, 19174.5637924472 
1162, 19623.734815297 
1163, 20040.0878094365 
1164, 20428.6557538337 
1165, 20778.9045662386 
1166, 21099.0247493294 
1167, 21376.8106297705 
1168, 21615.3428861369 
1169, 21811.5977830862 
1170, 21977.2028213934 
1171, 22099.069154082 
1172, 22202.8641060733 
1173, 22268.847318997 
1174, 22323.6556914111 
1175, 22350.1453864537 
1176, 22368.9853632978 
1177, 22360.3209497028 
1178, 22357.931566608 
1179, 22340.3868281225 
1180, 22331.4331951426 
1181, 22316.0527790639 
1182, 22312.252898341 
1183, 22330.8643649538 
1184, 22349.6838638897 
1185, 22411.3197216238 
1186, 22504.3382213705 
1187, 22610.9697007306 
1188, 22753.3209381176 
1189, 22890.8979458621 
1190, 23067.6093733164 
1191, 23199.9289833862 
1192, 23342.1247171402 
1193, 23437.0220071817 
1194, 23503.0083541785 
1195, 23533.6526812024 
1196, 23520.8866737231 
1197, 23490.1984223322 
1198, 23443.6424100744 
1199, 23346.3403428951 
1200, 23297.5784824412 
1201, 23238.9028795789 
1202, 23221.6767596838 
1203, 23223.8483296292 
1204, 23256.3689546776 
1205, 23317.5177140303 
1206, 23397.5331107311 
1207, 23517.137934934 
1208, 23632.8978779391 
1209, 23765.4479068173 
1210, 23901.6895215953 
1211, 24062.0320669615 
1212, 24200.0877464317 
1213, 24331.6156291625 
1214, 24470.7772688066 
1215, 24578.0794599648 
1216, 24662.6211698428 
1217, 24739.8227533675 
1218, 24802.5895944009 
1219, 24856.109926339 
1220, 24887.7290689865 
1221, 24928.9946534135 
1222, 24962.8340782411 
1223, 25000.0701102677 
1224, 25041.159116723 
1225, 25079.8539222568 
1226, 25112.2085363314 
1227, 25151.3682178832 
1228, 25201.3201894124 
1229, 25240.9311509206 
1230, 25277.4733655268 
1231, 25320.6580343892 
1232, 25340.1918853422 
1233, 25349.5490555873 
1234, 25343.2608540326 
1235, 25320.024706051 
1236, 25291.8839698094 
1237, 25254.4073674004 
1238, 25202.8770990574 
1239, 25139.7021784111 
1240, 25069.2049481677 
1241, 24974.3939030208 
1242, 24890.9055663823 
1243, 24809.7480205776 
1244, 24723.9215854613 
1245, 24641.5931224264 
1246, 24555.2772257153 
1247, 24454.4398701191 
1248, 24350.4617554349 
1249, 24221.7811359557 
1250, 24081.9516539486 
1251, 23918.9663702438 
1252, 23746.0520086099 
1253, 23531.5241875645 
1254, 23299.19145146 
1255, 23022.2729953514 
1256, 22705.3391740047 
1257, 22357.9656666357 
1258, 21965.3065224335 
1259, 21559.8808962812 
1260, 21102.4578180795 
1261, 20661.705308822 
1262, 20189.6093017556 
1263, 19739.5357491445 
1264, 19358.9630218287 
1265, 18972.0741465819 
1266, 18733.7425520096 
1267, 18559.3233670051 
1268, 18520.5479248496 
1269, 18596.7400477374 
1270, 18759.9247858478 
1271, 19077.7740799031 
1272, 19384.7290372925 
1273, 19814.9519862719 
1274, 20171.0509331909 
1275, 20563.0973935607 
1276, 20881.4544889423 
1277, 21158.9088263339 
1278, 21402.4851671717 
1279, 21597.0822576904 
1280, 21760.8177841062 
1281, 21910.9196128745 
1282, 22054.1912332216 
1283, 22204.9565505249 
1284, 22353.4891530727 
1285, 22499.086052888 
1286, 22653.3740491614 
1287, 22784.9033613247 
1288, 22914.53013163 
1289, 23013.6247793917 
1290, 23095.3069484114 
1291, 23155.0975823693 
1292, 23186.0399180429 
1293, 23209.5649257532 
1294, 23216.420946409 
1295, 23211.7883696455 
1296, 23190.1652328172 
1297, 23162.3345005606 
1298, 23124.0806591783 
1299, 23073.7350271133 
1300, 23016.3555052788 
1301, 22955.6514254225 
1302, 22886.9071404557 
1303, 22810.1533011425 
1304, 22727.1018009813 
1305, 22638.036900085 
1306, 22542.6927264382 
1307, 22437.1920509849 
1308, 22331.116275834 
1309, 22219.1620488649 
1310, 22106.6465061755 
1311, 21986.3108243409 
1312, 21874.5250435464 
1313, 21757.9777014432 
1314, 21655.1212095395 
1315, 21559.6409963061 
1316, 21472.8664423851 
1317, 21394.2194997601 
1318, 21328.8718928195 
1319, 21267.2041417591 
1320, 21206.5379862965 
1321, 21142.9958088388 
1322, 21055.2109632774 
1323, 20927.8731650236 
1324, 20789.5385231911 
1325, 20581.5162002989 
1326, 20314.3372413823 
1327, 20030.6308155357 
1328, 19666.7261109595 
1329, 19353.4671094407 
1330, 18999.5508197965 
1331, 18732.0876745692 
1332, 18490.4888161246 
1333, 18315.3434390866 
1334, 18233.880004771 
1335, 18143.6157670891 
1336, 18110.4669306401 
1337, 18073.970467675 
1338, 18000.6578595537 
1339, 17853.8167420579 
1340, 17616.5687026661 
1341, 17254.2087337894 
1342, 16738.2886956933 
1343, 16093.8560575812 
1344, 15315.4367017574 
1345, 14362.9787478526 
1346, 13353.869127862 
1347, 12185.2043072481 
1348, 11040.5520091092 
1349, 9776.49093669044 
1350, 8607.78634547682 
1351, 7391.43500259318 
1352, 6314.9684253367 
1353, 5275.37909371118 
1354, 4364.06565784179 
1355, 3550.44113627409 
1356, 2854.37675317956 
1357, 2261.98802902108 
1358, 1793.69924706516 
1359, 1425.58635715104 
1360, 1136.28854841388 
1361, 915.85341928316 
1362, 752.72543486461 
1363, 639.008917834081 
1364, 566.282734367713 
1365, 515.541993422848 
1366, 504.652578568348 
1367, 508.335400066886 
1368, 540.662322298019 
1369, 585.828797722216 
1370, 655.26645199163 
1371, 737.710672783481 
1372, 849.649762489834 
1373, 951.340433541366 
1374, 1086.50535075515 
1375, 1175.28760447289 
1376, 1257.39206051522 
1377, 1298.82570942392 
1378, 1308.54059816401 
1379, 1284.19190834499 
1380, 1236.20091131216 
1381, 1189.48301394113 
1382, 1144.84513653649 
1383, 1128.39681096371 
1384, 1160.28503974447 
1385, 1234.80989697781 
1386, 1352.46731667848 
1387, 1510.72448060018 
1388, 1650.32286448009 
1389, 1823.35634106976 
1390, 1943.8265136973 
1391, 2051.15246418147 
1392, 2126.46644381778 
1393, 2157.35357201116 
1394, 2199.32916075728 
1395, 2209.93258437427 
1396, 2252.15041359992 
1397, 2298.77986214577 
1398, 2365.30354041712 
1399, 2452.96190120813 
1400, 2544.49726580973 
1401, 2647.53457401095 
1402, 2757.80012599136 
1403, 2872.66313343194 
1404, 3000.14001790007 
1405, 3138.10719792163 
1406, 3297.92395862045 
1407, 3484.33949309747 
1408, 3700.40813223631 
1409, 3954.32616741512 
1410, 4238.2680356764 
1411, 4528.79803356466 
1412, 4855.28802848041 
1413, 5161.3204806453 
1414, 5479.67093720397 
1415, 5772.18958716304 
1416, 6052.8834750132 
1417, 6325.38847125407 
1418, 6581.02799242255 
1419, 6835.78840134286 
1420, 7089.36367357802 
1421, 7334.44838043587 
1422, 7589.95661504095 
1423, 7804.67584285907 
1424, 8024.48156096929 
1425, 8176.39881762838 
1426, 8288.50022658507 
1427, 8345.35027993308 
1428, 8348.71577688658 
1429, 8298.86761719236 
1430, 8210.84802492664 
1431, 8106.35427476567 
1432, 7990.92228526603 
1433, 7887.71083063668 
1434, 7813.21508680542 
1435, 7768.14795056537 
1436, 7760.24533703837 
1437, 7796.50048519374 
1438, 7848.22635700307 
1439, 7934.29985385522 
1440, 8028.68759963217 
1441, 8152.22414332161 
1442, 8267.03889637068 
1443, 8397.82054967484 
1444, 8517.14106747005 
1445, 8632.18262664598 
1446, 8748.84834512512 
1447, 8853.83222664936 
1448, 8981.86284434993 
1449, 9109.14935556802 
1450, 9263.40228627559 
1451, 9448.85374989049 
1452, 9631.76679207349 
1453, 9854.03329304155 
1454, 10037.29922892 
1455, 10228.442099837 
1456, 10374.2323849791 
1457, 10468.8962693471 
1458, 10491.9946885977 
1459, 10435.1392947112 
1460, 10299.4984005231 
1461, 10093.2182353795 
1462, 9814.76398896058 
1463, 9498.63571205142 
1464, 9153.57238995385 
1465, 8828.41539463187 
1466, 8472.24468769111 
1467, 8180.55622900968 
1468, 7890.95582469592 
1469, 7683.39905543801 
1470, 7527.11429743339 
1471, 7419.14234743173 
1472, 7377.30741993971 
1473, 7358.62841636129 
1474, 7395.07337918213 
1475, 7429.89913530559 
1476, 7508.07419335808 
1477, 7566.26351488822 
1478, 7628.30050916403 
1479, 7686.49232910781 
1480, 7734.43446317088 
1481, 7794.35525991541 
1482, 7850.38004702282 
1483, 7924.8386026917 
1484, 8008.33016349682 
1485, 8109.46417594819 
1486, 8226.79176877103 
1487, 8358.42080185732 
1488, 8497.60516197438 
1489, 8648.07326765403 
1490, 8797.66177270168 
1491, 8945.15458742035 
1492, 9095.75397850396 
1493, 9233.85226679493 
1494, 9357.52361423329 
1495, 9466.78587292888 
1496, 9555.98935212271 
1497, 9622.05886607499 
1498, 9673.17888465736 
1499, 9699.67849364552 
1500, 9728.11055973966 
1501, 9737.66183909075 
1502, 9757.5387818226 
1503, 9771.06859927699 
1504, 9802.66226685917 
1505, 9833.38523726855 
1506, 9886.48631108243 
1507, 9961.40956107765 
1508, 10037.2291344305 
1509, 10134.8656627685 
1510, 10215.6746943995 
1511, 10303.1033123575 
1512, 10369.889247718 
1513, 10423.7083872315 
1514, 10468.8829822855 
1515, 10496.8561906101 
1516, 10525.2749112732 
1517, 10541.1701606414 
1518, 10563.5126382333 
1519, 10587.6196819208 
1520, 10608.7382051049 
1521, 10629.7295089647 
1522, 10654.140736635 
1523, 10668.2928829339 
1524, 10683.9712592606 
1525, 10699.7853423037 
1526, 10708.8306553673 
1527, 10717.4315663273 
1528, 10725.4511758039 
1529, 10730.7627529111 
1530, 10733.266779177 
1531, 10731.2296070103 
1532, 10726.2297362167 
1533, 10720.6019129701 
1534, 10717.785210971 
1535, 10720.4310015008 
1536, 10729.0667832094 
1537, 10736.0823224381 
1538, 10744.2628990584 
1539, 10758.6714707135 
1540, 10772.8544631276 
1541, 10794.7864366856 
1542, 10831.0296159259 
1543, 10852.4641380863 
1544, 10872.6864218583 
1545, 10891.6387242585 
1546, 10900.1797843521 
1547, 10916.2969728808 
1548, 10939.8673084085 
1549, 10953.888867537 
1550, 10965.5628812351 
1551, 10975.2933779496 
1552, 10978.790530789 
1553, 10984.3019938086 
1554, 10990.096275384 
1555, 10995.1818871412 
1556, 11000.0185960387 
1557, 11003.2424819301 
1558, 11008.1138281187 
1559, 11007.1892695443 
1560, 11008.6055792411 
1561, 10996.3411814866 
1562, 10978.4874401204 
1563, 10949.5277219476 
1564, 10913.814841663 
1565, 10860.2740999755 
1566, 10790.6535996538 
1567, 10713.4186466134 
1568, 10619.0832028834 
1569, 10516.350576776 
1570, 10415.4711671119 
1571, 10322.2076898236 
1572, 10240.571619919 
1573, 10179.4243967902 
1574, 10146.8366911298 
1575, 10144.9593887821 
1576, 10170.6082832056 
1577, 10225.4893272243 
1578, 10291.7903315927 
1579, 10376.6206274434 
1580, 10471.8473518735 
1581, 10586.7441135227 
1582, 10691.192454355 
1583, 10813.1551220741 
1584, 10905.8405293518 
1585, 10988.6409093157 
1586, 11056.2365498045 
1587, 11109.5965871287 
1588, 11151.6844880123 
1589, 11177.5952981514 
1590, 11200.8162516458 
1591, 11213.0982037806 
1592, 11221.5584381128 
1593, 11231.8880716426 
1594, 11217.8925928331 
1595, 11195.3142366904 
1596, 11149.1898020964 
1597, 11077.8406857892 
1598, 11000.8399919042 
1599, 10897.9851102605 
1600, 10810.1919500739 
1601, 10707.9443880902 
1602, 10633.0994018121 
1603, 10567.3382041587 
1604, 10521.1881825459 
1605, 10494.0896794137 
1606, 10478.1348093377 
1607, 10476.3880626512 
1608, 10488.3994687456 
1609, 10516.0491939342 
1610, 10553.1557095197 
1611, 10611.9204623928 
1612, 10665.294114741 
1613, 10729.7169918542 
1614, 10784.489871864 
1615, 10838.7017903259 
1616, 10885.2033568467 
1617, 10931.4063187238 
1618, 10963.5264586318 
1619, 10983.1244102066 
1620, 11000.0620167669 
1621, 11002.2688266937 
1622, 11009.0897133621 
1623, 11023.3481280557 
1624, 11022.6988116784 
1625, 11018.2773152532 
1626, 11003.5042484324 
1627, 10974.6980423334 
1628, 10941.4972670306 
1629, 10903.5728765678 
1630, 10856.1442358421 
1631, 10801.6035369719 
1632, 10737.4369719469 
1633, 10657.7167054561 
1634, 10580.4344403885 
1635, 10490.9877556073 
1636, 10410.3924793707 
1637, 10334.3105807235 
1638, 10260.1560445034 
1639, 10182.8113189249 
1640, 10119.8512726318 
1641, 10058.2930179062 
1642, 10013.4857875518 
1643, 9990.84716149 
1644, 9969.46278205263 
1645, 9962.32052326881 
1646, 9953.19380268947 
1647, 9945.76649583549 
1648, 9939.75131184326 
1649, 9935.50692917165 
1650, 9931.6743553878 
1651, 9929.12365975263 
1652, 9926.59499975419 
1653, 9927.79921972328 
1654, 9930.93199140653 
1655, 9933.31099825201 
1656, 9940.54642471571 
1657, 9937.25860171616 
1658, 9933.44528271414 
1659, 9913.11773790287 
1660, 9886.70178879046 
1661, 9841.406126903 
1662, 9779.60281996311 
1663, 9714.3310647614 
1664, 9629.34767954761 
1665, 9566.84628879509 
1666, 9499.59123630281 
1667, 9460.77830505858 
1668, 9439.40428025913 
1669, 9425.22682364649 
1670, 9430.01403452717 
1671, 9428.73751804524 
1672, 9438.03578297228 
1673, 9430.76540508252 
1674, 9421.73395077152 
1675, 9402.39307814209 
1676, 9371.0676077845 
1677, 9341.77593091086 
1678, 9306.70608171922 
1679, 9276.46562690943 
1680, 9242.41490581252 
1681, 9219.51951043956 
1682, 9202.08315320348 
1683, 9186.41769895901 
1684, 9179.18974501731 
1685, 9163.81668144494 
1686, 9148.25978152377 
1687, 9129.10996291827 
1688, 9105.18817711869 
1689, 9083.92432546109 
1690, 9061.50569678561 
1691, 9040.18538803326 
1692, 9020.12118368006 
1693, 8999.72607138114 
1694, 8981.83503635384 
1695, 8955.03431709699 
1696, 8925.57932411895 
1697, 8892.10288485002 
1698, 8850.93313499086 
1699, 8813.30692820896 
1700, 8776.78376661814 
1701, 8736.65315484798 
1702, 8692.86301692938 
1703, 8652.04190841274 
1704, 8609.4083852598 
1705, 8569.61380111714 
1706, 8531.96645397462 
1707, 8496.19249972854 
1708, 8461.17094251956 
1709, 8429.46917488403 
1710, 8398.14491157463 
1711, 8376.07145027456 
1712, 8358.95357781322 
1713, 8344.62913873729 
1714, 8341.12998193719 
1715, 8328.60610410401 
1716, 8310.15495906512 
1717, 8272.11684639974 
1718, 8234.90607301517 
1719, 8187.68972001205 
1720, 8136.02514860668 
1721, 8090.08712216758 
1722, 8041.79790949851 
1723, 7996.21739983369 
1724, 7947.14188231265 
1725, 7899.37919668774 
1726, 7852.02024355536 
1727, 7804.34460905274 
1728, 7758.75560290051 
1729, 7707.69965929921 
1730, 7657.70612993079 
1731, 7606.95570901116 
1732, 7553.48296540492 
1733, 7504.6176372768 
1734, 7459.85221418188 
1735, 7419.07837699537 
1736, 7381.70927337187 
1737, 7357.05722197013 
1738, 7339.60688387893 
1739, 7320.23177091821 
1740, 7304.41702765727 
1741, 7290.55763963765 
1742, 7268.54494732453 
1743, 7245.20068900916 
1744, 7224.2557595246 
1745, 7188.49955972441 
1746, 7157.48287336331 
1747, 7141.18093531116 
1748, 7123.48323573807 
1749, 7114.78561362513 
1750, 7107.17057710414 
1751, 7092.96133052328 
1752, 7071.53778748032 
1753, 7039.15464637177 
1754, 7008.97471641137 
1755, 6979.39815863451 
1756, 6945.31906526417 
1757, 6909.44840082213 
1758, 6865.22204927937 
1759, 6812.50326563421 
1760, 6759.41347731623 
1761, 6711.41319150329 
1762, 6662.66087296022 
1763, 6595.52646268529 
1764, 6537.22389476932 
1765, 6472.23488409651 
1766, 6419.54470612852 
1767, 6383.63881498167 
1768, 6339.77459957622 
1769, 6306.17745891307 
1770, 6255.37974209441 
1771, 6195.21623340724 
1772, 6125.33184738789 
1773, 6039.52058839318 
1774, 5956.9859114419 
1775, 5867.26826349396 
1776, 5782.16828206817 
1777, 5697.20296965883 
1778, 5614.23760091388 
1779, 5528.2014882583 
1780, 5451.48806064824 
1781, 5377.81544514974 
1782, 5312.01901191062 
1783, 5261.94804450567 
1784, 5200.86754286105 
1785, 5142.09175192619 
1786, 5076.41179675333 
1787, 5007.56078406232 
1788, 4928.59673781442 
1789, 4851.55330030868 
1790, 4748.01929048501 
1791, 4625.58429651211 
1792, 4492.53551708471 
1793, 4340.20938872235 
1794, 4187.22163292741 
1795, 4026.96249240541 
1796, 3858.5149875563 
1797, 3677.87842537569 
1798, 3486.89134218487 
1799, 3299.513161616 
1800, 3115.12509199138 
1801, 18218.6215970465 
1802, 17429.5725000554 
1803, 16761.0522250317 
1804, 16200.7551280551 
1805, 15714.7332800609 
1806, 15333.1828244316 
1807, 14962.6022325097 
1808, 14516.7431111989 
1809, 14125.9651762971 
1810, 13615.4282348122 
1811, 12973.0632887643 
1812, 12371.3522616198 
1813, 11735.6357852938 
1814, 11093.7227231518 
1815, 10470.2557019673 
1816, 9887.52140437388 
1817, 9326.31600793405 
1818, 8818.78253505043 
1819, 8363.2147864811 
1820, 7952.92103591501 
1821, 7586.62895826819 
1822, 7314.2552991622 
1823, 7024.65269684122 
1824, 6674.45159415748 
1825, 6305.09792153922 
1826, 5873.26570166042 
1827, 5371.62940948737 
1828, 4833.98689767235 
1829, 4211.77822906136 
1830, 3653.51280728179 
1831, 3051.39130296514 
1832, 2481.01628119328 
1833, 2031.82324128596 
1834, 1694.06625485025 
1835, 1407.33085003559 
1836, 1201.71732932293 
1837, 1062.21399663939 
1838, 950.957371476212 
1839, 885.929024295859 
1840, 881.273956488966 
1841, 904.735212214744 
1842, 977.730602308177 
1843, 1081.71553692628 
1844, 1177.46314660701 
1845, 1249.33348988272 
1846, 1284.63519971139 
1847, 1295.56899897349 
1848, 1277.94859863674 
1849, 1249.8835618967 
1850, 1215.25431533873 
1851, 1158.9016450309 
1852, 1079.91515700984 
1853, 1047.59793566416 
1854, 1035.27990581063 
1855, 1036.86905469732 
1856, 1089.66444291659 
1857, 1147.5742733153 
1858, 1237.89029413083 
1859, 1353.13347823841 
1860, 1510.53128261782 
1861, 1653.76463477705 
1862, 1795.31712034327 
1863, 1919.87056102236 
1864, 1994.81287347659 
1865, 2008.70167889432 
1866, 1939.06316811938 
1867, 1774.05979136824 
1868, 1528.2418856244 
1869, 1274.37521810954 
1870, 1072.48933741344 
1871, 866.456713488314 
1872, 726.119768191023 
1873, 668.508044146997 
1874, 661.40323978341 
1875, 748.836634295475 
1876, 913.498232062654 
1877, 1123.74058695065 
1878, 1408.11041648874 
1879, 1708.22452742668 
1880, 1987.83097595247 
1881, 2282.27053053478 
1882, 2574.60042734346 
1883, 2815.10091103019 
1884, 3006.72464357463 
1885, 3150.54473873034 
1886, 3237.22909572132 
1887, 3290.89345467555 
1888, 3301.67178635401 
1889, 3263.45670977042 
1890, 3189.94097361177 
1891, 3106.93416375871 
1892, 2984.11636414224 
1893, 2856.52103788731 
1894, 2738.85666268982 
1895, 2618.31154393616 
1896, 2460.80813959158 
1897, 2270.54882141671 
1898, 2062.95103579055 
1899, 1819.82071557724 
1900, 1611.40159976349 
1901, 1377.86743645394 
1902, 1225.24204203823 
1903, 1096.14237345828 
1904, 1036.82549879787 
1905, 1039.08247783967 
1906, 1076.0744097801 
1907, 1122.94852632652 
1908, 1185.85757903408 
1909, 1265.37342863095 
1910, 1347.13286143508 
1911, 1442.28339700651 
1912, 1541.084665678 
1913, 1672.86158508267 
1914, 1818.38573503285 
1915, 1986.06031098621 
1916, 2197.6674313095 
1917, 2462.38333693153 
1918, 2740.05089496289 
1919, 3010.43882867132 
1920, 3261.21765087136 
1921, 3496.7233151141 
1922, 3681.3027849249 
1923, 3826.10335233241 
1924, 3936.60113307566 
1925, 4012.40852283506 
1926, 4037.13545632922 
1927, 4043.07593695186 
1928, 4057.3902739983 
1929, 4065.37565054481 
1930, 4111.77372775993 
1931, 4190.28548220983 
1932, 4287.80061287224 
1933, 4397.21335002286 
1934, 4560.56722863411 
1935, 4674.36767634686 
1936, 4774.45060576676 
1937, 4873.6940141688 
1938, 4973.14768755548 
1939, 5046.20596153651 
1940, 5128.06647860339 
1941, 5205.93433971464 
1942, 5264.33686239424 
1943, 5329.43622429104 
1944, 5372.07286552839 
1945, 5426.95560282525 
1946, 5427.03899769061 
1947, 5420.06647356749 
1948, 5339.31180385293 
1949, 5199.68464224094 
1950, 5028.43750140624 
1951, 4817.18444490702 
1952, 4557.10453812714 
1953, 4304.40905617306 
1954, 4065.66395517837 
1955, 3889.01985850317 
1956, 3697.3717086619 
1957, 3638.9778262638 
1958, 3669.64293027422 
1959, 3755.0286713743 
1960, 3930.15261257289 
1961, 4157.01139802258 
1962, 4409.05081786718 
1963, 4668.17882516953 
1964, 4941.87241425351 
1965, 5221.92971083513 
1966, 5524.69545240737 
1967, 5839.27337193824 
1968, 6181.52980005023 
1969, 6546.64514524607 
1970, 6934.49219860187 
1971, 7365.11552452481 
1972, 7777.35617972536 
1973, 8211.0093872247 
1974, 8637.58259352966 
1975, 9031.53865990165 
1976, 9414.74213926123 
1977, 9729.20926165163 
1978, 9990.51396506587 
1979, 10240.4798587088 
1980, 10436.0309471153 
1981, 10633.276719183 
1982, 10836.3502138239 
1983, 10992.2623025451 
1984, 11128.4057891851 
1985, 11217.5134194747 
1986, 11266.5151524142 
1987, 11292.0232957048 
1988, 11266.0594781398 
1989, 11186.4297637007 
1990, 11043.8983110047 
1991, 10876.6298151812 
1992, 10581.5022891789 
1993, 10248.4491467375 
1994, 9743.64615728173 
1995, 9082.39081122262 
1996, 8355.77012922069 
1997, 7479.77952659335 
1998, 6551.0179064119 
1999, 5566.73584094253 
2000, 4634.57346252958 
2001, 3789.33205337185 
2002, 3055.76051084783 
2003, 2523.61606807111 
2004, 2176.17329190327 
2005, 1924.97964977944 
2006, 1888.28326433367 
2007, 1837.17406266788 
2008, 1922.08061540242 
2009, 1967.77379843814 
2010, 2047.89048404996 
2011, 2127.88155518083 
2012, 2179.06375104102 
2013, 2257.47172112554 
2014, 2390.56021369017 
2015, 2513.94655403444 
2016, 2758.32996653019 
2017, 3070.66162853768 
2018, 3455.46730324042 
2019, 3932.6965405375 
2020, 4445.09674935389 
2021, 5044.06898729097 
2022, 5651.49273820759 
2023, 6321.42736671386 
2024, 6993.40389364417 
2025, 7658.55756920095 
2026, 8288.36667500865 
2027, 8847.7051826983 
2028, 9374.31925062025 
2029, 9813.88330326553 
2030, 10190.1115875065 
2031, 10507.5029542595 
2032, 10751.2388086931 
2033, 10946.8724583407 
2034, 11066.9476294572 
2035, 11167.6159175104 
2036, 11200.1670196215 
2037, 11230.1886609448 
2038, 11240.6087659791 
2039, 11233.6077777693 
2040, 11192.6714061607 
2041, 11141.9562641148 
2042, 11026.2753035985 
2043, 10875.8615671599 
2044, 10670.2414191486 
2045, 10416.5170285329 
2046, 10110.5703605695 
2047, 9744.28859045243 
2048, 9350.65745260641 
2049, 8861.93918767564 
2050, 8419.35297224707 
2051, 7927.4788156667 
2052, 7480.28413978159 
2053, 7120.99322563845 
2054, 6857.67052717795 
2055, 6734.69395531247 
2056, 6772.80664916132 
2057, 6816.11332442357 
2058, 7004.00651588929 
2059, 7129.59761757824 
2060, 7311.45385044478 
2061, 7423.26375028158 
2062, 7511.66076678676 
2063, 7586.52353614011 
2064, 7581.6509138485 
2065, 7638.53020370731 
2066, 7696.39554332676 
2067, 7781.826729594 
2068, 7947.81283803095 
2069, 8164.11192391485 
2070, 8428.13801817559 
2071, 8779.05832806346 
2072, 9106.84505165639 
2073, 9463.19948022012 
2074, 9827.13439679826 
2075, 10215.9298408239 
2076, 10592.1304341945 
2077, 11011.9677636642 
2078, 11372.393027258 
2079, 11724.1784131983 
2080, 12024.4532288292 
2081, 12281.8886799811 
2082, 12500.9368840978 
2083, 12691.9654551829 
2084, 12829.9470703304 
2085, 12977.8479464628 
2086, 13092.4153964549 
2087, 13228.1949968035 
2088, 13356.604895638 
2089, 13499.1511810339 
2090, 13654.0420436782 
2091, 13803.4173784517 
2092, 13963.8629990396 
2093, 14110.1170245197 
2094, 14243.3124219094 
2095, 14383.5518388739 
2096, 14521.4965416475 
2097, 14659.2007662312 
2098, 14795.9663085343 
2099, 14946.1664884125 
2100, 15064.9102567859 
2101, 15169.2300506478 
2102, 15269.2203303407 
2103, 15345.5186644772 
2104, 15436.0934261905 
2105, 15530.961468503 
2106, 15620.691736987 
2107, 15718.4184593807 
2108, 15798.4159602955 
2109, 15856.7683802542 
2110, 15927.7726225926 
2111, 15985.8030606855 
2112, 16063.396168729 
2113, 16141.7999943182 
2114, 16229.6591833996 
2115, 16318.5347067524 
2116, 16405.334608355 
2117, 16503.1721963417 
2118, 16611.6634004661 
2119, 16718.6549899543 
2120, 16831.6577260596 
2121, 16943.0690399349 
2122, 17052.391310237 
2123, 17171.1910606706 
2124, 17292.0986157767 
2125, 17420.052811845 
2126, 17566.7833339486 
2127, 17698.5503871234 
2128, 17831.3995992585 
2129, 17953.8566283426 
2130, 18074.9677254407 
2131, 18191.515713064 
2132, 18293.6465009214 
2133, 18389.9776805742 
2134, 18481.3905195153 
2135, 18546.0368818716 
2136, 18639.0750891599 
2137, 18748.2709120533 
2138, 18845.7472575319 
2139, 18964.7703532949 
2140, 19049.7627396407 
2141, 19109.215247633 
2142, 19172.2452474466 
2143, 19227.4646984938 
2144, 19268.0982668065 
2145, 19303.5969412926 
2146, 19326.8199184306 
2147, 19336.8242571912 
2148, 19349.0610306014 
2149, 19371.8004423403 
2150, 19393.6540087672 
2151, 19441.6822005455 
2152, 19508.5107817305 
2153, 19568.2760826365 
2154, 19658.4947328746 
2155, 19714.3494734217 
2156, 19762.9555916904 
2157, 19787.3839792025 
2158, 19803.2797760811 
2159, 19787.1109771362 
2160, 19723.3961686545 
2161, 19674.0556356473 
2162, 19576.3892295596 
2163, 19531.2611571977 
2164, 19491.530228467 
2165, 19501.1561900545 
2166, 19548.8745337371 
2167, 19640.0284092594 
2168, 19751.3475372225 
2169, 19911.5358354557 
2170, 20061.0349474315 
2171, 20248.9014558867 
2172, 20392.0653615782 
2173, 20542.6949398364 
2174, 20648.2079948342 
2175, 20716.6410384384 
2176, 20777.5853965777 
2177, 20807.1012278004 
2178, 20838.4902668205 
2179, 20853.3285773831 
2180, 20870.9483184328 
2181, 20876.3124265874 
2182, 20892.6140411212 
2183, 20902.939001187 
2184, 20929.0718231536 
2185, 20989.0721688059 
2186, 21042.8772599618 
2187, 21101.3978452478 
2188, 21184.8707474298 
2189, 21239.1226877557 
2190, 21292.6655234838 
2191, 21312.0579617928 
2192, 21337.9583611104 
2193, 21288.9374377478 
2194, 21203.0286159227 
2195, 21064.0475924474 
2196, 20833.1250318779 
2197, 20634.7484029554 
2198, 20359.6294107668 
2199, 20177.1909757183 
2200, 19998.6752716117 
2201, 19909.535883233 
2202, 19888.9878874313 
2203, 19922.3718846705 
2204, 20038.7049727566 
2205, 20193.4658408568 
2206, 20364.8117741318 
2207, 20572.366717577 
2208, 20746.4747333799 
2209, 20933.5151132886 
2210, 21066.6824872334 
2211, 21193.5773390778 
2212, 21257.8866467288 
2213, 21268.6866130495 
2214, 21266.1907544962 
2215, 21205.9687740923 
2216, 21170.3377124897 
2217, 21127.4878027269 
2218, 21076.1442381764 
2219, 21031.6164343532 
2220, 20963.1155520866 
2221, 20863.0424115279 
2222, 20777.4665681373 
2223, 20679.2165625566 
2224, 20594.4196545701 
2225, 20523.9279788955 
2226, 20448.919471194 
2227, 20385.1191674449 
2228, 20308.8031778782 
2229, 20217.5857587801 
2230, 20128.761958701 
2231, 20038.2408490918 
2232, 19939.4683193201 
2233, 19843.986107556 
2234, 19754.4992281294 
2235, 19650.7780699489 
2236, 19543.0134877631 
2237, 19424.7406292772 
2238, 19293.2527213393 
2239, 19172.2217612013 
2240, 19049.3782194979 
2241, 18918.744750524 
2242, 18785.8514537931 
2243, 18655.4822219519 
2244, 18509.041571324 
2245, 18382.0581079844 
2246, 18275.3945526788 
2247, 18160.2679350653 
2248, 18063.7466992829 
2249, 17940.7150705053 
2250, 17807.1397658911 
2251, 17660.9181935784 
2252, 17491.8673214133 
2253, 17319.3471909946 
2254, 17137.4053033919 
2255, 16952.5421853678 
2256, 16774.1856728933 
2257, 16578.8748146632 
2258, 16402.3270153386 
2259, 16228.7672213585 
2260, 16069.6084717946 
2261, 15918.0892609455 
2262, 15781.2003606411 
2263, 15656.254051945 
2264, 15540.5725811551 
2265, 15447.6697837607 
2266, 15339.2149149568 
2267, 15234.9716172555 
2268, 15127.7777129911 
2269, 15015.4811736627 
2270, 14901.6640976655 
2271, 14795.8904558335 
2272, 14671.945303122 
2273, 14527.0825000332 
2274, 14391.4210944941 
2275, 14236.319527217 
2276, 14110.4569978782 
2277, 14014.9415963837 
2278, 13907.0281569679 
2279, 13822.9808980358 
2280, 13710.5892812687 
2281, 13585.8456883461 
2282, 13429.6833092912 
2283, 13282.2538291876 
2284, 13146.1033712483 
2285, 13015.9000995449 
2286, 12898.9409680826 
2287, 12762.8673249026 
2288, 12611.7527934513 
2289, 12451.1542664319 
2290, 12276.5462263082 
2291, 12090.2993156276 
2292, 11886.4978074223 
2293, 11693.6171693222 
2294, 11484.8474869672 
2295, 11302.587686066 
2296, 11127.022452377 
2297, 10973.6628462704 
2298, 10838.1678798154 
2299, 10709.5486667758 
2300, 10584.1398129019 
2301, 10497.6204013909 
2302, 10425.5316142818 
2303, 10383.3337732149 
2304, 10382.8492831077 
2305, 10393.8738602275 
2306, 10438.2047176262 
2307, 10472.636949081 
2308, 10565.4574508393 
2309, 10574.4365646518 
2310, 10580.059806929 
2311, 10494.9275968342 
2312, 10333.9623451408 
2313, 10123.9853084881 
2314, 9830.86095519955 
2315, 9509.40450622504 
2316, 9157.17417742523 
2317, 8840.61128955207 
2318, 8594.13462313618 
2319, 8418.38599999982 
2320, 8331.15269959236 
2321, 8296.62704136969 
2322, 8327.26959999652 
2323, 8380.70397599307 
2324, 8442.71877995307 
2325, 8498.70975119105 
2326, 8502.12019341276 
2327, 8480.50586748558 
2328, 8446.17454742035 
2329, 8391.17522561871 
2330, 8310.70114357384 
2331, 8216.63798149117 
2332, 8087.99776663651 
2333, 7910.80677625761 
2334, 7755.0537299223 
2335, 7580.92012085686 
2336, 7421.07854542318 
2337, 7271.39223496285 
2338, 7114.81901276875 
2339, 6945.7854910819 
2340, 6801.67277771647 
2341, 6659.76756380098 
2342, 6541.91104298388 
2343, 6456.83146079739 
2344, 6357.21294644859 
2345, 6268.76225099895 
2346, 6165.54755445455 
2347, 6047.69112174053 
2348, 5944.49768379688 
2349, 5839.42341487803 
2350, 5748.21029960171 
2351, 5657.38960682186 
2352, 5590.98895846821 
2353, 5528.9824005035 
2354, 5500.23639959495 
2355, 5509.06654006117 
2356, 5520.58830244219 
2357, 5568.86035190811 
2358, 5596.01670616834 
2359, 5636.93181003437 
2360, 5641.32677644374 
2361, 5629.33502035806 
2362, 5596.27005952178 
2363, 5545.98777544448 
2364, 5466.51475205736 
2365, 5339.69864615755 
2366, 5169.68716364776 
2367, 4953.5327284075 
2368, 4738.90692408272 
2369, 4551.02019249018 
2370, 4386.81139719617 
2371, 4261.66845280814 
2372, 4173.2971549836 
2373, 4150.47269279197 
2374, 4163.0106006465 
2375, 4198.55422079488 
2376, 4252.15549318912 
2377, 4274.59582992604 
2378, 4276.90610222569 
2379, 4270.83717666924 
2380, 4244.53896465024 
2381, 4198.92345535084 
2382, 4147.6801302366 
2383, 4070.45200809111 
2384, 3983.40333013364 
2385, 3913.1667071203 
2386, 3852.77658044035 
2387, 3808.27948053866 
2388, 3783.13237972513 
2389, 3760.27092358763 
2390, 3730.48638600596 
2391, 3730.41787662466 
2392, 3730.31377809254 
2393, 3718.79690756435 
2394, 3724.99532591977 
2395, 3708.95017318737 
2396, 3672.15349733354 
2397, 3641.82762728104 
2398, 3604.520953935 
2399, 3569.52394944015 
2400, 3540.69038889494 
2401, 3492.3799951734 
2402, 3440.6040377385 
2403, 3380.49884806641 
2404, 3316.33938121325 
2405, 3263.05278193013 
2406, 3221.0469380159 
2407, 3169.06645933719 
2408, 3117.0470803245 
2409, 3062.99757598814 
2410, 3013.42634290991 
2411, 2941.15045104082 
2412, 2852.98505310877 
2413, 2776.99419572299 
2414, 2677.17487412283 
2415, 2615.26164888049 
2416, 2583.83610183261 
2417, 2542.83741273543 
2418, 2504.30808145529 
2419, 2492.95619933038 
2420, 2496.44647285131 
2421, 2496.35829549955 
2422, 2516.15896078955 
2423, 2526.03551642097 
2424, 2520.65245368348 
2425, 2535.40417251801 
2426, 2579.12029643601 
2427, 2579.41201090972 
2428, 2581.88740513679 
2429, 2538.98188165719 
2430, 2451.8845602423 
2431, 2366.44428921592 
2432, 2249.11005022279 
2433, 2161.34519801011 
2434, 2061.55743021366 
2435, 2003.12307618387 
2436, 1968.17203236352 
2437, 1950.86249296693 
2438, 1962.69698020747 
2439, 1984.6566499931 
2440, 2043.79469514599 
2441, 2047.64189969153 
2442, 2059.38785697022 
2443, 2011.14628506016 
2444, 1903.72754483599 
2445, 1796.39033475399 
2446, 1675.62379826613 
2447, 1557.2423208825 
2448, 1470.41700950696 
2449, 1430.85794719904 
2450, 1405.26924070456 
2451, 1417.18172164552 
2452, 1454.04042894324 
2453, 1470.4440908653 
2454, 1512.25833448736 
2455, 1556.56640565542 
2456, 1581.31341290718 
2457, 1609.28974462683 
2458, 1626.92326792372 
2459, 1648.55153702063 
2460, 1660.87344598129 
2461, 1653.88909051137 
2462, 1622.25702031916 
2463, 1559.36518383343 
2464, 1502.38240171532 
2465, 1449.11445592274 
2466, 1407.80535096679 
2467, 1394.65142183215 
2468, 1373.41669258533 
2469, 1343.97016055897 
2470, 1314.00450640419 
2471, 1271.11184829255 
2472, 1216.37890300864 
2473, 1170.30524615334 
2474, 1146.52519230825 
2475, 1126.62388353703 
2476, 1111.43874720418 
2477, 1084.59533683732 
2478, 1045.2214687579 
2479, 1019.015202385 
2480, 971.013402625699 
2481, 906.331164523845 
2482, 848.241792961322 
2483, 765.035731006109 
2484, 688.234494380971 
2485, 652.714307391016 
2486, 623.963268940346 
2487, 596.067345993871 
2488, 577.105510139843 
2489, 558.188393350105 
2490, 541.643672586869 
2491, 533.724934903331 
2492, 546.270949220479 
2493, 552.334811617329 
2494, 564.763398768376 
2495, 609.858770839392 
2496, 631.865842546067 
2497, 646.339316972679 
2498, 651.128632197639 
2499, 616.9371778444 
2500, 603.027272312125 
