Wavelength,0212202100080.asd
350, 513.002383739415 
351, 540.685061493474 
352, 565.705967962353 
353, 585.625732865931 
354, 605.765266816831 
355, 626.88488753448 
356, 648.681693104796 
357, 671.723856832987 
358, 695.556468044211 
359, 720.038150607137 
360, 746.190039890091 
361, 780.246301466207 
362, 818.969742752321 
363, 859.642217534966 
364, 900.949768355593 
365, 943.71227279698 
366, 985.528789782667 
367, 1022.84268140169 
368, 1051.30122212139 
369, 1068.30138330265 
370, 1074.37912924066 
371, 1072.58652299297 
372, 1068.70673545049 
373, 1066.24990622011 
374, 1066.99828437686 
375, 1070.7005187122 
376, 1072.31398869163 
377, 1073.53970169674 
378, 1073.58116878441 
379, 1067.30944779403 
380, 1055.74667915929 
381, 1040.80215926007 
382, 1023.64431256201 
383, 1001.61606615907 
384, 981.222654803453 
385, 967.664330660519 
386, 966.234502940249 
387, 988.105680760074 
388, 1017.93373226503 
389, 1043.45346513552 
390, 1058.88133945935 
391, 1070.31574979817 
392, 1080.78003597651 
393, 1091.13726013473 
394, 1096.68406282864 
395, 1117.67523715965 
396, 1161.51053051485 
397, 1230.12242718488 
398, 1328.90586865136 
399, 1440.60264451089 
400, 1554.60039368712 
401, 1667.25982121345 
402, 1773.63139298083 
403, 1860.43056858975 
404, 1922.23168763641 
405, 1969.14020200735 
406, 2007.88113407917 
407, 2043.34241379405 
408, 2080.9733468589 
409, 2132.59063072395 
410, 2194.76857522521 
411, 2263.67442992078 
412, 2335.4346768595 
413, 2406.3416482798 
414, 2475.72859609622 
415, 2542.64468454587 
416, 2604.62441612856 
417, 2661.04996635377 
418, 2716.80437179023 
419, 2775.68279890788 
420, 2829.83099216544 
421, 2882.92717496365 
422, 2939.08819022413 
423, 3001.14237977648 
424, 3060.13037505217 
425, 3107.28575728806 
426, 3135.30245529429 
427, 3138.41164703619 
428, 3127.00625405311 
429, 3128.38468147639 
430, 3165.06471818369 
431, 3220.77592416366 
432, 3295.58263905988 
433, 3406.77258669187 
434, 3576.44786340403 
435, 3754.40194813699 
436, 3890.69644697446 
437, 3975.54914429136 
438, 4063.66591478328 
439, 4153.46562708636 
440, 4238.73935544646 
441, 4317.62266343496 
442, 4420.30557238599 
443, 4527.6594320671 
444, 4625.30120271608 
445, 4704.95997017206 
446, 4769.19780450017 
447, 4827.17419395416 
448, 4888.85036003757 
449, 4965.31919449973 
450, 5030.87546788577 
451, 5066.76237867516 
452, 5065.39619488499 
453, 5053.48582173478 
454, 5026.32975156968 
455, 4991.39294715627 
456, 4967.28951559827 
457, 4963.17903469143 
458, 4966.20067152949 
459, 4963.18326195929 
460, 4949.34116429602 
461, 4931.63031625983 
462, 4913.55985847769 
463, 4894.75030406789 
464, 4863.88020645632 
465, 4813.69247963509 
466, 4751.00657027552 
467, 4696.07687115769 
468, 4650.5397539268 
469, 4615.57878305602 
470, 4592.41904474047 
471, 4585.82532988288 
472, 4582.73747269328 
473, 4583.12328960477 
474, 4590.79816265242 
475, 4590.6597386263 
476, 4586.7593181976 
477, 4584.21835414576 
478, 4587.10012249294 
479, 4602.34618868773 
480, 4624.04968011107 
481, 4640.59118788737 
482, 4637.55200649383 
483, 4604.01513173359 
484, 4532.50232461697 
485, 4424.2541438914 
486, 4318.94270952457 
487, 4243.09206959857 
488, 4219.55070597648 
489, 4271.21714712419 
490, 4352.06265288721 
491, 4417.02732988048 
492, 4438.00928285563 
493, 4446.24002357072 
494, 4459.45599636956 
495, 4485.5565561335 
496, 4521.21877049247 
497, 4532.78741365033 
498, 4520.37048581798 
499, 4491.72099024661 
500, 4454.29993393216 
501, 4425.87168358364 
502, 4414.64069621624 
503, 4424.56876754914 
504, 4464.58987028712 
505, 4522.27926587743 
506, 4582.20885941854 
507, 4628.21681858949 
508, 4663.19795326445 
509, 4690.64933092582 
510, 4715.88853435325 
511, 4748.83309961424 
512, 4773.99205764753 
513, 4780.45419759888 
514, 4761.85732743176 
515, 4724.39589130635 
516, 4673.1367012806 
517, 4620.87823511622 
518, 4589.71451784186 
519, 4626.85660043585 
520, 4737.30368820531 
521, 4894.87404699902 
522, 5027.20379806968 
523, 5124.5997397288 
524, 5192.54068305052 
525, 5246.49241691186 
526, 5270.10335341946 
527, 5277.22159198767 
528, 5301.14596697843 
529, 5409.2695271214 
530, 5548.9323418051 
531, 5665.29974574718 
532, 5715.26784394755 
533, 5730.58029291969 
534, 5755.24479985332 
535, 5812.60102284669 
536, 5900.18735759975 
537, 5961.9341212863 
538, 5991.08676902387 
539, 5997.2038480287 
540, 5993.80894201428 
541, 5998.42290528423 
542, 6029.20496823428 
543, 6098.14505623006 
544, 6177.18192927998 
545, 6247.20485948993 
546, 6296.80405403367 
547, 6323.60034324802 
548, 6341.43209138146 
549, 6363.2813810502 
550, 6396.41672597426 
551, 6429.29585154826 
552, 6454.85838617668 
553, 6473.48818970107 
554, 6491.36646698004 
555, 6506.26183496886 
556, 6501.20092793762 
557, 6465.88151385427 
558, 6405.59817997267 
559, 6354.06732327535 
560, 6330.17165879038 
561, 6340.20904446951 
562, 6369.12126496154 
563, 6387.7817777663 
564, 6379.81975555603 
565, 6345.67812687328 
566, 6299.9097465978 
567, 6255.46752827941 
568, 6218.53627530817 
569, 6178.59108217781 
570, 6126.51969835829 
571, 6077.79181184389 
572, 6060.59353439072 
573, 6065.46792888416 
574, 6064.28489985273 
575, 6038.72240972219 
576, 5989.62847214695 
577, 5942.37653363205 
578, 5915.43553667055 
579, 5919.97773462823 
580, 5949.68194887153 
581, 6002.17560982514 
582, 6065.39643421957 
583, 6118.65035888164 
584, 6152.62291593541 
585, 6151.38881981862 
586, 6112.35427462522 
587, 6064.00051925839 
588, 6003.88831259957 
589, 5922.69715373953 
590, 5821.15830862758 
591, 5784.99762251575 
592, 5812.01583106829 
593, 5861.4412731749 
594, 5856.54734288894 
595, 5824.2322949365 
596, 5780.60858381289 
597, 5736.41853863388 
598, 5687.89729776107 
599, 5627.35298374614 
600, 5560.79219673942 
601, 5503.36265350427 
602, 5457.04180241086 
603, 5430.60683923335 
604, 5424.91783105044 
605, 5428.16643059068 
606, 5415.49291070095 
607, 5384.46108932902 
608, 5343.31492741503 
609, 5301.4133989578 
610, 5262.76226545757 
611, 5228.85186609814 
612, 5198.73003647625 
613, 5168.03856706789 
614, 5131.88551889661 
615, 5091.35182302669 
616, 5060.78710769342 
617, 5039.83280704615 
618, 5035.58433226655 
619, 5053.50036206263 
620, 5074.07224087747 
621, 5074.78067843736 
622, 5047.58763950127 
623, 5002.56065588036 
624, 4952.30135957478 
625, 4904.88912990224 
626, 4864.13540463792 
627, 4827.26887587856 
628, 4791.08967004312 
629, 4755.60797171417 
630, 4725.4142966827 
631, 4724.65446043746 
632, 4737.83233792685 
633, 4752.73991023414 
634, 4772.11083720362 
635, 4785.96542993682 
636, 4794.13602886288 
637, 4798.76376813386 
638, 4796.96344728735 
639, 4785.52495758321 
640, 4761.00547639129 
641, 4721.85206642966 
642, 4691.23351156903 
643, 4671.8084728574 
644, 4658.22282268739 
645, 4638.15884007641 
646, 4605.03174188461 
647, 4563.98176397867 
648, 4525.26774016766 
649, 4493.58792256401 
650, 4466.26265032492 
651, 4448.47339773601 
652, 4451.87304575879 
653, 4440.65429624571 
654, 4389.52647204725 
655, 4293.74643073719 
656, 4183.4587455212 
657, 4102.15496179904 
658, 4099.02010377691 
659, 4200.53597839638 
660, 4305.94332534426 
661, 4364.49233195001 
662, 4372.47217392488 
663, 4375.74823394774 
664, 4370.86107329567 
665, 4362.83502431918 
666, 4356.59991800091 
667, 4355.44818170993 
668, 4353.03035822527 
669, 4347.95533585128 
670, 4341.39871192784 
671, 4330.81206915672 
672, 4318.3503268435 
673, 4309.34756532654 
674, 4312.55986708905 
675, 4316.62108896444 
676, 4318.42608069972 
677, 4318.19233650641 
678, 4319.27407916786 
679, 4318.60134462575 
680, 4316.54412878211 
681, 4314.79513774825 
682, 4308.57686622015 
683, 4295.36125599516 
684, 4259.27980913703 
685, 4166.09542748853 
686, 3996.11657543487 
687, 3764.6759239071 
688, 3529.98458051137 
689, 3434.09903417654 
690, 3504.16732384784 
691, 3674.96328169755 
692, 3827.32875437575 
693, 3963.22334435544 
694, 4061.34509117563 
695, 4118.44244170353 
696, 4157.31664179827 
697, 4189.19710202531 
698, 4208.6297990686 
699, 4208.68370581786 
700, 4196.29326411414 
701, 4183.50777307148 
702, 4179.83629855152 
703, 4191.8239507807 
704, 4221.38464903606 
705, 4256.67166329388 
706, 4286.13622190159 
707, 4301.45067713282 
708, 4313.89884422561 
709, 4324.12182585696 
710, 4331.35484981138 
711, 4340.2486065462 
712, 4346.22648436401 
713, 4346.65815617101 
714, 4338.84279144667 
715, 4314.21487766564 
716, 4258.21414736115 
717, 4162.54757356703 
718, 4028.04120060061 
719, 3914.5159147282 
720, 3870.65771002092 
721, 3915.60160846566 
722, 4014.19492044598 
723, 4083.59987443446 
724, 4094.14067851406 
725, 4059.6753032904 
726, 4051.25817474395 
727, 4060.72979002089 
728, 4074.87727573668 
729, 4084.23435688489 
730, 4110.37955549572 
731, 4156.48379106898 
732, 4218.50663767486 
733, 4288.15174941527 
734, 4349.51936006688 
735, 4388.51399552645 
736, 4397.76899216513 
737, 4390.85154451622 
738, 4381.07754970961 
739, 4372.55734492414 
740, 4361.71334531178 
741, 4354.52429917164 
742, 4355.64748073271 
743, 4365.47329260119 
744, 4378.26967112113 
745, 4385.37312595686 
746, 4385.66022827904 
747, 4380.67945378076 
748, 4371.26984630296 
749, 4351.2496210996 
750, 4324.46749875203 
751, 4300.91433824437 
752, 4284.63690559201 
753, 4275.16438238324 
754, 4267.97760918736 
755, 4254.46204050899 
756, 4224.80819825556 
757, 4130.70085668985 
758, 3892.4192671995 
759, 3372.08354971948 
760, 2600.9848628049 
761, 1841.21515046026 
762, 1413.24350874672 
763, 1406.79786304996 
764, 1622.54126935273 
765, 1957.70158555982 
766, 2398.57495545248 
767, 2878.43397342525 
768, 3291.12520656557 
769, 3572.17388233861 
770, 3723.75221908186 
771, 3792.05121549356 
772, 3810.08505178068 
773, 3803.44925033576 
774, 3789.2752447394 
775, 3765.8933101901 
776, 3739.26714205059 
777, 3715.78733603747 
778, 3688.79937784426 
779, 3658.37263508172 
780, 3627.30523410107 
781, 3599.79045525727 
782, 3572.91172100465 
783, 3542.57657996785 
784, 3508.46077533866 
785, 3476.06793088265 
786, 3444.65128697647 
787, 3410.39700598644 
788, 3370.22917056945 
789, 3325.3519267179 
790, 3278.27468632729 
791, 3230.70363981757 
792, 3184.27464764836 
793, 3141.63529975294 
794, 3105.75372409003 
795, 3079.2944274183 
796, 3063.5060177523 
797, 3052.53109369911 
798, 3036.70427195386 
799, 3011.31164922489 
800, 2978.84201764088 
801, 2946.15992095131 
802, 2916.57900126606 
803, 2890.59805390164 
804, 2864.88354384874 
805, 2842.78306174583 
806, 2823.00886918128 
807, 2802.21141866976 
808, 2776.4754133714 
809, 2744.51286932458 
810, 2708.78171286152 
811, 2672.390954453 
812, 2630.13285884639 
813, 2571.90650636128 
814, 2496.83347673729 
815, 2414.07114865948 
816, 2337.65018585545 
817, 2277.3528240164 
818, 2240.00613615084 
819, 2229.38019786622 
820, 2228.80115779185 
821, 2223.84738820931 
822, 2208.14210725402 
823, 2189.76158756633 
824, 2179.51788247094 
825, 2184.90075716632 
826, 2202.21987036836 
827, 2198.8183351825 
828, 2176.24045023664 
829, 2146.01195943789 
830, 2123.17247472589 
831, 2109.20684727311 
832, 2098.13504103515 
833, 2088.34392205258 
834, 2082.02081078929 
835, 2077.36938841335 
836, 2074.50718587434 
837, 2070.53284109231 
838, 2059.36879162743 
839, 2042.99771751172 
840, 2022.32397393675 
841, 1999.13718639676 
842, 1976.63089830443 
843, 1952.67078812721 
844, 1928.11042702115 
845, 1903.64268759756 
846, 1878.10061346237 
847, 1849.24186151751 
848, 1815.63637330645 
849, 1777.30544143958 
850, 1737.57392395791 
851, 1693.30318342551 
852, 1648.27937167273 
853, 1608.83026040723 
854, 1576.16752808057 
855, 1548.74843723283 
856, 1532.60363033024 
857, 1535.06101931293 
858, 1543.20802242281 
859, 1538.64766079847 
860, 1519.44878768497 
861, 1497.50530721102 
862, 1468.89509592038 
863, 1434.82966278716 
864, 1397.27554149734 
865, 1358.39623468712 
866, 1319.58525281392 
867, 1284.85110454169 
868, 1259.83428925791 
869, 1250.99639021493 
870, 1245.05860455282 
871, 1235.01314298859 
872, 1217.89401800132 
873, 1195.04637419355 
874, 1171.01763651329 
875, 1147.02514786151 
876, 1123.18021676019 
877, 1099.34986884658 
878, 1078.85720360215 
879, 1059.06540393475 
880, 1037.15085418149 
881, 1015.0448004473 
882, 993.690232644891 
883, 973.92191896285 
884, 955.765240630466 
885, 937.316378022482 
886, 918.491472052491 
887, 899.306673622439 
888, 880.157065533467 
889, 862.500652085734 
890, 844.395950565696 
891, 826.161707362755 
892, 808.178070689148 
893, 786.444902555415 
894, 760.218859754627 
895, 730.971003665633 
896, 701.246083069221 
897, 672.028310335943 
898, 644.536994700207 
899, 621.345559198997 
900, 604.891605880984 
901, 592.970670692935 
902, 588.271866333367 
903, 587.293931495848 
904, 583.447867275622 
905, 577.68904073842 
906, 570.669231886203 
907, 561.017647915869 
908, 546.613589625539 
909, 528.54096190325 
910, 514.172789414407 
911, 505.260884446607 
912, 498.854798303552 
913, 493.721636546775 
914, 487.035869125799 
915, 479.984179606222 
916, 475.933396595094 
917, 472.359699146808 
918, 468.509253899061 
919, 464.811929181529 
920, 462.23049052427 
921, 460.271987464977 
922, 456.423052155293 
923, 449.733503037323 
924, 440.632951896679 
925, 429.585593323823 
926, 414.988243311005 
927, 397.056475741781 
928, 377.436546224509 
929, 358.04291867571 
930, 333.398200137946 
931, 305.149036213247 
932, 279.273410592245 
933, 256.899195303329 
934, 238.412173012976 
935, 224.559351066079 
936, 216.32087891249 
937, 214.94123025339 
938, 218.105931091787 
939, 221.581474179975 
940, 222.011375688179 
941, 222.63219912808 
942, 221.833369107285 
943, 219.461679506632 
944, 215.711480089846 
945, 209.08267185482 
946, 202.873718121269 
947, 198.448726371385 
948, 196.070126541031 
949, 195.812363952785 
950, 195.01089563135 
951, 193.408954302679 
952, 191.640804412333 
953, 190.234904677354 
954, 187.382895325929 
955, 184.030898018094 
956, 181.826039495755 
957, 181.960000942641 
958, 179.861734058394 
959, 177.658008558789 
960, 177.028820743128 
961, 176.366494141252 
962, 173.532877743444 
963, 171.103943023614 
964, 170.23723111815 
965, 169.191465988042 
966, 166.081056712185 
967, 164.776580581589 
968, 164.257076457861 
969, 159.643096308678 
970, 155.751204840186 
971, 152.584657899708 
972, 148.784433313451 
973, 143.204875059427 
974, 138.657137011783 
975, 134.039151491147 
976, 129.095805152882 
977, 124.109019886541 
978, 119.225454202045 
979, 115.232131051619 
980, 112.084473532408 
981, 109.344390620577 
982, 106.538884574764 
983, 104.052446017543 
984, 100.598120478559 
985, 96.293193500922 
986, 93.699075712494 
987, 87.9643565874811 
988, 84.8841833930877 
989, 84.1581166778556 
990, 78.5397817568202 
991, 74.6112470976229 
992, 72.5014952953075 
993, 70.4811670878131 
994, 66.7304901055723 
995, 62.6644909917188 
996, 60.5703624921597 
997, 58.7965441903435 
998, 55.6119520580676 
999, 54.9215968120408 
1000, 52.7543577686802 
1001, 287.854252744872 
1002, 280.247078786047 
1003, 277.302055690498 
1004, 274.85273581266 
1005, 267.981346373694 
1006, 264.820039349014 
1007, 265.310123829214 
1008, 262.35170639972 
1009, 257.080274272101 
1010, 248.408496920182 
1011, 242.516273470764 
1012, 234.005636559882 
1013, 227.847672646587 
1014, 230.364090842866 
1015, 231.30424332211 
1016, 226.351767408069 
1017, 225.738761141864 
1018, 224.905492113733 
1019, 220.93263960431 
1020, 223.563053841058 
1021, 228.006379791245 
1022, 230.671636976253 
1023, 232.641260374484 
1024, 235.636999839978 
1025, 237.142026170367 
1026, 237.3095140343 
1027, 238.962054736032 
1028, 238.357255835652 
1029, 234.847148361235 
1030, 232.487062904666 
1031, 228.237326512153 
1032, 225.245111347428 
1033, 226.562466676168 
1034, 228.299736763309 
1035, 231.243702236651 
1036, 236.815329617198 
1037, 240.437257695798 
1038, 243.122804887211 
1039, 248.089176896285 
1040, 251.110327644198 
1041, 256.557835652456 
1042, 259.325764511304 
1043, 256.51828934614 
1044, 254.887979454774 
1045, 254.653386763284 
1046, 257.494340995764 
1047, 262.502764006803 
1048, 271.952619608968 
1049, 282.58522256019 
1050, 291.10521573255 
1051, 296.839022893694 
1052, 303.09107842581 
1053, 306.491846090803 
1054, 310.881887367593 
1055, 317.929285578028 
1056, 324.984547293253 
1057, 331.919013090536 
1058, 332.192758894864 
1059, 333.223662105948 
1060, 339.808699457885 
1061, 348.73943513517 
1062, 358.323264364657 
1063, 373.03168286063 
1064, 388.481041019605 
1065, 397.79483025012 
1066, 401.841638669402 
1067, 407.982014214515 
1068, 416.375100146964 
1069, 426.344126224261 
1070, 439.491353996044 
1071, 453.629442095542 
1072, 465.940960379365 
1073, 477.346584140181 
1074, 486.413986121079 
1075, 497.534267977501 
1076, 510.712672156771 
1077, 519.69044003711 
1078, 526.079623862573 
1079, 536.52866439379 
1080, 540.480027660476 
1081, 546.588625772484 
1082, 560.952829030758 
1083, 567.355462820119 
1084, 571.579997136133 
1085, 577.9452997896 
1086, 583.865562089956 
1087, 588.750488337706 
1088, 591.507729286295 
1089, 596.398328684935 
1090, 597.712831238886 
1091, 594.200150635212 
1092, 587.515900905551 
1093, 587.281082737725 
1094, 585.468229634272 
1095, 584.520358401368 
1096, 578.730589661767 
1097, 573.633918829147 
1098, 568.478113675877 
1099, 565.339149272739 
1100, 567.504731605256 
1101, 566.108499601317 
1102, 562.42442317196 
1103, 558.446025111976 
1104, 554.594564986154 
1105, 544.81590904707 
1106, 538.109479420648 
1107, 536.038110257671 
1108, 523.404789471416 
1109, 504.971099857099 
1110, 485.268895293528 
1111, 465.231310666456 
1112, 449.620625768658 
1113, 441.810647051597 
1114, 425.218847597517 
1115, 407.126571216911 
1116, 386.288852353485 
1117, 356.996482998489 
1118, 334.092229345906 
1119, 311.607329572924 
1120, 292.201945613174 
1121, 274.942234982272 
1122, 260.614382284487 
1123, 252.168598979809 
1124, 249.485570571681 
1125, 245.736418912189 
1126, 246.874965793217 
1127, 246.83676604404 
1128, 244.328744870026 
1129, 244.608016152407 
1130, 248.031189462096 
1131, 253.064517117011 
1132, 261.286569818261 
1133, 267.687119753791 
1134, 277.731698077614 
1135, 282.291905370782 
1136, 283.638846444653 
1137, 282.032577330636 
1138, 282.171485403922 
1139, 284.01954092159 
1140, 287.408534074347 
1141, 297.327489516497 
1142, 298.84206411738 
1143, 297.730885423951 
1144, 295.076952688611 
1145, 284.398089484227 
1146, 278.936054071468 
1147, 273.568032727392 
1148, 272.558599661621 
1149, 276.698100671249 
1150, 277.501217493057 
1151, 281.080228274943 
1152, 286.292105362706 
1153, 292.838156963067 
1154, 301.357921674244 
1155, 306.695787595587 
1156, 314.884880086321 
1157, 317.065399954259 
1158, 311.345606038024 
1159, 311.794585503433 
1160, 314.266121811866 
1161, 314.394611909475 
1162, 317.00099582737 
1163, 315.641486066208 
1164, 310.063742838097 
1165, 305.025710460621 
1166, 299.129209747198 
1167, 294.703869505758 
1168, 286.791410973542 
1169, 276.961181811955 
1170, 268.239085155459 
1171, 258.804773893866 
1172, 246.806610130869 
1173, 233.61091735517 
1174, 221.822618107109 
1175, 203.954145827397 
1176, 194.572243731773 
1177, 194.38023061879 
1178, 188.693713950855 
1179, 185.09252983041 
1180, 178.933278417843 
1181, 169.237787533279 
1182, 155.689699833987 
1183, 151.527423017522 
1184, 151.189371462727 
1185, 151.813545213453 
1186, 160.941347593102 
1187, 160.950178223938 
1188, 159.592697611758 
1189, 153.304168553981 
1190, 137.680155837902 
1191, 129.869525919731 
1192, 120.551938352167 
1193, 114.902546385828 
1194, 116.907925306945 
1195, 115.405736299665 
1196, 112.133812806931 
1197, 110.879887432099 
1198, 109.847693205942 
1199, 110.070862828721 
1200, 106.90706045973 
1201, 104.264835869223 
1202, 99.0277241373482 
1203, 88.7033925389119 
1204, 81.7374000089985 
1205, 74.0144603387243 
1206, 69.1126378604279 
1207, 64.9314428105118 
1208, 63.4793252920719 
1209, 66.5143969454754 
1210, 67.7660511895757 
1211, 70.4938381547741 
1212, 72.3486103452402 
1213, 73.6838812145388 
1214, 74.0724670415318 
1215, 74.2972560194724 
1216, 74.8329974426769 
1217, 73.7820511549379 
1218, 70.4437992835326 
1219, 69.6210626230727 
1220, 70.1127392772683 
1221, 68.4281817326207 
1222, 67.0109664921847 
1223, 65.0722622354866 
1224, 60.0506640980855 
1225, 57.285746057062 
1226, 56.6539889287576 
1227, 55.0108503501774 
1228, 53.9691131428454 
1229, 51.991635397371 
1230, 49.4451758355471 
1231, 44.3742923865803 
1232, 44.8352537808169 
1233, 47.0400645314913 
1234, 49.2212981247031 
1235, 56.1149277943208 
1236, 59.0698870511915 
1237, 59.135223868611 
1238, 60.9947148352681 
1239, 63.4663148817012 
1240, 64.989069019368 
1241, 68.2485984497017 
1242, 68.1812822237167 
1243, 65.1810126077004 
1244, 62.8663541060454 
1245, 59.6161457406975 
1246, 53.7039352170206 
1247, 52.0993325227276 
1248, 52.7757162731378 
1249, 51.184322149502 
1250, 50.8520573084865 
1251, 49.3092162355952 
1252, 44.0302487037078 
1253, 43.8247170272864 
1254, 47.4007423953141 
1255, 48.2492168729388 
1256, 51.8059390381377 
1257, 52.0393980224575 
1258, 47.5330755048379 
1259, 45.6203407272528 
1260, 43.9479463550069 
1261, 42.3496679939464 
1262, 42.7603294715579 
1263, 41.1844854848813 
1264, 39.6035930070909 
1265, 36.1303808822513 
1266, 35.8312207779489 
1267, 37.8448338072437 
1268, 36.9291558613567 
1269, 34.808996724002 
1270, 36.2317206166736 
1271, 38.1147280911029 
1272, 38.6917567300286 
1273, 41.1928191258849 
1274, 44.3266679430043 
1275, 45.4108310087439 
1276, 47.34195530404 
1277, 55.5856878195293 
1278, 57.285139123435 
1279, 50.4063473650838 
1280, 50.6007833493475 
1281, 52.455999135127 
1282, 50.0942590428324 
1283, 48.4464365161549 
1284, 49.1798102413916 
1285, 47.8731311513773 
1286, 42.2586518665144 
1287, 40.8074361661159 
1288, 42.9169791613274 
1289, 42.6943130614967 
1290, 42.1261892342692 
1291, 41.250500498796 
1292, 37.590407534635 
1293, 38.3120259472989 
1294, 40.3993300476573 
1295, 44.1545840173642 
1296, 55.7412987848399 
1297, 60.1236537918914 
1298, 63.5233121942573 
1299, 62.2551213659302 
1300, 54.3503176791368 
1301, 48.0597415771472 
1302, 46.8008610060228 
1303, 46.3433074187292 
1304, 48.5714205648832 
1305, 58.0961207986809 
1306, 60.7153278328716 
1307, 60.7969597460182 
1308, 62.8114056532002 
1309, 63.9795034860329 
1310, 64.6542215978293 
1311, 67.0817064066334 
1312, 66.8719038202961 
1313, 64.707240232331 
1314, 61.3698154814067 
1315, 55.0743974720329 
1316, 51.1914801616452 
1317, 44.9195081884842 
1318, 43.2212000286844 
1319, 45.4427057782674 
1320, 42.9382812400945 
1321, 44.5967590002554 
1322, 44.7621210589392 
1323, 47.1619272708161 
1324, 53.4436158804786 
1325, 54.8978144617702 
1326, 54.4597118890824 
1327, 54.912639724484 
1328, 54.0564709511053 
1329, 51.5619743034133 
1330, 49.0842109553449 
1331, 46.5767982442717 
1332, 41.6806635242389 
1333, 37.7090501929617 
1334, 32.5975841283811 
1335, 30.8216755766717 
1336, 31.8038294553734 
1337, 29.8273796117684 
1338, 31.7212274306666 
1339, 36.0892035897597 
1340, 33.3713904790122 
1341, 28.7878829836022 
1342, 29.3047488813961 
1343, 31.7157314455699 
1344, 31.0048701975498 
1345, 32.4207820046576 
1346, 32.5582740336445 
1347, 29.2448108119622 
1348, 25.4686950654412 
1349, 24.5818176538403 
1350, 21.3690609525754 
1351, 10.7868384804135 
1352, 7.31112858636768 
1353, 8.01093682821738 
1354, 5.30388876192882 
1355, 4.70663386414139 
1356, 3.905080100889 
1357,-0.274952246753339 
1358, 0.208419841319736 
1359, 1.14811693468591 
1360,-0.38985106593052 
1361,-3.91851207649239 
1362,-2.64510977471247 
1363, 2.68884590130623 
1364, 1.32179938638513 
1365, 1.52727939437391 
1366, 4.27900695847212 
1367, 1.31580552713369 
1368,-7.20433469619802 
1369,-10.8514372763801 
1370,-18.3136004513713 
1371,-17.8089550962001 
1372,-7.0883116030287 
1373,-4.41617404407889 
1374,-1.99421013891683 
1375,-1.33264364029165 
1376,-9.98933256842443 
1377,-11.5655547180008 
1378,-11.2001984665987 
1379,-2.55298892911828 
1380, 1.13049046354688 
1381, 6.48246404416703 
1382, 6.96977389988352 
1383, 5.90329519576328 
1384, 1.45669679714283 
1385,-1.65059467843985 
1386, 2.62568436496093 
1387, 1.03169685436634 
1388,-1.91109775908312 
1389,-5.74169514627451 
1390,-5.8132772765946 
1391,-8.49652789849531 
1392,-9.15708062965278 
1393,-2.78221398891543 
1394,-2.3042887951651 
1395,-7.2983518568605 
1396,-8.51807889907925 
1397,-9.4882905488328 
1398,-9.56276314610414 
1399,-7.8105630935248 
1400,-6.98086917686014 
1401,-6.1764156408374 
1402,-4.50671489505411 
1403,-1.62330913285871 
1404,-0.422836851403833 
1405, 0.811379085695981 
1406,-1.8752750312811 
1407,-7.99481219458739 
1408,-9.04527874927136 
1409,-9.11476597517247 
1410,-9.1545820973161 
1411,-6.47032435283787 
1412,-9.98700635270565E-02 
1413, 2.09048298481146 
1414, 6.30523614660741 
1415, 5.86528146566823 
1416, 0.92411588466679 
1417,-0.981398952945202 
1418,-4.76639459880176 
1419,-7.92548766245653 
1420,-11.0719383562593 
1421,-11.6827163512482 
1422,-11.0918572308765 
1423,-10.7761614073221 
1424,-6.98253030502623 
1425,-6.37780093087334 
1426,-7.66191345785211 
1427,-8.32896314090413 
1428,-10.8510439754356 
1429,-11.5329211165267 
1430,-7.33096017704796 
1431,-8.27280038890455 
1432,-8.88179163499469 
1433,-5.59123187503583 
1434,-2.78350923574817 
1435,-2.37499696376892 
1436,-1.92637252202306 
1437, 1.33944751394198 
1438, 3.15429353202986 
1439, 3.03818940579204 
1440, 2.58604085867873 
1441, 2.86081582361876 
1442, 2.70983157382596 
1443,-0.310455443326993 
1444,-0.498371732513034 
1445, 3.26041179001801 
1446, 4.01902172771367 
1447, 2.57064482240196 
1448, 3.83656490280797 
1449, 5.77233688929271 
1450, 5.6471050901522 
1451, 4.9864491719291 
1452, 5.987482072002 
1453, 7.41954426658458 
1454, 7.25576758458551 
1455, 6.36379868591955 
1456, 11.1778603085814 
1457, 2.87419201719313 
1458,-0.7719833514942 
1459, 1.15788080525549 
1460,-4.99975193862929 
1461,-3.28030691631027 
1462,-1.5885645720414 
1463,-6.30475023196542 
1464,-6.46120146750654 
1465,-4.47606771482804 
1466,-0.538266067991784 
1467, 1.87122540010273 
1468, 9.07294908494006 
1469, 9.59493976918038 
1470, 5.92015008288309 
1471, 2.2674361045431 
1472,-4.79885758689935 
1473,-9.3456312321386 
1474,-17.023508807403 
1475,-17.1251575438425 
1476,-10.9228368302002 
1477,-9.45290041657301 
1478,-3.65065494939269 
1479,-2.86883946781943 
1480,-8.09472084800306 
1481,-10.3455273140576 
1482,-13.3790303148234 
1483,-14.491038808331 
1484,-14.8955998482388 
1485,-14.3717845386085 
1486,-10.0158883035959 
1487,-10.8464623379599 
1488,-9.89453438943975 
1489,-10.2635001641886 
1490,-17.0634686440791 
1491,-17.8201095880379 
1492,-15.3918377151866 
1493,-13.0735541504359 
1494,-6.81922642819647 
1495,-3.6958003824572 
1496,-4.93796426570575 
1497,-7.75123492166381 
1498,-8.63974996960364 
1499,-9.25035888443978 
1500,-9.06012708606193 
1501,-7.52148363158168 
1502,-8.34938615641478 
1503,-10.9375893645614 
1504,-11.6435179266074 
1505,-12.244841771761 
1506,-11.8092238946343 
1507,-9.63922534668921 
1508,-8.14938217028194 
1509,-7.13652187326919 
1510,-6.18172129837083 
1511,-2.31855593532064 
1512,-3.41188640638675 
1513,-11.715554314583 
1514,-12.0382322748914 
1515,-9.93190848899389 
1516,-8.63993069665418 
1517, 0.721724546997358 
1518, 3.2060220056906 
1519,-1.30708738015245 
1520,-4.50009660730282 
1521,-10.4580337455847 
1522,-14.4326125519754 
1523,-14.2618581765205 
1524,-10.6758335292101 
1525,-10.2088992753363 
1526,-9.07157646985784 
1527,-10.2019421089402 
1528,-18.7966488581336 
1529,-21.8688031950877 
1530,-19.0453030543643 
1531,-15.6902801434206 
1532,-7.21172907459403 
1533,-3.87389814975259 
1534,-7.80077710424005 
1535,-10.9794213310181 
1536,-23.3122952145716 
1537,-23.5891591681811 
1538,-16.0123514183503 
1539,-14.3515713603511 
1540,-9.33777826608996 
1541,-9.78379946116636 
1542,-19.1424158965258 
1543,-19.0641995151839 
1544,-16.584313495387 
1545,-11.8532117089344 
1546, 2.83620205276025 
1547, 4.96411293906077 
1548, 0.889354498281764 
1549, 0.564001131648613 
1550,-6.37914964145006 
1551,-7.12519993275556 
1552, 0.741350744119004 
1553, 0.747611693232427 
1554,-3.54442796268862 
1555,-4.98942111797774 
1556,-11.1628953950681 
1557,-10.2410260742156 
1558, 9.40160610577823E-02 
1559, 2.97872001423577 
1560, 6.59119060611147 
1561, 6.25253580599772 
1562,-3.58095330013851 
1563,-6.29958869818185 
1564,-5.81666915590991 
1565,-5.53315232124145 
1566,-1.93679301619294 
1567, 0.22288880372819 
1568, 2.60688216621738 
1569, 2.16735250338543 
1570, 1.40664342739655 
1571,-1.82057320994609 
1572,-5.70011955803785 
1573,-10.9532551930532 
1574,-14.7151181495873 
1575,-13.0732193557796 
1576,-8.42177917896731 
1577,-4.30724662853001 
1578,-3.76247216292506 
1579,-5.70690436502633 
1580,-6.81183120858845 
1581,-13.2859238052034 
1582,-13.0303399239456 
1583,-7.64527910997658 
1584,-5.02913584940972 
1585,-1.99969935869729 
1586, 0.312424797128399 
1587, 3.0685389062939 
1588, 2.66538572261198 
1589, 0.315075136065536 
1590,-0.953588834189765 
1591,-5.33610042106816 
1592,-5.15396578990061 
1593,-0.93590457675194 
1594, 7.22864318226606E-02 
1595, 1.48043836127419 
1596, 3.07399158371604 
1597, 4.45857537092298 
1598, 2.46717541251039 
1599,-2.12478127485673 
1600,-3.42351556038584 
1601,-5.127128305139 
1602,-7.59753760970997 
1603,-8.15677674982354 
1604,-7.98139054021597 
1605,-10.3790432245853 
1606,-10.94874821642 
1607,-7.63663536276535 
1608,-5.79355864089388 
1609,-5.8527278355564 
1610,-4.59569727285777 
1611,-0.716753623231907 
1612, 0.548470892128148 
1613, 0.26399708766996 
1614, 0.704340033706461 
1615,-2.48737245668539 
1616,-0.258032876098502 
1617, 6.75142118031484 
1618, 10.8495444510522 
1619, 20.7588987405958 
1620, 23.1225153740776 
1621, 18.8906099336285 
1622, 14.9884803719249 
1623, 5.19335024641471 
1624,-0.377738254584328 
1625,-5.83385386711084 
1626,-8.06423120965993 
1627,-5.68878032787239 
1628,-5.08369511826876 
1629,-2.28782029855917 
1630,-1.36978647659954 
1631,-4.97375522392495 
1632,-3.88416868173051 
1633, 2.63604318404667 
1634, 3.83326575591957 
1635, 4.71383587473009 
1636, 5.45448816364014 
1637,-0.858913020329401 
1638,-2.27510805293355 
1639, 2.24675938682324 
1640, 3.73614308188543 
1641, 5.66513472387677 
1642, 6.86873848572863 
1643, 6.13255526796552 
1644, 5.46603465628804 
1645, 7.19416085414445 
1646, 4.75803022079748 
1647,-5.18127297245069 
1648,-8.57193649639349 
1649,-10.1960234402691 
1650,-11.9390932705267 
1651,-13.3493465431542 
1652,-5.28100935095711 
1653,-3.51603526464516 
1654,-5.07005801406323 
1655,-1.91497615997863 
1656, 4.89808257107901 
1657, 5.35225853024148 
1658, 5.07193559505611 
1659, 3.36377549626144 
1660,-3.45751497729093 
1661,-4.49677460599819 
1662,-2.9599807758423 
1663,-2.95777715212251 
1664,-1.27911187521215 
1665,-3.14175731435241 
1666,-7.33955306733195 
1667,-9.03866109362734 
1668,-11.5738734217054 
1669,-12.7096120598498 
1670,-12.2504982601846 
1671,-11.6768320966684 
1672,-11.5938993967508 
1673,-9.27383666763775 
1674,-4.13702600045444 
1675,-2.09850001507275 
1676,-0.197485032488373 
1677, 0.729991097714361 
1678,-0.393877138500956 
1679, 3.39233939066616E-02 
1680, 2.07519459912604 
1681, 0.201278109008003 
1682,-3.63892020029544 
1683,-5.88438622165155 
1684,-10.6780972375834 
1685,-11.593475613773 
1686,-10.316336973374 
1687,-7.64387004693149 
1688,-1.65762694975507 
1689,-0.984442533130323 
1690,-1.45767938133922 
1691, 4.17661312095219E-03 
1692,-0.411344419973972 
1693,-1.85386930562284 
1694,-0.739264673262564 
1695,-2.48609820321782 
1696,-10.3940099249681 
1697,-10.7092314391479 
1698,-6.89709737176338 
1699,-5.00752249175344 
1700,-6.27736876477044E-02 
1701, 0.10958321061834 
1702,-2.18412418867063 
1703,-3.5234472019081 
1704,-6.79335624397 
1705,-8.87510049152106 
1706,-10.7177543680843 
1707,-11.8410734325397 
1708,-14.9179868911064 
1709,-11.3782431299206 
1710,-1.1952140884325 
1711, 0.894333580586217 
1712, 2.92522369152927 
1713, 4.97185840714005 
1714, 1.71354748574139 
1715, 5.03120683658539 
1716, 6.19385812317395 
1717, 1.52762326978764 
1718,-2.26848898331267 
1719,-4.43966701508475 
1720,-3.88500792080497 
1721, 1.64253040717871 
1722, 7.2849592364161 
1723, 10.6639423007177 
1724, 14.33336556109 
1725, 10.5782977883196 
1726, 3.22439194888133 
1727,-2.25834277951768 
1728,-5.20642779229283 
1729,-6.13090926061735 
1730,-7.32448233103837 
1731,-8.92953008253226 
1732,-9.90015828091241 
1733,-9.02799514444989 
1734,-8.26210668868379 
1735,-5.45721896602121 
1736,-6.41496865049755 
1737,-4.70303082865234 
1738, 0.984690710621523 
1739,-1.35466715322186 
1740,-0.852455010397428 
1741, 0.35566179443839 
1742,-2.24286294400016 
1743, 0.507078167071195 
1744, 1.56957867659621 
1745,-1.96865143543694 
1746,-3.62234708386299 
1747,-10.2048642257346 
1748,-13.4192790665231 
1749,-5.81558080498915 
1750,-2.71812492829857 
1751,-4.08879263428619E-02 
1752, 3.05492012407447 
1753,-2.2040244161617 
1754,-13.691487059348 
1755,-18.8524593470573 
1756,-16.7460857424127 
1757,-19.1589980871024 
1758,-15.9351870150795 
1759,-11.2648018000444 
1760,-11.4675381072534 
1761,-9.66285132361419 
1762,-8.60234025333326 
1763,-7.01617540019303 
1764,-8.14942283546278 
1765,-13.4574969797045 
1766,-11.9106032486022 
1767,-7.78175160740591 
1768,-4.33102741687684 
1769, 6.17120121967662 
1770, 7.08127718699931 
1771, 2.28031910679358 
1772,-2.99651254463181 
1773,-18.4143606319692 
1774,-20.4402740926149 
1775,-16.2126562966418 
1776,-13.1139332843469 
1777, 4.61366316253841E-02 
1778, 3.98139917075188 
1779, 2.07885369544959 
1780, 1.32651355206974 
1781,-2.78068397616841 
1782,-3.29452098520836 
1783,-1.30100275616328 
1784,-3.0849028596176 
1785,-7.41169083676321 
1786,-6.92306513301063 
1787,-5.79086006944118 
1788,-5.3570054163815 
1789,-0.919227421716841 
1790, 1.38402995338031 
1791, 1.22237110178423 
1792,-1.10669115711576 
1793,-2.74358517748141 
1794,-5.60637535655172 
1795,-15.9434917258209 
1796,-13.0601131165946 
1797,-6.15331182829275 
1798,-5.47342308268827 
1799,-2.70979664401025 
1800, 0.953592810934541 
1801, 6.10101115726635 
1802, 11.6607836469531 
1803, 5.38860870328584 
1804,-26.8833920171374 
1805,-25.4861800341479 
1806, 0.276586520648237 
1807,-8.31999863083452 
1808,-5.98080358856403 
1809, 20.0876107308079 
1810, 23.1765223907741 
1811,-6.27948370668295 
1812,-4.49059200035192 
1813, 19.2590302722418 
1814, 25.4555759029486 
1815, 21.1866428679993 
1816, 15.3319474778238 
1817,-17.2238403313999 
1818,-60.8983473995967 
1819,-67.470602100157 
1820,-40.3593571001924 
1821,-25.4755145407525 
1822, 10.0487013624135 
1823, 27.3680408960435 
1824, 32.2655727699001 
1825, 15.3804880296988 
1826, 13.0461665338816 
1827, 28.8364870573677 
1828, 28.3668566053923 
1829, 25.2591061182411 
1830, 23.382145706124 
1831, 7.15352016767945 
1832, 8.28376063517958 
1833, 31.8859962892152 
1834, 31.3171892620912 
1835, 23.2893586094238 
1836,-4.1118184703859 
1837,-34.347719358312 
1838,-34.8283980463808 
1839,-36.3706808637393 
1840,-12.4185900507241 
1841, 0.681843086501132 
1842, 17.340602246367 
1843, 7.29351348489971 
1844, 8.44810226085058 
1845,-3.27286544615291 
1846,-3.02400634376806 
1847,-2.09713762342397 
1848,-8.29501947473361 
1849,-12.3978704102694 
1850,-16.1175753164883 
1851,-30.3427184118248 
1852,-34.5686260871963 
1853,-24.89542215878 
1854,-11.4044420198105 
1855,-14.2743911974563 
1856,-17.9724248272315 
1857,-15.1175710035427 
1858,-17.4187838519823 
1859,-12.6144334363764 
1860, 3.88543487189271 
1861, 9.77191008405186 
1862,-1.12689021885101 
1863, 1.12837785639366 
1864,-9.63892245270129 
1865,-3.07626668606845 
1866, 28.330998702867 
1867, 36.6503568704058 
1868, 45.9619659653247 
1869, 55.1995263236862 
1870, 55.164275493402 
1871, 48.3509142922467 
1872, 37.4842725299392 
1873, 0.664617758769515 
1874,-26.9861698034447 
1875,-42.866569867896 
1876,-69.218075012976 
1877,-61.2989593290149 
1878,-36.690475291635 
1879,-27.9840346774331 
1880,-16.5139872162041 
1881, 7.51600729483816 
1882, 26.187198324957 
1883, 26.1984258970009 
1884, 24.0147891749594 
1885, 22.5237207563325 
1886, 17.5742943716833 
1887, 6.28447943234865 
1888,-2.33794569779189 
1889, 1.41402401147415 
1890, 11.375449552001 
1891, 16.2244352688044 
1892, 24.9246437994021 
1893, 36.3710477545364 
1894, 38.5369096881832 
1895, 25.6494469687439 
1896, 12.6771110175177 
1897, 4.28034338418518 
1898, 2.42714695200673 
1899, 17.9014197806007 
1900, 19.9430484573001 
1901, 28.4669939658043 
1902, 21.3599252978364 
1903,-4.67972583933718 
1904,-26.7939283291032 
1905,-19.7654063841095 
1906,-3.28865271889365 
1907, 27.0990249145831 
1908, 50.4042297417368 
1909, 26.6269376821317 
1910, 16.5422359883932 
1911, 4.91173308342969 
1912,-31.2591555349479 
1913,-42.5383505397643 
1914,-34.833788040454 
1915,-35.296134279762 
1916,-24.6445286828735 
1917, 9.11892633666653 
1918, 15.3977111673367 
1919, 26.1723785424272 
1920, 33.701562459915 
1921, 7.62472249385055 
1922, 0.891910844846819 
1923, 0.375016825334927 
1924,-0.607051650768306 
1925,-6.7091038485731 
1926, 14.6418394936617 
1927, 14.2192457075083 
1928, 17.2409862278826 
1929, 27.3874914830111 
1930, 2.71966175075948 
1931,-6.34034402364817 
1932, 3.83915341073123 
1933, 4.66777215147375 
1934, 1.93875971420131 
1935, 5.92711148215851 
1936, 19.8639665974701 
1937, 19.7236287788534 
1938, 1.27669262633701 
1939,-2.23055329396415 
1940,-12.7145435683917 
1941,-32.6760193205784 
1942,-27.4393935668942 
1943,-16.0227499867442 
1944,-1.20881104424487 
1945, 34.10569433727 
1946, 43.6053948685774 
1947, 49.967965808997 
1948, 46.4914399932352 
1949, 26.8873978290807 
1950,-5.89003971786327 
1951,-22.2514280165724 
1952,-19.9128888776182 
1953,-9.98359709343733 
1954, 28.0979837937463 
1955, 41.8078994928131 
1956, 58.703028878462 
1957, 53.1248514064308 
1958, 9.81694157949573 
1959, 0.162183564091559 
1960,-7.96899547183988 
1961, 1.82819463767103 
1962, 20.1151515893895 
1963, 19.1944594269216 
1964, 1.06450946294416 
1965,-20.3351860001497 
1966,-23.2759397104114 
1967,-12.169151989824 
1968,-1.65850792238012 
1969, 24.690723245396 
1970, 35.1244208971327 
1971, 38.92093305247 
1972, 34.2297447248365 
1973, 19.6225427435957 
1974, 6.38977264611006 
1975,-11.699951433427 
1976,-16.7653021384968 
1977,-14.1732698280126 
1978,-6.11171042987229 
1979,-2.73144882433244 
1980, 5.31316460796896 
1981, 8.66530524157864 
1982, 7.51800843108634 
1983, 3.65251025134509 
1984,-1.54632511228322 
1985,-8.61358938229112 
1986,-28.8872132701625 
1987,-30.8293755597407 
1988,-27.1217796448336 
1989,-28.252578338057 
1990,-25.117255886864 
1991,-15.9086878972578 
1992,-9.80501292068876 
1993,-7.63233099985686 
1994, 2.03612349905251 
1995, 21.3375440681267 
1996, 34.4841906706732 
1997, 55.6464339874312 
1998, 64.7461137287152 
1999, 47.700654674561 
2000, 22.488116078305 
2001, 7.15376208664639 
2002, 5.19229435614 
2003, 5.5362309609391 
2004, 31.0447101026561 
2005, 39.5518187649509 
2006, 40.1749018574374 
2007, 38.7181626465624 
2008, 35.8755532241722 
2009, 33.0367287424802 
2010, 24.6060598334176 
2011, 16.939026038175 
2012, 16.5944119457988 
2013, 21.9940839925374 
2014, 16.2139359583401 
2015, 5.48143500091668 
2016,-0.766406077008753 
2017,-15.4315292263579 
2018,-18.6028058046762 
2019,-9.4300834274944 
2020,-5.13142507964845 
2021, 0.489554541381682 
2022, 4.58015047492827 
2023, 10.5264943972307 
2024, 8.03732818016341 
2025, 23.2680933420212 
2026, 23.2069608068345 
2027, 19.0150313448684 
2028, 9.2908745601082 
2029, 6.90914276326135 
2030,-0.331836384123869 
2031,-4.3094816718513 
2032, 2.95244740844884 
2033, 0.139290163174725 
2034,-17.4355745570559 
2035,-22.6772453627887 
2036,-27.038528992573 
2037,-23.2007100960377 
2038,-9.02036517470747 
2039, 4.65380823762214 
2040, 18.0066667730454 
2041, 43.576797114789 
2042, 45.6098182894737 
2043, 32.7610256024323 
2044, 26.2223690504823 
2045, 3.77264279903693 
2046,-1.92328368822114 
2047, 15.5377534373358 
2048, 11.3134304338992 
2049,-8.52244179402141 
2050,-13.1675070494979 
2051,-17.8472429404572 
2052,-30.5912484603647 
2053,-16.9039053244027 
2054,-6.44440632705935 
2055,-2.56356894365092 
2056,-5.43088018945959 
2057,-4.34191937159412 
2058,-8.91803788802935 
2059,-3.56421503863753 
2060, 8.20166890403479 
2061, 17.8590931838547 
2062, 42.043445024588 
2063, 49.3144013451934 
2064, 47.0506878637799 
2065, 42.7908678784895 
2066, 28.6406639551977 
2067, 8.44297599129536 
2068, 0.705554190824927 
2069,-6.73825496051092 
2070,-8.29832495021086 
2071,-1.89490757428542 
2072, 4.00298718120339 
2073, 22.6415220530527 
2074, 20.6722154555899 
2075, 6.22557794149182 
2076, 2.68899145347783 
2077,-16.415740056769 
2078,-18.6662188776314 
2079, 18.2746696435965 
2080, 17.3954909937462 
2081,-12.3871353947835 
2082,-24.0592776765859 
2083,-35.0735703839016 
2084,-65.6120718279244 
2085,-71.6803204120049 
2086,-55.2128269280207 
2087,-45.07845687699 
2088,-37.8732155903359 
2089,-22.8010368009663 
2090, 15.4796130060954 
2091, 27.9283858451348 
2092, 30.1404413225594 
2093, 32.8424604857068 
2094, 20.0892735011313 
2095, 13.547876973962 
2096, 13.4848098796577 
2097, 3.62120027244816 
2098, 3.61543526673484 
2099, 5.68110508558794 
2100, 6.45489230649603 
2101, 13.9722694116944 
2102, 14.5731192787525 
2103, 7.47983112969699 
2104, 4.97083922032976 
2105, 1.40044404524582 
2106, 2.90315550273326 
2107, 10.3443233190539 
2108, 14.1701534600568 
2109, 20.6139980966791 
2110, 23.4592493769763 
2111, 20.5551051137867 
2112, 20.1457488785148 
2113, 19.0673905622168 
2114, 25.8363838165137 
2115, 27.9225859519568 
2116, 30.8704040588304 
2117, 32.821507179045 
2118, 37.4427075491904 
2119, 31.5251837534534 
2120, 18.7123109099861 
2121, 10.7056359962565 
2122,-14.5731728420283 
2123,-14.3472408285145 
2124, 5.37456749965178 
2125, 20.7344275619188 
2126, 57.7522729489915 
2127, 75.0002774816259 
2128, 88.261099383218 
2129, 87.8502883767111 
2130, 78.6477350660912 
2131, 54.0596619418552 
2132, 38.0688353660263 
2133, 7.04438123211278 
2134, 0.696157330787833 
2135, 8.07704244312892 
2136, 11.0342709752438 
2137, 33.3933084551074 
2138, 32.6159164209844 
2139, 18.898797168956 
2140, 6.99757152850573 
2141,-26.4379673468133 
2142,-36.0248813001824 
2143,-29.3067917993717 
2144,-28.8617809433589 
2145,-30.205392190025 
2146,-9.93093805868038 
2147, 9.87578479552218 
2148, 4.73398939484876 
2149,-0.828835334728807 
2150,-11.815949938934 
2151,-13.4512512408096 
2152,-28.9185746776738 
2153,-24.794142165299 
2154, 3.21502679379342 
2155, 13.1627499928924 
2156, 23.096314615427 
2157, 26.9319558714711 
2158, 22.6965307484486 
2159, 20.4546569075551 
2160, 15.5564336947173 
2161, 9.68890156890852 
2162,-1.10857911800661 
2163,-5.65753953520406 
2164,-6.80333623932768 
2165,-12.8453998504247 
2166,-9.25901967635767 
2167, 4.54147604456422 
2168, 8.8972324331002 
2169, 15.8446001634244 
2170, 13.5677743437421 
2171, 2.10660601050514 
2172,-3.71624576767324 
2173,-10.7298957591326 
2174,-18.9441965907964 
2175,-28.4211075548847 
2176,-34.3923659130241 
2177,-48.1549115521438 
2178,-47.8215178233741 
2179,-25.5596572864973 
2180,-21.0009130865038 
2181,-23.3170501191111 
2182,-18.5624698033937 
2183,-17.1448253670626 
2184,-23.5062689807215 
2185,-5.32006501694583 
2186, 1.55405366647702 
2187, 15.6185125515084 
2188, 34.7100188559561 
2189, 39.5995893878825 
2190, 44.6199543925802 
2191, 43.1532471049323 
2192, 26.1731182776253 
2193, 18.4974505512325 
2194, 6.50874066916268 
2195, 7.79274318675902 
2196, 22.9503412750795 
2197, 25.3501302158036 
2198, 31.7604766855385 
2199, 33.8762073795029 
2200, 21.1027188834667 
2201, 16.1845068831003 
2202, 21.8595226486944 
2203, 19.8341254927431 
2204, 18.5676707465646 
2205, 5.37315911245282 
2206,-6.06048319488196 
2207,-9.59404576125128 
2208,-10.9859635260707 
2209,-9.91149587732173 
2210, 0.63461290750512 
2211, 22.3650032285572 
2212, 30.1482622928539 
2213, 44.7766987104796 
2214, 44.8996037785376 
2215, 26.069316775366 
2216, 19.5093728303407 
2217, 11.6223146197495 
2218, 6.61426147603077 
2219,-0.766573628800122 
2220, 4.24414726116596 
2221, 24.9670567342122 
2222, 32.2370256137025 
2223, 44.6417280150226 
2224, 50.3483120741015 
2225, 41.4074750830876 
2226, 35.8315909259613 
2227, 31.0714150393236 
2228, 24.0311259255592 
2229, 25.9054614374497 
2230, 25.9919097612139 
2231, 28.4082474808972 
2232, 44.3281582886955 
2233, 37.7739318410166 
2234, 16.4186540109549 
2235, 5.6881951471979 
2236,-17.8244840489717 
2237,-21.3574979493857 
2238,-1.67754457811722 
2239,-2.80995577724289 
2240,-12.749523875104 
2241,-8.16936788792411 
2242,-2.5516029625392 
2243,-3.1475717143035 
2244, 10.201964460358 
2245, 11.451647791462 
2246,-10.1269766065126 
2247,-17.3852514844046 
2248,-20.3415058052425 
2249,-19.1662341966482 
2250,-5.14124486224806 
2251,-1.36830497915296 
2252,-0.722543140539469 
2253, 1.9468688658689 
2254,-2.97404301095386 
2255,-6.28696497777044 
2256,-10.864241065605 
2257,-18.9011661327289 
2258,-11.1464196039242 
2259,-1.94175549261475 
2260, 15.0588889671401 
2261, 61.6545988242285 
2262, 69.2089879168066 
2263, 59.2792119000038 
2264, 54.7014183838981 
2265, 29.469409599338 
2266, 18.1142954861191 
2267, 18.3135159153873 
2268, 13.0986644756216 
2269, 1.5183269982048 
2270, 1.11661939450637 
2271, 6.6215147924283 
2272, 9.48509515076671 
2273, 26.1816469657369 
2274, 27.1051010766699 
2275, 13.2477696680652 
2276, 9.86663029713936 
2277, 5.49634198371206 
2278,-3.28914068918428 
2279,-13.2231799665372 
2280,-17.93325642538 
2281,-33.7170172667502 
2282,-32.6752143792771 
2283,-9.55351481053664 
2284, 23.7193693060271 
2285, 36.3460981973162 
2286, 40.7144519197815 
2287, 26.0444673141711 
2288, 14.3217085337837 
2289, 6.87968617575782 
2290, 6.08096145007162 
2291,-2.22183217582566 
2292,-13.1716070477287 
2293,-24.7234457265192 
2294,-43.9791310069266 
2295,-42.2727072444944 
2296,-31.8638845333427 
2297,-24.4230954367831 
2298, 0.606292881629467 
2299, 4.19730959596222 
2300,-11.1939577462009 
2301,-8.24799197293992 
2302, 7.45637894133428 
2303, 5.51006713474603 
2304, 0.350366298279839 
2305,-5.56864423070964 
2306,-30.9791990766572 
2307,-48.9555307550898 
2308,-62.7724813279013 
2309,-66.9122690156869 
2310,-72.1042912104894 
2311,-64.8006801816001 
2312,-32.4544055915227 
2313,-15.0346401578128 
2314, 3.38315294589187 
2315, 15.8932221632201 
2316, 5.14013259204458 
2317,-2.95105496658946 
2318,-14.7287453109758 
2319,-29.4786416187631 
2320,-13.9678054243055 
2321,-5.45714742215963E-02 
2322, 6.76719312643283 
2323, 22.8045323540726 
2324, 23.9536571227107 
2325, 7.13381793586066 
2326,-12.5968354359851 
2327,-25.7909262396284 
2328,-34.1739040163714 
2329,-47.5101975423766 
2330,-44.2141982479725 
2331,-22.4605348037097 
2332,-18.0441537655486 
2333,-9.72382208849312 
2334,-11.5666104212194 
2335,-31.8320022076483 
2336,-30.1796854904156 
2337,-23.9580206822534 
2338,-15.7595878666718 
2339, 16.1407227129214 
2340, 19.3389979030542 
2341, 2.2316041209092 
2342,-3.0181191578375 
2343,-24.2572539346545 
2344,-23.102632697455 
2345, 13.4939444050321 
2346, 9.49666996301561 
2347,-7.17510370208396 
2348,-22.8815159649792 
2349,-81.1057995756454 
2350,-93.3306707710741 
2351,-70.5769233359432 
2352,-60.6416135140423 
2353,-29.6450668117966 
2354,-18.8520232103117 
2355,-29.768170085679 
2356,-27.2579658697691 
2357,-27.5838603672202 
2358,-19.1788633080927 
2359,-0.935135079792637 
2360, 17.7169766762823 
2361, 50.5201251902344 
2362, 64.1358833502905 
2363, 63.7278165844518 
2364, 80.5549947252801 
2365, 78.4449750755181 
2366, 58.9192938511812 
2367, 53.0299563445493 
2368, 42.8151983007648 
2369, 32.0626262703008 
2370, 26.0004674504842 
2371, 26.0673250663649 
2372, 20.4803288873918 
2373, 4.34287599758982 
2374,-6.75412504331729 
2375,-29.3755462852414 
2376,-39.9418053384592 
2377,-33.3334966474635 
2378,-31.7553146326527 
2379,-7.51887783796232 
2380,-0.163548189169599 
2381,-1.84970108005074 
2382, 10.6877103387513 
2383,-1.88414965903151 
2384, 12.6086218646904 
2385, 15.7240657268151 
2386, 4.36773856714131 
2387, 31.9398736855006 
2388, 20.3811159305196 
2389, 15.4712008699115 
2390, 30.9665027131566 
2391, 2.43144124050061 
2392,-8.86271128994563 
2393, 9.7367543694201 
2394, 14.9057846695083 
2395, 26.8397764608018 
2396, 52.9614859779473 
2397, 55.7448699341674 
2398, 38.176061589837 
2399, 43.833959550371 
2400, 45.5574437335689 
2401, 12.6423880205278 
2402, 4.42076903078741E-02 
2403,-19.4307692051652 
2404,-57.8091677503554 
2405,-68.3013484215492 
2406,-59.9334607184051 
2407,-46.5742644415899 
2408,-15.3930622840523 
2409, 3.97562724007485 
2410, 36.7205758698964 
2411, 26.2736949954806 
2412,-23.2763506486642 
2413,-32.1564482920827 
2414,-43.49495499035 
2415,-41.2547369488784 
2416,-7.86429141539245 
2417, 8.73566197684744 
2418, 13.7354988722431 
2419, 24.7954579462042 
2420, 49.2673138729124 
2421, 55.8865409713137 
2422, 48.4505780666844 
2423, 43.9514291176579 
2424, 37.0465010818121 
2425, 31.8281095254578 
2426, 22.3443870726729 
2427, 19.7207541078131 
2428, 14.6830323731049 
2429, 14.5180131341571 
2430, 30.6953947194872 
2431, 32.3963131433852 
2432, 32.3179905477835 
2433, 29.4458158641192 
2434, 10.649436308845 
2435, 0.654715388267771 
2436,-8.2294165789345 
2437,-17.1762915373079 
2438,-17.8242712957408 
2439,-25.487038863563 
2440,-43.5877453532046 
2441,-36.4563850397581 
2442,-15.8225312654431 
2443,-11.1071354983675 
2444, 3.56411597785245 
2445, 6.46805836107858 
2446,-9.43826167356316 
2447,-11.8150790669392 
2448,-4.22430524790324 
2449,-12.8627421516332 
2450,-32.5538296569787 
2451,-36.1718447991963 
2452,-35.2037420041931 
2453,-45.0971261994645 
2454,-34.8640064708624 
2455,-14.8256397023217 
2456,-5.62305573602526 
2457, 7.85843034030407 
2458, 20.599310556174 
2459, 13.2704908394439 
2460,-9.55531003560997 
2461,-24.5467540679696 
2462,-21.9923604906082 
2463,-5.41758215660486 
2464, 19.3285703312149 
2465, 34.7891772086471 
2466, 34.1091547031711 
2467, 4.42223842149382 
2468,-23.7549223605368 
2469,-16.7792932398851 
2470,-9.57814249608386 
2471, 10.033927982278 
2472, 28.4321720622126 
2473, 26.2503731943716 
2474, 30.0237991665925 
2475, 24.2875546653915 
2476, 27.5542871023014 
2477, 29.7089843016594 
2478, 23.5168491713877 
2479, 33.8994909378925 
2480, 35.9881899484185 
2481, 30.7033704114364 
2482, 24.3237095696015 
2483, 19.7810211157134 
2484, 18.2043602662754 
2485, 13.2576861031434 
2486, 15.5735826113059 
2487, 16.7284269739339 
2488, 5.58497967840722 
2489,-0.897028023478681 
2490,-3.33056095705967 
2491, 3.18907988828499 
2492, 8.12786380543544 
2493, 1.73441682811463 
2494, 9.02037615107507 
2495, 6.78200676302191 
2496, 14.3288955140977 
2497, 29.0203969807024 
2498, 32.2934484217952 
2499, 19.9234753275869 
2500, 18.9605976736083 
