Wavelength,0212202100134.asd
350, 2976.74538590025 
351, 3133.6611395524 
352, 3280.64600495935 
353, 3404.29922365148 
354, 3525.16436535214 
355, 3652.30360780746 
356, 3787.68703328033 
357, 3922.56577786864 
358, 4062.62231255696 
359, 4211.27761044665 
360, 4374.24815844252 
361, 4574.56425124061 
362, 4803.32367282959 
363, 5049.60007958514 
364, 5303.2150670659 
365, 5557.99799776606 
366, 5802.20092336725 
367, 6019.31073457214 
368, 6186.82587450979 
369, 6285.63756813068 
370, 6322.77299476534 
371, 6319.38626934604 
372, 6299.77559062133 
373, 6295.25267285322 
374, 6311.01262654645 
375, 6333.0161826566 
376, 6356.19427834463 
377, 6371.80905347735 
378, 6364.54280833791 
379, 6311.52315724978 
380, 6240.22968537103 
381, 6159.08156872776 
382, 6068.37663727898 
383, 5957.69227094038 
384, 5842.9193590324 
385, 5763.56298381911 
386, 5768.53576753098 
387, 5892.54900263929 
388, 6068.51256913894 
389, 6222.89875904489 
390, 6293.71408196253 
391, 6368.73559073915 
392, 6441.80760108441 
393, 6501.01975363936 
394, 6552.97517132249 
395, 6692.31695495776 
396, 6964.24199308711 
397, 7387.18405563744 
398, 7976.47638225801 
399, 8646.72685041629 
400, 9335.58061813521 
401, 10007.9187567587 
402, 10648.1904277319 
403, 11176.1530629207 
404, 11557.5013823684 
405, 11854.4361918677 
406, 12092.631438359 
407, 12306.7176724623 
408, 12538.9919772135 
409, 12856.0440539743 
410, 13235.2153657953 
411, 13653.1769367213 
412, 14088.0198221939 
413, 14520.1277518707 
414, 14948.7699233198 
415, 15362.6950967217 
416, 15725.578732383 
417, 16069.7968530537 
418, 16424.144673173 
419, 16796.7053565359 
420, 17119.0495047575 
421, 17443.8275342201 
422, 17798.9163511848 
423, 18183.433565991 
424, 18537.8308449526 
425, 18819.1297017689 
426, 18989.5705384728 
427, 19010.5073246516 
428, 18945.4378801917 
429, 18965.5637342402 
430, 19209.6704867038 
431, 19563.5029686961 
432, 20025.6865615984 
433, 20701.5476541763 
434, 21728.2424024884 
435, 22812.9964210222 
436, 23645.4852351374 
437, 24163.5667256463 
438, 24709.009561834 
439, 25271.6953899973 
440, 25803.5522734675 
441, 26284.2644754387 
442, 26906.8631823619 
443, 27563.443169769 
444, 28167.0981855824 
445, 28661.7443903403 
446, 29061.1377335105 
447, 29421.6904581541 
448, 29804.2705398434 
449, 30274.9272298496 
450, 30675.5698880832 
451, 30896.4761937532 
452, 30895.3427402875 
453, 30825.5295079406 
454, 30662.8234257954 
455, 30454.2067108125 
456, 30311.3547868347 
457, 30286.2135239419 
458, 30305.0814006107 
459, 30292.2421769988 
460, 30221.7137386078 
461, 30111.3143172687 
462, 29990.6310065675 
463, 29875.2333066135 
464, 29686.2421435009 
465, 29389.326088657 
466, 29020.6082174996 
467, 28682.7379180405 
468, 28399.3826012605 
469, 28190.1325800846 
470, 28064.0942846726 
471, 28025.9468931165 
472, 28003.2007971151 
473, 28002.7066985666 
474, 28053.3454124475 
475, 28054.5213712472 
476, 28033.3521273059 
477, 28022.5530963387 
478, 28046.0672762601 
479, 28145.8203444362 
480, 28280.7839069196 
481, 28378.0657736723 
482, 28359.9533655116 
483, 28156.7299032037 
484, 27721.6143603342 
485, 27062.8134911702 
486, 26427.3338310895 
487, 25981.6113423772 
488, 25857.6704052465 
489, 26168.9317556289 
490, 26660.2103265696 
491, 27067.0336073762 
492, 27217.2745327548 
493, 27277.6721628594 
494, 27361.9130267159 
495, 27522.7409011142 
496, 27743.0227270408 
497, 27819.0077118934 
498, 27750.9153073677 
499, 27583.5626926919 
500, 27356.276009187 
501, 27184.2435620212 
502, 27117.4771314496 
503, 27179.7160710929 
504, 27439.2492597355 
505, 27799.1851684103 
506, 28163.8332755929 
507, 28455.6589084366 
508, 28680.806504941 
509, 28859.4642271576 
510, 29026.0428818102 
511, 29248.2808524815 
512, 29405.3864238491 
513, 29441.7316878224 
514, 29343.4081796348 
515, 29107.1391178719 
516, 28785.688208555 
517, 28471.4127142931 
518, 28292.3229501618 
519, 28540.5542051192 
520, 29238.0986701048 
521, 30216.077236022 
522, 31035.2125304372 
523, 31646.8680861485 
524, 32077.0005628351 
525, 32401.1450576627 
526, 32542.1326471411 
527, 32601.1235593822 
528, 32778.2416712202 
529, 33442.3559109164 
530, 34304.9379420799 
531, 35032.8866640633 
532, 35354.4667800266 
533, 35466.9815679635 
534, 35632.4129269065 
535, 35993.110135794 
536, 36541.545283616 
537, 36939.4772778295 
538, 37126.3527128479 
539, 37153.540250047 
540, 37148.1875689653 
541, 37187.9581946654 
542, 37383.3679945593 
543, 37822.1949674782 
544, 38329.8673836717 
545, 38774.423993333 
546, 39084.0614690614 
547, 39264.5759105691 
548, 39387.4013345101 
549, 39529.9847749437 
550, 39740.0845976564 
551, 39958.4002151667 
552, 40128.0666561777 
553, 40253.3528814226 
554, 40385.6314080122 
555, 40487.1306394183 
556, 40457.1999356783 
557, 40240.2790513683 
558, 39874.3105446275 
559, 39562.8646957743 
560, 39425.5060313736 
561, 39504.1437139839 
562, 39691.3950392132 
563, 39802.6473363962 
564, 39747.6564052089 
565, 39556.4803001119 
566, 39284.6529863191 
567, 39009.2916060138 
568, 38777.0055469772 
569, 38540.455402417 
570, 38231.174055499 
571, 37939.0308994861 
572, 37838.0539645572 
573, 37882.6753007595 
574, 37882.8671907445 
575, 37718.2201192723 
576, 37407.3296415023 
577, 37121.8797321983 
578, 36975.9974500002 
579, 37030.8874903444 
580, 37234.6060183735 
581, 37581.6524249628 
582, 37999.3098063925 
583, 38353.6955632553 
584, 38582.555940999 
585, 38585.6041649163 
586, 38346.9544304044 
587, 38044.9994457799 
588, 37666.8399615863 
589, 37156.3046909696 
590, 36520.1887161991 
591, 36297.7726855261 
592, 36476.2828171749 
593, 36800.3244280229 
594, 36788.2738638149 
595, 36607.5490933376 
596, 36352.2479583469 
597, 36085.8504869316 
598, 35794.9115060131 
599, 35433.0876832935 
600, 35034.233518428 
601, 34687.2938039974 
602, 34419.4073554785 
603, 34278.4047431951 
604, 34263.6239717972 
605, 34303.0713913554 
606, 34233.704556775 
607, 34047.0112770561 
608, 33805.0832594736 
609, 33569.7064680033 
610, 33348.4640652076 
611, 33149.7135443581 
612, 32982.2549068384 
613, 32807.0013838205 
614, 32599.0903724235 
615, 32367.9846539451 
616, 32188.5377956601 
617, 32083.4217670366 
618, 32093.7014820223 
619, 32237.7451772582 
620, 32392.974590866 
621, 32417.6408578737 
622, 32264.2362797447 
623, 32002.6163286315 
624, 31705.6496477364 
625, 31423.1507202666 
626, 31180.2452747673 
627, 30962.7521382582 
628, 30748.2332267617 
629, 30545.3266242645 
630, 30394.1980181109 
631, 30415.0076337111 
632, 30532.7402856105 
633, 30676.267502168 
634, 30829.3583759104 
635, 30948.003380635 
636, 31031.8343539178 
637, 31091.6068298855 
638, 31115.2860678807 
639, 31076.4610038703 
640, 30949.4907518515 
641, 30723.4324299674 
642, 30548.3225182942 
643, 30448.5938236357 
644, 30388.8293353917 
645, 30267.199956151 
646, 30075.4608152019 
647, 29834.1283803649 
648, 29586.5255855001 
649, 29386.7515413152 
650, 29236.8987650534 
651, 29162.6327765202 
652, 29205.4020979396 
653, 29146.5459270817 
654, 28828.9482842244 
655, 28224.299689527 
656, 27520.035085497 
657, 27013.6849397412 
658, 27027.5861404687 
659, 27727.5112984868 
660, 28436.5434969774 
661, 28845.796115563 
662, 28934.5685247673 
663, 28979.1461515492 
664, 28955.2486507291 
665, 28912.7710418239 
666, 28895.7319394858 
667, 28908.3555067373 
668, 28902.3029757981 
669, 28877.7384201009 
670, 28857.1593771934 
671, 28803.7627218506 
672, 28738.8602581349 
673, 28697.1817272247 
674, 28722.1098698052 
675, 28763.5366340834 
676, 28794.3850304714 
677, 28805.584636777 
678, 28824.7450759713 
679, 28837.2756345007 
680, 28838.2172736049 
681, 28828.0832420117 
682, 28811.343451126 
683, 28748.8929381165 
684, 28512.8252993063 
685, 27863.0519577161 
686, 26712.3794416676 
687, 25166.0884611266 
688, 23603.0943593234 
689, 22962.5097667324 
690, 23450.1355721258 
691, 24631.041080348 
692, 25691.3492024078 
693, 26613.3030996653 
694, 27277.4902546473 
695, 27678.8417256974 
696, 27965.9073638233 
697, 28216.5671243217 
698, 28388.1817707641 
699, 28424.599163256 
700, 28357.7974229154 
701, 28292.8418037687 
702, 28301.3855296725 
703, 28423.0227134055 
704, 28663.930330132 
705, 28944.5666847008 
706, 29185.334530266 
707, 29324.1222272363 
708, 29439.788782157 
709, 29543.7485444318 
710, 29632.6607854733 
711, 29719.6311211644 
712, 29779.4972085725 
713, 29797.5100192045 
714, 29755.540759173 
715, 29591.1093041368 
716, 29174.8137195627 
717, 28450.8012136466 
718, 27467.212185241 
719, 26646.876796385 
720, 26345.8639774423 
721, 26700.1370715054 
722, 27431.1214413375 
723, 27935.3201899083 
724, 28004.7902500565 
725, 27751.627777067 
726, 27687.6512810819 
727, 27767.8726182455 
728, 27893.6164088418 
729, 27974.4263395917 
730, 28170.3738847128 
731, 28521.3002674658 
732, 29004.2846759388 
733, 29535.4067948764 
734, 29996.4004003157 
735, 30295.2646132823 
736, 30391.0413401904 
737, 30372.8007267789 
738, 30335.676398688 
739, 30304.9023593278 
740, 30249.6332933648 
741, 30241.3855225741 
742, 30292.3884964953 
743, 30394.4073656292 
744, 30527.1024708126 
745, 30620.301900397 
746, 30665.1831364975 
747, 30672.9559002148 
748, 30644.3297604766 
749, 30554.003730307 
750, 30424.8049452832 
751, 30311.5838964957 
752, 30258.6529391023 
753, 30252.0275999676 
754, 30259.8532133392 
755, 30236.6821079658 
756, 30099.1219145424 
757, 29478.6345287495 
758, 27785.8337478456 
759, 24020.7432052096 
760, 18489.5307394975 
761, 13077.9135919257 
762, 10059.6021994697 
763, 10073.0632112558 
764, 11702.4172833549 
765, 14227.4142082588 
766, 17562.7253065514 
767, 21197.332489566 
768, 24348.6349722581 
769, 26538.4851134461 
770, 27772.6714967931 
771, 28385.2191454617 
772, 28631.9138662535 
773, 28706.9905950979 
774, 28706.1990167477 
775, 28648.5534959066 
776, 28569.7803571308 
777, 28496.0010005927 
778, 28391.4872512858 
779, 28264.4456786316 
780, 28136.4020922964 
781, 28032.6384349809 
782, 27920.2134206948 
783, 27783.7452177482 
784, 27625.2442892242 
785, 27468.0440356147 
786, 27308.6917019066 
787, 27120.7854688082 
788, 26882.0625498203 
789, 26595.8936648192 
790, 26295.4454789676 
791, 25991.7394579387 
792, 25688.8963243797 
793, 25404.7111685028 
794, 25176.0828273507 
795, 25024.954639653 
796, 24950.8785094294 
797, 24895.5262247115 
798, 24800.7860813502 
799, 24636.5003934576 
800, 24409.3681951832 
801, 24157.5157957988 
802, 23922.7205023328 
803, 23724.5731228563 
804, 23535.7357958869 
805, 23372.0442751881 
806, 23221.4521342612 
807, 23056.2670464324 
808, 22833.4199092573 
809, 22557.6162401081 
810, 22247.0399413146 
811, 21915.771082604 
812, 21517.6749176774 
813, 20991.4544287204 
814, 20330.3498302809 
815, 19591.1795116191 
816, 18909.7713054804 
817, 18381.5529672674 
818, 18065.0283518423 
819, 17977.1144426302 
820, 17965.921675715 
821, 17913.9813089108 
822, 17772.5830391008 
823, 17607.247961235 
824, 17499.4907389787 
825, 17520.7648045782 
826, 17652.3499778326 
827, 17621.8203915972 
828, 17428.4154775469 
829, 17165.0655480061 
830, 16960.8542623001 
831, 16831.025066899 
832, 16739.5814112883 
833, 16668.2355594506 
834, 16618.8034101549 
835, 16600.8631478281 
836, 16597.3586712993 
837, 16577.7484693505 
838, 16504.124318926 
839, 16389.5298928611 
840, 16249.0523091697 
841, 16094.6365861666 
842, 15930.4087318934 
843, 15758.3053841306 
844, 15588.7741319984 
845, 15427.4736322021 
846, 15268.3997159812 
847, 15070.3604966023 
848, 14828.3946861563 
849, 14557.0617287285 
850, 14286.5868509034 
851, 13969.8908904247 
852, 13640.5393213346 
853, 13364.9073313659 
854, 13163.3836509782 
855, 13002.6410797728 
856, 12931.1466763381 
857, 13020.0287128769 
858, 13155.9663367006 
859, 13194.3531488623 
860, 13107.829781022 
861, 12973.9498326475 
862, 12812.2171127846 
863, 12601.01596435 
864, 12341.8785128669 
865, 12069.9462218784 
866, 11815.5972873198 
867, 11603.5194152813 
868, 11467.4509643831 
869, 11451.3583857132 
870, 11487.7363204274 
871, 11484.9998840305 
872, 11398.1189970039 
873, 11270.5711759925 
874, 11136.9011523612 
875, 11003.5322885817 
876, 10868.9159418934 
877, 10735.471847698 
878, 10606.8026171257 
879, 10480.3070453996 
880, 10352.5656388451 
881, 10223.7527114402 
882, 10095.1893565212 
883, 9971.88655077156 
884, 9856.83278338006 
885, 9744.20890048707 
886, 9621.31388504114 
887, 9489.57570455425 
888, 9356.83314810054 
889, 9228.42639366419 
890, 9100.47715413622 
891, 8957.14729244106 
892, 8779.17084418034 
893, 8558.57454455131 
894, 8300.30602012756 
895, 8013.75665422913 
896, 7711.43113015029 
897, 7404.37792455034 
898, 7115.82591079065 
899, 6877.98526748907 
900, 6718.76949834456 
901, 6627.53345595928 
902, 6590.63917830334 
903, 6580.90049772456 
904, 6565.88689457048 
905, 6533.45332710452 
906, 6465.38256718649 
907, 6347.17396527068 
908, 6177.3114568255 
909, 5996.36400714494 
910, 5844.52994051033 
911, 5735.46464413449 
912, 5658.98378376796 
913, 5597.58805392771 
914, 5537.63916263727 
915, 5476.45423173727 
916, 5421.3864653977 
917, 5387.63523560406 
918, 5363.24147091485 
919, 5339.43874973563 
920, 5312.6490228551 
921, 5284.07978737605 
922, 5243.61362626867 
923, 5177.70596815182 
924, 5074.95854416934 
925, 4942.34270195793 
926, 4784.42857850876 
927, 4594.24700204864 
928, 4360.19546748146 
929, 4088.586953036 
930, 3781.56439364042 
931, 3456.12496354697 
932, 3140.10367831632 
933, 2860.08883771168 
934, 2639.53671761067 
935, 2492.19498420523 
936, 2419.2832852777 
937, 2404.57813197952 
938, 2424.84335759906 
939, 2459.02991879621 
940, 2491.37215964049 
941, 2517.50454819772 
942, 2527.37520437881 
943, 2508.15013044179 
944, 2455.42458718024 
945, 2390.23195455135 
946, 2335.63229040735 
947, 2303.06281288172 
948, 2292.34021202166 
949, 2290.89266699444 
950, 2288.27623407947 
951, 2282.95408585149 
952, 2276.35093930504 
953, 2267.46193896902 
954, 2256.9719921672 
955, 2247.89394774357 
956, 2242.55467896656 
957, 2240.58080753766 
958, 2240.70146302553 
959, 2243.00324713226 
960, 2247.90640841505 
961, 2255.63517441392 
962, 2263.36593203962 
963, 2274.83189196963 
964, 2290.67127201484 
965, 2306.14334607178 
966, 2315.46627631628 
967, 2319.88241575796 
968, 2320.18269616627 
969, 2315.63079318575 
970, 2305.56345535633 
971, 2290.40135354934 
972, 2266.23514939789 
973, 2229.41324864201 
974, 2190.33106273289 
975, 2149.26002781309 
976, 2109.62673721283 
977, 2075.49869252485 
978, 2047.52253169107 
979, 2024.75769127693 
980, 2006.6158231334 
981, 1991.09958980014 
982, 1973.12350532626 
983, 1955.36541749167 
984, 1935.09029518337 
985, 1910.80971553107 
986, 1884.93958400172 
987, 1855.20257879833 
988, 1826.17588612078 
989, 1797.24517905371 
990, 1762.49877697131 
991, 1728.61651570559 
992, 1695.69527689746 
993, 1662.58243479433 
994, 1628.47144191887 
995, 1596.22695143374 
996, 1561.50172729869 
997, 1525.97633897951 
998, 1491.9542426816 
999, 1454.18431744049 
1000, 1419.43290166723 
1001, 9028.80813064138 
1002, 9025.55842743405 
1003, 9021.86548471111 
1004, 9023.54758061443 
1005, 9034.75301701039 
1006, 9052.42644928433 
1007, 9086.11304268097 
1008, 9126.39107820426 
1009, 9169.73294943874 
1010, 9219.96906952169 
1011, 9276.14954029063 
1012, 9338.33251868598 
1013, 9403.96062965059 
1014, 9467.89698575462 
1015, 9526.54233337554 
1016, 9582.92667969456 
1017, 9633.00068666627 
1018, 9688.38651248088 
1019, 9750.00090295951 
1020, 9809.43970805976 
1021, 9870.98561098661 
1022, 9933.75268661015 
1023, 9998.93390521459 
1024, 10063.8164264874 
1025, 10128.2735065791 
1026, 10197.2565991932 
1027, 10266.0217833517 
1028, 10324.5614452457 
1029, 10379.9983787842 
1030, 10436.5824424884 
1031, 10488.5691217522 
1032, 10536.876652754 
1033, 10583.2364131814 
1034, 10621.2504783922 
1035, 10657.8355420917 
1036, 10688.4283278917 
1037, 10721.2122887494 
1038, 10755.7613396492 
1039, 10786.3826444551 
1040, 10806.0340297369 
1041, 10824.1631762453 
1042, 10840.2423126735 
1043, 10851.5459432262 
1044, 10867.4478309709 
1045, 10880.4843830962 
1046, 10890.0982504879 
1047, 10899.7174252246 
1048, 10906.4441974994 
1049, 10913.6568721242 
1050, 10930.8925936743 
1051, 10949.5590633058 
1052, 10965.3714130733 
1053, 10984.3226125849 
1054, 10999.4466870749 
1055, 11012.40488169 
1056, 11032.2987861655 
1057, 11054.5334667527 
1058, 11081.2680611725 
1059, 11119.0789181526 
1060, 11161.8650955216 
1061, 11212.2971830481 
1062, 11268.9955825173 
1063, 11333.7167862951 
1064, 11397.1102408443 
1065, 11470.8908036379 
1066, 11555.4322714822 
1067, 11644.6568060941 
1068, 11743.939523202 
1069, 11858.8336998592 
1070, 11976.1093670943 
1071, 12105.4840688369 
1072, 12246.7664441738 
1073, 12382.3229355714 
1074, 12522.1370773405 
1075, 12656.6591522878 
1076, 12794.246646683 
1077, 12919.1806961345 
1078, 13027.2313886793 
1079, 13129.2527880554 
1080, 13209.6626222532 
1081, 13273.5349511441 
1082, 13343.2185481487 
1083, 13407.0631864177 
1084, 13465.8348028148 
1085, 13527.6539932499 
1086, 13586.7879318222 
1087, 13650.1886220378 
1088, 13696.0710393062 
1089, 13742.6350906021 
1090, 13768.4807333269 
1091, 13779.3341479645 
1092, 13772.2169005682 
1093, 13751.443954792 
1094, 13721.4955994293 
1095, 13681.5389800397 
1096, 13638.2663628613 
1097, 13593.7306651569 
1098, 13545.9102168174 
1099, 13501.0354195508 
1100, 13454.8323584101 
1101, 13409.000007272 
1102, 13374.269018416 
1103, 13320.7830483492 
1104, 13268.0385308628 
1105, 13195.2230296093 
1106, 13109.3997433437 
1107, 12988.1989271726 
1108, 12820.7867288293 
1109, 12607.7946581745 
1110, 12302.4455917229 
1111, 11926.4170352298 
1112, 11489.2354116696 
1113, 10952.0357991763 
1114, 10420.0945477085 
1115, 9800.15444597367 
1116, 9246.43672084468 
1117, 8649.25621725393 
1118, 8143.40435289644 
1119, 7681.10453146693 
1120, 7261.74402254324 
1121, 6913.6126216763 
1122, 6631.19664746237 
1123, 6432.32718284242 
1124, 6301.9835396177 
1125, 6241.0072653839 
1126, 6284.74020678624 
1127, 6325.66159460026 
1128, 6427.02120964445 
1129, 6534.67775468139 
1130, 6680.89804374118 
1131, 6822.75247481258 
1132, 6973.77060378649 
1133, 7150.28825617573 
1134, 7335.95401770227 
1135, 7530.47705995536 
1136, 7807.11331508164 
1137, 8094.10316067457 
1138, 8376.18638766655 
1139, 8643.35207256667 
1140, 8816.05804880441 
1141, 8937.12559211022 
1142, 8992.79615485946 
1143, 8941.44829820276 
1144, 8923.62151442529 
1145, 8788.42738382307 
1146, 8796.33274999551 
1147, 8821.24579615266 
1148, 8940.91667445022 
1149, 9153.45979812984 
1150, 9427.01183424317 
1151, 9778.07650577852 
1152, 10168.9266706645 
1153, 10587.3056462717 
1154, 11081.447450061 
1155, 11544.6201126796 
1156, 12033.4291015145 
1157, 12498.9386341285 
1158, 12973.3950431912 
1159, 13419.5002757285 
1160, 13862.0553976486 
1161, 14269.1290193356 
1162, 14665.1540645156 
1163, 15018.646443277 
1164, 15339.5685084429 
1165, 15622.667490602 
1166, 15880.8468446148 
1167, 16102.0730904368 
1168, 16299.8321476739 
1169, 16474.958437747 
1170, 16611.3574086189 
1171, 16710.5120218459 
1172, 16789.7411849929 
1173, 16826.6620154705 
1174, 16862.1250570382 
1175, 16879.3073865877 
1176, 16883.8221393822 
1177, 16862.4611332752 
1178, 16848.5973205411 
1179, 16817.6815509262 
1180, 16796.2633162344 
1181, 16774.5841942109 
1182, 16762.2169566792 
1183, 16763.7359523596 
1184, 16763.9647950899 
1185, 16796.1936600816 
1186, 16846.1238642671 
1187, 16918.8303307464 
1188, 17019.2149030146 
1189, 17124.4858095792 
1190, 17277.9077292661 
1191, 17383.0979000727 
1192, 17497.279412155 
1193, 17569.4713349855 
1194, 17610.159175158 
1195, 17624.6788280858 
1196, 17606.7236118229 
1197, 17569.1009128696 
1198, 17516.9342305127 
1199, 17420.2729384604 
1200, 17367.3451686576 
1201, 17303.6778657817 
1202, 17278.4501563982 
1203, 17275.5074592757 
1204, 17291.9064141926 
1205, 17328.5470826603 
1206, 17384.5603236484 
1207, 17475.3233403063 
1208, 17559.9780346352 
1209, 17662.5746514933 
1210, 17761.9472730004 
1211, 17865.9006294764 
1212, 17965.5004271621 
1213, 18064.5283807306 
1214, 18171.9497151328 
1215, 18256.7846591421 
1216, 18336.0475492863 
1217, 18397.4264901827 
1218, 18440.6017769177 
1219, 18481.6871055797 
1220, 18506.9167433388 
1221, 18536.0137159573 
1222, 18556.6271696761 
1223, 18584.3568721202 
1224, 18613.9269910072 
1225, 18642.7320659274 
1226, 18672.5413514881 
1227, 18705.0506229264 
1228, 18745.1851834863 
1229, 18774.6180420131 
1230, 18800.3008561228 
1231, 18829.7507404561 
1232, 18842.6936175437 
1233, 18843.2164708002 
1234, 18839.6826588892 
1235, 18831.4756777706 
1236, 18811.723949289 
1237, 18785.9092584788 
1238, 18745.6040617993 
1239, 18686.101848 
1240, 18631.1935975674 
1241, 18566.5689003805 
1242, 18502.1162623108 
1243, 18439.2456415583 
1244, 18372.2925616258 
1245, 18300.6071927884 
1246, 18226.9394636875 
1247, 18149.0024162317 
1248, 18073.794464553 
1249, 17980.6038646985 
1250, 17885.7727572766 
1251, 17764.291892629 
1252, 17629.8330400453 
1253, 17472.0144460079 
1254, 17299.4104462975 
1255, 17095.2115643433 
1256, 16873.0308296302 
1257, 16616.3024718682 
1258, 16317.2390241445 
1259, 16010.3178540014 
1260, 15657.1411283967 
1261, 15323.3646594461 
1262, 14969.6149801518 
1263, 14633.8950531445 
1264, 14347.3114527501 
1265, 14059.0115212417 
1266, 13877.5144092192 
1267, 13737.52901065 
1268, 13705.6085263856 
1269, 13762.2082740927 
1270, 13883.2183358033 
1271, 14121.9999349806 
1272, 14352.3304563232 
1273, 14671.9367380145 
1274, 14941.0450797817 
1275, 15241.9391696437 
1276, 15485.177040812 
1277, 15700.3341416427 
1278, 15888.5763573245 
1279, 16042.3274603853 
1280, 16163.8945694093 
1281, 16276.8093980451 
1282, 16386.5135033852 
1283, 16500.931239086 
1284, 16611.0843611386 
1285, 16723.5579305608 
1286, 16847.675850593 
1287, 16946.8665359907 
1288, 17044.0751419482 
1289, 17115.4192496743 
1290, 17165.6542782979 
1291, 17205.7055687941 
1292, 17229.1718516285 
1293, 17241.0969613339 
1294, 17239.4001167023 
1295, 17226.906687385 
1296, 17195.6087980191 
1297, 17162.6327087504 
1298, 17122.9117111438 
1299, 17075.102097864 
1300, 17018.0997885989 
1301, 16955.1564658069 
1302, 16888.7315112718 
1303, 16812.3306699899 
1304, 16737.2937669406 
1305, 16663.3815471245 
1306, 16580.3743170028 
1307, 16492.1859050987 
1308, 16398.4758962719 
1309, 16294.3647758663 
1310, 16194.8470536706 
1311, 16092.9211133811 
1312, 15989.4690026453 
1313, 15877.3759765477 
1314, 15780.9908440363 
1315, 15683.9304113916 
1316, 15600.4869422997 
1317, 15532.1020990854 
1318, 15475.4619019329 
1319, 15415.3031091321 
1320, 15355.2878290763 
1321, 15294.37024995 
1322, 15209.1639187009 
1323, 15092.4017607411 
1324, 14967.9507582462 
1325, 14783.0215937001 
1326, 14546.0081535692 
1327, 14299.2773274359 
1328, 13986.5310582333 
1329, 13715.6466227791 
1330, 13410.6474227268 
1331, 13179.6549225698 
1332, 12970.2879677473 
1333, 12819.42036629 
1334, 12751.7426163201 
1335, 12674.9786323939 
1336, 12644.1655524513 
1337, 12612.6623000775 
1338, 12556.8642710667 
1339, 12439.5304230959 
1340, 12254.7899357276 
1341, 11973.704334627 
1342, 11575.2590087353 
1343, 11075.2189446082 
1344, 10476.9011188222 
1345, 9743.31690969376 
1346, 8977.31980084113 
1347, 8088.5473411685 
1348, 7235.92279164111 
1349, 6302.34274150028 
1350, 5455.11146294043 
1351, 4587.60094543331 
1352, 3830.82924554023 
1353, 3115.75946922519 
1354, 2500.66129022156 
1355, 1974.87831290152 
1356, 1525.39508560946 
1357, 1156.63205981718 
1358, 873.705896636744 
1359, 661.073219434646 
1360, 506.200491347751 
1361, 394.88797206014 
1362, 317.094477177536 
1363, 256.718846130906 
1364, 212.018451021043 
1365, 182.560675379583 
1366, 172.453267075415 
1367, 170.646471026536 
1368, 186.226578281498 
1369, 207.929757653052 
1370, 241.125357361277 
1371, 280.786353163946 
1372, 339.201132904135 
1373, 385.378050825479 
1374, 439.212490444624 
1375, 479.891553318428 
1376, 518.39441386753 
1377, 537.821684989007 
1378, 545.257736960407 
1379, 543.058998131999 
1380, 517.544209637579 
1381, 493.859949908112 
1382, 478.74594149883 
1383, 468.802860792866 
1384, 481.706922819507 
1385, 516.62423142048 
1386, 563.033977639746 
1387, 631.755050262438 
1388, 695.680614357786 
1389, 777.01408684941 
1390, 836.574612699256 
1391, 895.428744881484 
1392, 936.372272569974 
1393, 957.264220572462 
1394, 985.994974350892 
1395, 999.286078523659 
1396, 1030.41107364172 
1397, 1069.7034694469 
1398, 1112.18855739475 
1399, 1162.94607100156 
1400, 1215.67673833621 
1401, 1270.40089899175 
1402, 1330.75172231007 
1403, 1394.18202411111 
1404, 1464.19069326339 
1405, 1540.46184946332 
1406, 1627.14832037266 
1407, 1729.05763418137 
1408, 1847.35683139778 
1409, 1987.32706111463 
1410, 2150.29340995202 
1411, 2319.99184533106 
1412, 2515.52674859391 
1413, 2698.44171801363 
1414, 2892.79858454386 
1415, 3067.09954083961 
1416, 3232.69137397856 
1417, 3393.7123995879 
1418, 3543.39197713926 
1419, 3693.76789184952 
1420, 3842.72882928382 
1421, 3988.12196460544 
1422, 4139.82428182916 
1423, 4267.89741296785 
1424, 4401.49239639444 
1425, 4493.34754362411 
1426, 4564.27607121937 
1427, 4598.94279775888 
1428, 4596.89213195944 
1429, 4569.1837136557 
1430, 4516.85235964654 
1431, 4435.68686588569 
1432, 4352.76431069993 
1433, 4269.62298137794 
1434, 4193.44662349199 
1435, 4138.39297310163 
1436, 4099.77456480367 
1437, 4087.32973002591 
1438, 4088.70717148845 
1439, 4115.42475353853 
1440, 4143.59438562432 
1441, 4192.61424109889 
1442, 4228.81587006884 
1443, 4266.36575669884 
1444, 4305.05777191786 
1445, 4339.38753696519 
1446, 4378.87261377426 
1447, 4422.67460988801 
1448, 4469.20326022124 
1449, 4510.54085833985 
1450, 4569.10407192352 
1451, 4641.08447731312 
1452, 4713.30646401432 
1453, 4811.36055987892 
1454, 4883.55618654776 
1455, 4955.87651337324 
1456, 5005.84635710383 
1457, 5025.63011567915 
1458, 5008.05787011473 
1459, 4953.87327336175 
1460, 4859.60432128623 
1461, 4732.52578583333 
1462, 4570.61605672766 
1463, 4389.99447832093 
1464, 4195.02281946877 
1465, 4011.39888252706 
1466, 3813.38718247286 
1467, 3649.05794489727 
1468, 3487.91416955843 
1469, 3366.13210849147 
1470, 3266.59598965044 
1471, 3198.58094471773 
1472, 3168.97812189107 
1473, 3147.02242044639 
1474, 3153.93465372642 
1475, 3164.31710690084 
1476, 3194.65364851997 
1477, 3216.53515396276 
1478, 3246.60098040799 
1479, 3272.59371761217 
1480, 3291.77647665141 
1481, 3317.425564874 
1482, 3342.35661626301 
1483, 3377.59825014623 
1484, 3417.13318002528 
1485, 3464.17300872273 
1486, 3517.98558383655 
1487, 3584.21661079473 
1488, 3650.53064228613 
1489, 3724.17876713719 
1490, 3806.09027131627 
1491, 3882.1860568425 
1492, 3956.95350155454 
1493, 4032.73459024975 
1494, 4099.56116591974 
1495, 4157.49924399211 
1496, 4209.5821641827 
1497, 4250.70224401271 
1498, 4285.0070634953 
1499, 4309.16562853193 
1500, 4329.62660958286 
1501, 4338.20845767194 
1502, 4355.52059973844 
1503, 4367.53977052445 
1504, 4389.12335923236 
1505, 4416.06017110722 
1506, 4448.79719529084 
1507, 4487.82967656126 
1508, 4529.18904088959 
1509, 4581.91422033712 
1510, 4623.81649480159 
1511, 4663.16486831246 
1512, 4700.39431958403 
1513, 4734.35140733905 
1514, 4764.28540891062 
1515, 4790.29054260175 
1516, 4816.7969392462 
1517, 4840.69847152161 
1518, 4861.82169319454 
1519, 4882.03299215718 
1520, 4902.24481749759 
1521, 4919.93372131971 
1522, 4935.79443140143 
1523, 4951.64454116244 
1524, 4961.44700726423 
1525, 4971.3596584348 
1526, 4982.55049798319 
1527, 4994.22698336371 
1528, 5011.37336423633 
1529, 5028.80643460031 
1530, 5037.27580047833 
1531, 5044.45410363008 
1532, 5053.43270980768 
1533, 5060.28421743541 
1534, 5071.3947214152 
1535, 5083.02491194757 
1536, 5097.58559944031 
1537, 5112.13268980877 
1538, 5126.59826176432 
1539, 5143.44010445673 
1540, 5163.10083214543 
1541, 5183.25497192435 
1542, 5205.71115774126 
1543, 5225.34363837678 
1544, 5245.73691637027 
1545, 5263.61394023419 
1546, 5277.4658125393 
1547, 5294.30829878882 
1548, 5312.74846195348 
1549, 5329.28667859465 
1550, 5344.20342714199 
1551, 5361.41562680503 
1552, 5380.98998314948 
1553, 5395.92637690842 
1554, 5411.08954174929 
1555, 5425.61634739652 
1556, 5435.8625067542 
1557, 5445.42016876224 
1558, 5456.23636695174 
1559, 5464.97399670675 
1560, 5470.26002720702 
1561, 5476.51289809119 
1562, 5489.44595439982 
1563, 5489.41302823269 
1564, 5488.01150925544 
1565, 5473.57649450147 
1566, 5444.38645343819 
1567, 5412.18164652283 
1568, 5369.93949768518 
1569, 5323.39604296983 
1570, 5278.00331096793 
1571, 5238.05561636282 
1572, 5213.35154207911 
1573, 5201.55077662813 
1574, 5203.00837647287 
1575, 5218.23640372115 
1576, 5236.35706800387 
1577, 5268.29664010834 
1578, 5314.46655776584 
1579, 5372.26242571425 
1580, 5433.00109794881 
1581, 5507.87448540793 
1582, 5576.42846737771 
1583, 5648.41257626244 
1584, 5712.79449829747 
1585, 5783.07705564235 
1586, 5830.74513550869 
1587, 5864.59434355457 
1588, 5896.86149989257 
1589, 5915.4695991945 
1590, 5936.28542436109 
1591, 5955.96070873606 
1592, 5971.6945073681 
1593, 5986.19484278014 
1594, 5989.11676969145 
1595, 5990.86000579809 
1596, 5976.68051115169 
1597, 5945.8708769318 
1598, 5914.35160383573 
1599, 5870.0538986519 
1600, 5832.07484928874 
1601, 5787.62827642768 
1602, 5754.70198262607 
1603, 5722.05161036915 
1604, 5703.28017220315 
1605, 5694.03060392788 
1606, 5693.33845774713 
1607, 5705.02230834144 
1608, 5720.55064068958 
1609, 5745.57909622186 
1610, 5770.49557665308 
1611, 5801.03777931768 
1612, 5831.7795892758 
1613, 5864.13102659357 
1614, 5898.73010063144 
1615, 5940.83950160123 
1616, 5973.51716045518 
1617, 6005.22373038814 
1618, 6031.91546177574 
1619, 6052.83099398342 
1620, 6069.11600735065 
1621, 6082.14039172883 
1622, 6090.44471237254 
1623, 6089.3692422716 
1624, 6090.81889301327 
1625, 6093.58581587732 
1626, 6090.41131728038 
1627, 6085.75486015257 
1628, 6076.21572536083 
1629, 6062.80486141934 
1630, 6042.84315447684 
1631, 6017.70498662889 
1632, 5988.73193844316 
1633, 5951.5524431244 
1634, 5913.65712370957 
1635, 5870.67795759197 
1636, 5830.06641585799 
1637, 5784.40268059539 
1638, 5745.86400689015 
1639, 5709.10958653173 
1640, 5679.45060959261 
1641, 5654.69043110474 
1642, 5636.92174718051 
1643, 5628.91205969275 
1644, 5622.03031284816 
1645, 5619.93685646362 
1646, 5621.32729725735 
1647, 5628.55973283858 
1648, 5633.50385670821 
1649, 5641.53848519268 
1650, 5648.38148294226 
1651, 5653.40990087803 
1652, 5656.89369836458 
1653, 5661.24358771975 
1654, 5666.45564967396 
1655, 5670.57483109354 
1656, 5675.64833740477 
1657, 5673.08840105959 
1658, 5668.74692822904 
1659, 5659.51109926419 
1660, 5645.24394581887 
1661, 5624.29447445899 
1662, 5599.05060619094 
1663, 5571.0734199079 
1664, 5530.98805619661 
1665, 5508.08483463975 
1666, 5488.66662236933 
1667, 5476.57691583861 
1668, 5473.73294421905 
1669, 5471.12116366015 
1670, 5472.60303158774 
1671, 5475.26743266586 
1672, 5482.21057220578 
1673, 5487.28445114173 
1674, 5496.91072030257 
1675, 5493.62793149093 
1676, 5486.09003191317 
1677, 5475.43441935493 
1678, 5453.54345232482 
1679, 5442.11865789827 
1680, 5434.86217311129 
1681, 5423.04580018341 
1682, 5409.78406665354 
1683, 5402.667883372 
1684, 5394.51561372841 
1685, 5391.84041022206 
1686, 5398.71012436291 
1687, 5395.86279711667 
1688, 5390.41384192034 
1689, 5384.59744139292 
1690, 5375.85677482766 
1691, 5367.87152898865 
1692, 5360.94219698151 
1693, 5350.26055928506 
1694, 5337.63329857358 
1695, 5324.12922224607 
1696, 5308.74427509358 
1697, 5292.21186999505 
1698, 5272.98381679257 
1699, 5257.33300387415 
1700, 5242.22045088191 
1701, 5226.07375564676 
1702, 5212.17197344103 
1703, 5194.71751201656 
1704, 5173.78503846892 
1705, 5154.10990183361 
1706, 5134.60824035446 
1707, 5116.08749062323 
1708, 5097.05426016289 
1709, 5079.74265064578 
1710, 5061.912106239 
1711, 5048.48414948392 
1712, 5035.93678405013 
1713, 5029.73128019048 
1714, 5031.48082518582 
1715, 5028.46714484262 
1716, 5022.26326889817 
1717, 5010.05720708559 
1718, 4994.3461143615 
1719, 4972.2729447044 
1720, 4948.6773718465 
1721, 4918.84861203191 
1722, 4885.00561512738 
1723, 4856.16640553088 
1724, 4827.25058132626 
1725, 4798.04481344141 
1726, 4773.34615507108 
1727, 4752.01360856713 
1728, 4728.2124802913 
1729, 4705.76818415486 
1730, 4682.61794261713 
1731, 4648.83440726671 
1732, 4613.8626573441 
1733, 4581.25468619599 
1734, 4548.28637787872 
1735, 4519.98027794421 
1736, 4497.51190773066 
1737, 4479.09411964168 
1738, 4467.09143280475 
1739, 4467.16165276206 
1740, 4463.94578151327 
1741, 4460.21311073172 
1742, 4452.90151606038 
1743, 4431.52508656964 
1744, 4416.21700871119 
1745, 4401.45089131794 
1746, 4381.84634392534 
1747, 4365.92630952813 
1748, 4354.26896557857 
1749, 4353.94317725713 
1750, 4358.97532951657 
1751, 4364.43928370755 
1752, 4362.12176846958 
1753, 4344.50881036745 
1754, 4320.75548437847 
1755, 4298.78613517849 
1756, 4279.95455008227 
1757, 4258.56699364926 
1758, 4233.60925374386 
1759, 4201.38537179364 
1760, 4163.82811489117 
1761, 4126.16837831485 
1762, 4088.00763055865 
1763, 4044.51540135773 
1764, 4010.28146243552 
1765, 3979.30815080393 
1766, 3948.94266599381 
1767, 3926.50613597532 
1768, 3901.21732422694 
1769, 3879.93911112508 
1770, 3848.14189173963 
1771, 3816.8348609097 
1772, 3773.86459719102 
1773, 3715.76816730754 
1774, 3657.73658870479 
1775, 3588.6401370018 
1776, 3527.94897712802 
1777, 3466.13341763655 
1778, 3411.32847371319 
1779, 3364.51226508338 
1780, 3317.86773976351 
1781, 3271.22103947709 
1782, 3228.86701913366 
1783, 3194.86633156673 
1784, 3152.53303771842 
1785, 3112.58761092672 
1786, 3067.80525940689 
1787, 3018.58806632476 
1788, 2962.9852292379 
1789, 2906.75165740559 
1790, 2836.88170851976 
1791, 2753.34441505526 
1792, 2670.59896017314 
1793, 2584.33542430059 
1794, 2492.53868900947 
1795, 2398.71907022666 
1796, 2298.80823115052 
1797, 2179.34978521653 
1798, 2052.83688148117 
1799, 1928.08009667834 
1800, 1802.22680900177 
1801, 10517.8651081847 
1802, 10034.6608747294 
1803, 9578.46206794276 
1804, 9176.91551077854 
1805, 8816.0964596518 
1806, 8499.69757937403 
1807, 8212.67929947405 
1808, 7915.76953371774 
1809, 7701.41647514736 
1810, 7397.26366444994 
1811, 7049.17035305205 
1812, 6687.94172035096 
1813, 6294.77380997984 
1814, 5883.84295040864 
1815, 5474.92901540115 
1816, 5076.84589356437 
1817, 4736.8845452779 
1818, 4421.13394620846 
1819, 4148.48198984825 
1820, 3940.68186786729 
1821, 3726.3163022939 
1822, 3544.18318394792 
1823, 3373.35403647745 
1824, 3179.09438056129 
1825, 2962.36616069234 
1826, 2719.22724009581 
1827, 2448.53429423436 
1828, 2169.80065611732 
1829, 1838.91038755758 
1830, 1570.05031071014 
1831, 1306.50423987295 
1832, 1063.51376637693 
1833, 867.286491806023 
1834, 697.298750016385 
1835, 542.065179963041 
1836, 432.691175482773 
1837, 360.920686199914 
1838, 324.296129788217 
1839, 300.413066914582 
1840, 311.143533588093 
1841, 317.878705202611 
1842, 337.596861664308 
1843, 375.387359807719 
1844, 403.384560497594 
1845, 423.096474941249 
1846, 444.805552137955 
1847, 436.036898348223 
1848, 421.449637140801 
1849, 419.608377298694 
1850, 411.534786042617 
1851, 395.539890332919 
1852, 383.279979122365 
1853, 377.024073781138 
1854, 370.243367461978 
1855, 362.88083599495 
1856, 363.927456121342 
1857, 364.901610696455 
1858, 380.223873488088 
1859, 417.239432650787 
1860, 468.137428070337 
1861, 546.866265084307 
1862, 639.433447857178 
1863, 692.179353126228 
1864, 734.561377573702 
1865, 741.928318376001 
1866, 704.649881296685 
1867, 656.562199468884 
1868, 589.945628097265 
1869, 501.098847324134 
1870, 420.498111889338 
1871, 324.474697524738 
1872, 261.224834666269 
1873, 211.354613480304 
1874, 202.952672347518 
1875, 243.736890394116 
1876, 306.376925284412 
1877, 400.211582151465 
1878, 489.672655039349 
1879, 584.135618553758 
1880, 673.810346253906 
1881, 762.806777635904 
1882, 847.485048054542 
1883, 939.86578200754 
1884, 999.339098164645 
1885, 1053.66258986358 
1886, 1109.84940107864 
1887, 1143.45474495376 
1888, 1147.16224796811 
1889, 1125.32896224641 
1890, 1087.45685705492 
1891, 1053.43558982369 
1892, 991.919951455801 
1893, 975.210258247391 
1894, 963.965194646007 
1895, 915.073098854605 
1896, 860.654373519317 
1897, 780.137501549863 
1898, 687.232189658381 
1899, 590.430584861187 
1900, 510.985576817269 
1901, 429.750909173293 
1902, 369.362710880542 
1903, 315.023426958384 
1904, 297.869246185733 
1905, 286.717824733881 
1906, 284.621553457226 
1907, 295.381281864159 
1908, 323.226434717616 
1909, 354.036940345289 
1910, 363.06690494549 
1911, 393.336153836524 
1912, 427.04890875791 
1913, 465.564898098913 
1914, 505.120882976205 
1915, 579.984613606559 
1916, 645.935763469567 
1917, 735.438905290671 
1918, 834.854947823718 
1919, 934.886232021375 
1920, 1029.2841007435 
1921, 1092.57875601122 
1922, 1158.14123675053 
1923, 1226.89547969175 
1924, 1264.45768358424 
1925, 1277.22259742847 
1926, 1299.30224520342 
1927, 1312.19587493487 
1928, 1291.29515141011 
1929, 1291.5640735926 
1930, 1309.99300698614 
1931, 1324.4429270162 
1932, 1361.87143032799 
1933, 1405.8175605726 
1934, 1483.42066166486 
1935, 1529.85440271596 
1936, 1569.79276883808 
1937, 1605.09359369611 
1938, 1638.49425127958 
1939, 1675.60352080863 
1940, 1701.99640677189 
1941, 1724.72076449752 
1942, 1751.07469475677 
1943, 1765.30077227975 
1944, 1784.94254196092 
1945, 1832.91744317595 
1946, 1841.97943237174 
1947, 1838.63032179082 
1948, 1810.11432569548 
1949, 1759.67694362989 
1950, 1683.16674053685 
1951, 1590.24483701058 
1952, 1515.29873273538 
1953, 1447.94235236091 
1954, 1375.27572436736 
1955, 1317.80383892211 
1956, 1259.02242655152 
1957, 1230.92684486387 
1958, 1210.47482000435 
1959, 1227.99884041733 
1960, 1271.14049406198 
1961, 1344.56661567936 
1962, 1469.64390913772 
1963, 1580.32708484641 
1964, 1707.35758387104 
1965, 1857.99871418798 
1966, 1983.88608692911 
1967, 2088.27396688759 
1968, 2216.13873234751 
1969, 2336.71779548579 
1970, 2483.01503745648 
1971, 2664.81160863859 
1972, 2820.19760789685 
1973, 2975.56528946964 
1974, 3134.89747469033 
1975, 3282.0378751539 
1976, 3445.4210218471 
1977, 3605.82404185766 
1978, 3738.91654232924 
1979, 3846.49754261768 
1980, 3911.3158881076 
1981, 3986.35099689174 
1982, 4045.24680255401 
1983, 4105.07737867865 
1984, 4172.60037823962 
1985, 4212.78909994604 
1986, 4235.9828749245 
1987, 4262.49674604388 
1988, 4249.57681732806 
1989, 4223.0962750656 
1990, 4173.60819824296 
1991, 4112.90387703691 
1992, 4003.44354523448 
1993, 3885.21533921605 
1994, 3696.76600851021 
1995, 3450.44534957179 
1996, 3174.47199420047 
1997, 2839.17989878253 
1998, 2475.37815761854 
1999, 2100.73199594483 
2000, 1728.82997818019 
2001, 1407.14133746367 
2002, 1127.16834539889 
2003, 929.441272925493 
2004, 814.421871724324 
2005, 723.484093923653 
2006, 711.39106418081 
2007, 695.517342081982 
2008, 729.131124893878 
2009, 738.689432306646 
2010, 748.630282464857 
2011, 776.179448105132 
2012, 795.310336093325 
2013, 828.350294578348 
2014, 876.748927149974 
2015, 931.665940481859 
2016, 1022.60213893692 
2017, 1119.33631159898 
2018, 1264.4822783608 
2019, 1461.33316491652 
2020, 1666.1614379754 
2021, 1909.17225493497 
2022, 2149.81791890693 
2023, 2413.61142586843 
2024, 2673.26465710876 
2025, 2932.2166693011 
2026, 3170.1554614903 
2027, 3385.45984078248 
2028, 3593.42830403473 
2029, 3758.43133847832 
2030, 3886.8581268269 
2031, 4010.92613945199 
2032, 4104.87487348449 
2033, 4189.19215350226 
2034, 4259.43476676889 
2035, 4324.66561744675 
2036, 4378.43086752446 
2037, 4414.32388004677 
2038, 4448.71193618325 
2039, 4461.25927042583 
2040, 4449.74611137951 
2041, 4412.13638419041 
2042, 4368.23461596409 
2043, 4308.39605955042 
2044, 4231.80171871976 
2045, 4149.81983034252 
2046, 4030.84971146637 
2047, 3882.20083306548 
2048, 3720.60764156247 
2049, 3502.62386863705 
2050, 3320.85657359366 
2051, 3121.81866413815 
2052, 2955.78131967403 
2053, 2816.34777378906 
2054, 2732.05796652673 
2055, 2692.26702096784 
2056, 2709.44760822661 
2057, 2731.62028587593 
2058, 2813.45714677719 
2059, 2868.68545144271 
2060, 2942.0113230864 
2061, 2991.30175508409 
2062, 3041.84455031231 
2063, 3072.28251222309 
2064, 3058.63976414621 
2065, 3080.24246325648 
2066, 3112.9191685488 
2067, 3135.03190427487 
2068, 3179.57484706499 
2069, 3227.02347026809 
2070, 3333.18555510325 
2071, 3461.02107636774 
2072, 3617.49950053626 
2073, 3850.21869582275 
2074, 4041.64038402127 
2075, 4233.02991242633 
2076, 4420.5749696896 
2077, 4619.97770283255 
2078, 4790.01693998688 
2079, 4954.86831992457 
2080, 5096.4637466432 
2081, 5203.16703799943 
2082, 5313.6128032762 
2083, 5406.98706397455 
2084, 5480.81425548115 
2085, 5556.69783271566 
2086, 5618.97207201377 
2087, 5689.4225711287 
2088, 5758.26517005708 
2089, 5829.01352125899 
2090, 5893.98265778793 
2091, 5972.79159462408 
2092, 6060.2943783541 
2093, 6147.82602683317 
2094, 6256.15177694386 
2095, 6346.30933166931 
2096, 6430.84851563745 
2097, 6501.37647759682 
2098, 6575.86233894807 
2099, 6642.55133370241 
2100, 6709.51493107849 
2101, 6774.40556708571 
2102, 6844.72482173588 
2103, 6917.21998846983 
2104, 6980.20613301805 
2105, 7048.83674749624 
2106, 7105.09470160106 
2107, 7132.77297696004 
2108, 7187.57092401381 
2109, 7247.69105696546 
2110, 7314.89889671376 
2111, 7400.92140789628 
2112, 7490.39228548265 
2113, 7550.67663388927 
2114, 7616.91221665839 
2115, 7683.58261720296 
2116, 7737.29695994602 
2117, 7802.70780883861 
2118, 7879.80855300023 
2119, 7953.83341774324 
2120, 8023.26714084425 
2121, 8100.59812526217 
2122, 8182.37838830759 
2123, 8269.14249493609 
2124, 8362.35723309516 
2125, 8454.17346195932 
2126, 8557.17354747164 
2127, 8651.30824214053 
2128, 8740.51496354933 
2129, 8823.50862595168 
2130, 8917.14069664997 
2131, 9014.41812249303 
2132, 9101.81712476059 
2133, 9197.76611447301 
2134, 9272.69669982326 
2135, 9321.15994453079 
2136, 9393.25187157618 
2137, 9471.79045971405 
2138, 9543.20266147769 
2139, 9622.40883755056 
2140, 9695.0746651502 
2141, 9752.98221841182 
2142, 9818.82455563502 
2143, 9903.06842813471 
2144, 9965.03359070521 
2145, 10012.6340898384 
2146, 10064.0083140892 
2147, 10097.9979743334 
2148, 10128.8034959222 
2149, 10166.0848449863 
2150, 10205.1538364962 
2151, 10245.2216511727 
2152, 10277.1423746316 
2153, 10332.4676686016 
2154, 10411.8770648887 
2155, 10467.9440998632 
2156, 10543.2238690197 
2157, 10584.4153692538 
2158, 10598.7387592425 
2159, 10604.1111932487 
2160, 10581.1947197023 
2161, 10571.54277081 
2162, 10544.4634470371 
2163, 10535.7062944945 
2164, 10531.1374773326 
2165, 10540.8591702195 
2166, 10584.7337561983 
2167, 10642.3825293168 
2168, 10735.5575105006 
2169, 10883.2188784597 
2170, 10996.0448518801 
2171, 11129.2181718375 
2172, 11231.6646374738 
2173, 11313.1350170176 
2174, 11396.3082907558 
2175, 11472.3852583686 
2176, 11539.8161739625 
2177, 11599.0204885262 
2178, 11654.6883183846 
2179, 11706.9562386314 
2180, 11747.5911934302 
2181, 11773.7417372523 
2182, 11806.0060138278 
2183, 11828.9319843879 
2184, 11851.9020544695 
2185, 11889.5684502221 
2186, 11929.5801273392 
2187, 11980.7085911992 
2188, 12038.8390966058 
2189, 12102.8209654802 
2190, 12195.1796001758 
2191, 12242.7128122578 
2192, 12300.5342360047 
2193, 12295.175345035 
2194, 12246.4463603882 
2195, 12177.9097072079 
2196, 12046.2100541038 
2197, 11945.569674435 
2198, 11811.601908145 
2199, 11722.8440383192 
2200, 11642.4048332454 
2201, 11603.457127612 
2202, 11587.5367092722 
2203, 11616.9388486479 
2204, 11692.062065921 
2205, 11795.1318748204 
2206, 11940.0171010007 
2207, 12099.1884472899 
2208, 12239.8929953758 
2209, 12406.4701142275 
2210, 12510.4312769316 
2211, 12593.6072858431 
2212, 12644.2514902324 
2213, 12645.419151655 
2214, 12657.5836420688 
2215, 12649.7522757127 
2216, 12640.1986718061 
2217, 12618.5111654773 
2218, 12604.6075792748 
2219, 12583.4319461015 
2220, 12568.8197128063 
2221, 12574.8923851055 
2222, 12554.816834893 
2223, 12523.0958119822 
2224, 12486.4513721144 
2225, 12429.6829867197 
2226, 12378.2790080975 
2227, 12325.2516063787 
2228, 12273.53631973 
2229, 12221.325428469 
2230, 12173.6801839405 
2231, 12123.6208496604 
2232, 12082.2634632326 
2233, 12020.3984145771 
2234, 11938.5859803287 
2235, 11882.4528017395 
2236, 11821.2687600518 
2237, 11774.4167879989 
2238, 11769.4587651065 
2239, 11716.2650492741 
2240, 11639.4550204383 
2241, 11570.2278244837 
2242, 11474.3011534812 
2243, 11401.0172102705 
2244, 11347.5820018507 
2245, 11282.311907932 
2246, 11221.9416560757 
2247, 11151.8661446649 
2248, 11072.237495383 
2249, 10993.612020718 
2250, 10914.6273899129 
2251, 10825.2183256121 
2252, 10727.7979950022 
2253, 10632.1345333736 
2254, 10525.7638782498 
2255, 10431.0983839334 
2256, 10321.5486776922 
2257, 10211.2589648725 
2258, 10097.2376190233 
2259, 9965.54406583037 
2260, 9858.41605058225 
2261, 9761.36962898335 
2262, 9663.89053400584 
2263, 9571.25409280341 
2264, 9491.92913037072 
2265, 9418.00934555299 
2266, 9349.90636137448 
2267, 9304.03332379195 
2268, 9239.4839814012 
2269, 9174.36684086984 
2270, 9098.17694410979 
2271, 9010.77186169552 
2272, 8924.37742119258 
2273, 8827.2262968556 
2274, 8736.06277330473 
2275, 8646.37166669566 
2276, 8557.91062564494 
2277, 8472.6339998069 
2278, 8383.32229462753 
2279, 8287.02723065887 
2280, 8198.60024513699 
2281, 8107.32760945651 
2282, 8031.05110613101 
2283, 7952.40210880819 
2284, 7881.25777156722 
2285, 7807.87593496117 
2286, 7722.89354889671 
2287, 7636.07651186067 
2288, 7544.15937329615 
2289, 7435.81753574797 
2290, 7312.19802025713 
2291, 7191.48054426592 
2292, 7062.65335350983 
2293, 6927.00192729809 
2294, 6780.42188398326 
2295, 6647.24450044978 
2296, 6502.21230128284 
2297, 6383.99231290063 
2298, 6280.45463856192 
2299, 6192.93615197602 
2300, 6117.25538289282 
2301, 6056.34514754525 
2302, 6015.36756174767 
2303, 5982.90007770343 
2304, 5959.00208645357 
2305, 5953.09166533158 
2306, 5976.22654947114 
2307, 5986.18249578773 
2308, 6025.71564169957 
2309, 6024.63278551698 
2310, 6027.3321296543 
2311, 5971.08371448063 
2312, 5873.36771218994 
2313, 5741.96626942421 
2314, 5562.67522508308 
2315, 5346.34691705005 
2316, 5113.582302853 
2317, 4913.33880242759 
2318, 4748.77582740987 
2319, 4626.93638062513 
2320, 4575.41984900445 
2321, 4561.5935736684 
2322, 4572.67612516202 
2323, 4601.28419715876 
2324, 4619.49884767732 
2325, 4623.06412670552 
2326, 4612.70024369212 
2327, 4591.72915818453 
2328, 4559.12544415917 
2329, 4511.82367817697 
2330, 4470.20332558581 
2331, 4421.6398302289 
2332, 4364.82926632093 
2333, 4315.533711594 
2334, 4230.72385115166 
2335, 4117.74004344751 
2336, 4017.20133919873 
2337, 3895.64722033715 
2338, 3797.99557830114 
2339, 3711.83240434638 
2340, 3626.4210056479 
2341, 3544.49433618385 
2342, 3474.14111590647 
2343, 3417.74875913515 
2344, 3347.10632547509 
2345, 3279.28415079907 
2346, 3208.35210126125 
2347, 3117.04730591015 
2348, 3055.93247114734 
2349, 3011.43703565107 
2350, 2969.30439368 
2351, 2939.83992755191 
2352, 2913.28797475638 
2353, 2885.15043063498 
2354, 2870.25011264042 
2355, 2878.22589565724 
2356, 2871.39866502655 
2357, 2857.74092187895 
2358, 2861.01703208208 
2359, 2871.43510642224 
2360, 2873.00389065631 
2361, 2906.17538867847 
2362, 2895.16647669058 
2363, 2857.40596462588 
2364, 2800.42198010838 
2365, 2726.09455263622 
2366, 2626.39229715356 
2367, 2518.04126389537 
2368, 2412.16071336092 
2369, 2301.31415180845 
2370, 2209.47983673303 
2371, 2131.622995132 
2372, 2078.18430770766 
2373, 2050.35085278842 
2374, 2047.43789112427 
2375, 2073.22277112409 
2376, 2093.63349037441 
2377, 2112.97839502789 
2378, 2120.62158875584 
2379, 2124.24590586404 
2380, 2116.32661945452 
2381, 2094.87024953394 
2382, 2076.47348380349 
2383, 2044.26838899298 
2384, 2003.05978391725 
2385, 1962.63142465976 
2386, 1936.62390259783 
2387, 1907.8759989602 
2388, 1895.19158330099 
2389, 1892.74170822077 
2390, 1871.9318095781 
2391, 1866.79776697384 
2392, 1852.93396001922 
2393, 1846.35052806258 
2394, 1862.60287193884 
2395, 1857.57597141287 
2396, 1846.96880998585 
2397, 1834.4577120734 
2398, 1798.0368540687 
2399, 1767.55691049639 
2400, 1757.69629843005 
2401, 1737.94196208136 
2402, 1713.02334077388 
2403, 1688.24715533843 
2404, 1652.25885454014 
2405, 1614.26887060184 
2406, 1567.63318619629 
2407, 1531.9472123746 
2408, 1498.63820293739 
2409, 1459.43623123937 
2410, 1426.67219457133 
2411, 1382.18406190476 
2412, 1320.92465524001 
2413, 1283.45978703385 
2414, 1249.40133272154 
2415, 1220.31009702463 
2416, 1204.00788247383 
2417, 1187.37385295887 
2418, 1174.33690306389 
2419, 1159.99220156904 
2420, 1142.78205557178 
2421, 1139.916353798 
2422, 1137.4405288548 
2423, 1152.69732071975 
2424, 1195.73493654108 
2425, 1219.56835499012 
2426, 1249.88181062333 
2427, 1256.53595089129 
2428, 1252.57086402974 
2429, 1230.92676863701 
2430, 1185.35427980963 
2431, 1150.28474770822 
2432, 1104.34727672284 
2433, 1067.87235268767 
2434, 1032.04521067171 
2435, 1008.78539159804 
2436, 995.345314673167 
2437, 974.186958053939 
2438, 963.275390205029 
2439, 944.744227442318 
2440, 909.247590429065 
2441, 896.644797295246 
2442, 897.385724773153 
2443, 880.065749534376 
2444, 877.366423846903 
2445, 824.103644193238 
2446, 772.905630729386 
2447, 716.273151705425 
2448, 647.957064812203 
2449, 604.018667581064 
2450, 592.816305687245 
2451, 608.007904736611 
2452, 621.443959998003 
2453, 626.743404485132 
2454, 640.671366435719 
2455, 675.447977203753 
2456, 708.41106863645 
2457, 752.519940428702 
2458, 789.74309247734 
2459, 784.390115663378 
2460, 784.000272204545 
2461, 766.347148878048 
2462, 749.99589844646 
2463, 734.032121992122 
2464, 702.668475365753 
2465, 702.464978585554 
2466, 673.52359196582 
2467, 641.304002793361 
2468, 640.880203153247 
2469, 622.117824275083 
2470, 609.001240510369 
2471, 605.633720528632 
2472, 578.201551481976 
2473, 533.169333978724 
2474, 505.236010476071 
2475, 479.554857112053 
2476, 456.13391764447 
2477, 453.678213143903 
2478, 436.872278028937 
2479, 413.617085648869 
2480, 388.829749970967 
2481, 371.958885050284 
2482, 353.044496640695 
2483, 326.275663507228 
2484, 332.67052614832 
2485, 318.323971561415 
2486, 291.307730274219 
2487, 288.23448865048 
2488, 265.417958222029 
2489, 246.752995105654 
2490, 240.345629103066 
2491, 220.759464122963 
2492, 197.518688501903 
2493, 180.593038507167 
2494, 187.311933366452 
2495, 208.054604209375 
2496, 225.953419246248 
2497, 223.013790943269 
2498, 227.159180271011 
2499, 236.388264057842 
2500, 240.023096732736 
