Wavelength,0212202100148.asd
350, 2537.06067677625 
351, 2669.67450925944 
352, 2792.26080423459 
353, 2896.83437872676 
354, 2997.53705214703 
355, 3103.06020220665 
356, 3216.13822891684 
357, 3327.08727377052 
358, 3442.19594713952 
359, 3564.69049056368 
360, 3699.10616707743 
361, 3864.14516341497 
362, 4055.19694063761 
363, 4262.54712721633 
364, 4473.86222484884 
365, 4686.54953670518 
366, 4889.90165905505 
367, 5069.12435769239 
368, 5205.07445963802 
369, 5286.31061136089 
370, 5316.02773529346 
371, 5308.52775985062 
372, 5287.90573603812 
373, 5280.82931865967 
374, 5290.83193045614 
375, 5304.66750967642 
376, 5318.29700342868 
377, 5326.57500897346 
378, 5317.59189475116 
379, 5271.09975697841 
380, 5210.34124221234 
381, 5140.4088227702 
382, 5060.50527164078 
383, 4964.65161697032 
384, 4866.30516968392 
385, 4797.67886098755 
386, 4798.27427637871 
387, 4895.61415011242 
388, 5038.05927736504 
389, 5164.7945119292 
390, 5220.39624176891 
391, 5280.98092391897 
392, 5340.6772969877 
393, 5388.13678836124 
394, 5427.50439176729 
395, 5538.44456663851 
396, 5759.17331967362 
397, 6105.40707147287 
398, 6589.77847968462 
399, 7139.56062755248 
400, 7702.88618910383 
401, 8252.04363664294 
402, 8773.63984809457 
403, 9203.45505145153 
404, 9514.10172616775 
405, 9755.2795387607 
406, 9946.30891763138 
407, 10115.8288872716 
408, 10299.6978859735 
409, 10553.6773234643 
410, 10860.9464095859 
411, 11200.9010522384 
412, 11551.9433579629 
413, 11899.3194608426 
414, 12244.6927472256 
415, 12579.4391774312 
416, 12871.3099639736 
417, 13147.6173230905 
418, 13430.7435141885 
419, 13726.6953599923 
420, 13983.1603174866 
421, 14241.5108316835 
422, 14525.3355613967 
423, 14835.7105427844 
424, 15116.0131260644 
425, 15336.9407828363 
426, 15470.2937095383 
427, 15478.494229408 
428, 15420.2775468187 
429, 15433.1655333267 
430, 15625.9835629334 
431, 15903.4691389918 
432, 16272.7763649697 
433, 16817.7446729904 
434, 17641.4098488759 
435, 18510.6135215941 
436, 19176.5621480326 
437, 19590.0956271167 
438, 20027.3601505912 
439, 20474.9402271169 
440, 20897.1769068316 
441, 21280.9554815745 
442, 21773.8055059472 
443, 22293.7093682039 
444, 22772.1656995303 
445, 23162.6597499869 
446, 23477.5417825157 
447, 23760.8549545669 
448, 24060.8729355035 
449, 24431.9276579532 
450, 24746.9705437659 
451, 24916.8939899305 
452, 24906.9477311686 
453, 24841.8870879218 
454, 24703.5979394051 
455, 24529.0110340234 
456, 24405.3842310071 
457, 24376.2623951808 
458, 24383.9285115751 
459, 24367.3779506266 
460, 24301.9283941305 
461, 24205.6915889548 
462, 24101.4329553088 
463, 23999.6190153612 
464, 23839.582762343 
465, 23594.1137184368 
466, 23291.8847910501 
467, 23014.4093389191 
468, 22779.8310629449 
469, 22603.7940111232 
470, 22494.2296891029 
471, 22456.9118495815 
472, 22431.1173455872 
473, 22421.655059894 
474, 22452.049863115 
475, 22442.2070189283 
476, 22414.4519838562 
477, 22396.2686987444 
478, 22408.8666203307 
479, 22483.4000997817 
480, 22587.52231992 
481, 22663.6437778885 
482, 22649.4125202151 
483, 22483.5393115864 
484, 22131.7864980122 
485, 21607.5735282334 
486, 21096.8196925319 
487, 20734.9951578833 
488, 20630.5744558434 
489, 20875.2474432205 
490, 21262.2611561391 
491, 21581.0354722688 
492, 21695.4362575711 
493, 21738.0009867489 
494, 21798.0934272503 
495, 21919.6452477908 
496, 22092.6349212475 
497, 22145.6365517053 
498, 22084.0609449128 
499, 21947.0275979982 
500, 21760.3536923427 
501, 21617.9581758411 
502, 21559.9470119675 
503, 21604.505610512 
504, 21803.3063343773 
505, 22082.552400581 
506, 22367.4569168235 
507, 22595.1477978476 
508, 22770.3410747324 
509, 22909.2489512107 
510, 23038.8555780379 
511, 23210.769218311 
512, 23331.1646265433 
513, 23355.0449139062 
514, 23269.9579881405 
515, 23080.1969075082 
516, 22824.5008770912 
517, 22573.316581196 
518, 22427.5200873411 
519, 22618.7425925127 
520, 23166.2176229747 
521, 23936.9179084969 
522, 24577.4886128005 
523, 25054.0752725409 
524, 25388.9291251646 
525, 25640.9351047484 
526, 25747.8934682442 
527, 25790.0539663 
528, 25925.6481111021 
529, 26445.2650573853 
530, 27120.49925598 
531, 27689.2178042476 
532, 27937.9523165483 
533, 28020.3777936426 
534, 28149.2119155867 
535, 28435.5870131287 
536, 28864.3642062436 
537, 29174.3193409656 
538, 29318.748489333 
539, 29337.3607296662 
540, 29326.8495417893 
541, 29351.7237104045 
542, 29500.8897093977 
543, 29843.8908250271 
544, 30238.9833998054 
545, 30585.8920773484 
546, 30828.5954857332 
547, 30965.8541970772 
548, 31059.2870124646 
549, 31169.9533887622 
550, 31333.7725586079 
551, 31502.3070887773 
552, 31631.3961238238 
553, 31725.7907275877 
554, 31827.5321348892 
555, 31902.2146117645 
556, 31873.9277162077 
557, 31700.7619210189 
558, 31408.0315970121 
559, 31156.0280034226 
560, 31040.8772629637 
561, 31097.7694634049 
562, 31238.8799894577 
563, 31319.0053964993 
564, 31268.0484495683 
565, 31111.221380927 
566, 30891.7529128675 
567, 30667.3974393259 
568, 30473.0869502618 
569, 30275.2618626151 
570, 30019.9042984918 
571, 29778.7481612389 
572, 29690.023463376 
573, 29715.2854661981 
574, 29704.1062267558 
575, 29563.581218128 
576, 29314.5309262123 
577, 29087.2786640085 
578, 28969.231215723 
579, 29008.6568142196 
580, 29172.2736545398 
581, 29452.6886475297 
582, 29789.1832904861 
583, 30073.1820969916 
584, 30257.1125977154 
585, 30261.6218292616 
586, 30074.093531908 
587, 29837.112522936 
588, 29531.6827717438 
589, 29115.6518112694 
590, 28601.9641188765 
591, 28420.0124256275 
592, 28557.5232685344 
593, 28810.7181971698 
594, 28798.1560568171 
595, 28656.5049599821 
596, 28458.4790243375 
597, 28252.197869627 
598, 28029.8873023041 
599, 27751.1702526366 
600, 27441.2550371153 
601, 27170.6340006201 
602, 26961.9045733576 
603, 26850.9822559685 
604, 26836.7111727388 
605, 26864.3580770249 
606, 26806.3644015517 
607, 26658.6830460302 
608, 26471.4070983748 
609, 26285.5888103526 
610, 26108.9690948347 
611, 25949.9854898899 
612, 25816.951560742 
613, 25677.5141449852 
614, 25513.4565732643 
615, 25332.3261557716 
616, 25188.6823244377 
617, 25102.59462343 
618, 25107.487141366 
619, 25217.8904367393 
620, 25333.3067261333 
621, 25347.4646733154 
622, 25224.5441451245 
623, 25015.4631932503 
624, 24776.7512487682 
625, 24548.9588682845 
626, 24352.0508614318 
627, 24168.6430098117 
628, 23987.461933482 
629, 23819.5485408017 
630, 23698.889165945 
631, 23719.9502020313 
632, 23818.6626848927 
633, 23936.2434261534 
634, 24061.743809102 
635, 24161.4402041482 
636, 24232.7146282472 
637, 24281.9297390573 
638, 24303.4379696299 
639, 24272.8502429444 
640, 24172.9421029542 
641, 24002.3429036076 
642, 23865.5709633577 
643, 23785.1638782183 
644, 23736.9447562397 
645, 23639.343970128 
646, 23482.7685648799 
647, 23285.9164500876 
648, 23086.8215815412 
649, 22925.4599924589 
650, 22806.3715784918 
651, 22750.3129181898 
652, 22787.638577537 
653, 22740.8786412783 
654, 22492.8213213919 
655, 22024.7635143369 
656, 21473.9524973387 
657, 21079.7832704146 
658, 21093.4701970644 
659, 21640.8472368392 
660, 22193.7359719623 
661, 22512.5314058161 
662, 22581.7029486315 
663, 22616.3150961585 
664, 22598.6137847957 
665, 22565.8010691505 
666, 22550.9856337397 
667, 22559.7683285657 
668, 22553.2917056119 
669, 22532.6319645034 
670, 22516.7090629545 
671, 22472.1367230456 
672, 22419.0767100361 
673, 22386.1572312847 
674, 22404.8711892274 
675, 22437.2061980412 
676, 22461.4043946251 
677, 22469.9736532908 
678, 22486.5454895275 
679, 22494.8558519427 
680, 22492.6616867166 
681, 22485.4548398475 
682, 22474.3915919918 
683, 22426.2957520837 
684, 22238.2779303668 
685, 21719.6491161723 
686, 20797.6640194035 
687, 19557.5478091009 
688, 18304.1450099566 
689, 17788.5891845743 
690, 18175.410166412 
691, 19117.6254029495 
692, 19965.3135025817 
693, 20700.9169838071 
694, 21230.95861357 
695, 21553.6488241646 
696, 21789.3396930031 
697, 21999.8160234836 
698, 22147.6629392075 
699, 22184.3117774725 
700, 22132.7259635066 
701, 22086.0081400284 
702, 22101.7711658449 
703, 22206.652175544 
704, 22408.339962015 
705, 22640.1133183067 
706, 22838.6228053138 
707, 22960.1963535564 
708, 23061.6239509962 
709, 23154.278023312 
710, 23237.2623799394 
711, 23313.734141598 
712, 23368.2346733078 
713, 23389.5054067583 
714, 23360.5162193874 
715, 23226.4847614245 
716, 22882.0181786797 
717, 22283.2808310466 
718, 21472.5396210198 
719, 20803.8456240863 
720, 20565.6966077335 
721, 20864.1643447283 
722, 21468.9195661029 
723, 21885.0112923473 
724, 21940.832679074 
725, 21728.1146718628 
726, 21673.3642109013 
727, 21741.5022323263 
728, 21851.5576605653 
729, 21927.5796732999 
730, 22094.7423492558 
731, 22387.4248257455 
732, 22790.4399250114 
733, 23238.9822110958 
734, 23631.9488285592 
735, 23888.8453392416 
736, 23973.0658132662 
737, 23965.5592220384 
738, 23947.7402658756 
739, 23938.1892605305 
740, 23905.1682552095 
741, 23906.3101471784 
742, 23955.0703499603 
743, 24045.2926840153 
744, 24154.3914528707 
745, 24230.8592531157 
746, 24268.4235954408 
747, 24275.8774663708 
748, 24254.1699577647 
749, 24184.4500139671 
750, 24083.9515750589 
751, 23994.446930516 
752, 23953.4603833026 
753, 23948.6130019538 
754, 23954.309899159 
755, 23935.7286403723 
756, 23825.4299697937 
757, 23328.5284151944 
758, 21972.7887428112 
759, 18955.4446296944 
760, 14525.1308768764 
761, 10185.6631665845 
762, 7748.61448380632 
763, 7719.44169833933 
764, 8991.13942413273 
765, 10999.7598086487 
766, 13675.6337802825 
767, 16602.8875211604 
768, 19153.6150476536 
769, 20938.642382269 
770, 21948.1834243938 
771, 22455.444523049 
772, 22663.1194370314 
773, 22725.8368218689 
774, 22726.7820933742 
775, 22684.4511491633 
776, 22625.4070781075 
777, 22566.9435249922 
778, 22483.7877226066 
779, 22382.8001328541 
780, 22281.353839458 
781, 22199.8100886581 
782, 22112.4518913363 
783, 22003.557804788 
784, 21873.9099239573 
785, 21746.0771732292 
786, 21617.0048559746 
787, 21462.708251902 
788, 21264.667868434 
789, 21032.773608071 
790, 20789.674435814 
791, 20546.0339246443 
792, 20308.2972948204 
793, 20088.7859109302 
794, 19910.8868734975 
795, 19789.5649946208 
796, 19725.8520507198 
797, 19680.1929971057 
798, 19607.1278026395 
799, 19480.4929458158 
800, 19301.0517715876 
801, 19096.8085285545 
802, 18908.8838345876 
803, 18756.5104691026 
804, 18606.632320931 
805, 18480.7842133956 
806, 18366.4359783415 
807, 18236.7642322335 
808, 18061.7805376076 
809, 17841.2193250709 
810, 17588.682869752 
811, 17316.0672652698 
812, 16983.9088219968 
813, 16547.8297243198 
814, 16004.7712845816 
815, 15400.1991142125 
816, 14848.4840801204 
817, 14425.7134243003 
818, 14178.5788049015 
819, 14122.1254624663 
820, 14125.4070254268 
821, 14091.3699384744 
822, 13981.2460459663 
823, 13850.4341322057 
824, 13766.6548110904 
825, 13789.6270942085 
826, 13904.6441510348 
827, 13887.6745366707 
828, 13735.6362423726 
829, 13525.4739945375 
830, 13365.4769943725 
831, 13269.4293499769 
832, 13205.3166290708 
833, 13156.9291662704 
834, 13125.7405355312 
835, 13118.2185181753 
836, 13121.4947485027 
837, 13111.611041716 
838, 13058.0635196318 
839, 12971.7290362783 
840, 12863.6759999151 
841, 12743.7380513421 
842, 12617.9841243619 
843, 12483.7808507326 
844, 12350.2608218084 
845, 12223.4620036115 
846, 12098.2851291505 
847, 11945.4018467485 
848, 11757.0143049312 
849, 11540.5746052803 
850, 11323.8724016271 
851, 11071.0904993038 
852, 10810.7970683974 
853, 10595.8444849853 
854, 10434.8640126396 
855, 10305.6970402954 
856, 10248.9150400831 
857, 10320.7687187996 
858, 10428.9451643087 
859, 10459.0209799026 
860, 10390.8021150308 
861, 10287.2976449701 
862, 10157.7974130186 
863, 9988.93870082819 
864, 9784.35215661305 
865, 9570.97750816056 
866, 9368.80397976304 
867, 9197.96300409667 
868, 9088.00193441833 
869, 9077.91590065063 
870, 9105.8092145224 
871, 9102.5199755456 
872, 9035.18307974401 
873, 8935.39659665794 
874, 8827.4846531039 
875, 8719.38929239396 
876, 8612.59682101236 
877, 8507.75907193938 
878, 8404.63876386052 
879, 8303.78080254002 
880, 8204.09815777323 
881, 8099.372918049 
882, 7995.28693999839 
883, 7896.28671407471 
884, 7804.2720277372 
885, 7716.47941510673 
886, 7616.70800012167 
887, 7509.91968285398 
888, 7407.17916193238 
889, 7304.67428380517 
890, 7201.14395811333 
891, 7084.49102388934 
892, 6939.31849789173 
893, 6759.61645840248 
894, 6549.64475756627 
895, 6315.48580068197 
896, 6066.21013512178 
897, 5816.09205938011 
898, 5583.49154118055 
899, 5392.65658414146 
900, 5264.63108040799 
901, 5194.46110251092 
902, 5167.6211266423 
903, 5162.43445388258 
904, 5154.62419848309 
905, 5129.18752747365 
906, 5073.89206064635 
907, 4978.90545377839 
908, 4843.50668212637 
909, 4698.51283751926 
910, 4575.04581910356 
911, 4486.39637148353 
912, 4427.63657314702 
913, 4378.36652987923 
914, 4330.09830702191 
915, 4282.59874843919 
916, 4242.01401481899 
917, 4216.79467617693 
918, 4200.5534771658 
919, 4186.84144008585 
920, 4170.85770416286 
921, 4151.98192213399 
922, 4121.20524418396 
923, 4068.71853741908 
924, 3987.20573939666 
925, 3880.69434972949 
926, 3751.80784693102 
927, 3597.23642458173 
928, 3410.35607250647 
929, 3188.50093749165 
930, 2940.7420324835 
931, 2680.50636770497 
932, 2425.88750370398 
933, 2203.08178177909 
934, 2026.84587994826 
935, 1908.95174176041 
936, 1852.79350216804 
937, 1840.28591376375 
938, 1859.85467797201 
939, 1890.02459756978 
940, 1911.72466500147 
941, 1933.96671082818 
942, 1943.35483560678 
943, 1929.24853306289 
944, 1889.19491523906 
945, 1837.07442302423 
946, 1794.20819372495 
947, 1770.23593834248 
948, 1763.72124702562 
949, 1761.06264504802 
950, 1759.49226640946 
951, 1757.21128557798 
952, 1753.59279744461 
953, 1748.60948385372 
954, 1741.71374715149 
955, 1735.2754054239 
956, 1731.87057480132 
957, 1732.57708936926 
958, 1734.4125801328 
959, 1736.9470906249 
960, 1740.95253515034 
961, 1747.85523180786 
962, 1757.75403173565 
963, 1768.56750141642 
964, 1780.46201261299 
965, 1795.74785624193 
966, 1806.37096270378 
967, 1812.19487392174 
968, 1813.83398809419 
969, 1811.46706644053 
970, 1804.99711303614 
971, 1794.18100950968 
972, 1776.15560288276 
973, 1748.59442783105 
974, 1719.07672087497 
975, 1685.7737691984 
976, 1652.12603673678 
977, 1623.83561672923 
978, 1604.55172387179 
979, 1589.21813045 
980, 1576.47515326517 
981, 1565.2197905623 
982, 1551.81971402826 
983, 1537.42550477269 
984, 1521.22748319707 
985, 1502.576501916 
986, 1481.86097854684 
987, 1460.77146152915 
988, 1438.08191415203 
989, 1412.795056959 
990, 1385.27098492747 
991, 1358.89762825734 
992, 1332.43556537674 
993, 1306.42614595462 
994, 1281.94365566979 
995, 1254.82302536874 
996, 1227.93537375944 
997, 1199.6842424808 
998, 1169.06075737066 
999, 1143.42692911033 
1000, 1115.30299972141 
1001, 7110.18625182502 
1002, 7104.30270760802 
1003, 7099.68861527189 
1004, 7100.28904475123 
1005, 7101.93479275925 
1006, 7112.09165193793 
1007, 7137.48944563781 
1008, 7172.68844126792 
1009, 7207.87880748667 
1010, 7253.28298384784 
1011, 7294.6548493929 
1012, 7335.51217630913 
1013, 7376.7965010162 
1014, 7422.80225075208 
1015, 7464.74834867427 
1016, 7503.34177416934 
1017, 7542.15902439109 
1018, 7584.20479105983 
1019, 7624.96010149567 
1020, 7670.47190846222 
1021, 7723.94887924762 
1022, 7775.41977918539 
1023, 7824.84557381441 
1024, 7879.74181964951 
1025, 7941.03477870634 
1026, 7994.38975164316 
1027, 8046.85727117756 
1028, 8100.02735407845 
1029, 8144.46619019345 
1030, 8185.65294735184 
1031, 8222.0148337095 
1032, 8249.87188406057 
1033, 8276.16476694959 
1034, 8303.48358535243 
1035, 8330.83769873568 
1036, 8359.08343912931 
1037, 8386.46812290258 
1038, 8410.01454136226 
1039, 8432.14180813127 
1040, 8451.69548790416 
1041, 8468.97335299588 
1042, 8488.31926938257 
1043, 8504.04017225244 
1044, 8513.91576274389 
1045, 8522.25782125197 
1046, 8532.23643245137 
1047, 8542.17040658528 
1048, 8550.95821459861 
1049, 8560.24076230317 
1050, 8570.33351809648 
1051, 8579.18104284854 
1052, 8591.11016813521 
1053, 8606.11179572053 
1054, 8622.2261298231 
1055, 8643.0590803562 
1056, 8661.6295838238 
1057, 8676.69068020952 
1058, 8697.25834962614 
1059, 8722.46557562718 
1060, 8756.27899578762 
1061, 8798.76294047709 
1062, 8844.48879678562 
1063, 8898.58298081828 
1064, 8952.1316182654 
1065, 9008.53540598148 
1066, 9071.28397472505 
1067, 9134.40228575034 
1068, 9211.15173085091 
1069, 9304.30143427533 
1070, 9402.5013730196 
1071, 9512.83542307845 
1072, 9625.6555151362 
1073, 9736.6979163245 
1074, 9852.20605524585 
1075, 9956.45777174444 
1076, 10057.3696067543 
1077, 10156.6299559333 
1078, 10244.9071720398 
1079, 10328.6745836651 
1080, 10402.2458885999 
1081, 10462.4981650055 
1082, 10518.5961404862 
1083, 10570.8268327577 
1084, 10620.1361732064 
1085, 10672.3521084042 
1086, 10717.8889832212 
1087, 10758.8536065521 
1088, 10791.0650179058 
1089, 10823.973109838 
1090, 10841.1695538222 
1091, 10848.9709126676 
1092, 10845.8617127431 
1093, 10821.7772437193 
1094, 10792.1725021223 
1095, 10753.8260805945 
1096, 10712.1832504822 
1097, 10681.0491176426 
1098, 10642.0305259251 
1099, 10604.0325600773 
1100, 10566.1386307417 
1101, 10527.208192316 
1102, 10491.452693962 
1103, 10445.8573589451 
1104, 10403.5090836395 
1105, 10347.7536140015 
1106, 10275.6139957249 
1107, 10170.5068418501 
1108, 10024.0313787387 
1109, 9835.71230261192 
1110, 9580.21417547664 
1111, 9276.21957032181 
1112, 8923.60139533858 
1113, 8498.62700896795 
1114, 8072.77644161798 
1115, 7577.85467365101 
1116, 7131.03933171043 
1117, 6643.22156898879 
1118, 6234.5644766569 
1119, 5859.93390384508 
1120, 5521.0872941276 
1121, 5245.90524828933 
1122, 5025.55647347072 
1123, 4869.26571343669 
1124, 4765.51302254289 
1125, 4715.13420905582 
1126, 4745.39426149428 
1127, 4774.52126829066 
1128, 4849.09319401424 
1129, 4931.86959974074 
1130, 5048.77926930383 
1131, 5159.79390340759 
1132, 5275.00133338448 
1133, 5415.90547840148 
1134, 5568.14844509633 
1135, 5722.8422635756 
1136, 5946.96880377885 
1137, 6177.35624550469 
1138, 6391.91808702803 
1139, 6597.61767231765 
1140, 6728.43779099616 
1141, 6813.60945267148 
1142, 6855.0671591604 
1143, 6818.90750008308 
1144, 6801.65402629735 
1145, 6695.35587083173 
1146, 6696.00846347821 
1147, 6693.01493694099 
1148, 6783.70611269413 
1149, 6960.28265933184 
1150, 7175.35471109597 
1151, 7459.44946480655 
1152, 7780.25143506352 
1153, 8114.44416300294 
1154, 8499.69841152229 
1155, 8866.03878877958 
1156, 9253.82505894234 
1157, 9623.2440751085 
1158, 10000.9582361409 
1159, 10354.0799180236 
1160, 10704.6388175109 
1161, 11025.0557287173 
1162, 11329.8469964691 
1163, 11607.4138789077 
1164, 11858.1350760041 
1165, 12090.2436671831 
1166, 12299.1489494796 
1167, 12475.2404208585 
1168, 12628.138900899 
1169, 12754.7584527183 
1170, 12857.4866287122 
1171, 12930.3865395784 
1172, 12990.1158953829 
1173, 13022.2595510634 
1174, 13048.3646696605 
1175, 13055.9757041598 
1176, 13056.2292930388 
1177, 13040.7015442665 
1178, 13023.354837632 
1179, 12990.7012255121 
1180, 12963.6628987435 
1181, 12928.6099965068 
1182, 12899.697442298 
1183, 12889.1626871303 
1184, 12878.9529693025 
1185, 12900.0042421829 
1186, 12944.1313810674 
1187, 12998.0346870113 
1188, 13078.6821874294 
1189, 13153.5034420834 
1190, 13253.5797215824 
1191, 13325.753365989 
1192, 13407.1503476626 
1193, 13452.6618192978 
1194, 13475.6074287155 
1195, 13478.0431723074 
1196, 13450.8240787793 
1197, 13408.6080337755 
1198, 13361.7068377989 
1199, 13287.5710400138 
1200, 13240.5027563625 
1201, 13185.6657110754 
1202, 13159.502181272 
1203, 13145.1280199083 
1204, 13152.2431931755 
1205, 13182.6859568487 
1206, 13219.5278415385 
1207, 13278.3806346753 
1208, 13337.5825044078 
1209, 13406.8691362162 
1210, 13477.3643861321 
1211, 13560.8186237344 
1212, 13635.7518378943 
1213, 13708.5490032575 
1214, 13784.1336590689 
1215, 13846.9988987856 
1216, 13905.3030291229 
1217, 13951.5769528233 
1218, 13991.5226457902 
1219, 14017.924014849 
1220, 14024.4946870882 
1221, 14039.2335221873 
1222, 14041.3875830958 
1223, 14054.771970426 
1224, 14075.7993977559 
1225, 14095.2401012191 
1226, 14118.5722787143 
1227, 14139.8534872285 
1228, 14162.5565546524 
1229, 14182.2235498041 
1230, 14200.1379416835 
1231, 14218.7878944274 
1232, 14229.1187266229 
1233, 14238.04951978 
1234, 14236.0424773915 
1235, 14229.1465271981 
1236, 14209.7331266893 
1237, 14177.7663300671 
1238, 14143.3504190726 
1239, 14096.7159343221 
1240, 14051.9998724231 
1241, 14005.2337939149 
1242, 13955.3309750195 
1243, 13901.1654534228 
1244, 13846.5617037282 
1245, 13789.7499767196 
1246, 13732.5269137426 
1247, 13670.3484038522 
1248, 13610.8846970577 
1249, 13534.5513993224 
1250, 13453.9486697677 
1251, 13355.574336224 
1252, 13248.7229880216 
1253, 13119.1111863577 
1254, 12975.8374137396 
1255, 12811.0605834359 
1256, 12625.133214351 
1257, 12422.8259833671 
1258, 12198.2417016318 
1259, 11963.4024749969 
1260, 11698.5636956383 
1261, 11442.9762428534 
1262, 11169.5274167056 
1263, 10904.9690231696 
1264, 10681.9368877217 
1265, 10454.749442259 
1266, 10315.5713185712 
1267, 10212.6090399535 
1268, 10190.4112035384 
1269, 10236.2658906077 
1270, 10334.446005697 
1271, 10523.7206234423 
1272, 10707.8919686629 
1273, 10963.7316685987 
1274, 11181.533689609 
1275, 11426.2283981309 
1276, 11623.2219714456 
1277, 11798.7325163504 
1278, 11953.027979021 
1279, 12076.4534343605 
1280, 12178.9664300341 
1281, 12274.5987690582 
1282, 12365.9435262896 
1283, 12457.9236305904 
1284, 12543.5320597401 
1285, 12630.0919036384 
1286, 12722.9693087463 
1287, 12797.4575998019 
1288, 12866.1376591894 
1289, 12923.3854868241 
1290, 12971.6701341926 
1291, 13004.2225112134 
1292, 13023.4457985346 
1293, 13035.432499382 
1294, 13030.4777544638 
1295, 13022.7355268667 
1296, 13013.3423469615 
1297, 12991.2234503164 
1298, 12955.0886355336 
1299, 12918.0332642938 
1300, 12871.6865923286 
1301, 12815.3066563426 
1302, 12758.271774164 
1303, 12694.8333571312 
1304, 12632.8089752669 
1305, 12569.1579193023 
1306, 12501.17972722 
1307, 12433.5817694513 
1308, 12358.8492223504 
1309, 12272.8901554099 
1310, 12194.6562903687 
1311, 12116.0463909125 
1312, 12037.2986262526 
1313, 11958.7589349739 
1314, 11884.0327963725 
1315, 11803.5620161027 
1316, 11735.561570904 
1317, 11674.7035300712 
1318, 11623.8012270188 
1319, 11577.3941549158 
1320, 11532.5005347695 
1321, 11481.103905953 
1322, 11415.6638332174 
1323, 11323.6930937912 
1324, 11221.6076665524 
1325, 11079.3902137397 
1326, 10902.9134361319 
1327, 10711.4677479735 
1328, 10471.0136797242 
1329, 10257.8699183821 
1330, 10012.807848842 
1331, 9824.23048213967 
1332, 9645.2560555592 
1333, 9519.01955589096 
1334, 9452.72284090203 
1335, 9390.03127449343 
1336, 9374.79487934768 
1337, 9358.13906365968 
1338, 9323.12979420154 
1339, 9248.29048252112 
1340, 9107.93596564676 
1341, 8896.46263088913 
1342, 8592.96937108286 
1343, 8204.99255631883 
1344, 7749.6675530261 
1345, 7195.14296049981 
1346, 6612.60606675866 
1347, 5934.33764641092 
1348, 5291.537869229 
1349, 4586.54134918189 
1350, 3954.628517906 
1351, 3318.15936959744 
1352, 2763.19978907902 
1353, 2245.00543307703 
1354, 1797.36939226473 
1355, 1417.47116954378 
1356, 1092.98011773163 
1357, 827.946260002892 
1358, 623.819762347531 
1359, 467.643498393067 
1360, 351.322243261564 
1361, 270.687706628307 
1362, 210.957378647984 
1363, 167.606098943509 
1364, 142.272883867277 
1365, 123.154140748716 
1366, 116.195544612498 
1367, 115.20844609179 
1368, 127.77188489893 
1369, 140.272015032714 
1370, 155.203246009805 
1371, 181.445054877574 
1372, 221.414378497445 
1373, 253.839437173493 
1374, 299.006367208422 
1375, 329.793044612278 
1376, 355.40115184128 
1377, 368.776623420041 
1378, 375.968432800704 
1379, 367.573366798939 
1380, 352.882804114359 
1381, 337.044469609575 
1382, 320.321989682577 
1383, 313.662106973977 
1384, 316.804914633683 
1385, 331.385839761859 
1386, 365.837354819783 
1387, 416.9930807791 
1388, 463.983815530963 
1389, 528.309092299512 
1390, 571.443589850203 
1391, 609.158073274368 
1392, 638.296948270338 
1393, 651.704269052907 
1394, 672.051278515261 
1395, 686.878355445685 
1396, 707.43998675227 
1397, 728.773481248254 
1398, 756.767997807005 
1399, 791.299877000012 
1400, 824.805382810273 
1401, 860.27178490612 
1402, 900.650442867292 
1403, 938.88118082581 
1404, 984.428642589984 
1405, 1044.3503402513 
1406, 1103.94475049205 
1407, 1179.38192280519 
1408, 1268.46805527422 
1409, 1365.66565915588 
1410, 1479.46489185893 
1411, 1592.41917186997 
1412, 1715.73932689132 
1413, 1834.07456335086 
1414, 1955.46310156285 
1415, 2072.76076186583 
1416, 2192.32967451807 
1417, 2302.13166477345 
1418, 2407.52529182701 
1419, 2508.78038864404 
1420, 2602.43348535113 
1421, 2695.92648719477 
1422, 2796.39213608146 
1423, 2876.90733499991 
1424, 2955.37417533795 
1425, 3009.75764416923 
1426, 3050.49570302194 
1427, 3064.8750051364 
1428, 3057.99622828747 
1429, 3030.63218494817 
1430, 2976.51142361537 
1431, 2911.9016481234 
1432, 2844.51372257658 
1433, 2777.10193651849 
1434, 2714.64053059815 
1435, 2663.47382952153 
1436, 2621.12724936899 
1437, 2587.09732192668 
1438, 2567.33164982844 
1439, 2563.57872556552 
1440, 2563.70001861105 
1441, 2579.1480547428 
1442, 2588.5478408383 
1443, 2605.95678511167 
1444, 2613.10015678173 
1445, 2614.05427021083 
1446, 2617.12455597364 
1447, 2612.94333980216 
1448, 2617.48662548802 
1449, 2624.72057734607 
1450, 2638.24897319556 
1451, 2658.19017960604 
1452, 2680.71580641019 
1453, 2717.57527921759 
1454, 2740.07024059092 
1455, 2765.43791668181 
1456, 2777.02728772255 
1457, 2769.60100258831 
1458, 2739.94013779839 
1459, 2686.72818137375 
1460, 2614.37189708852 
1461, 2528.44731314206 
1462, 2418.26313659343 
1463, 2297.30096361395 
1464, 2171.88123491215 
1465, 2056.54740591176 
1466, 1935.22902541535 
1467, 1832.25658799076 
1468, 1736.12237480944 
1469, 1658.19614782589 
1470, 1590.00373127246 
1471, 1538.88827952004 
1472, 1508.70128502731 
1473, 1483.11877378198 
1474, 1472.00118879852 
1475, 1462.54860419488 
1476, 1465.27631843394 
1477, 1463.80102928665 
1478, 1465.7979171224 
1479, 1465.61099171788 
1480, 1459.43632446156 
1481, 1463.25302796877 
1482, 1470.3284083123 
1483, 1481.44384288262 
1484, 1503.04868071037 
1485, 1521.70676156047 
1486, 1538.74199221536 
1487, 1561.19136336453 
1488, 1585.36194924953 
1489, 1611.33908231118 
1490, 1641.30134132766 
1491, 1674.54501881909 
1492, 1711.17227693397 
1493, 1743.6844894434 
1494, 1775.23711137531 
1495, 1805.73963953809 
1496, 1826.89532602998 
1497, 1841.01129189152 
1498, 1855.0323255929 
1499, 1863.67272822226 
1500, 1872.84920626386 
1501, 1879.39444764238 
1502, 1890.60060142927 
1503, 1901.57953750337 
1504, 1914.5409353376 
1505, 1929.94891733227 
1506, 1946.70643669079 
1507, 1964.84115466659 
1508, 1985.05511402999 
1509, 2008.9457754325 
1510, 2031.58669600968 
1511, 2054.98701122686 
1512, 2075.79347860682 
1513, 2098.07118927383 
1514, 2115.17537042393 
1515, 2127.51429074203 
1516, 2141.8581879771 
1517, 2155.20748255581 
1518, 2167.00981206074 
1519, 2177.89472194591 
1520, 2188.96251022218 
1521, 2198.35759443738 
1522, 2206.25178116938 
1523, 2218.87104982961 
1524, 2230.88128962067 
1525, 2245.71308762952 
1526, 2259.4813339363 
1527, 2270.35162891912 
1528, 2287.05060125461 
1529, 2297.37649838002 
1530, 2303.02395160234 
1531, 2307.81878963292 
1532, 2310.49734357802 
1533, 2318.16962523822 
1534, 2326.82687419542 
1535, 2337.21582697009 
1536, 2352.038602559 
1537, 2364.34997522047 
1538, 2376.41080954297 
1539, 2389.51542902047 
1540, 2402.04249303259 
1541, 2416.37412387387 
1542, 2432.21473857921 
1543, 2446.70874474263 
1544, 2461.69209375857 
1545, 2477.52240310557 
1546, 2492.36539276226 
1547, 2508.94900375201 
1548, 2527.97223946558 
1549, 2546.43463925334 
1550, 2565.92684840701 
1551, 2583.45854112838 
1552, 2600.7246041876 
1553, 2616.323101315 
1554, 2628.54127131275 
1555, 2643.51151886655 
1556, 2659.60799791934 
1557, 2675.12050229844 
1558, 2693.08876086066 
1559, 2708.05226321116 
1560, 2722.10752921642 
1561, 2733.69902614535 
1562, 2745.15117911262 
1563, 2751.1685136412 
1564, 2753.09312017727 
1565, 2752.73316671571 
1566, 2747.96322132261 
1567, 2740.88759707656 
1568, 2732.12272918712 
1569, 2718.65609183296 
1570, 2703.23335261773 
1571, 2693.09013123466 
1572, 2687.45764936456 
1573, 2686.90494209179 
1574, 2691.86670062558 
1575, 2703.29102582352 
1576, 2719.25609780933 
1577, 2743.43269714788 
1578, 2778.18352674384 
1579, 2818.50624743516 
1580, 2861.00907188477 
1581, 2913.05247285274 
1582, 2957.74723568528 
1583, 3003.85890487581 
1584, 3043.63813389869 
1585, 3080.76333122121 
1586, 3113.26528797845 
1587, 3140.85465664789 
1588, 3166.78813635079 
1589, 3189.16210501047 
1590, 3210.41208180339 
1591, 3229.28188913608 
1592, 3245.4465748236 
1593, 3262.45339756253 
1594, 3270.30003258457 
1595, 3274.08374339747 
1596, 3270.80526283064 
1597, 3258.36210268642 
1598, 3244.72060169041 
1599, 3223.89072103016 
1600, 3206.78502958983 
1601, 3183.4896734733 
1602, 3171.16243154822 
1603, 3163.33928098888 
1604, 3159.14452384877 
1605, 3161.71332423892 
1606, 3166.88409475064 
1607, 3174.22374754785 
1608, 3185.93129329697 
1609, 3204.02528488748 
1610, 3221.42691893213 
1611, 3241.69181003899 
1612, 3262.9163354089 
1613, 3284.05586844638 
1614, 3308.95868598484 
1615, 3339.5815796704 
1616, 3365.09574673128 
1617, 3397.01275703514 
1618, 3416.08917821188 
1619, 3424.07046461866 
1620, 3434.0896111356 
1621, 3434.53871808383 
1622, 3440.94512800883 
1623, 3453.65496141287 
1624, 3460.94587125097 
1625, 3470.3241678989 
1626, 3472.94477891276 
1627, 3469.26849621417 
1628, 3464.00387677378 
1629, 3454.18714297545 
1630, 3443.13654941809 
1631, 3431.07302377123 
1632, 3415.69037446612 
1633, 3395.12987196746 
1634, 3376.02403215843 
1635, 3354.05788395713 
1636, 3334.41695056494 
1637, 3316.40532740896 
1638, 3299.17171405373 
1639, 3277.60036324638 
1640, 3265.17841439767 
1641, 3259.71443507503 
1642, 3254.59702233369 
1643, 3256.0332943655 
1644, 3258.4223839798 
1645, 3260.04416372235 
1646, 3264.37455597226 
1647, 3275.5814213913 
1648, 3283.12281150601 
1649, 3287.19122573561 
1650, 3294.77980622534 
1651, 3304.13954367504 
1652, 3312.28398049855 
1653, 3318.74581125125 
1654, 3327.50284093206 
1655, 3332.73949725033 
1656, 3332.5681365179 
1657, 3338.33850626693 
1658, 3348.19285758024 
1659, 3350.74391068034 
1660, 3354.54261294421 
1661, 3347.25742801734 
1662, 3331.26531544832 
1663, 3318.69213121303 
1664, 3300.25435495872 
1665, 3287.52356459088 
1666, 3275.08671612576 
1667, 3270.28099135283 
1668, 3267.05926723451 
1669, 3272.6686016757 
1670, 3289.28121393462 
1671, 3298.50191190408 
1672, 3311.38914658474 
1673, 3317.31623701085 
1674, 3319.51285217606 
1675, 3319.37225223602 
1676, 3316.98085659565 
1677, 3311.50296531477 
1678, 3300.25546047242 
1679, 3295.09120285718 
1680, 3289.33082838601 
1681, 3285.51797375364 
1682, 3284.89490523643 
1683, 3284.7065994975 
1684, 3283.90385507988 
1685, 3286.43722157186 
1686, 3294.78982923506 
1687, 3294.77091632492 
1688, 3291.53768839954 
1689, 3291.46255816477 
1690, 3287.96107069065 
1691, 3289.06525096101 
1692, 3295.71972598386 
1693, 3296.21978702751 
1694, 3296.20108469758 
1695, 3290.77505515338 
1696, 3281.6760026887 
1697, 3272.78371152089 
1698, 3259.81676998594 
1699, 3250.16190681603 
1700, 3240.72005873553 
1701, 3232.80003774856 
1702, 3225.93689138871 
1703, 3217.70347883065 
1704, 3210.22412706791 
1705, 3202.67235350434 
1706, 3193.95448222439 
1707, 3187.294764493 
1708, 3181.42124193895 
1709, 3177.02089466639 
1710, 3172.98816981101 
1711, 3172.97521557634 
1712, 3176.63385792749 
1713, 3176.7678409211 
1714, 3178.98879719781 
1715, 3172.45483883461 
1716, 3170.42777250854 
1717, 3163.55211512863 
1718, 3154.48706910112 
1719, 3145.94691653383 
1720, 3132.93690366944 
1721, 3117.33374454784 
1722, 3100.50831451045 
1723, 3080.33393452678 
1724, 3060.95661063336 
1725, 3045.31983421893 
1726, 3031.10815487426 
1727, 3020.92139848765 
1728, 3008.36564733129 
1729, 2993.07774481918 
1730, 2978.72559542053 
1731, 2958.7640534393 
1732, 2937.31346684446 
1733, 2923.53975661828 
1734, 2907.3748610788 
1735, 2886.30422221674 
1736, 2874.13114721203 
1737, 2864.52992685705 
1738, 2854.25328491059 
1739, 2853.05758324586 
1740, 2851.2303403997 
1741, 2845.03355482538 
1742, 2842.15472335785 
1743, 2838.83412822204 
1744, 2835.04916203433 
1745, 2831.09957277334 
1746, 2821.62144535389 
1747, 2810.45682968689 
1748, 2804.54322373792 
1749, 2800.86516891348 
1750, 2793.31986072798 
1751, 2792.89037400438 
1752, 2795.28697805355 
1753, 2790.05599674237 
1754, 2787.65249119138 
1755, 2782.68408707612 
1756, 2766.93172573341 
1757, 2750.05470672345 
1758, 2733.72802605752 
1759, 2711.48570369688 
1760, 2691.52644869832 
1761, 2671.96189362268 
1762, 2647.5720240727 
1763, 2620.47405390169 
1764, 2598.3910608882 
1765, 2576.94544690045 
1766, 2557.63442101521 
1767, 2546.51142424063 
1768, 2527.23098809358 
1769, 2505.73173183064 
1770, 2483.15549250613 
1771, 2455.51336708127 
1772, 2428.17477812818 
1773, 2401.61657347696 
1774, 2369.86778489377 
1775, 2335.45912668715 
1776, 2299.97624331798 
1777, 2258.49466550785 
1778, 2221.76032741363 
1779, 2184.97440222014 
1780, 2150.69950743172 
1781, 2117.82128249133 
1782, 2088.09588282092 
1783, 2062.06044201187 
1784, 2035.24165849443 
1785, 2013.62330752273 
1786, 1988.87251280957 
1787, 1962.46584643247 
1788, 1933.50747767724 
1789, 1907.77083280228 
1790, 1864.71063556714 
1791, 1815.80309907219 
1792, 1756.41525523134 
1793, 1677.6197053019 
1794, 1610.56412794478 
1795, 1543.94946014283 
1796, 1470.85826495676 
1797, 1400.18388576183 
1798, 1321.54529290979 
1799, 1239.59821258551 
1800, 1161.97462870351 
1801, 6816.51415855555 
1802, 6468.95617054507 
1803, 6166.37508630228 
1804, 5896.63342121201 
1805, 5679.98914614616 
1806, 5531.03931311157 
1807, 5384.51302445383 
1808, 5209.30741591774 
1809, 5084.69159841352 
1810, 4882.90295861603 
1811, 4615.57063752634 
1812, 4362.13954513263 
1813, 4083.79622086742 
1814, 3798.2755754451 
1815, 3527.45300850448 
1816, 3278.51860815802 
1817, 3076.29219387407 
1818, 2887.0527918331 
1819, 2707.3858682091 
1820, 2546.78760710969 
1821, 2402.74687489613 
1822, 2270.91292520719 
1823, 2161.92112532438 
1824, 2059.57157231975 
1825, 1929.13674137417 
1826, 1778.24921792601 
1827, 1608.90349711368 
1828, 1424.7463163593 
1829, 1205.23281956563 
1830, 1017.92029333448 
1831, 824.74389985524 
1832, 631.466758670442 
1833, 484.020142479601 
1834, 394.099852301675 
1835, 315.640215186062 
1836, 273.072308114785 
1837, 253.158546824834 
1838, 209.469477550258 
1839, 189.018563218821 
1840, 186.130586732075 
1841, 190.407868090733 
1842, 200.878496396597 
1843, 236.772437580347 
1844, 280.127377516616 
1845, 299.290220151957 
1846, 312.735995592261 
1847, 322.397061613275 
1848, 306.790676836585 
1849, 299.264334575582 
1850, 285.390924394579 
1851, 257.03148358797 
1852, 237.269977804895 
1853, 241.21024181687 
1854, 229.64730152905 
1855, 245.389333537252 
1856, 258.889040574741 
1857, 242.709470380747 
1858, 246.923212607404 
1859, 269.462979618596 
1860, 299.811312790607 
1861, 339.12897703671 
1862, 396.178763477677 
1863, 443.545342177627 
1864, 460.415433240765 
1865, 458.771594917463 
1866, 445.238687301944 
1867, 402.399380472733 
1868, 357.456199104419 
1869, 300.220556579896 
1870, 243.408663468995 
1871, 164.130236704052 
1872, 140.383602365837 
1873, 124.452251176145 
1874, 105.811199788091 
1875, 146.627530376276 
1876, 188.244940109614 
1877, 240.070815406533 
1878, 320.347916599916 
1879, 388.137914215935 
1880, 453.287853808104 
1881, 518.828293534385 
1882, 569.880470399784 
1883, 607.411626243032 
1884, 652.885434174026 
1885, 672.65864839305 
1886, 673.405379591542 
1887, 676.46424467693 
1888, 659.749694596233 
1889, 654.063755849454 
1890, 650.407180024987 
1891, 628.68591824333 
1892, 591.020190022106 
1893, 570.379338047251 
1894, 541.484497416439 
1895, 500.785640527473 
1896, 494.273270722843 
1897, 477.826815769826 
1898, 435.46689805257 
1899, 392.282515456559 
1900, 345.3622966958 
1901, 269.211763703043 
1902, 222.200824806394 
1903, 176.892009364086 
1904, 163.923807412466 
1905, 157.785929491381 
1906, 180.33312649719 
1907, 206.484144554202 
1908, 208.526538863268 
1909, 220.323411540348 
1910, 231.894902113476 
1911, 242.651233886562 
1912, 252.507183365735 
1913, 271.245608863981 
1914, 293.158657501827 
1915, 312.761304634294 
1916, 341.059895472699 
1917, 378.218999986888 
1918, 414.651571908998 
1919, 435.112410291988 
1920, 469.709088072655 
1921, 512.754729616673 
1922, 538.42712831647 
1923, 563.857990292944 
1924, 581.411534029592 
1925, 587.789161729943 
1926, 581.773011971252 
1927, 576.576271866132 
1928, 570.888703218052 
1929, 574.876119492575 
1930, 564.669983009383 
1931, 552.968964929718 
1932, 558.13771733224 
1933, 560.704436462188 
1934, 552.092668526972 
1935, 563.807020407248 
1936, 588.55324698272 
1937, 617.360023403722 
1938, 668.31416058617 
1939, 707.081451143223 
1940, 720.473500723897 
1941, 714.539833953661 
1942, 671.659539974646 
1943, 640.081059276342 
1944, 623.855736691986 
1945, 618.936830691645 
1946, 615.432617472575 
1947, 637.894278525002 
1948, 630.368363140056 
1949, 615.697101547648 
1950, 592.225830944241 
1951, 541.607753624827 
1952, 497.743569815822 
1953, 466.029621411817 
1954, 438.203926036687 
1955, 421.15396501147 
1956, 417.812971304362 
1957, 416.327970226358 
1958, 418.575640093616 
1959, 428.489490235265 
1960, 455.155332100559 
1961, 472.744621760319 
1962, 468.850897152625 
1963, 487.577661374216 
1964, 524.844858136687 
1965, 572.388172682891 
1966, 612.062713789928 
1967, 676.287160073418 
1968, 718.394750756662 
1969, 738.660456480068 
1970, 764.742233910633 
1971, 784.435840179344 
1972, 821.510086860287 
1973, 862.389045078237 
1974, 900.823606013045 
1975, 966.570172139754 
1976, 1028.57909794283 
1977, 1080.62449156217 
1978, 1133.09536956879 
1979, 1175.65200520712 
1980, 1219.90244874408 
1981, 1247.04044768391 
1982, 1249.46307107923 
1983, 1266.5658139756 
1984, 1277.34381460965 
1985, 1288.47343841011 
1986, 1313.52043578325 
1987, 1328.91936055462 
1988, 1341.42031797553 
1989, 1329.49732097845 
1990, 1300.5057357778 
1991, 1257.6059506098 
1992, 1206.42389685281 
1993, 1120.0544694534 
1994, 1057.64610951586 
1995, 1005.14249843498 
1996, 935.378407484172 
1997, 868.514586571361 
1998, 792.539299777566 
1999, 683.54857559603 
2000, 574.176746931343 
2001, 473.550373712076 
2002, 382.732945030372 
2003, 315.07286229734 
2004, 270.827506967441 
2005, 229.917782169462 
2006, 199.834043920126 
2007, 187.835243902701 
2008, 197.90644526577 
2009, 206.137705563493 
2010, 234.86348679173 
2011, 251.674794098749 
2012, 261.654124465725 
2013, 269.680939487008 
2014, 292.398306729863 
2015, 321.520252470247 
2016, 347.98202038213 
2017, 376.676727511999 
2018, 418.516696862306 
2019, 457.558126365565 
2020, 513.757104008951 
2021, 591.133418190483 
2022, 671.109083149869 
2023, 773.081611462212 
2024, 851.771508655853 
2025, 934.249139634289 
2026, 1001.20381624303 
2027, 1064.19098939868 
2028, 1111.03355002269 
2029, 1163.39690440151 
2030, 1214.94747655194 
2031, 1266.6803618513 
2032, 1318.91361902243 
2033, 1356.28292709833 
2034, 1393.479419852 
2035, 1419.16486398221 
2036, 1423.85860407176 
2037, 1436.9701854393 
2038, 1458.52880907154 
2039, 1462.54898265989 
2040, 1457.05550525407 
2041, 1438.6480919989 
2042, 1427.32518865233 
2043, 1411.08960927979 
2044, 1388.2576055074 
2045, 1371.88182818047 
2046, 1343.04076596049 
2047, 1300.1038002507 
2048, 1253.0378995941 
2049, 1199.56694140918 
2050, 1144.5896634967 
2051, 1079.83510599741 
2052, 1007.03755402938 
2053, 942.241594397637 
2054, 913.526361680595 
2055, 907.493262271965 
2056, 936.71241326735 
2057, 951.473290177031 
2058, 999.422798003726 
2059, 1013.06508942592 
2060, 994.620497315449 
2061, 1004.65050417139 
2062, 1022.42434826609 
2063, 1034.38780601219 
2064, 1058.28165806796 
2065, 1079.21828710443 
2066, 1082.78805840593 
2067, 1100.19505910751 
2068, 1130.78098630196 
2069, 1171.20262270651 
2070, 1217.68685314399 
2071, 1274.63825973466 
2072, 1337.29675600657 
2073, 1413.56929972141 
2074, 1482.70778370743 
2075, 1562.99522494263 
2076, 1629.8163275239 
2077, 1680.67752141172 
2078, 1743.21343288424 
2079, 1814.04320842541 
2080, 1872.02641945666 
2081, 1924.63987583688 
2082, 1983.75919208997 
2083, 2037.23809552945 
2084, 2077.5035688688 
2085, 2131.36040184465 
2086, 2199.61318491832 
2087, 2246.6635839578 
2088, 2283.07545600588 
2089, 2327.50253668896 
2090, 2360.11714514111 
2091, 2406.79620360927 
2092, 2466.36928543401 
2093, 2521.39286174026 
2094, 2587.38533836866 
2095, 2639.51637072704 
2096, 2684.11449671207 
2097, 2725.79476615243 
2098, 2773.14292850996 
2099, 2814.29348350316 
2100, 2860.91268678252 
2101, 2922.94737019849 
2102, 2963.47794613903 
2103, 2985.31752259011 
2104, 3022.32190291626 
2105, 3054.49995761349 
2106, 3095.48794628883 
2107, 3157.38159596805 
2108, 3201.01246994323 
2109, 3228.11402025749 
2110, 3270.69039634072 
2111, 3313.07999431216 
2112, 3354.03703922274 
2113, 3426.89500316263 
2114, 3501.57857685866 
2115, 3560.08549728738 
2116, 3617.26129025891 
2117, 3669.8797473965 
2118, 3700.55669235583 
2119, 3758.3306379305 
2120, 3830.85312040989 
2121, 3897.79028863733 
2122, 3979.84129007415 
2123, 4044.5116131434 
2124, 4092.55875970472 
2125, 4152.80399240664 
2126, 4213.58488539959 
2127, 4274.88252141955 
2128, 4344.95542803642 
2129, 4407.064127572 
2130, 4476.21705984732 
2131, 4543.34554933948 
2132, 4614.94428286438 
2133, 4699.56573521503 
2134, 4767.45893570693 
2135, 4829.69781401503 
2136, 4886.89877054546 
2137, 4930.99543071276 
2138, 4982.01468596001 
2139, 5037.27014565224 
2140, 5084.58366849456 
2141, 5127.09396739227 
2142, 5173.58097144726 
2143, 5212.47339477462 
2144, 5256.98894064742 
2145, 5311.13576132776 
2146, 5363.52876629318 
2147, 5396.62386643784 
2148, 5435.40699902627 
2149, 5472.54505810817 
2150, 5499.3038303025 
2151, 5535.98381634699 
2152, 5577.62646033924 
2153, 5625.51032868364 
2154, 5680.63541329187 
2155, 5728.55535430056 
2156, 5778.96004992676 
2157, 5829.9789583295 
2158, 5887.82218574484 
2159, 5926.20446052146 
2160, 5963.16768839956 
2161, 5989.73996341282 
2162, 5978.91864976019 
2163, 5991.68767228441 
2164, 6016.64106477394 
2165, 6035.12453493657 
2166, 6070.89201423112 
2167, 6116.1098810406 
2168, 6176.5707347257 
2169, 6247.77129492108 
2170, 6329.46728446326 
2171, 6437.86950468784 
2172, 6525.73040431868 
2173, 6622.98204465777 
2174, 6697.09271370816 
2175, 6760.84395416859 
2176, 6808.90171085706 
2177, 6830.1834567641 
2178, 6863.02368694229 
2179, 6878.49546343427 
2180, 6912.13605059282 
2181, 6974.79797128616 
2182, 7012.36021051505 
2183, 7031.4492980037 
2184, 7070.52433249825 
2185, 7099.24057525129 
2186, 7113.43248417248 
2187, 7155.16033519691 
2188, 7216.55967072966 
2189, 7273.34642208538 
2190, 7349.00809407006 
2191, 7394.33515666178 
2192, 7448.16475053319 
2193, 7459.50737390979 
2194, 7439.56112025322 
2195, 7408.63113149436 
2196, 7344.34699038631 
2197, 7284.398069833 
2198, 7183.07352010749 
2199, 7134.20841226808 
2200, 7088.84562520153 
2201, 7081.0109595044 
2202, 7126.54573591235 
2203, 7171.0741057002 
2204, 7232.38822713775 
2205, 7308.14377642387 
2206, 7395.05709596532 
2207, 7477.93698563652 
2208, 7557.49123638626 
2209, 7642.51080375319 
2210, 7715.79652705781 
2211, 7784.56119266342 
2212, 7844.32100162214 
2213, 7909.45636142519 
2214, 7940.9376706177 
2215, 7945.24119318388 
2216, 7953.30950930746 
2217, 7935.78604990651 
2218, 7932.30285478502 
2219, 7945.31029763695 
2220, 7936.60490593675 
2221, 7910.1348593662 
2222, 7893.3045343321 
2223, 7873.80995913512 
2224, 7848.83111435437 
2225, 7829.0552550049 
2226, 7805.3155768783 
2227, 7772.81609153887 
2228, 7733.06150277584 
2229, 7707.54884297329 
2230, 7675.80051373427 
2231, 7653.15541909062 
2232, 7629.88333800909 
2233, 7619.86548195123 
2234, 7628.7372321227 
2235, 7616.07771954737 
2236, 7608.51669110841 
2237, 7583.51582716939 
2238, 7537.42302519904 
2239, 7494.58697731364 
2240, 7440.33816389819 
2241, 7401.45384213146 
2242, 7369.47868957754 
2243, 7330.78005612647 
2244, 7308.19106410076 
2245, 7259.93528958103 
2246, 7182.93393396423 
2247, 7122.24618720511 
2248, 7054.92774137957 
2249, 6996.19695506202 
2250, 6950.72877087367 
2251, 6903.61345652532 
2252, 6861.95667557884 
2253, 6815.43296413958 
2254, 6764.25503128837 
2255, 6697.60034898374 
2256, 6614.31893613932 
2257, 6521.81819485785 
2258, 6437.90867916528 
2259, 6348.76365853911 
2260, 6267.61068351846 
2261, 6183.74915968117 
2262, 6124.04349123596 
2263, 6081.10214032443 
2264, 6028.20812664077 
2265, 5989.96812795278 
2266, 5943.96230454134 
2267, 5881.59411535491 
2268, 5837.24486165834 
2269, 5814.7029540987 
2270, 5773.00481079568 
2271, 5733.99287314833 
2272, 5677.46362829211 
2273, 5596.69746700625 
2274, 5528.62430493188 
2275, 5450.48241896123 
2276, 5385.59577583966 
2277, 5339.75779633088 
2278, 5282.70977867612 
2279, 5230.95463284006 
2280, 5168.69860547354 
2281, 5093.78794733153 
2282, 5016.65934779133 
2283, 4944.59539622783 
2284, 4878.79224650733 
2285, 4826.28498479471 
2286, 4778.92740913305 
2287, 4731.58646853333 
2288, 4669.74495137839 
2289, 4589.72684654738 
2290, 4491.33841551006 
2291, 4397.0949209724 
2292, 4279.42574596436 
2293, 4189.55833344131 
2294, 4111.64854079405 
2295, 4035.8995239343 
2296, 3970.96640627695 
2297, 3903.57666957521 
2298, 3833.39832062353 
2299, 3770.99817303495 
2300, 3712.19025567602 
2301, 3664.16499314652 
2302, 3621.84146930943 
2303, 3591.75452278631 
2304, 3569.59863460703 
2305, 3555.9130722914 
2306, 3566.68697576466 
2307, 3561.62578749564 
2308, 3562.20013238209 
2309, 3550.49191940615 
2310, 3545.62076324525 
2311, 3499.31987563668 
2312, 3435.99846322113 
2313, 3348.69631170969 
2314, 3212.86556397254 
2315, 3075.63002471969 
2316, 2956.19012346275 
2317, 2851.61251519303 
2318, 2765.59418454413 
2319, 2714.42801053291 
2320, 2680.88560757702 
2321, 2635.06007820638 
2322, 2621.23601977593 
2323, 2610.01167020432 
2324, 2600.61946576523 
2325, 2612.88679648699 
2326, 2609.60648418704 
2327, 2604.83677568422 
2328, 2600.51420379304 
2329, 2595.72742727085 
2330, 2575.01227342785 
2331, 2558.50796612745 
2332, 2512.23072656281 
2333, 2439.20465684307 
2334, 2371.99743800048 
2335, 2288.5807495722 
2336, 2218.44274071787 
2337, 2143.71801755926 
2338, 2083.32895549326 
2339, 2030.76753602261 
2340, 1981.88093130655 
2341, 1940.75341694986 
2342, 1908.58119529724 
2343, 1886.79573130584 
2344, 1859.10060910729 
2345, 1848.11105694136 
2346, 1808.42227785388 
2347, 1743.12651349957 
2348, 1698.45425584413 
2349, 1644.74922804105 
2350, 1608.93094752194 
2351, 1595.42388904332 
2352, 1572.30680669971 
2353, 1546.7733145894 
2354, 1523.56139428598 
2355, 1498.10397501056 
2356, 1483.88503782945 
2357, 1474.31535885779 
2358, 1474.15017301021 
2359, 1489.05248340649 
2360, 1497.81302566822 
2361, 1522.88985053794 
2362, 1524.39606431197 
2363, 1527.59620066469 
2364, 1494.60496600043 
2365, 1435.28312082455 
2366, 1367.10264742679 
2367, 1298.54624258133 
2368, 1245.88784352904 
2369, 1199.86724045636 
2370, 1165.4926385716 
2371, 1134.10725947706 
2372, 1101.08755227637 
2373, 1086.39078273374 
2374, 1093.17810626352 
2375, 1103.840662713 
2376, 1112.51119571886 
2377, 1110.41540619731 
2378, 1113.53808303348 
2379, 1123.82055763112 
2380, 1119.56058100015 
2381, 1127.37356199301 
2382, 1116.36058904934 
2383, 1076.86542567952 
2384, 1040.24333123439 
2385, 1002.59948773304 
2386, 968.451910791555 
2387, 946.803550033797 
2388, 943.177487459199 
2389, 949.434086513248 
2390, 959.617436379393 
2391, 975.521030723899 
2392, 986.459326643835 
2393, 962.383188089924 
2394, 924.17347460683 
2395, 893.035415626328 
2396, 858.695178739152 
2397, 840.400044970654 
2398, 849.362124611483 
2399, 864.379348443724 
2400, 871.089702611705 
2401, 888.667592238904 
2402, 903.374852783168 
2403, 901.629348614407 
2404, 892.013059229159 
2405, 872.992137646718 
2406, 841.196056299118 
2407, 812.481483123654 
2408, 772.801070907745 
2409, 747.886433279574 
2410, 728.164246133447 
2411, 709.243752603845 
2412, 699.736579574018 
2413, 676.411400768057 
2414, 645.486644606391 
2415, 628.577265314271 
2416, 609.889775203895 
2417, 597.463757540211 
2418, 593.344091239952 
2419, 586.913615920757 
2420, 582.484874250602 
2421, 574.49090285301 
2422, 569.18375002904 
2423, 569.683501136077 
2424, 564.653203652389 
2425, 568.266020705954 
2426, 587.668037474182 
2427, 591.898306112928 
2428, 589.382646131031 
2429, 587.814816854024 
2430, 583.866260424758 
2431, 576.297298641204 
2432, 569.23678314497 
2433, 555.361704961255 
2434, 532.271586978042 
2435, 514.000600691613 
2436, 493.890380551206 
2437, 483.46664054424 
2438, 477.464195110721 
2439, 473.427976196482 
2440, 473.888087309126 
2441, 464.145371009327 
2442, 455.737810306243 
2443, 441.383475830504 
2444, 422.539875513839 
2445, 414.036223655982 
2446, 382.336697258152 
2447, 350.063245719191 
2448, 330.677352918149 
2449, 308.524205472246 
2450, 309.958426979573 
2451, 339.726127692113 
2452, 347.889492403606 
2453, 363.534230057551 
2454, 376.882197960174 
2455, 362.329207952812 
2456, 350.012083880453 
2457, 332.679519268734 
2458, 315.369934080618 
2459, 308.365137692037 
2460, 311.17805753577 
2461, 325.048292784973 
2462, 347.562790286157 
2463, 366.788438533695 
2464, 374.822143597603 
2465, 370.054475140266 
2466, 365.638199432495 
2467, 358.397839436803 
2468, 337.02032191677 
2469, 322.189307894465 
2470, 305.205554559714 
2471, 286.25852689647 
2472, 274.695534485057 
2473, 261.788271140623 
2474, 249.732957391305 
2475, 237.687608475682 
2476, 235.439636256583 
2477, 236.036508290728 
2478, 219.010646160859 
2479, 212.283260195913 
2480, 211.161774949213 
2481, 197.344545309293 
2482, 188.799987634349 
2483, 167.216019554337 
2484, 143.707175362766 
2485, 136.949705466866 
2486, 126.143524755007 
2487, 115.972571341031 
2488, 114.057176797227 
2489, 107.534883598041 
2490, 95.9370060808144 
2491, 90.690082359987 
2492, 95.5808208096559 
2493, 104.250338932687 
2494, 117.715313323137 
2495, 128.107291028889 
2496, 120.444274184673 
2497, 104.973592383305 
2498, 94.8797373398732 
2499, 88.2448996090624 
2500, 80.54264090474 
