Wavelength,0212202100105.asd
350, 2694.78343480506 
351, 2835.79734502234 
352, 2965.08621266905 
353, 3076.092204504 
354, 3184.08474062085 
355, 3296.97213898248 
356, 3416.86841630087 
357, 3535.69549005442 
358, 3658.86723979634 
359, 3790.11455238715 
360, 3934.80567542714 
361, 4110.38353267804 
362, 4312.27312461279 
363, 4530.86060300331 
364, 4754.08198136672 
365, 4983.32413772876 
366, 5202.33665369621 
367, 5392.97225917831 
368, 5540.39590979227 
369, 5629.30098674282 
370, 5661.75226354168 
371, 5652.98901171827 
372, 5631.70234005195 
373, 5624.08055602245 
374, 5634.35040906704 
375, 5650.46176765221 
376, 5667.37811683223 
377, 5676.85556620749 
378, 5666.00504257789 
379, 5616.73264514183 
380, 5551.02441043703 
381, 5477.09112693005 
382, 5395.33416490598 
383, 5292.55480074494 
384, 5186.95407679447 
385, 5112.93272577285 
386, 5111.51157282455 
387, 5215.00681543181 
388, 5368.48850410723 
389, 5505.76727155591 
390, 5565.25675364505 
391, 5628.50100275544 
392, 5690.9381837139 
393, 5741.72795151539 
394, 5785.27361145116 
395, 5902.56866181658 
396, 6135.90167785017 
397, 6504.85563380471 
398, 7020.23202796304 
399, 7606.16423963508 
400, 8207.83141624836 
401, 8795.03119300701 
402, 9354.63642457701 
403, 9816.40016490045 
404, 10149.4852122767 
405, 10406.1825573552 
406, 10611.0183488352 
407, 10793.9332349301 
408, 10991.3475140017 
409, 11263.4308927979 
410, 11589.1667125644 
411, 11948.9681270094 
412, 12325.5879090194 
413, 12697.3562787448 
414, 13066.0158174088 
415, 13423.6481255644 
416, 13738.0915046505 
417, 14032.2362967841 
418, 14333.5389374801 
419, 14652.7731595932 
420, 14928.8473400795 
421, 15205.4259052513 
422, 15507.270943867 
423, 15836.0612728678 
424, 16141.0488091302 
425, 16381.478317432 
426, 16523.1833284847 
427, 16535.6222313913 
428, 16474.2145383181 
429, 16485.4731085291 
430, 16688.2539356984 
431, 16986.8115690952 
432, 17379.9566341086 
433, 17956.7571560461 
434, 18833.7532983258 
435, 19771.1714106431 
436, 20490.5014728235 
437, 20931.918784567 
438, 21397.6269407413 
439, 21877.9930300456 
440, 22330.8831410169 
441, 22738.2759877517 
442, 23267.2798124393 
443, 23825.8154615398 
444, 24339.4063777474 
445, 24759.6084109939 
446, 25097.4143094817 
447, 25399.8110420843 
448, 25719.0521943161 
449, 26114.238949601 
450, 26453.9884758333 
451, 26640.5808996698 
452, 26632.8184473944 
453, 26565.7104198484 
454, 26418.3628971434 
455, 26231.1872150813 
456, 26100.2994108206 
457, 26068.8667031977 
458, 26077.1765800704 
459, 26061.5266323706 
460, 25994.3634937187 
461, 25892.1188726952 
462, 25780.788175029 
463, 25674.4072461727 
464, 25506.4358998757 
465, 25245.4026388398 
466, 24922.0413787018 
467, 24626.0212064252 
468, 24374.8563643633 
469, 24185.5908077205 
470, 24067.6536112772 
471, 24028.9184005888 
472, 24000.7910998394 
473, 23990.0081135935 
474, 24025.1138520712 
475, 24017.6014281877 
476, 23991.4021410163 
477, 23974.9556164979 
478, 23988.5395700925 
479, 24067.6474190597 
480, 24179.2860382728 
481, 24262.5695128537 
482, 24249.0429417812 
483, 24076.0578098066 
484, 23703.9826755024 
485, 23141.5232294965 
486, 22593.1597605796 
487, 22201.9376508046 
488, 22083.8764031978 
489, 22341.0842635621 
490, 22756.0516795387 
491, 23100.9246904464 
492, 23226.0228076964 
493, 23272.7300205981 
494, 23338.8622549101 
495, 23470.5421412452 
496, 23654.2299765307 
497, 23713.8171402853 
498, 23651.0241117655 
499, 23505.0825739179 
500, 23308.1698904697 
501, 23158.3324465083 
502, 23098.0515849088 
503, 23147.203897839 
504, 23361.9467294912 
505, 23663.6137733291 
506, 23971.0596151662 
507, 24214.579563683 
508, 24402.2514184541 
509, 24550.4434949857 
510, 24687.4179997416 
511, 24871.0977392509 
512, 25001.6569313592 
513, 25030.6279043716 
514, 24943.4260194015 
515, 24741.4227806121 
516, 24467.4812846157 
517, 24197.9857192778 
518, 24040.4803491439 
519, 24241.6638399263 
520, 24824.2853356858 
521, 25649.1548606261 
522, 26341.2812048271 
523, 26859.0409989585 
524, 27222.5373210432 
525, 27493.585974127 
526, 27616.8622489856 
527, 27667.0239938932 
528, 27807.6382395485 
529, 28361.740231949 
530, 29090.7764062027 
531, 29709.6895054673 
532, 29981.913269179 
533, 30073.6851173596 
534, 30209.5649606746 
535, 30511.5643880173 
536, 30973.0496978828 
537, 31306.7234313001 
538, 31464.34154773 
539, 31489.8129124151 
540, 31481.3518315085 
541, 31508.1443735792 
542, 31668.0294203119 
543, 32038.9078588493 
544, 32465.2126675396 
545, 32838.3296368477 
546, 33099.1848989146 
547, 33250.3634781284 
548, 33351.311309123 
549, 33468.9258937645 
550, 33644.9241998797 
551, 33826.6033372178 
552, 33966.7965139889 
553, 34070.0845715984 
554, 34180.6542576388 
555, 34264.45190349 
556, 34237.4239199911 
557, 34053.1725205503 
558, 33742.3675208219 
559, 33474.3427372824 
560, 33352.228089473 
561, 33414.6170108983 
562, 33565.6814461063 
563, 33654.702946176 
564, 33607.1409937176 
565, 33444.9690005912 
566, 33213.1274489775 
567, 32974.6842625912 
568, 32768.9803743706 
569, 32561.5287367855 
570, 32293.4964623424 
571, 32037.8599709726 
572, 31938.561467839 
573, 31965.2628180807 
574, 31956.7974860461 
575, 31810.6803464184 
576, 31544.0046531996 
577, 31297.1254010519 
578, 31166.3608029461 
579, 31206.1032207055 
580, 31379.2610345416 
581, 31676.6591035368 
582, 32035.0162903558 
583, 32342.0162624553 
584, 32538.8455301625 
585, 32543.8255722063 
586, 32345.584360959 
587, 32089.1993150416 
588, 31771.5525693326 
589, 31342.1875198787 
590, 30799.8736011209 
591, 30602.6831506142 
592, 30746.2967022498 
593, 31018.6182117694 
594, 31012.316033594 
595, 30861.422100163 
596, 30644.3327451694 
597, 30416.7759424851 
598, 30173.3403635572 
599, 29871.2079561417 
600, 29536.530237147 
601, 29243.1759484296 
602, 29015.5270098024 
603, 28893.9327987463 
604, 28877.1858891582 
605, 28902.6649199341 
606, 28840.0899646973 
607, 28681.6465373876 
608, 28476.4184049209 
609, 28276.0682389384 
610, 28084.7193116584 
611, 27910.7420985342 
612, 27766.0042022866 
613, 27613.8186638389 
614, 27434.9865090504 
615, 27238.3479744177 
616, 27083.4493032276 
617, 26987.9567558014 
618, 26988.9253390362 
619, 27105.4947272547 
620, 27231.4007771142 
621, 27249.3119315487 
622, 27118.4406358636 
623, 26892.9161318099 
624, 26636.5159611676 
625, 26391.7435162051 
626, 26179.7895501508 
627, 25988.6107356767 
628, 25796.8528320214 
629, 25615.0405457861 
630, 25483.2303649098 
631, 25499.9537915018 
632, 25600.6379518899 
633, 25724.3209830893 
634, 25856.7698387287 
635, 25959.7633661073 
636, 26031.7036665221 
637, 26081.4011288346 
638, 26102.650770746 
639, 26069.0657650026 
640, 25960.9960196904 
641, 25775.4110376552 
642, 25628.7937263577 
643, 25541.1579139152 
644, 25485.4576318952 
645, 25382.413006016 
646, 25219.5984103679 
647, 25014.1528274276 
648, 24804.1157535598 
649, 24634.4960059735 
650, 24507.096615411 
651, 24442.4840816568 
652, 24473.7327802849 
653, 24423.2228536399 
654, 24158.955379207 
655, 23654.9419089808 
656, 23065.4108095783 
657, 22634.0225601204 
658, 22634.3377467197 
659, 23213.2197410153 
660, 23807.6155964093 
661, 24152.0429591798 
662, 24225.344333413 
663, 24259.9946328173 
664, 24238.0124543713 
665, 24200.8214679961 
666, 24184.6485167714 
667, 24194.0038507295 
668, 24186.126005725 
669, 24162.7303799354 
670, 24145.3848089977 
671, 24097.1175387386 
672, 24038.9210049441 
673, 24001.7645468518 
674, 24020.8169265125 
675, 24052.2313458719 
676, 24076.2997514659 
677, 24087.285477297 
678, 24102.483610866 
679, 24108.9867147716 
680, 24106.2116699793 
681, 24099.4510255361 
682, 24084.0041675809 
683, 24029.9354553655 
684, 23831.4419093138 
685, 23284.7556839821 
686, 22313.7392262959 
687, 21002.8134433067 
688, 19669.1458330774 
689, 19107.9344670614 
690, 19507.9799064618 
691, 20506.5208310815 
692, 21412.5934530081 
693, 22205.3107337848 
694, 22781.9424664108 
695, 23134.689840064 
696, 23382.100141551 
697, 23598.4902583856 
698, 23748.7416693846 
699, 23784.7779321991 
700, 23735.7506760759 
701, 23687.2244784935 
702, 23699.144245053 
703, 23806.1019029805 
704, 24013.102876796 
705, 24254.6730401213 
706, 24464.4752047586 
707, 24589.5450657431 
708, 24692.1947650313 
709, 24786.6646543718 
710, 24872.9630674907 
711, 24950.7728675969 
712, 25007.2584298561 
713, 25031.1122737438 
714, 25003.8155128099 
715, 24870.7541561703 
716, 24529.5229220192 
717, 23933.4455486752 
718, 23114.4557312874 
719, 22430.2000777944 
720, 22176.3257377868 
721, 22468.3416474603 
722, 23090.3302140732 
723, 23524.6181116217 
724, 23592.243602346 
725, 23386.1216863231 
726, 23333.3408617192 
727, 23403.2183463306 
728, 23514.9489328992 
729, 23588.2440936028 
730, 23756.6101087079 
731, 24055.1277764655 
732, 24466.7448914383 
733, 24923.4707796686 
734, 25320.875341864 
735, 25578.9741889034 
736, 25662.7956551645 
737, 25651.1092381432 
738, 25625.7794621549 
739, 25606.4709290139 
740, 25563.2652490534 
741, 25558.833804338 
742, 25605.3023147973 
743, 25695.7227720795 
744, 25809.8714454985 
745, 25892.0147624114 
746, 25932.0575010272 
747, 25936.9825192428 
748, 25912.0312696201 
749, 25836.7655247627 
750, 25729.5318091479 
751, 25634.4509977959 
752, 25586.7241547779 
753, 25579.2522407388 
754, 25586.1453746315 
755, 25564.7310495048 
756, 25446.1558313869 
757, 24921.2013984582 
758, 23492.3555966372 
759, 20313.2879625427 
760, 15621.6639754857 
761, 11002.5015949414 
762, 8382.8219887064 
763, 8337.38916590396 
764, 9681.14240742722 
765, 11807.5454249668 
766, 14639.3751298634 
767, 17742.645849988 
768, 20451.8673447297 
769, 22352.3687504024 
770, 23430.0066028916 
771, 23971.0016821314 
772, 24190.6373965621 
773, 24255.6018544417 
774, 24260.0371489432 
775, 24217.0736882317 
776, 24152.9033902874 
777, 24087.0852704175 
778, 23998.6280196918 
779, 23890.5766104444 
780, 23780.6387632763 
781, 23692.9468640215 
782, 23597.1418431387 
783, 23482.1106171921 
784, 23348.7266974488 
785, 23210.9413151169 
786, 23073.1884837116 
787, 22911.8933715411 
788, 22707.1317992497 
789, 22468.3483942184 
790, 22211.885293314 
791, 21950.6940905624 
792, 21696.2020068384 
793, 21457.1981626414 
794, 21263.5901276792 
795, 21133.8163146925 
796, 21068.3659202695 
797, 21019.1189926924 
798, 20939.9945833826 
799, 20804.9223584196 
800, 20614.2666934145 
801, 20399.5726805775 
802, 20200.3875265715 
803, 20035.271313582 
804, 19875.452026267 
805, 19737.0849488332 
806, 19609.2985386313 
807, 19468.215002525 
808, 19281.8860957584 
809, 19051.0661454295 
810, 18789.8697778913 
811, 18510.2265935059 
812, 18172.6490164898 
813, 17728.0386854617 
814, 17171.7082281336 
815, 16550.4096061469 
816, 15972.9635323745 
817, 15524.914403269 
818, 15257.6574211257 
819, 15180.7361022276 
820, 15170.9832950923 
821, 15127.834718466 
822, 15008.7086310496 
823, 14871.045225778 
824, 14782.018444811 
825, 14800.2404115242 
826, 14909.871173843 
827, 14886.8260907569 
828, 14725.9261880624 
829, 14504.3105641122 
830, 14331.7316049122 
831, 14222.3248455131 
832, 14146.1859786975 
833, 14086.8286495829 
834, 14043.9917604703 
835, 14027.8455182043 
836, 14024.050975742 
837, 14007.4254119494 
838, 13947.2284080385 
839, 13851.9265537006 
840, 13733.7181733023 
841, 13602.7626513964 
842, 13462.8946057095 
843, 13318.3643287565 
844, 13175.341084027 
845, 13037.4630221408 
846, 12905.8329045238 
847, 12740.0704865853 
848, 12535.7250905169 
849, 12306.1511113486 
850, 12075.5962555012 
851, 11808.0727978838 
852, 11531.3125279162 
853, 11298.8254853636 
854, 11127.4044331557 
855, 10989.3522363599 
856, 10926.797252748 
857, 11001.0955927454 
858, 11115.5621585707 
859, 11148.993214137 
860, 11076.8804468201 
861, 10961.8330693359 
862, 10823.1604698979 
863, 10643.6280476451 
864, 10424.6267935925 
865, 10195.1183485111 
866, 9980.2675838101 
867, 9799.88382281344 
868, 9682.46844155966 
869, 9666.67125026092 
870, 9696.59384928006 
871, 9693.53133796001 
872, 9620.00604783949 
873, 9517.68988485606 
874, 9402.50476565838 
875, 9285.25386304216 
876, 9171.09006835776 
877, 9059.52562363436 
878, 8949.91961399379 
879, 8842.09861185873 
880, 8734.82068191589 
881, 8623.39204745799 
882, 8512.21796618457 
883, 8407.19681572779 
884, 8310.82459308084 
885, 8214.77947605163 
886, 8109.54069555701 
887, 7997.96496968109 
888, 7887.28370323059 
889, 7778.15485383308 
890, 7669.28318547618 
891, 7547.67668890039 
892, 7396.8033840489 
893, 7210.57542363766 
894, 6993.29142365381 
895, 6752.42562940915 
896, 6497.85260384879 
897, 6238.70925842567 
898, 5995.17325587946 
899, 5793.85816161739 
900, 5657.63626425072 
901, 5579.99055321068 
902, 5548.4712674616 
903, 5539.62987912906 
904, 5526.18863608086 
905, 5498.69046986736 
906, 5441.83339320188 
907, 5342.67197631495 
908, 5199.15725952359 
909, 5047.41101321766 
910, 4920.09367299128 
911, 4827.95033984967 
912, 4762.46752386032 
913, 4710.5317306587 
914, 4659.51116342041 
915, 4607.74550852543 
916, 4562.69710304266 
917, 4533.55285404597 
918, 4511.58872636391 
919, 4491.33893045059 
920, 4470.86238328991 
921, 4447.15966334293 
922, 4412.85383570837 
923, 4356.7103823811 
924, 4269.10482336897 
925, 4160.90096242542 
926, 4028.84063052489 
927, 3867.79760033492 
928, 3673.2888943319 
929, 3446.24196215662 
930, 3189.51832068769 
931, 2917.44806114222 
932, 2652.76024965198 
933, 2418.12875634118 
934, 2232.01166041946 
935, 2106.24542979835 
936, 2043.02676759421 
937, 2029.05217957958 
938, 2045.91645072683 
939, 2074.66130803781 
940, 2100.47407357961 
941, 2122.11044863874 
942, 2131.10504378143 
943, 2115.86960315418 
944, 2071.3494455504 
945, 2012.89977763935 
946, 1966.68817705902 
947, 1940.36919792549 
948, 1930.07228144039 
949, 1927.47142304476 
950, 1925.06986286778 
951, 1921.93298445651 
952, 1918.08999233411 
953, 1909.0234506511 
954, 1900.96278541297 
955, 1894.04513090479 
956, 1888.02023976379 
957, 1885.23515167225 
958, 1886.83759938302 
959, 1890.25593286088 
960, 1893.43192315888 
961, 1896.83919136732 
962, 1904.20653255487 
963, 1912.90223583193 
964, 1922.32033032643 
965, 1934.88331332796 
966, 1944.00663084972 
967, 1947.56462007738 
968, 1945.92103170155 
969, 1940.83266145827 
970, 1931.83347641987 
971, 1917.71804507907 
972, 1897.62933181386 
973, 1871.1945818019 
974, 1838.0087917895 
975, 1801.78684866097 
976, 1767.59921435242 
977, 1739.03669833241 
978, 1713.47838680535 
979, 1693.74648482779 
980, 1678.59501435291 
981, 1665.04809761927 
982, 1650.24593725569 
983, 1634.57656602291 
984, 1615.6482591991 
985, 1594.03930821568 
986, 1575.08026655312 
987, 1550.3455638333 
988, 1523.76813041213 
989, 1497.15146959484 
990, 1468.1047452519 
991, 1439.95983992475 
992, 1411.72847219054 
993, 1383.54516791598 
994, 1356.09565680023 
995, 1327.30855759257 
996, 1297.83824507086 
997, 1267.91845326921 
998, 1237.85345125128 
999, 1208.86559600348 
1000, 1179.67598274972 
1001, 7534.51975232441 
1002, 7531.69797385169 
1003, 7526.84528515868 
1004, 7520.68339547905 
1005, 7526.49920951347 
1006, 7543.30243217963 
1007, 7561.3581599038 
1008, 7593.20944552861 
1009, 7626.36451193237 
1010, 7663.08329955085 
1011, 7702.56054657163 
1012, 7747.46533254921 
1013, 7795.568131571 
1014, 7844.69259361809 
1015, 7890.8544779288 
1016, 7942.48196585632 
1017, 7985.49581869616 
1018, 8024.83606478149 
1019, 8075.04844636716 
1020, 8121.65279532271 
1021, 8169.85185287671 
1022, 8220.87747377398 
1023, 8275.13596826846 
1024, 8328.33151410924 
1025, 8388.40196409763 
1026, 8448.70947809166 
1027, 8506.78522118367 
1028, 8561.61627798465 
1029, 8606.01961810781 
1030, 8647.14438328517 
1031, 8688.49954825784 
1032, 8724.32188160973 
1033, 8756.84684684695 
1034, 8787.35582668318 
1035, 8816.19856645793 
1036, 8841.65423847606 
1037, 8867.31363610194 
1038, 8893.35994833233 
1039, 8917.2556970352 
1040, 8941.78681579281 
1041, 8962.74060616366 
1042, 8975.16524693885 
1043, 8986.49367713017 
1044, 8997.07886133194 
1045, 9003.59774951363 
1046, 9015.70467091503 
1047, 9026.68746834618 
1048, 9037.26253802246 
1049, 9047.46010848577 
1050, 9067.61385231883 
1051, 9086.62870244793 
1052, 9105.82118631804 
1053, 9123.46313625986 
1054, 9133.67679051786 
1055, 9144.15946691143 
1056, 9157.06550362455 
1057, 9177.90343996591 
1058, 9206.89317917856 
1059, 9237.51977596369 
1060, 9273.23681981286 
1061, 9314.4461312403 
1062, 9363.01721019617 
1063, 9416.05186168219 
1064, 9473.10160784712 
1065, 9543.18349930389 
1066, 9615.60433781968 
1067, 9689.52800744796 
1068, 9779.56925743262 
1069, 9878.72367885718 
1070, 9984.54987050514 
1071, 10103.0107429599 
1072, 10217.9165934085 
1073, 10335.458713573 
1074, 10463.7296812592 
1075, 10577.5157385809 
1076, 10687.1654602427 
1077, 10795.7085351966 
1078, 10887.8711221898 
1079, 10964.184718285 
1080, 11035.8204924164 
1081, 11105.6059503798 
1082, 11167.7378231338 
1083, 11228.2071563413 
1084, 11287.1155746292 
1085, 11338.1835622404 
1086, 11388.4686131782 
1087, 11440.6903500611 
1088, 11480.8421466516 
1089, 11522.7390167483 
1090, 11543.1753033765 
1091, 11548.5102382783 
1092, 11545.1713694965 
1093, 11526.0108594856 
1094, 11499.1912118239 
1095, 11466.7985765043 
1096, 11426.8976088418 
1097, 11386.1694879252 
1098, 11346.5242106053 
1099, 11308.3405492378 
1100, 11272.9860662826 
1101, 11234.7006812154 
1102, 11200.1071665038 
1103, 11153.9028871966 
1104, 11109.5701540514 
1105, 11051.7092338693 
1106, 10977.3707480955 
1107, 10877.8161711012 
1108, 10736.5182288137 
1109, 10551.6896122955 
1110, 10298.7337064493 
1111, 9990.74645014337 
1112, 9630.96424656553 
1113, 9193.48335788288 
1114, 8753.96530872084 
1115, 8239.09424097585 
1116, 7776.59457839336 
1117, 7269.95443550345 
1118, 6846.89719120644 
1119, 6459.07580998428 
1120, 6114.20566951687 
1121, 5835.16743850201 
1122, 5606.33156340292 
1123, 5444.79432401574 
1124, 5334.59452669898 
1125, 5281.08962859554 
1126, 5309.73377926537 
1127, 5337.48478352592 
1128, 5413.50806621951 
1129, 5497.61734535531 
1130, 5611.91421714673 
1131, 5725.90459448775 
1132, 5848.44850332739 
1133, 5996.70623996763 
1134, 6154.31693498401 
1135, 6327.31488163883 
1136, 6564.0597257945 
1137, 6807.5553126903 
1138, 7040.70890861263 
1139, 7252.26145028312 
1140, 7393.44892827698 
1141, 7491.99156319736 
1142, 7538.78628138465 
1143, 7501.28975874468 
1144, 7489.36908553628 
1145, 7384.90648307845 
1146, 7390.01918048149 
1147, 7399.82800040322 
1148, 7496.27308497286 
1149, 7671.8857234318 
1150, 7890.68951783262 
1151, 8180.24328819887 
1152, 8505.63258524703 
1153, 8848.35987804026 
1154, 9246.61177678939 
1155, 9625.64597494488 
1156, 10031.5949012597 
1157, 10410.5660084176 
1158, 10793.5673857554 
1159, 11153.8785149015 
1160, 11507.7711447714 
1161, 11832.3122531584 
1162, 12146.7662666047 
1163, 12428.7356525785 
1164, 12683.0285241893 
1165, 12908.080212813 
1166, 13113.6246875383 
1167, 13287.2826768088 
1168, 13435.9000248602 
1169, 13557.5271602275 
1170, 13655.6111736192 
1171, 13722.378930693 
1172, 13775.799577282 
1173, 13802.7304416309 
1174, 13821.3346736841 
1175, 13818.0431789599 
1176, 13811.0752390404 
1177, 13787.343363899 
1178, 13764.8211369163 
1179, 13731.3769611036 
1180, 13702.2072819861 
1181, 13668.3991601146 
1182, 13636.6203335634 
1183, 13622.8704283021 
1184, 13609.90650933 
1185, 13623.8532105436 
1186, 13656.1269403603 
1187, 13702.0597400974 
1188, 13769.8920441484 
1189, 13839.8424471104 
1190, 13942.1889596502 
1191, 14013.5815732855 
1192, 14095.5918856562 
1193, 14142.8086008213 
1194, 14172.5579006474 
1195, 14173.9479877932 
1196, 14141.9963572989 
1197, 14096.4640666814 
1198, 14043.1310405953 
1199, 13953.4881396642 
1200, 13899.8551120232 
1201, 13844.6184322745 
1202, 13812.4183070487 
1203, 13790.3584718893 
1204, 13791.6321591762 
1205, 13815.8256839841 
1206, 13845.2672491845 
1207, 13894.0612673858 
1208, 13949.2518287665 
1209, 14018.4756649971 
1210, 14085.4241684494 
1211, 14171.4060330362 
1212, 14243.7408235377 
1213, 14310.4058302031 
1214, 14371.9368716278 
1215, 14427.3328437828 
1216, 14481.1720626346 
1217, 14516.4313104626 
1218, 14540.1603736232 
1219, 14558.5508468358 
1220, 14556.1907888329 
1221, 14564.2649442168 
1222, 14568.6275557388 
1223, 14579.3388117202 
1224, 14593.9091393322 
1225, 14608.192508801 
1226, 14627.2546375754 
1227, 14644.3066314929 
1228, 14660.8967417453 
1229, 14676.4819141735 
1230, 14691.5033694148 
1231, 14710.7035306631 
1232, 14715.8979670231 
1233, 14718.5865450338 
1234, 14709.3489592417 
1235, 14687.0542470611 
1236, 14664.3240313177 
1237, 14637.0395955817 
1238, 14602.3436704354 
1239, 14562.0815179817 
1240, 14516.2102309079 
1241, 14457.3821707901 
1242, 14403.5484885288 
1243, 14350.0080905147 
1244, 14292.5506768687 
1245, 14235.0776990152 
1246, 14176.3317176054 
1247, 14108.6495565555 
1248, 14036.4837703343 
1249, 13955.7365435312 
1250, 13872.3547602398 
1251, 13772.1741616072 
1252, 13667.0239531398 
1253, 13538.5217031804 
1254, 13397.9153879829 
1255, 13232.4673831846 
1256, 13046.6166338229 
1257, 12842.0929255083 
1258, 12609.8696215005 
1259, 12371.1332648686 
1260, 12101.0721904485 
1261, 11844.1355265121 
1262, 11569.929084563 
1263, 11311.6666275955 
1264, 11091.2191127027 
1265, 10871.1515332218 
1266, 10730.8732080477 
1267, 10622.5339386158 
1268, 10595.424156002 
1269, 10630.1348095351 
1270, 10724.6899783314 
1271, 10912.9941727552 
1272, 11096.3919154783 
1273, 11355.0333920358 
1274, 11574.2002638453 
1275, 11819.4907619256 
1276, 12018.6218054582 
1277, 12199.2868890251 
1278, 12356.6442754708 
1279, 12484.4565272967 
1280, 12586.0219663368 
1281, 12686.2888123268 
1282, 12777.8631756013 
1283, 12872.7862169648 
1284, 12964.8533856436 
1285, 13052.7177651239 
1286, 13140.9804697529 
1287, 13220.4310151456 
1288, 13298.9703085255 
1289, 13360.7391569782 
1290, 13418.9191070118 
1291, 13454.8012420835 
1292, 13467.26076152 
1293, 13477.8753942819 
1294, 13476.5619515179 
1295, 13466.3627853528 
1296, 13446.843770564 
1297, 13422.4603511579 
1298, 13386.3974191366 
1299, 13347.0851854738 
1300, 13300.8776634887 
1301, 13252.2902389042 
1302, 13204.66974938 
1303, 13152.1933454721 
1304, 13099.7380572243 
1305, 13053.326526169 
1306, 12993.78318594 
1307, 12925.6659518624 
1308, 12856.8026460439 
1309, 12782.0814654534 
1310, 12705.8536834838 
1311, 12622.375535496 
1312, 12545.1386968163 
1313, 12462.2628658037 
1314, 12390.6580826418 
1315, 12325.9126129495 
1316, 12268.005304679 
1317, 12219.715451657 
1318, 12174.7087363019 
1319, 12132.5772242108 
1320, 12081.4905465593 
1321, 12022.8888906329 
1322, 11953.6129385833 
1323, 11860.4276047469 
1324, 11759.3871786741 
1325, 11619.9525207328 
1326, 11448.776031207 
1327, 11263.5709416945 
1328, 11030.4226419613 
1329, 10826.8808339153 
1330, 10594.0815187223 
1331, 10417.5678584884 
1332, 10257.2513413516 
1333, 10141.2364896925 
1334, 10083.5690463706 
1335, 10024.547332807 
1336, 10004.1138907256 
1337, 9983.69739183486 
1338, 9945.69289824916 
1339, 9862.06381302921 
1340, 9722.09856094488 
1341, 9504.75420693142 
1342, 9193.88748400269 
1343, 8799.35483403961 
1344, 8334.0197842658 
1345, 7764.21636399003 
1346, 7167.26775016709 
1347, 6478.1218025487 
1348, 5812.44762875292 
1349, 5079.50079764416 
1350, 4416.12994627282 
1351, 3738.33201022892 
1352, 3143.00479007139 
1353, 2580.26385035117 
1354, 2089.4291890637 
1355, 1660.75530341972 
1356, 1296.26160932406 
1357, 993.721049418418 
1358, 757.7575614763 
1359, 577.810416814185 
1360, 440.65666550466 
1361, 341.535916401759 
1362, 273.143683946317 
1363, 226.947507879892 
1364, 197.382711226158 
1365, 175.664707571943 
1366, 170.211590809618 
1367, 169.424558595876 
1368, 177.48706760521 
1369, 195.535029275715 
1370, 223.942232368436 
1371, 259.429126563277 
1372, 314.522119437154 
1373, 358.380192063261 
1374, 412.077368237093 
1375, 447.61295282216 
1376, 478.332478814985 
1377, 491.906016432625 
1378, 488.101470190646 
1379, 479.562840380222 
1380, 463.039192433385 
1381, 440.52152160319 
1382, 422.771606882787 
1383, 414.579975661312 
1384, 422.499435701395 
1385, 448.281395409736 
1386, 493.052115817906 
1387, 554.388731308473 
1388, 611.35626693215 
1389, 683.767251164914 
1390, 735.418072285635 
1391, 784.76170302576 
1392, 820.311133126048 
1393, 838.146639608856 
1394, 859.552596562694 
1395, 867.078056782243 
1396, 890.263938293552 
1397, 917.126366633498 
1398, 949.973333935895 
1399, 994.275044239813 
1400, 1036.63101363636 
1401, 1079.22096895614 
1402, 1126.30301170719 
1403, 1174.29118873422 
1404, 1227.64898431276 
1405, 1291.14443177433 
1406, 1355.00063969175 
1407, 1428.65934694979 
1408, 1520.71567804597 
1409, 1626.12044101592 
1410, 1745.89281795926 
1411, 1870.35843131152 
1412, 2014.25582448786 
1413, 2146.7206893966 
1414, 2285.63439658493 
1415, 2410.07672984652 
1416, 2529.29789981532 
1417, 2640.43974572034 
1418, 2741.80580144765 
1419, 2838.45140239372 
1420, 2929.94966107822 
1421, 3017.31016821029 
1422, 3102.56125307024 
1423, 3175.7204086797 
1424, 3253.00090102398 
1425, 3299.66009443539 
1426, 3333.39433285247 
1427, 3338.55536851751 
1428, 3315.44431229496 
1429, 3274.02911714318 
1430, 3214.3580268022 
1431, 3140.07902559611 
1432, 3059.03050115071 
1433, 2981.17884379349 
1434, 2907.34930905047 
1435, 2844.05723612127 
1436, 2791.71160155177 
1437, 2753.42172255024 
1438, 2726.64450797981 
1439, 2715.98910810966 
1440, 2703.59440313464 
1441, 2705.57092865521 
1442, 2699.39480561409 
1443, 2691.69255881317 
1444, 2683.71757990881 
1445, 2674.61949181132 
1446, 2667.51512807794 
1447, 2659.5810045368 
1448, 2655.29843472705 
1449, 2653.70777729772 
1450, 2652.1935469981 
1451, 2650.679053305 
1452, 2653.13920965972 
1453, 2665.5004817404 
1454, 2667.03122276344 
1455, 2670.38747562424 
1456, 2664.90775997107 
1457, 2646.16820570225 
1458, 2610.83157692428 
1459, 2556.49370070102 
1460, 2482.30810139095 
1461, 2391.54681667594 
1462, 2283.98549024286 
1463, 2168.75857542441 
1464, 2049.37863707723 
1465, 1940.32709450567 
1466, 1825.65228545275 
1467, 1729.90032918052 
1468, 1643.22728462513 
1469, 1572.74039668732 
1470, 1513.95724135473 
1471, 1468.90288689918 
1472, 1444.23467180411 
1473, 1418.05848258418 
1474, 1401.33068580895 
1475, 1386.8039153596 
1476, 1376.8520528568 
1477, 1369.60681793827 
1478, 1369.12005185879 
1479, 1367.05760496646 
1480, 1364.68190983643 
1481, 1366.01807295534 
1482, 1371.97274338593 
1483, 1376.19225799351 
1484, 1380.84476794503 
1485, 1388.49959943202 
1486, 1393.92074413887 
1487, 1404.36102542642 
1488, 1421.82816625438 
1489, 1439.65745506888 
1490, 1465.6607349874 
1491, 1487.01694500829 
1492, 1504.36017461485 
1493, 1525.56392648229 
1494, 1546.13576630699 
1495, 1565.15929653566 
1496, 1583.55592076711 
1497, 1599.5161443404 
1498, 1609.89026661936 
1499, 1611.48011807457 
1500, 1617.00493937339 
1501, 1619.31888953064 
1502, 1627.03019273399 
1503, 1636.17463263865 
1504, 1648.69280669326 
1505, 1666.53171220566 
1506, 1680.38271310947 
1507, 1693.11233818341 
1508, 1709.03230471288 
1509, 1724.36499868414 
1510, 1742.4740608314 
1511, 1767.64042619377 
1512, 1785.82012470771 
1513, 1802.08420041252 
1514, 1816.28214187574 
1515, 1825.60782122133 
1516, 1837.27835284834 
1517, 1851.12591717746 
1518, 1860.69537647576 
1519, 1867.45770947516 
1520, 1874.61451462101 
1521, 1879.29462711743 
1522, 1882.2271743111 
1523, 1888.81243171934 
1524, 1899.32793391539 
1525, 1913.0148328747 
1526, 1927.54725485594 
1527, 1941.65705388102 
1528, 1957.02753138782 
1529, 1962.98065366622 
1530, 1965.74873638968 
1531, 1974.87702252065 
1532, 1980.88700264356 
1533, 1997.7158405712 
1534, 2018.60417353109 
1535, 2032.22492398899 
1536, 2046.33999752164 
1537, 2056.5269111562 
1538, 2059.17307371136 
1539, 2067.7993725202 
1540, 2074.44384876528 
1541, 2088.34750695801 
1542, 2107.58005424007 
1543, 2124.97649004729 
1544, 2149.77261880929 
1545, 2166.27257915851 
1546, 2177.775458448 
1547, 2189.28352780269 
1548, 2197.49809971579 
1549, 2207.23021517383 
1550, 2215.70106461282 
1551, 2225.76550334659 
1552, 2234.84726673823 
1553, 2246.85279899365 
1554, 2260.93226238563 
1555, 2276.67928959508 
1556, 2296.04810832588 
1557, 2314.69184487878 
1558, 2336.26032212274 
1559, 2352.75903403462 
1560, 2370.6247211788 
1561, 2381.33185505427 
1562, 2381.4701653678 
1563, 2387.62391156876 
1564, 2393.93720284924 
1565, 2397.75529804979 
1566, 2409.48773865984 
1567, 2409.69660390866 
1568, 2398.54592201752 
1569, 2388.16970028778 
1570, 2378.02683580296 
1571, 2369.18132391425 
1572, 2371.7929380253 
1573, 2378.38339365735 
1574, 2382.66162912283 
1575, 2395.00676248381 
1576, 2417.12008052226 
1577, 2437.87941235978 
1578, 2466.67069034127 
1579, 2505.3281780715 
1580, 2541.3547174885 
1581, 2580.32658723166 
1582, 2617.50062274621 
1583, 2657.10247506595 
1584, 2691.14686332195 
1585, 2721.53812751301 
1586, 2754.21947847516 
1587, 2787.4668848361 
1588, 2815.39947700055 
1589, 2842.47595318172 
1590, 2866.22785308598 
1591, 2885.70649355824 
1592, 2902.46289317326 
1593, 2919.31687635292 
1594, 2929.32370306714 
1595, 2936.00129141998 
1596, 2933.45214171272 
1597, 2921.76197714193 
1598, 2911.38689987652 
1599, 2891.94547800859 
1600, 2877.36137537968 
1601, 2863.84555429796 
1602, 2853.37658562554 
1603, 2840.70614019327 
1604, 2835.95565429028 
1605, 2835.21820616871 
1606, 2840.49672706312 
1607, 2852.46042784185 
1608, 2866.72586190501 
1609, 2888.09525532597 
1610, 2908.35842125565 
1611, 2932.40229253512 
1612, 2953.60533982267 
1613, 2975.49694651058 
1614, 2995.1077046588 
1615, 3011.88905211888 
1616, 3028.69655322532 
1617, 3046.46520755298 
1618, 3060.00424537531 
1619, 3068.69651246401 
1620, 3081.62045096571 
1621, 3094.82626799579 
1622, 3106.42988566244 
1623, 3125.99951759442 
1624, 3133.31184517646 
1625, 3128.05608676586 
1626, 3128.51178866409 
1627, 3128.13504597683 
1628, 3123.23031947207 
1629, 3119.38816968877 
1630, 3112.9755249743 
1631, 3098.59670412681 
1632, 3086.66104011717 
1633, 3077.38290490582 
1634, 3065.6521376393 
1635, 3053.53672871618 
1636, 3038.19764821606 
1637, 3018.49061736097 
1638, 3001.08744600138 
1639, 2977.14344760333 
1640, 2962.15002438276 
1641, 2951.46142829902 
1642, 2946.14140631939 
1643, 2949.56144650496 
1644, 2953.91944126579 
1645, 2964.55043375403 
1646, 2973.06912274095 
1647, 2982.63238429657 
1648, 2991.57924708734 
1649, 2998.00531345322 
1650, 3006.63643239637 
1651, 3018.07436608186 
1652, 3027.96884075656 
1653, 3035.11124549277 
1654, 3040.77554691715 
1655, 3050.31436243311 
1656, 3059.42757511227 
1657, 3065.9212491532 
1658, 3077.88172804526 
1659, 3076.14203538446 
1660, 3064.21214647065 
1661, 3057.82174416398 
1662, 3047.69669724948 
1663, 3040.34984744252 
1664, 3035.57737625628 
1665, 3027.95349753873 
1666, 3015.664280598 
1667, 3014.88542726049 
1668, 3016.4723328555 
1669, 3024.07439215457 
1670, 3043.27713689849 
1671, 3051.41321412347 
1672, 3059.23129087331 
1673, 3063.36346239465 
1674, 3062.56419135067 
1675, 3062.25794245491 
1676, 3061.07390052119 
1677, 3058.28432773856 
1678, 3052.11927127875 
1679, 3050.65080641769 
1680, 3048.89800177036 
1681, 3051.32864538197 
1682, 3058.09090575567 
1683, 3062.42141506345 
1684, 3069.65808768339 
1685, 3070.22928957736 
1686, 3065.78467509506 
1687, 3068.23664011968 
1688, 3069.30979112619 
1689, 3074.58846329135 
1690, 3088.27893779179 
1691, 3091.22451422418 
1692, 3090.29559802639 
1693, 3089.82435235552 
1694, 3086.65408062033 
1695, 3081.47256650507 
1696, 3075.97137933932 
1697, 3067.81930433355 
1698, 3053.68645155423 
1699, 3045.80833893484 
1700, 3038.71249537701 
1701, 3035.88920854903 
1702, 3037.94380730638 
1703, 3035.55805881248 
1704, 3035.52566262464 
1705, 3028.53630848162 
1706, 3015.89668865205 
1707, 3008.54332964051 
1708, 2998.22522362863 
1709, 2996.74385914091 
1710, 3000.24180125023 
1711, 3003.09451034039 
1712, 3011.38406092499 
1713, 3013.30024078559 
1714, 3014.36256827061 
1715, 3011.71899695466 
1716, 3009.2093082288 
1717, 3004.95881816656 
1718, 2998.90445772459 
1719, 2990.49823368045 
1720, 2976.48983405567 
1721, 2960.32961158584 
1722, 2944.37557229202 
1723, 2924.79535696186 
1724, 2905.62402800131 
1725, 2892.31034749024 
1726, 2877.87142231407 
1727, 2870.73069208303 
1728, 2864.26001655072 
1729, 2856.25014500018 
1730, 2849.1192786469 
1731, 2830.94998960151 
1732, 2813.88603365928 
1733, 2794.76335131038 
1734, 2774.90415423009 
1735, 2759.64235122584 
1736, 2750.88574631639 
1737, 2748.84283320194 
1738, 2744.93569620908 
1739, 2747.33167658346 
1740, 2746.44667063331 
1741, 2744.44945978478 
1742, 2742.37708156299 
1743, 2737.63512488786 
1744, 2736.41640835971 
1745, 2726.68947345472 
1746, 2717.71877976295 
1747, 2708.18316895871 
1748, 2699.21430947006 
1749, 2703.20039813534 
1750, 2705.96845963684 
1751, 2707.95422624158 
1752, 2707.60650886797 
1753, 2700.13323600182 
1754, 2689.38433891129 
1755, 2676.21201961307 
1756, 2666.26811021578 
1757, 2651.95950536632 
1758, 2634.68007702879 
1759, 2623.47704141115 
1760, 2606.455586276 
1761, 2586.22493457726 
1762, 2568.79139325577 
1763, 2539.66012636393 
1764, 2517.65954734139 
1765, 2495.37500191458 
1766, 2477.23434733492 
1767, 2466.8797807397 
1768, 2453.71670218099 
1769, 2449.12801701094 
1770, 2432.71918014603 
1771, 2409.08725202148 
1772, 2382.69939550538 
1773, 2344.14505081732 
1774, 2308.76545478977 
1775, 2272.2030401287 
1776, 2241.50239003204 
1777, 2213.84418152508 
1778, 2185.76928267061 
1779, 2162.63283330038 
1780, 2134.10294907912 
1781, 2099.55828924218 
1782, 2071.26063665299 
1783, 2044.43840976038 
1784, 2020.12256764686 
1785, 2002.48436667843 
1786, 1979.06442435099 
1787, 1955.85362191093 
1788, 1926.26282658589 
1789, 1893.85242908233 
1790, 1852.46415103969 
1791, 1807.05294197172 
1792, 1754.65340533861 
1793, 1691.45590624573 
1794, 1630.37643028966 
1795, 1565.24831812406 
1796, 1500.14514403281 
1797, 1431.13642773889 
1798, 1357.28991219584 
1799, 1283.22439510281 
1800, 1207.05822979779 
1801, 7148.30066698516 
1802, 6809.93576768519 
1803, 6511.41740360259 
1804, 6233.47794662856 
1805, 6019.47872943535 
1806, 5861.61371668478 
1807, 5683.84077725172 
1808, 5505.16279666724 
1809, 5386.26942504356 
1810, 5184.65756614821 
1811, 4927.73081031431 
1812, 4687.86669449592 
1813, 4422.79713796684 
1814, 4153.77022032509 
1815, 3903.18997300178 
1816, 3658.25478420577 
1817, 3421.38981732081 
1818, 3210.52968182255 
1819, 3034.41401397621 
1820, 2900.42546993798 
1821, 2759.12751241745 
1822, 2659.69266859355 
1823, 2534.51799468303 
1824, 2380.10244938447 
1825, 2230.29011464417 
1826, 2051.31647796319 
1827, 1855.14945500785 
1828, 1651.55902651188 
1829, 1411.05310580511 
1830, 1206.31968697902 
1831, 1000.20911786587 
1832, 808.08359102281 
1833, 646.000774337565 
1834, 522.281691261172 
1835, 415.814788019558 
1836, 339.766750218892 
1837, 297.328283541086 
1838, 264.527508561268 
1839, 244.655369259177 
1840, 240.97709699922 
1841, 250.696265627388 
1842, 281.482728119638 
1843, 316.025609987854 
1844, 342.156367299862 
1845, 387.362381489338 
1846, 404.565928162903 
1847, 397.464304835841 
1848, 402.883222123962 
1849, 391.633511494192 
1850, 378.062909220726 
1851, 363.831987039797 
1852, 334.683651425774 
1853, 302.554143927035 
1854, 285.968539138689 
1855, 261.827737999653 
1856, 280.994099630921 
1857, 324.1394914724 
1858, 352.718785570673 
1859, 389.487729250647 
1860, 438.899549969681 
1861, 490.707511815274 
1862, 528.572667315018 
1863, 566.934034630914 
1864, 577.875292350001 
1865, 565.848103893932 
1866, 547.595867734455 
1867, 493.378007641319 
1868, 431.370781877355 
1869, 377.647122198699 
1870, 325.913680325514 
1871, 258.257092502954 
1872, 216.87455954176 
1873, 202.291094681948 
1874, 185.160897539935 
1875, 199.831483551343 
1876, 253.518258760006 
1877, 333.170863253768 
1878, 430.994465432602 
1879, 522.859721789017 
1880, 590.649651747056 
1881, 641.473409894124 
1882, 674.361112602045 
1883, 718.256525050223 
1884, 752.179633757964 
1885, 798.478516335391 
1886, 844.198717543562 
1887, 858.664337605641 
1888, 864.379369897761 
1889, 849.911605383061 
1890, 833.154576879499 
1891, 805.748856165501 
1892, 761.682487152742 
1893, 726.082911060448 
1894, 696.965859822364 
1895, 633.510097275786 
1896, 583.338346387549 
1897, 529.581192450367 
1898, 456.771100681656 
1899, 392.680179718828 
1900, 337.639114121281 
1901, 276.646239521326 
1902, 234.027390806978 
1903, 197.711793790688 
1904, 192.465658856168 
1905, 196.073545141947 
1906, 205.903727356953 
1907, 219.292135986589 
1908, 245.070753731163 
1909, 256.680544695391 
1910, 258.924562944363 
1911, 275.832628567448 
1912, 294.383660853312 
1913, 311.306010585085 
1914, 326.022500623096 
1915, 373.058061415203 
1916, 406.960124895021 
1917, 448.679590756767 
1918, 489.707623095858 
1919, 498.416116942467 
1920, 509.503030508463 
1921, 527.955224311872 
1922, 547.901604904285 
1923, 579.684745508809 
1924, 603.788526663742 
1925, 635.242004683695 
1926, 643.79781590498 
1927, 631.210003092216 
1928, 620.054217193126 
1929, 597.202267104808 
1930, 583.603185042755 
1931, 599.67618860495 
1932, 614.519410001877 
1933, 635.157261722134 
1934, 688.459156822391 
1935, 698.345067606427 
1936, 691.792568752753 
1937, 678.97308348104 
1938, 648.419609284769 
1939, 614.665066809348 
1940, 603.075316729166 
1941, 611.786047417489 
1942, 625.197536842274 
1943, 627.604733377607 
1944, 632.101780498872 
1945, 638.62684875809 
1946, 641.679686878091 
1947, 647.717920296999 
1948, 640.241442674627 
1949, 624.211029148012 
1950, 608.239486570768 
1951, 579.7461882751 
1952, 556.904990537652 
1953, 528.392583184457 
1954, 475.517913519261 
1955, 448.957605413619 
1956, 419.828651391957 
1957, 407.040714900675 
1958, 424.794023074073 
1959, 430.079476493191 
1960, 430.056251999035 
1961, 435.100730919375 
1962, 455.102970839346 
1963, 480.72092055028 
1964, 514.768054016685 
1965, 545.370344181823 
1966, 571.597419945469 
1967, 586.315818697737 
1968, 614.317463117464 
1969, 645.615458466787 
1970, 678.657621599836 
1971, 726.98345421216 
1972, 761.867667097502 
1973, 787.120374165599 
1974, 817.159499789985 
1975, 843.624497605323 
1976, 878.736457676906 
1977, 928.298659065056 
1978, 975.799152372717 
1979, 1002.43976174436 
1980, 1016.80344066027 
1981, 1027.13317418471 
1982, 1013.51126649447 
1983, 1016.14517060927 
1984, 1029.36642450898 
1985, 1036.55982458679 
1986, 1044.67880204134 
1987, 1042.77032503424 
1988, 1055.56381679907 
1989, 1063.37932396663 
1990, 1062.0650707889 
1991, 1069.81257335718 
1992, 1052.04332610937 
1993, 1020.5665890465 
1994, 974.969268351001 
1995, 917.977275221757 
1996, 842.356476633102 
1997, 740.306016775563 
1998, 634.487597657324 
1999, 527.447341520259 
2000, 434.120354840317 
2001, 369.742857576511 
2002, 299.266750282326 
2003, 252.400632530149 
2004, 225.479130434823 
2005, 199.148368118979 
2006, 187.927934503374 
2007, 180.677747964803 
2008, 171.992554179764 
2009, 178.323827868963 
2010, 200.912672330669 
2011, 223.927984362088 
2012, 267.151220147524 
2013, 291.817340663413 
2014, 304.595009617089 
2015, 303.419278117029 
2016, 321.143486277881 
2017, 323.113174543276 
2018, 354.678920706753 
2019, 412.082894919646 
2020, 460.83381542003 
2021, 516.589466163653 
2022, 574.02871650804 
2023, 628.215667417471 
2024, 701.744409762375 
2025, 769.259606437657 
2026, 837.468026337554 
2027, 891.544231725729 
2028, 939.769465375628 
2029, 979.285274450994 
2030, 1005.66354507204 
2031, 1033.08412107425 
2032, 1050.30315239936 
2033, 1078.41631573868 
2034, 1112.21355021204 
2035, 1137.08552449039 
2036, 1170.58372502298 
2037, 1189.31148233523 
2038, 1191.08389419423 
2039, 1199.2735787154 
2040, 1195.90024070946 
2041, 1185.43967493031 
2042, 1171.05719129197 
2043, 1143.60102751204 
2044, 1128.81542008471 
2045, 1123.48181163349 
2046, 1099.58080966742 
2047, 1076.99248190992 
2048, 1041.86107068921 
2049, 978.4849008536 
2050, 929.823727833211 
2051, 876.734085663934 
2052, 834.020432859964 
2053, 799.29801266592 
2054, 794.764154913166 
2055, 791.346860565533 
2056, 811.379445169688 
2057, 817.976366510504 
2058, 823.274808405368 
2059, 833.189838680349 
2060, 841.472946211429 
2061, 859.623632040912 
2062, 889.244525917498 
2063, 914.545002815695 
2064, 949.508729231184 
2065, 972.595190548191 
2066, 981.137317619538 
2067, 1002.75090627837 
2068, 1021.83922934931 
2069, 1029.28983634252 
2070, 1060.6869396781 
2071, 1107.15417870718 
2072, 1151.35167858526 
2073, 1205.99712171137 
2074, 1260.54419980615 
2075, 1309.29231013713 
2076, 1371.50526205023 
2077, 1460.52979591809 
2078, 1524.79953534565 
2079, 1588.58416964503 
2080, 1641.71912868247 
2081, 1681.26925572157 
2082, 1699.97498975643 
2083, 1738.29647325907 
2084, 1778.79925330022 
2085, 1824.81796795225 
2086, 1882.17026131192 
2087, 1927.93196478637 
2088, 1968.64952859305 
2089, 2011.95503151281 
2090, 2057.41557461304 
2091, 2093.86428480124 
2092, 2121.59318152038 
2093, 2162.05323632044 
2094, 2202.27992876745 
2095, 2240.13643171871 
2096, 2292.67053938335 
2097, 2336.11538662892 
2098, 2368.83861390758 
2099, 2376.01438369584 
2100, 2425.87812149494 
2101, 2491.97837065094 
2102, 2547.23544062471 
2103, 2635.89785236536 
2104, 2682.49489685028 
2105, 2691.8269153809 
2106, 2720.72308565676 
2107, 2737.27299130151 
2108, 2767.51062570147 
2109, 2805.73057167564 
2110, 2849.20187620867 
2111, 2898.82329037518 
2112, 2957.83444132915 
2113, 3010.49184732041 
2114, 3061.48359932913 
2115, 3105.29466283688 
2116, 3135.66319058536 
2117, 3180.94142290264 
2118, 3230.95423068475 
2119, 3278.13522872463 
2120, 3328.16419286605 
2121, 3378.8518252309 
2122, 3424.09476650058 
2123, 3476.9751566549 
2124, 3531.34141488322 
2125, 3596.9033305673 
2126, 3677.78610278894 
2127, 3748.53591814139 
2128, 3820.915203881 
2129, 3899.82573924237 
2130, 3965.87400861824 
2131, 4023.5053038759 
2132, 4075.00380707901 
2133, 4117.91614395244 
2134, 4169.39585859684 
2135, 4206.12126613805 
2136, 4267.74387535939 
2137, 4351.44196612671 
2138, 4422.64505606638 
2139, 4509.22349864017 
2140, 4574.50454395492 
2141, 4623.92488015685 
2142, 4675.58630420296 
2143, 4712.90681231775 
2144, 4758.98263553711 
2145, 4810.60892524739 
2146, 4862.39390072658 
2147, 4908.74160567613 
2148, 4949.34451646444 
2149, 4990.35116522928 
2150, 5023.197392244 
2151, 5067.34724393914 
2152, 5110.48226137018 
2153, 5165.85316593633 
2154, 5238.16313086461 
2155, 5291.60572446143 
2156, 5360.06215676183 
2157, 5397.30827537571 
2158, 5401.76373722358 
2159, 5416.74672048841 
2160, 5408.83746990505 
2161, 5423.97752739514 
2162, 5461.11522278019 
2163, 5486.5748761438 
2164, 5509.25221993852 
2165, 5537.6479380146 
2166, 5578.98511345831 
2167, 5609.78290025288 
2168, 5679.41695068404 
2169, 5790.36118359431 
2170, 5869.91546517973 
2171, 5957.57219110578 
2172, 6033.39164018498 
2173, 6089.26545932051 
2174, 6156.75620846994 
2175, 6239.81742649849 
2176, 6300.31374791069 
2177, 6354.95853827347 
2178, 6400.37197679568 
2179, 6421.25032637439 
2180, 6452.95398361076 
2181, 6477.32303447906 
2182, 6512.21978003403 
2183, 6561.0747505564 
2184, 6602.96871851031 
2185, 6626.38618344094 
2186, 6681.00787043431 
2187, 6729.49586667114 
2188, 6776.21961568752 
2189, 6822.6134432824 
2190, 6888.50718642984 
2191, 6923.37460932066 
2192, 6943.86386131893 
2193, 6957.87589078355 
2194, 6960.46514536197 
2195, 6952.04543119355 
2196, 6929.18672718329 
2197, 6904.42835849042 
2198, 6862.62356895605 
2199, 6832.2271258194 
2200, 6787.89721394195 
2201, 6771.59380041053 
2202, 6758.48247981781 
2203, 6773.97868039874 
2204, 6813.32552997021 
2205, 6875.69219725307 
2206, 6965.17016496981 
2207, 7060.76766484343 
2208, 7158.43980058623 
2209, 7283.00154245969 
2210, 7369.12137854101 
2211, 7450.52673998088 
2212, 7507.87901735631 
2213, 7542.9947143507 
2214, 7564.03675227945 
2215, 7557.63857044035 
2216, 7562.81461701139 
2217, 7546.28993651976 
2218, 7554.16012035265 
2219, 7584.44683601303 
2220, 7599.75419530936 
2221, 7626.54795937832 
2222, 7632.89909441247 
2223, 7617.90344611924 
2224, 7609.6288456965 
2225, 7597.25202950162 
2226, 7580.25069718732 
2227, 7566.63881847497 
2228, 7543.27499778959 
2229, 7514.29244361716 
2230, 7476.92501696615 
2231, 7439.41518122686 
2232, 7395.46041294298 
2233, 7360.44980654436 
2234, 7321.88457049574 
2235, 7294.28870567174 
2236, 7280.63418968178 
2237, 7256.52058237038 
2238, 7234.4793864786 
2239, 7207.39096259245 
2240, 7171.70920241106 
2241, 7139.91903961064 
2242, 7116.6474729604 
2243, 7078.20558591092 
2244, 7032.36695354275 
2245, 6988.36009637489 
2246, 6927.03834548743 
2247, 6876.33306143141 
2248, 6837.6230076428 
2249, 6791.90405203537 
2250, 6754.85381323464 
2251, 6705.41432725154 
2252, 6654.7118598098 
2253, 6581.11296418806 
2254, 6505.26954006188 
2255, 6428.910126449 
2256, 6361.70141872326 
2257, 6299.71252359208 
2258, 6238.96480099234 
2259, 6189.45069180086 
2260, 6125.14264005132 
2261, 6048.98726108565 
2262, 5991.90148185933 
2263, 5938.26227448303 
2264, 5882.69173591887 
2265, 5843.61657847156 
2266, 5787.7382874769 
2267, 5709.29595085318 
2268, 5654.52626328559 
2269, 5606.9222392129 
2270, 5560.89428319564 
2271, 5540.37040391541 
2272, 5493.53656877375 
2273, 5434.76321271409 
2274, 5371.67555208325 
2275, 5289.15139441409 
2276, 5215.41954940172 
2277, 5138.86510024282 
2278, 5068.91534499996 
2279, 5000.47116045231 
2280, 4936.79757788165 
2281, 4881.97070502498 
2282, 4830.85361435434 
2283, 4757.73360914463 
2284, 4690.54256631476 
2285, 4620.52747586889 
2286, 4542.53039540963 
2287, 4470.61763913324 
2288, 4399.03910694042 
2289, 4327.94336345537 
2290, 4249.71271561489 
2291, 4180.37065023164 
2292, 4123.18624687146 
2293, 4051.17651413389 
2294, 3973.78492119264 
2295, 3893.40476125457 
2296, 3803.49913638622 
2297, 3723.21212731598 
2298, 3633.7790014085 
2299, 3567.88338962744 
2300, 3508.25304814668 
2301, 3467.32345824864 
2302, 3456.27003393858 
2303, 3434.23880751096 
2304, 3417.31790933228 
2305, 3407.11960480423 
2306, 3404.28781978394 
2307, 3393.15046318084 
2308, 3394.05599166609 
2309, 3375.07462184999 
2310, 3347.47830235511 
2311, 3300.32506903631 
2312, 3251.97113631648 
2313, 3173.64758905 
2314, 3059.13404549474 
2315, 2942.2617955704 
2316, 2811.79865101041 
2317, 2675.24955230184 
2318, 2596.68363906774 
2319, 2535.44264770409 
2320, 2505.88824367861 
2321, 2481.68305823111 
2322, 2451.66402622984 
2323, 2445.43145012648 
2324, 2430.58580165284 
2325, 2432.92330157855 
2326, 2434.35966496773 
2327, 2412.8260797785 
2328, 2395.39921659903 
2329, 2378.44925338752 
2330, 2345.00072883293 
2331, 2299.46051887847 
2332, 2258.16249132257 
2333, 2207.44466254462 
2334, 2162.15711936143 
2335, 2121.93933608657 
2336, 2078.94059044068 
2337, 2036.15360935396 
2338, 1983.08947547679 
2339, 1921.97998172888 
2340, 1867.65063583225 
2341, 1805.87601334787 
2342, 1755.07188329451 
2343, 1712.56158163197 
2344, 1677.14277439516 
2345, 1639.76222922003 
2346, 1617.11647284737 
2347, 1620.10151545893 
2348, 1599.43642398287 
2349, 1582.85288045943 
2350, 1551.37513796294 
2351, 1488.99457623757 
2352, 1454.45984909386 
2353, 1426.28459907852 
2354, 1402.25576148586 
2355, 1388.40499819034 
2356, 1379.58858366895 
2357, 1369.81674422714 
2358, 1374.57673655115 
2359, 1409.99993085139 
2360, 1420.43457645025 
2361, 1427.37675374766 
2362, 1423.54999308281 
2363, 1403.58937598132 
2364, 1381.41310786682 
2365, 1350.45846425071 
2366, 1304.24840854535 
2367, 1243.68980255881 
2368, 1180.60585392835 
2369, 1125.64047822805 
2370, 1096.25186256977 
2371, 1056.88295207469 
2372, 1020.60411421888 
2373, 1006.11443252867 
2374, 991.044297118219 
2375, 1008.05744949862 
2376, 1037.89625479748 
2377, 1056.91770589999 
2378, 1065.98606502039 
2379, 1062.20511887877 
2380, 1060.70921078373 
2381, 1033.78531554095 
2382, 1003.99216713157 
2383, 979.861108670819 
2384, 938.724275790977 
2385, 929.299951115676 
2386, 932.849777106623 
2387, 916.784325418728 
2388, 903.239465569509 
2389, 885.311982169382 
2390, 860.32865967775 
2391, 836.760729255577 
2392, 836.000603501562 
2393, 837.101664404648 
2394, 829.329445908152 
2395, 852.568749724357 
2396, 865.400150727396 
2397, 867.613092980158 
2398, 867.254022782225 
2399, 846.151901324166 
2400, 828.540535792848 
2401, 822.982671449763 
2402, 824.080290117107 
2403, 804.281681095775 
2404, 779.133163823382 
2405, 760.268620896674 
2406, 725.999833737435 
2407, 708.415617172403 
2408, 706.58159048631 
2409, 700.142566240137 
2410, 696.866181412033 
2411, 683.584622861503 
2412, 676.060459778769 
2413, 655.863904155321 
2414, 611.168612726228 
2415, 590.655655954748 
2416, 573.098979158437 
2417, 569.348333199015 
2418, 578.177005622879 
2419, 594.803832756366 
2420, 627.648740964835 
2421, 641.85839554971 
2422, 668.456492634261 
2423, 668.963244090426 
2424, 650.494428576292 
2425, 626.394026038692 
2426, 579.616856305762 
2427, 554.110809479955 
2428, 522.355022183989 
2429, 519.717568473347 
2430, 547.570602576011 
2431, 541.772899053753 
2432, 533.895215431729 
2433, 519.32066647931 
2434, 488.114476810572 
2435, 460.718385954363 
2436, 436.323629062914 
2437, 418.106203469618 
2438, 382.393002120853 
2439, 389.392567713783 
2440, 436.304314261973 
2441, 447.715460800193 
2442, 471.079695278533 
2443, 458.210036306261 
2444, 406.223742923225 
2445, 364.156505232701 
2446, 335.631486179884 
2447, 325.607108092366 
2448, 324.935928160633 
2449, 321.093047462682 
2450, 322.595058624982 
2451, 316.756612030783 
2452, 293.384043456872 
2453, 284.811334373459 
2454, 296.66115035148 
2455, 311.777522296997 
2456, 333.271482418382 
2457, 359.332182337361 
2458, 364.31279833391 
2459, 353.98966766306 
2460, 360.501065430754 
2461, 372.151776052743 
2462, 369.640409753808 
2463, 375.275751245118 
2464, 386.596879353919 
2465, 366.00517579295 
2466, 338.433204508932 
2467, 318.067652768179 
2468, 285.675707795784 
2469, 272.125574746608 
2470, 265.179930576741 
2471, 241.814507444145 
2472, 226.663400068273 
2473, 195.603829527286 
2474, 176.569395870649 
2475, 190.718347663325 
2476, 190.901305919709 
2477, 197.117830041198 
2478, 200.902262692156 
2479, 183.682575210999 
2480, 164.997416361444 
2481, 160.301738723382 
2482, 152.623807148757 
2483, 138.157350269065 
2484, 138.372067786346 
2485, 131.282317419477 
2486, 127.84120221671 
2487, 146.247154037226 
2488, 153.421407785727 
2489, 147.260667013002 
2490, 150.507009799589 
2491, 138.859154066949 
2492, 133.448927378585 
2493, 152.971312257171 
2494, 160.103118662359 
2495, 174.731129248101 
2496, 187.6247970124 
2497, 191.642038654465 
2498, 189.891954291176 
2499, 191.518610917494 
2500, 173.362729270596 
