Wavelength,0212202100015.asd
350, 4006.79402241283 
351, 4210.30927033725 
352, 4396.70004868709 
353, 4559.73116040515 
354, 4725.66510091714 
355, 4899.18207077648 
356, 5077.87904609561 
357, 5257.76402065905 
358, 5444.01690379832 
359, 5644.97989977519 
360, 5872.33412110062 
361, 6145.97170010779 
362, 6452.81269288196 
363, 6779.14387756088 
364, 7113.70001655526 
365, 7451.97046172935 
366, 7773.4668231396 
367, 8052.64544414867 
368, 8260.87127671995 
369, 8382.93037473372 
370, 8429.02151361347 
371, 8425.19486469721 
372, 8405.26409502444 
373, 8405.79991086616 
374, 8430.12805555494 
375, 8458.2313254234 
376, 8490.00013115934 
377, 8508.11961992814 
378, 8489.73138819725 
379, 8408.20268540373 
380, 8311.59041900089 
381, 8204.69910852298 
382, 8081.88815998269 
383, 7937.46764909953 
384, 7796.1277417488 
385, 7710.48608116147 
386, 7740.32692520863 
387, 7912.16708907419 
388, 8128.91741778741 
389, 8309.12795540682 
390, 8407.80298431859 
391, 8519.7840015259 
392, 8616.56191649422 
393, 8683.2143069277 
394, 8777.05369086699 
395, 8997.27820453387 
396, 9394.07964252794 
397, 9986.04711520697 
398, 10780.9062633847 
399, 11678.4948153005 
400, 12600.1015087103 
401, 13493.2409846185 
402, 14322.6434928501 
403, 15007.7725501272 
404, 15518.8927390573 
405, 15923.2474475125 
406, 16246.6325594127 
407, 16542.8262839404 
408, 16875.6195148943 
409, 17314.5865516486 
410, 17830.672011383 
411, 18395.4511841255 
412, 18983.0932895074 
413, 19569.1997627466 
414, 20145.727941434 
415, 20696.3607325472 
416, 21182.6742063201 
417, 21659.0475659544 
418, 22146.5403928126 
419, 22640.0767363707 
420, 23075.9505484511 
421, 23524.6624026983 
422, 24013.1649919716 
423, 24524.8237768042 
424, 24990.619045416 
425, 25359.2090684509 
426, 25576.7652054047 
427, 25571.1587820475 
428, 25495.7555253741 
429, 25565.334957162 
430, 25928.0093926011 
431, 26412.0518305118 
432, 27071.1726009199 
433, 28036.467863407 
434, 29432.5330420117 
435, 30836.3682822223 
436, 31909.1554370137 
437, 32610.7519689719 
438, 33358.7417797321 
439, 34114.1221434316 
440, 34833.3655466689 
441, 35509.9625239103 
442, 36353.9761142273 
443, 37221.6244573226 
444, 38013.4755984269 
445, 38679.6985198566 
446, 39213.7054678233 
447, 39704.5796923216 
448, 40236.5622014042 
449, 40872.4025376622 
450, 41377.7797115237 
451, 41635.2140461067 
452, 41624.5386886809 
453, 41522.9148891611 
454, 41304.3517736259 
455, 41034.2014191095 
456, 40858.4950161217 
457, 40822.5937199427 
458, 40841.7944128089 
459, 40825.7034368734 
460, 40728.3697735727 
461, 40580.6394350403 
462, 40417.5810842779 
463, 40252.5637700505 
464, 39980.432074131 
465, 39568.0746274022 
466, 39072.3199758979 
467, 38632.4405833773 
468, 38255.0956324839 
469, 37979.3989467174 
470, 37826.5168745816 
471, 37780.1752339482 
472, 37754.8088611703 
473, 37760.6931186153 
474, 37832.2029456549 
475, 37825.340403163 
476, 37798.303404372 
477, 37797.3949802439 
478, 37830.2762062761 
479, 37971.30357081 
480, 38152.9843752605 
481, 38266.0701169858 
482, 38222.5542174369 
483, 37910.1180983261 
484, 37278.6930293958 
485, 36371.4446092636 
486, 35537.4188076615 
487, 34977.9410771006 
488, 34853.7159733514 
489, 35320.6211959693 
490, 35974.7056845152 
491, 36486.6001153379 
492, 36670.2265575311 
493, 36745.4157370045 
494, 36867.0389339872 
495, 37094.3042125173 
496, 37382.9569477824 
497, 37462.6628164714 
498, 37348.4614630211 
499, 37111.0520359963 
500, 36799.2123121391 
501, 36582.5117682026 
502, 36518.0417040161 
503, 36622.0332765135 
504, 37004.9081627093 
505, 37502.486470482 
506, 37980.5955556783 
507, 38362.8253016284 
508, 38651.4202314827 
509, 38882.2155252184 
510, 39105.9787676336 
511, 39401.6127930346 
512, 39595.571165904 
513, 39621.0139526104 
514, 39474.7385811727 
515, 39131.7084009557 
516, 38679.5297444067 
517, 38258.241087033 
518, 38048.7468931608 
519, 38443.3709343416 
520, 39438.063230535 
521, 40770.6311328535 
522, 41845.8424306035 
523, 42646.1443777286 
524, 43212.9782870947 
525, 43622.553525978 
526, 43783.9105887294 
527, 43859.7112585513 
528, 44132.0633711426 
529, 45084.7055541164 
530, 46271.2550689025 
531, 47223.5571592517 
532, 47589.4522447242 
533, 47714.9829214558 
534, 47954.7957899681 
535, 48475.9507552897 
536, 49222.5010152615 
537, 49734.8889343098 
538, 49953.8461728539 
539, 49971.1849628885 
540, 49959.2190669354 
541, 50019.8066669303 
542, 50307.5508898168 
543, 50943.1110701801 
544, 51629.8962913765 
545, 52211.8439006 
546, 52611.5462928304 
547, 52835.8394159631 
548, 52988.4159156339 
549, 53178.2224895468 
550, 53467.720407946 
551, 53755.6823119631 
552, 53974.3100436843 
553, 54136.3728323929 
554, 54314.8776699189 
555, 54451.6646776074 
556, 54396.9790018469 
557, 54074.5371079024 
558, 53561.6015480952 
559, 53146.3004474023 
560, 52988.0615234215 
561, 53129.3761395168 
562, 53398.0028656454 
563, 53541.6004257437 
564, 53449.5069970153 
565, 53186.8836951106 
566, 52814.9271634761 
567, 52451.8861885328 
568, 52166.6108379475 
569, 51857.443025291 
570, 51434.3157930727 
571, 51037.1203073372 
572, 50926.5770798589 
573, 51032.1329405512 
574, 51046.7006866322 
575, 50790.6110383869 
576, 50334.1812346034 
577, 49944.4016393065 
578, 49755.2802449808 
579, 49819.5991104835 
580, 50096.369254137 
581, 50578.3748677143 
582, 51152.5066156064 
583, 51612.2135587046 
584, 51891.8491900909 
585, 51859.2581855217 
586, 51505.6113548467 
587, 51115.0071533066 
588, 50644.5375829812 
589, 49978.9952792745 
590, 49108.5698622987 
591, 48937.1689011975 
592, 49276.5050084536 
593, 49696.1236253258 
594, 49609.6360557096 
595, 49320.2506711369 
596, 48955.0548728403 
597, 48574.9431444667 
598, 48140.5195960013 
599, 47609.6246651966 
600, 47039.903233908 
601, 46555.1553952264 
602, 46175.6838408602 
603, 45986.8658731958 
604, 45988.5265585909 
605, 46040.4058040795 
606, 45918.1631091001 
607, 45639.0476387778 
608, 45314.8349150857 
609, 44986.4981235729 
610, 44676.8315419703 
611, 44406.1011215383 
612, 44187.9670976917 
613, 43941.3300412928 
614, 43645.6302588053 
615, 43327.7894079769 
616, 43086.0780423727 
617, 42931.3960692563 
618, 42946.3575293312 
619, 43186.2982408147 
620, 43384.2949083304 
621, 43387.6736223491 
622, 43157.2527927779 
623, 42778.9657404082 
624, 42367.2950409225 
625, 41988.4843302467 
626, 41673.0546910566 
627, 41411.7782843737 
628, 41129.1547389124 
629, 40845.930924998 
630, 40655.2796729913 
631, 40684.4353013146 
632, 40832.9634327868 
633, 41010.0207252383 
634, 41198.5052448902 
635, 41336.1786403875 
636, 41426.9094081903 
637, 41491.3052401801 
638, 41519.1956385478 
639, 41449.6696135922 
640, 41245.7777843227 
641, 40911.9876429507 
642, 40679.8290426458 
643, 40560.655143086 
644, 40486.5366031753 
645, 40321.4276340636 
646, 40067.9321118862 
647, 39762.4823033547 
648, 39462.3396673004 
649, 39205.2353524593 
650, 38990.0340640275 
651, 38873.3707910949 
652, 38952.8878887 
653, 38856.7517929614 
654, 38396.8871851857 
655, 37552.2582744991 
656, 36507.6420697049 
657, 35798.5965941523 
658, 35902.3464469135 
659, 36995.8996079844 
660, 37879.1014711174 
661, 38330.0585212654 
662, 38421.957683581 
663, 38462.9220722768 
664, 38409.0795181541 
665, 38343.1442320985 
666, 38331.1584279179 
667, 38335.9257741366 
668, 38316.4790084439 
669, 38280.1172926221 
670, 38252.4669375791 
671, 38163.9591383917 
672, 38063.8316383537 
673, 38009.4547002597 
674, 38050.558209094 
675, 38099.3094255219 
676, 38130.233669767 
677, 38143.7651761935 
678, 38164.7763644503 
679, 38171.9507251542 
680, 38162.8185385802 
681, 38145.0226109772 
682, 38120.1380584033 
683, 38034.2442489998 
684, 37718.8954166156 
685, 36861.7883915325 
686, 35322.8183399925 
687, 33196.0146799372 
688, 31021.7210463983 
689, 30397.7654223683 
690, 31227.6115497927 
691, 32838.248336198 
692, 34245.8052257502 
693, 35471.3744194785 
694, 36349.5978004835 
695, 36862.3654215761 
696, 37201.4281148386 
697, 37480.1253444922 
698, 37650.6002545735 
699, 37653.1117834305 
700, 37569.6375603721 
701, 37486.9445600918 
702, 37485.321298486 
703, 37628.7694950214 
704, 37931.8195700107 
705, 38274.8532756074 
706, 38549.8318552817 
707, 38691.606343801 
708, 38814.9525944551 
709, 38931.33065625 
710, 39030.976640655 
711, 39137.2813414567 
712, 39204.5147996574 
713, 39223.1387128726 
714, 39191.9140446088 
715, 39033.8847415066 
716, 38592.6182959063 
717, 37794.6584948059 
718, 36685.3975993003 
719, 35772.2394160348 
720, 35480.0403931162 
721, 35963.448257457 
722, 36867.4095726621 
723, 37433.2695693744 
724, 37473.6706921294 
725, 37213.4928890287 
726, 37208.3552227554 
727, 37333.5888757934 
728, 37456.9930663887 
729, 37520.4364389238 
730, 37747.2454519613 
731, 38167.5100211888 
732, 38728.6584483444 
733, 39315.4563637036 
734, 39804.4653857768 
735, 40096.6076509236 
736, 40152.6596354528 
737, 40096.2265020543 
738, 40017.3452501251 
739, 39934.5739903171 
740, 39814.373694879 
741, 39766.5092484695 
742, 39808.8049255553 
743, 39926.2354154148 
744, 40082.9810522938 
745, 40180.4693771318 
746, 40215.0021427702 
747, 40207.9848123437 
748, 40144.2680027833 
749, 40001.0487913855 
750, 39811.1580064383 
751, 39645.0105574797 
752, 39565.7895671509 
753, 39544.8303058894 
754, 39536.4693893945 
755, 39487.0502301183 
756, 39291.2026615798 
757, 38468.1113671834 
758, 36210.35818195 
759, 31064.0829055688 
760, 23651.1311175712 
761, 16663.7362734739 
762, 13165.2626908663 
763, 13509.1588172325 
764, 15773.7201522314 
765, 19080.8652333302 
766, 23456.2627775442 
767, 28091.7431722834 
768, 32007.6012194031 
769, 34645.2634578903 
770, 36071.3485000666 
771, 36746.4000904954 
772, 36989.6855519627 
773, 37031.2254412356 
774, 36988.5926976307 
775, 36882.8567986416 
776, 36753.5225200696 
777, 36628.0732011091 
778, 36461.3882109748 
779, 36267.9775454865 
780, 36078.139548081 
781, 35924.5074481118 
782, 35754.0413057978 
783, 35552.7067121972 
784, 35328.017140036 
785, 35109.4466297716 
786, 34899.3347968022 
787, 34656.1634717491 
788, 34347.6302576255 
789, 33998.1851886199 
790, 33621.9578120239 
791, 33225.5676723387 
792, 32817.5531230328 
793, 32423.4674609962 
794, 32109.1414581403 
795, 31909.7662370621 
796, 31820.2794128533 
797, 31754.8241358366 
798, 31624.8331748176 
799, 31394.6362775862 
800, 31097.0193806855 
801, 30782.2806738672 
802, 30490.9743065797 
803, 30236.1040627533 
804, 29980.6698381448 
805, 29754.7409500887 
806, 29543.8971207235 
807, 29314.8348190306 
808, 29029.111117181 
809, 28692.0206728222 
810, 28329.3252741373 
811, 27961.1510299231 
812, 27517.1015013978 
813, 26931.8484341698 
814, 26196.8233785148 
815, 25368.789835326 
816, 24592.6570305188 
817, 23972.8282346015 
818, 23575.5976580847 
819, 23423.6868678725 
820, 23352.9570816852 
821, 23248.7999986951 
822, 23066.4836737576 
823, 22869.0093484714 
824, 22743.1485231342 
825, 22753.3125025513 
826, 22866.0420764714 
827, 22783.78747213 
828, 22529.9550263452 
829, 22207.82141721 
830, 21947.4499601272 
831, 21761.3378287469 
832, 21611.7933019616 
833, 21482.6252646642 
834, 21380.8447747009 
835, 21321.4121349041 
836, 21280.1689165442 
837, 21219.9394333284 
838, 21099.1681249655 
839, 20929.08880045 
840, 20729.6279487171 
841, 20515.6114021225 
842, 20288.4100945604 
843, 20055.468511512 
844, 19825.9599499929 
845, 19603.8571204074 
846, 19386.324383874 
847, 19116.283178213 
848, 18794.5297579206 
849, 18443.33757141 
850, 18079.4825810145 
851, 17660.2282383891 
852, 17234.0457630831 
853, 16882.0096800555 
854, 16613.9143833087 
855, 16399.5053962963 
856, 16302.5738599106 
857, 16406.8603177361 
858, 16555.6841895584 
859, 16575.9780337948 
860, 16441.2655783792 
861, 16252.7587779269 
862, 16026.8513290118 
863, 15739.7480792141 
864, 15397.5353886601 
865, 15046.713446904 
866, 14715.0757606599 
867, 14437.4566427913 
868, 14258.5043080647 
869, 14229.7290113859 
870, 14254.056315963 
871, 14226.4186586253 
872, 14099.5815445262 
873, 13926.9098267435 
874, 13741.9478355352 
875, 13556.7825595588 
876, 13374.7685118804 
877, 13198.5840423919 
878, 13024.4571875547 
879, 12852.9694152809 
880, 12683.6262807953 
881, 12508.8440655543 
882, 12337.101583871 
883, 12175.5498125515 
884, 12025.3025575989 
885, 11872.2078656985 
886, 11709.5425485996 
887, 11539.4862992347 
888, 11369.312078089 
889, 11207.7807969389 
890, 11047.8091762607 
891, 10870.8917998841 
892, 10657.4266414333 
893, 10407.0817123547 
894, 10116.7000871424 
895, 9796.51125925305 
896, 9463.5872255725 
897, 9124.61679146727 
898, 8804.93146395553 
899, 8535.39064855472 
900, 8342.43612228988 
901, 8225.20764827587 
902, 8162.85168835226 
903, 8128.55812227807 
904, 8094.46231475511 
905, 8043.36355792608 
906, 7956.59697139517 
907, 7817.78390508275 
908, 7624.18167749671 
909, 7425.07392537386 
910, 7256.15914950758 
911, 7130.49452933589 
912, 7040.074973469 
913, 6963.87311130359 
914, 6889.22806694906 
915, 6812.90477234536 
916, 6740.38726157932 
917, 6685.52597853078 
918, 6638.47818616082 
919, 6592.76204854884 
920, 6546.09012906276 
921, 6496.96567202811 
922, 6432.40357838182 
923, 6342.21058549923 
924, 6221.08425867182 
925, 6072.21133286027 
926, 5894.32102981517 
927, 5680.79417766902 
928, 5423.53770880554 
929, 5123.88330375904 
930, 4786.78419362757 
931, 4428.95256304111 
932, 4077.15980742057 
933, 3764.00027620195 
934, 3515.32464712077 
935, 3345.29518269297 
936, 3254.34228919097 
937, 3225.681104203 
938, 3238.57832684453 
939, 3268.66012737245 
940, 3295.19494383377 
941, 3315.72199576754 
942, 3317.68109052438 
943, 3286.39271689226 
944, 3217.47763273904 
945, 3135.88554545749 
946, 3068.31765514862 
947, 3025.98437197426 
948, 3006.51124201503 
949, 2994.74679788781 
950, 2985.26508108414 
951, 2971.83974694373 
952, 2952.20356432763 
953, 2931.86358747518 
954, 2911.76147909166 
955, 2892.80388068377 
956, 2876.60831382528 
957, 2866.22451269406 
958, 2854.19984779379 
959, 2844.95239796907 
960, 2840.692859138 
961, 2836.18043474133 
962, 2832.26746117079 
963, 2830.16647602486 
964, 2830.00974780438 
965, 2830.03077645782 
966, 2824.71322070597 
967, 2813.70157298809 
968, 2796.99524819393 
969, 2774.69668094069 
970, 2750.38679538146 
971, 2720.86012157644 
972, 2682.04812314147 
973, 2632.27961184588 
974, 2579.6001505752 
975, 2525.4035632869 
976, 2471.7605142402 
977, 2421.79999961544 
978, 2381.01705488947 
979, 2345.45933312047 
980, 2313.87588796852 
981, 2284.38451195453 
982, 2251.72854678941 
983, 2218.46086341992 
984, 2184.47728464839 
985, 2148.83461530343 
986, 2110.44284433874 
987, 2069.77078175357 
988, 2027.36926456061 
989, 1984.31838501385 
990, 1941.82368952983 
991, 1898.51859161033 
992, 1855.4473238757 
993, 1812.60797827759 
994, 1769.48168521327 
995, 1727.63433963666 
996, 1686.38319245603 
997, 1644.69811594991 
998, 1602.16279140907 
999, 1560.37577745762 
1000, 1517.70363525715 
1001, 9451.5166112307 
1002, 9418.63106060953 
1003, 9387.02496105992 
1004, 9363.23474823139 
1005, 9345.59717054329 
1006, 9336.23465380107 
1007, 9340.38558530145 
1008, 9357.53279813149 
1009, 9381.09452956965 
1010, 9421.86678891212 
1011, 9455.0081825009 
1012, 9490.09024196923 
1013, 9531.19994589464 
1014, 9567.93660737633 
1015, 9599.61069716352 
1016, 9643.87068023914 
1017, 9684.06545973859 
1018, 9722.39147485289 
1019, 9773.05500022823 
1020, 9820.3842892386 
1021, 9871.20768122187 
1022, 9925.36805029435 
1023, 9984.03549063168 
1024, 10039.5865004689 
1025, 10103.2906440621 
1026, 10165.7479029909 
1027, 10220.9077147164 
1028, 10275.7251189232 
1029, 10324.8438030173 
1030, 10369.2147794342 
1031, 10416.3151774256 
1032, 10467.0467393053 
1033, 10516.8822326429 
1034, 10562.5779505243 
1035, 10605.3392094754 
1036, 10644.6311593133 
1037, 10683.0869166598 
1038, 10717.5348428319 
1039, 10752.1372823051 
1040, 10787.6160660343 
1041, 10813.2554069942 
1042, 10839.0657713256 
1043, 10864.0512274926 
1044, 10887.0518190556 
1045, 10917.3060564374 
1046, 10945.4888341763 
1047, 10974.4778707549 
1048, 11003.1534168468 
1049, 11037.8939886805 
1050, 11072.6122673483 
1051, 11113.6014046992 
1052, 11156.0174865892 
1053, 11189.544525484 
1054, 11226.6459057847 
1055, 11266.9427294509 
1056, 11308.7007482305 
1057, 11361.916148567 
1058, 11419.5406323594 
1059, 11477.8164519391 
1060, 11547.6462494395 
1061, 11626.0512432336 
1062, 11713.5768091161 
1063, 11810.7696858963 
1064, 11915.1487688982 
1065, 12023.2581812643 
1066, 12138.7045894994 
1067, 12256.3566011025 
1068, 12382.9074511504 
1069, 12526.318559818 
1070, 12679.5030740489 
1071, 12846.2965484344 
1072, 13009.6727773669 
1073, 13174.6346639737 
1074, 13353.2023805989 
1075, 13511.6340976644 
1076, 13661.2003925089 
1077, 13810.7911099217 
1078, 13947.0609184441 
1079, 14064.2205092474 
1080, 14171.9107132257 
1081, 14269.6628893569 
1082, 14357.3692500346 
1083, 14437.1382051676 
1084, 14515.9902791571 
1085, 14595.3722456463 
1086, 14665.1950614377 
1087, 14732.939312032 
1088, 14785.5983351043 
1089, 14833.7247261638 
1090, 14861.7481972749 
1091, 14874.1334185772 
1092, 14875.0969241955 
1093, 14857.8795071211 
1094, 14834.1766024926 
1095, 14802.3159004279 
1096, 14764.8339485132 
1097, 14730.6137255626 
1098, 14693.3588109689 
1099, 14665.1610803249 
1100, 14646.8734243367 
1101, 14620.6656396447 
1102, 14608.8050972609 
1103, 14571.1342363827 
1104, 14529.7521491373 
1105, 14463.2850460142 
1106, 14380.5958894188 
1107, 14260.8459261117 
1108, 14097.7555494646 
1109, 13890.4679598128 
1110, 13592.0510344571 
1111, 13227.9953254443 
1112, 12797.0919252029 
1113, 12258.6937747567 
1114, 11733.0386498932 
1115, 11124.5688333743 
1116, 10575.182077042 
1117, 9985.97552096373 
1118, 9483.95339180003 
1119, 9019.76572794545 
1120, 8591.90230524109 
1121, 8246.41641808639 
1122, 7969.47908286032 
1123, 7779.45166228562 
1124, 7661.25167555891 
1125, 7606.81906697932 
1126, 7654.18433939416 
1127, 7698.25176420199 
1128, 7805.36388403242 
1129, 7908.44556093223 
1130, 8044.65890950069 
1131, 8176.14100586702 
1132, 8304.6897897667 
1133, 8465.86690210723 
1134, 8634.56675245844 
1135, 8823.68631519759 
1136, 9095.5745552817 
1137, 9378.72589937464 
1138, 9661.62502526693 
1139, 9922.11863710144 
1140, 10093.969178423 
1141, 10215.8577076813 
1142, 10270.9178047606 
1143, 10225.3774423874 
1144, 10203.4592609497 
1145, 10061.5625829207 
1146, 10053.4542852709 
1147, 10052.4224001067 
1148, 10148.4102201937 
1149, 10336.2823442859 
1150, 10576.5915435174 
1151, 10891.126792621 
1152, 11237.7440123571 
1153, 11597.0330006581 
1154, 12014.1587885019 
1155, 12402.9156869082 
1156, 12813.0328099543 
1157, 13188.9464598522 
1158, 13565.3515032507 
1159, 13910.0407270243 
1160, 14235.4208783691 
1161, 14533.8529728985 
1162, 14821.7192326171 
1163, 15066.8521790704 
1164, 15279.1516970939 
1165, 15458.3067864534 
1166, 15603.4817732018 
1167, 15721.8511182364 
1168, 15815.649082613 
1169, 15884.1858130531 
1170, 15923.8567138781 
1171, 15933.7968173937 
1172, 15921.3896830664 
1173, 15872.1000505843 
1174, 15820.7061933547 
1175, 15746.4747164358 
1176, 15668.1236278632 
1177, 15570.8719123323 
1178, 15480.2669857058 
1179, 15379.9881559155 
1180, 15283.3765417831 
1181, 15181.0695458898 
1182, 15094.5293519021 
1183, 15017.270462753 
1184, 14936.0826878082 
1185, 14887.663964052 
1186, 14862.1178008356 
1187, 14844.6369561496 
1188, 14848.762646624 
1189, 14854.3618776769 
1190, 14891.1365478034 
1191, 14893.7062549577 
1192, 14905.0634642734 
1193, 14882.1517751627 
1194, 14830.5156023256 
1195, 14763.1287194426 
1196, 14669.04339422 
1197, 14566.0011397996 
1198, 14456.481605172 
1199, 14319.7260642073 
1200, 14213.0590441832 
1201, 14102.9057924853 
1202, 14017.3421395685 
1203, 13943.567087618 
1204, 13890.78751476 
1205, 13856.8473542662 
1206, 13835.0073477188 
1207, 13838.2065009816 
1208, 13841.8842892778 
1209, 13863.6710276078 
1210, 13877.7442719262 
1211, 13896.5995613261 
1212, 13912.2854482518 
1213, 13925.8828437877 
1214, 13938.0703588907 
1215, 13942.5092359295 
1216, 13947.9550982832 
1217, 13938.9891647743 
1218, 13918.0981734993 
1219, 13895.3848816667 
1220, 13859.7957274849 
1221, 13831.9557240722 
1222, 13801.3454074216 
1223, 13774.3217974953 
1224, 13751.2365277706 
1225, 13727.5892707942 
1226, 13700.6413007903 
1227, 13680.7188692347 
1228, 13670.8919928972 
1229, 13653.5277290538 
1230, 13634.9729417577 
1231, 13621.7542837405 
1232, 13596.1448017382 
1233, 13561.2501382053 
1234, 13526.5954622228 
1235, 13491.0001039454 
1236, 13446.319513319 
1237, 13393.0351599958 
1238, 13341.6620194906 
1239, 13285.4181491058 
1240, 13227.6261047796 
1241, 13169.4348720926 
1242, 13109.8351923576 
1243, 13043.1072304558 
1244, 12980.5711442144 
1245, 12919.6186862451 
1246, 12863.2466803622 
1247, 12797.4013091559 
1248, 12733.7267340193 
1249, 12655.1329700045 
1250, 12568.1480600064 
1251, 12474.2248802495 
1252, 12377.6812701683 
1253, 12260.1794296444 
1254, 12135.9597807513 
1255, 11988.8507397015 
1256, 11820.4434869045 
1257, 11639.5747923637 
1258, 11439.5957741608 
1259, 11230.879438474 
1260, 10996.4457457018 
1261, 10769.8202353427 
1262, 10526.9947278521 
1263, 10291.4104896134 
1264, 10097.4775793977 
1265, 9901.41278654471 
1266, 9785.89056046752 
1267, 9706.4363050883 
1268, 9698.77136633166 
1269, 9754.70597614043 
1270, 9852.8825807883 
1271, 10033.8451275213 
1272, 10204.9815022232 
1273, 10435.2192940252 
1274, 10630.7056130002 
1275, 10840.8661576925 
1276, 11020.3082905043 
1277, 11187.5933022821 
1278, 11331.8460886138 
1279, 11452.5067666727 
1280, 11557.091730866 
1281, 11647.2086477245 
1282, 11729.0622794438 
1283, 11817.6994862506 
1284, 11903.5838550294 
1285, 11989.1189526452 
1286, 12081.6763716589 
1287, 12157.7530000478 
1288, 12228.6863578549 
1289, 12288.3403368987 
1290, 12339.0353709356 
1291, 12378.0837034693 
1292, 12406.9251366773 
1293, 12427.3493098281 
1294, 12433.6286654649 
1295, 12436.9837814701 
1296, 12433.1176160603 
1297, 12424.2306481944 
1298, 12409.713904654 
1299, 12388.6706265201 
1300, 12366.7142370204 
1301, 12335.6175789024 
1302, 12299.3937297439 
1303, 12255.9067115063 
1304, 12213.9800688863 
1305, 12166.0527523584 
1306, 12119.0872381806 
1307, 12075.6347305531 
1308, 12022.8717683976 
1309, 11962.1841173572 
1310, 11903.7504082787 
1311, 11838.787548408 
1312, 11779.2440507205 
1313, 11721.1228679153 
1314, 11666.1354264062 
1315, 11607.9659562962 
1316, 11561.8979426701 
1317, 11523.6449999365 
1318, 11489.3299159121 
1319, 11464.4993472831 
1320, 11441.5972687995 
1321, 11410.7429531393 
1322, 11366.7871411753 
1323, 11301.0988774324 
1324, 11227.7411817608 
1325, 11116.4898069208 
1326, 10972.9699764296 
1327, 10821.8727330749 
1328, 10628.6426772999 
1329, 10458.8323153069 
1330, 10265.890307296 
1331, 10119.5635170017 
1332, 9982.99019023278 
1333, 9885.18730139837 
1334, 9843.974621413 
1335, 9791.50342018991 
1336, 9764.49414079076 
1337, 9736.99087911089 
1338, 9696.52359327316 
1339, 9612.91393064447 
1340, 9481.79084236096 
1341, 9294.46499847913 
1342, 9016.66044620798 
1343, 8665.04720054031 
1344, 8242.31754989792 
1345, 7726.48363622036 
1346, 7177.16029324211 
1347, 6535.24921120729 
1348, 5917.92144914438 
1349, 5240.98926747527 
1350, 4615.80680007891 
1351, 3976.56126459034 
1352, 3400.05577173637 
1353, 2833.73432869448 
1354, 2342.97142937388 
1355, 1902.98740012607 
1356, 1526.39143284889 
1357, 1209.60611866041 
1358, 958.924870298786 
1359, 754.622361366858 
1360, 600.864949358635 
1361, 488.255332057217 
1362, 405.355076105242 
1363, 350.05065758913 
1364, 314.691344080812 
1365, 289.490546360839 
1366, 282.416780685886 
1367, 284.03996127179 
1368, 301.268856917332 
1369, 323.830929299245 
1370, 357.82608860656 
1371, 400.016950774638 
1372, 456.396259837353 
1373, 508.608676984747 
1374, 581.289092813424 
1375, 626.478617456703 
1376, 665.971464794546 
1377, 686.872736779953 
1378, 691.065464920869 
1379, 676.608315912064 
1380, 654.901933253487 
1381, 631.013277131653 
1382, 607.303564088749 
1383, 599.364632884 
1384, 615.449215185694 
1385, 649.824502547454 
1386, 697.559113502784 
1387, 765.031440586215 
1388, 826.683308507955 
1389, 901.141612608387 
1390, 955.261176720423 
1391, 1009.79462006887 
1392, 1044.67781048883 
1393, 1059.15054019694 
1394, 1076.40101210377 
1395, 1078.26074473698 
1396, 1092.37590567934 
1397, 1105.54511065279 
1398, 1126.07407515074 
1399, 1156.14063785463 
1400, 1184.04487838415 
1401, 1211.43725033866 
1402, 1245.18524432604 
1403, 1279.10602936513 
1404, 1320.97190580029 
1405, 1370.89670010515 
1406, 1423.23209122482 
1407, 1480.91818118037 
1408, 1545.04996133582 
1409, 1618.14973271914 
1410, 1703.42472112206 
1411, 1789.93041157768 
1412, 1890.67166175783 
1413, 1976.45106312958 
1414, 2065.77433049229 
1415, 2137.07127320776 
1416, 2197.41121248168 
1417, 2249.91084270214 
1418, 2288.88103280024 
1419, 2326.591019867 
1420, 2359.85972620451 
1421, 2384.82222308938 
1422, 2408.26957742088 
1423, 2417.73578359462 
1424, 2421.82157548005 
1425, 2406.6374548635 
1426, 2376.28169474873 
1427, 2332.11007661934 
1428, 2269.58881522581 
1429, 2197.97853800898 
1430, 2115.33519536525 
1431, 2022.42850212861 
1432, 1927.64482348047 
1433, 1833.38869017664 
1434, 1742.27729341223 
1435, 1670.05757890274 
1436, 1608.13056831604 
1437, 1545.66841937196 
1438, 1493.33283140718 
1439, 1452.38450541109 
1440, 1410.94469399567 
1441, 1375.30634545871 
1442, 1342.17610117329 
1443, 1315.42788906038 
1444, 1281.55666439761 
1445, 1248.73747497154 
1446, 1212.09619203842 
1447, 1166.15942259972 
1448, 1129.89837772865 
1449, 1097.65270019575 
1450, 1065.89017010076 
1451, 1038.03795333729 
1452, 1009.66501772033 
1453, 980.602616470957 
1454, 954.662366303912 
1455, 932.231779186053 
1456, 909.850499813689 
1457, 886.429157020412 
1458, 857.67804103609 
1459, 826.137139897748 
1460, 786.447958261884 
1461, 743.769184971705 
1462, 696.688736242986 
1463, 643.760671852226 
1464, 595.677583769359 
1465, 552.539050994036 
1466, 512.760876462497 
1467, 474.783642085016 
1468, 437.815148089107 
1469, 411.254505237181 
1470, 391.61867637427 
1471, 368.728089061668 
1472, 353.047839317195 
1473, 337.502868140162 
1474, 317.199464020704 
1475, 304.9341284067 
1476, 299.268133779068 
1477, 294.949306917417 
1478, 294.760795182245 
1479, 292.978697513946 
1480, 296.978339026151 
1481, 296.228264922653 
1482, 289.779395024684 
1483, 286.462884437159 
1484, 279.670293720163 
1485, 278.881494293508 
1486, 282.112998604088 
1487, 289.314009556539 
1488, 293.098167221636 
1489, 300.702134009823 
1490, 302.545433856601 
1491, 303.715667861919 
1492, 308.442555502157 
1493, 310.77509940377 
1494, 316.401869067636 
1495, 317.480275146254 
1496, 315.734137216234 
1497, 318.07980991514 
1498, 318.78946343506 
1499, 316.498930699313 
1500, 320.036379657034 
1501, 328.545817851679 
1502, 331.067494886472 
1503, 331.351577632721 
1504, 335.703894140431 
1505, 338.424421347858 
1506, 344.466994907344 
1507, 358.196800226544 
1508, 365.904929360012 
1509, 368.744202489891 
1510, 374.829504385507 
1511, 383.343199519926 
1512, 388.069991057012 
1513, 393.548451111911 
1514, 397.019867925672 
1515, 394.862683742428 
1516, 395.125244048721 
1517, 394.731920659393 
1518, 395.874729662147 
1519, 397.104061940362 
1520, 401.484827053387 
1521, 407.690738706653 
1522, 418.005009536139 
1523, 428.566680948492 
1524, 430.702290437391 
1525, 433.121075337238 
1526, 436.34396871827 
1527, 440.083666714232 
1528, 449.418961110966 
1529, 455.486054617517 
1530, 458.087648002892 
1531, 460.022389968937 
1532, 458.029934480074 
1533, 455.015999500279 
1534, 454.73349676869 
1535, 456.620029050642 
1536, 460.278566586067 
1537, 461.297590693113 
1538, 462.9751986768 
1539, 466.338212720815 
1540, 466.658891761135 
1541, 473.468113076374 
1542, 486.918874273699 
1543, 497.321719310698 
1544, 507.955847263567 
1545, 517.298624608893 
1546, 527.895243121507 
1547, 536.911847643796 
1548, 545.470544929199 
1549, 552.656512761518 
1550, 555.790724775312 
1551, 561.626192894371 
1552, 568.876468579915 
1553, 575.357468173622 
1554, 581.494423624386 
1555, 590.440032966543 
1556, 598.749063628558 
1557, 609.094785352761 
1558, 627.47260814857 
1559, 637.581406335383 
1560, 641.963242289902 
1561, 648.644342516198 
1562, 654.882241343122 
1563, 657.949232311142 
1564, 661.130202929217 
1565, 663.102224620705 
1566, 656.413484862144 
1567, 656.48977542504 
1568, 659.65002618378 
1569, 665.76356003473 
1570, 676.308705249433 
1571, 684.038391415026 
1572, 690.680048229904 
1573, 697.47649968812 
1574, 701.43098677565 
1575, 707.569543216263 
1576, 715.10125179083 
1577, 724.822585678912 
1578, 735.071247832607 
1579, 750.724386193024 
1580, 769.488553694821 
1581, 792.652250799655 
1582, 812.91322609406 
1583, 838.004658551572 
1584, 855.51625334418 
1585, 868.81931061542 
1586, 882.16057840044 
1587, 893.024714847262 
1588, 903.475512325574 
1589, 912.140935735044 
1590, 921.051521657901 
1591, 928.794289475216 
1592, 938.021756733479 
1593, 948.634004491036 
1594, 957.02395850256 
1595, 965.46419165836 
1596, 971.95402152481 
1597, 976.714351125704 
1598, 980.758573782818 
1599, 983.859731410145 
1600, 985.840386079982 
1601, 985.671922807614 
1602, 985.491000621391 
1603, 984.589020530249 
1604, 984.205721198516 
1605, 981.750608142703 
1606, 983.977859654074 
1607, 987.072630422949 
1608, 993.485075953808 
1609, 1002.77430850018 
1610, 1015.34674464156 
1611, 1035.34557457304 
1612, 1048.0573254795 
1613, 1062.80332568201 
1614, 1071.74718902454 
1615, 1069.55544026681 
1616, 1075.50031512969 
1617, 1083.08362024822 
1618, 1091.40988838653 
1619, 1105.95004151544 
1620, 1115.16660058685 
1621, 1121.3986104242 
1622, 1127.87135939673 
1623, 1131.3380929707 
1624, 1136.71071905979 
1625, 1144.18424568724 
1626, 1149.36786658281 
1627, 1156.95465455164 
1628, 1158.70206374056 
1629, 1154.11820097527 
1630, 1151.99738604045 
1631, 1148.2161158362 
1632, 1143.21301943313 
1633, 1136.58957395381 
1634, 1133.38187245505 
1635, 1130.89443683745 
1636, 1127.68664814553 
1637, 1128.18743165091 
1638, 1126.85575843702 
1639, 1121.2058984456 
1640, 1118.37506703033 
1641, 1114.7677609218 
1642, 1115.77146130374 
1643, 1119.87590849003 
1644, 1125.70478658518 
1645, 1139.72170363783 
1646, 1148.35085439781 
1647, 1154.32502362001 
1648, 1160.86881196594 
1649, 1162.50085808517 
1650, 1167.55097949564 
1651, 1176.79987158816 
1652, 1185.06778819052 
1653, 1190.87495676763 
1654, 1195.70094436325 
1655, 1203.60066599289 
1656, 1210.05242835225 
1657, 1218.92009250333 
1658, 1233.11954762001 
1659, 1239.85510946637 
1660, 1243.49606583723 
1661, 1247.15563938352 
1662, 1247.28273665293 
1663, 1252.15932635908 
1664, 1259.20918946135 
1665, 1262.6285597867 
1666, 1267.66290853618 
1667, 1267.90339366065 
1668, 1261.15342053304 
1669, 1264.76593022584 
1670, 1270.6227636946 
1671, 1277.63625461752 
1672, 1292.0538206397 
1673, 1297.95076771035 
1674, 1299.69817658762 
1675, 1303.8939184253 
1676, 1307.60507006513 
1677, 1308.1582947581 
1678, 1306.8630103542 
1679, 1309.9901464233 
1680, 1312.47521158089 
1681, 1314.0937792086 
1682, 1319.33418924617 
1683, 1322.23525719091 
1684, 1318.7121050306 
1685, 1325.67178808056 
1686, 1338.5652291863 
1687, 1349.68923583515 
1688, 1366.25613508901 
1689, 1374.87952356241 
1690, 1381.65213983626 
1691, 1384.73186019299 
1692, 1381.49309707694 
1693, 1384.05154839459 
1694, 1386.87976505737 
1695, 1389.37285208527 
1696, 1394.74731767732 
1697, 1395.06462882598 
1698, 1391.71660253535 
1699, 1391.10631314704 
1700, 1390.28774992505 
1701, 1389.61654173144 
1702, 1389.28400748334 
1703, 1388.69595717825 
1704, 1386.98102141439 
1705, 1387.55578460655 
1706, 1389.02627921385 
1707, 1391.74920089433 
1708, 1396.63450079324 
1709, 1399.26478115483 
1710, 1401.95640800508 
1711, 1405.37918642179 
1712, 1408.20373036511 
1713, 1410.2317826995 
1714, 1413.42264365625 
1715, 1412.38004911026 
1716, 1411.26384739352 
1717, 1412.61573273111 
1718, 1414.23458923192 
1719, 1417.24760385936 
1720, 1424.89000063935 
1721, 1424.79112575075 
1722, 1417.43523228665 
1723, 1406.51122796526 
1724, 1395.58443498133 
1725, 1391.69403773225 
1726, 1395.03448525201 
1727, 1399.92940693708 
1728, 1397.72232046976 
1729, 1392.85838186011 
1730, 1385.14416510652 
1731, 1381.51109074836 
1732, 1380.70217854334 
1733, 1375.96163035462 
1734, 1371.87602973842 
1735, 1366.23775986929 
1736, 1363.95521313513 
1737, 1364.68861621511 
1738, 1369.200129208 
1739, 1378.22321727656 
1740, 1382.867683886 
1741, 1383.88162437919 
1742, 1385.22879756799 
1743, 1382.52000140638 
1744, 1377.39533695902 
1745, 1380.59196167267 
1746, 1381.31433035124 
1747, 1377.40971282034 
1748, 1376.47024799932 
1749, 1371.31408836465 
1750, 1368.64584501564 
1751, 1369.77359936168 
1752, 1366.81545885232 
1753, 1359.58720726141 
1754, 1352.26077996419 
1755, 1348.73421552471 
1756, 1348.39172317103 
1757, 1353.29416774538 
1758, 1356.62880960137 
1759, 1352.09046641007 
1760, 1345.3262287643 
1761, 1333.77742239624 
1762, 1319.70397030488 
1763, 1305.86268446702 
1764, 1296.72840540962 
1765, 1290.49807305375 
1766, 1285.64363668921 
1767, 1288.36048612502 
1768, 1281.99029985695 
1769, 1271.55146982305 
1770, 1261.11282461823 
1771, 1246.13219613565 
1772, 1233.29214022373 
1773, 1218.9515057211 
1774, 1207.6054851452 
1775, 1199.80340276944 
1776, 1186.34905581097 
1777, 1172.99029359896 
1778, 1161.35438547066 
1779, 1145.36482781279 
1780, 1131.42972268062 
1781, 1118.63640776624 
1782, 1107.48680051695 
1783, 1097.66099163097 
1784, 1087.01127673332 
1785, 1079.97520927419 
1786, 1070.98258090584 
1787, 1059.29605220956 
1788, 1046.34463882159 
1789, 1037.53973797052 
1790, 1018.99453275488 
1791, 993.128266912442 
1792, 967.786280533495 
1793, 937.092232585513 
1794, 907.677893749362 
1795, 880.648268319122 
1796, 852.284434662453 
1797, 812.965287239631 
1798, 770.70643459866 
1799, 726.331720840359 
1800, 683.081674324403 
1801, 3969.18561454054 
1802, 3803.61805089534 
1803, 3663.05648038114 
1804, 3549.89264324558 
1805, 3459.29291164146 
1806, 3376.70574216403 
1807, 3291.7673738671 
1808, 3203.35597845414 
1809, 3140.42629055453 
1810, 3036.29808731919 
1811, 2901.60789385947 
1812, 2774.8930344327 
1813, 2633.84815590862 
1814, 2492.53217358221 
1815, 2338.32221550642 
1816, 2207.51976616835 
1817, 2098.67729541376 
1818, 1980.65865525718 
1819, 1876.21526311542 
1820, 1796.59859638847 
1821, 1716.15714228258 
1822, 1640.59878101969 
1823, 1560.70433024868 
1824, 1486.0749603557 
1825, 1416.9352907888 
1826, 1314.38463745624 
1827, 1205.7630008654 
1828, 1099.75202578404 
1829, 985.040353936804 
1830, 870.50205964377 
1831, 753.56638241181 
1832, 637.006913986049 
1833, 523.507661442398 
1834, 441.422942846416 
1835, 370.273759485649 
1836, 306.259323606744 
1837, 276.881001575265 
1838, 251.555506781754 
1839, 228.388089919694 
1840, 216.819749125715 
1841, 219.40866421756 
1842, 233.609267060397 
1843, 238.088361044274 
1844, 252.457990722668 
1845, 281.621651958739 
1846, 297.735336501534 
1847, 310.599872783105 
1848, 320.552079639878 
1849, 315.092864417207 
1850, 301.298722227149 
1851, 264.501706445552 
1852, 237.976347293551 
1853, 233.446816342501 
1854, 213.126586954017 
1855, 215.858728650654 
1856, 236.912053343897 
1857, 237.961207132096 
1858, 258.921706929956 
1859, 284.845794093192 
1860, 325.188732449883 
1861, 342.835162908926 
1862, 368.511549558499 
1863, 409.156971211945 
1864, 433.298543086536 
1865, 446.581597102264 
1866, 447.676662046053 
1867, 412.401054012984 
1868, 358.554838358439 
1869, 298.578121703074 
1870, 244.646277475035 
1871, 181.971260890547 
1872, 138.765719247954 
1873, 100.364529808897 
1874, 80.0279810216335 
1875, 96.8693658630302 
1876, 119.254967609086 
1877, 141.999580054981 
1878, 189.922515391417 
1879, 239.199128935331 
1880, 280.264297910444 
1881, 316.187250539189 
1882, 381.001238469862 
1883, 425.883353359099 
1884, 433.111262622948 
1885, 433.959607809885 
1886, 414.464454157074 
1887, 378.920479752564 
1888, 361.818237514697 
1889, 365.562618261663 
1890, 358.181279621668 
1891, 351.383434955926 
1892, 351.664112664825 
1893, 344.941510075343 
1894, 313.970786216717 
1895, 295.956350693855 
1896, 266.769826455684 
1897, 223.18067164566 
1898, 197.696857803704 
1899, 159.857465211289 
1900, 129.913614955384 
1901, 102.106607849892 
1902, 89.5974667855698 
1903, 85.3960955938096 
1904, 80.1294773293345 
1905, 86.423081180022 
1906, 93.9457337945071 
1907, 90.2846506995377 
1908, 104.06926345269 
1909, 101.688047557915 
1910, 95.3995150475103 
1911, 93.0178888354366 
1912, 71.5801086304099 
1913, 70.6508095046413 
1914, 90.3349255030063 
1915, 101.285865303395 
1916, 100.05928302737 
1917, 114.588492121454 
1918, 102.391341373228 
1919, 93.2840818141146 
1920, 117.45724758119 
1921, 130.318749830124 
1922, 132.131999632905 
1923, 142.239428524472 
1924, 139.295525637014 
1925, 112.627043211013 
1926, 91.4920245357902 
1927, 85.8948303157796 
1928, 67.2613327847206 
1929, 57.9451360807941 
1930, 54.3124095747303 
1931, 71.5750979188973 
1932, 86.2291358594227 
1933, 85.5825655122782 
1934, 76.317011451325 
1935, 78.2237226748341 
1936, 68.9575305688382 
1937, 66.1411659976214 
1938, 81.4016688870753 
1939, 98.3922827523416 
1940, 111.976106726168 
1941, 113.143733853406 
1942, 133.728873741938 
1943, 149.078406995369 
1944, 144.277091259637 
1945, 124.040524184603 
1946, 113.349564483411 
1947, 87.1803964365772 
1948, 65.755237325902 
1949, 54.0677358770685 
1950, 27.9714480375817 
1951, 4.77877326799564 
1952,-0.215818906650823 
1953,-9.48913012028203 
1954, 6.81779010912499 
1955, 18.5715564350038 
1956, 33.5065177132758 
1957, 44.3075009424059 
1958, 64.5779563203267 
1959, 71.5628333872738 
1960, 70.1552513377207 
1961, 69.7810616712914 
1962, 59.6830528101433 
1963, 67.2758881777436 
1964, 70.2605542733023 
1965, 66.4637324029839 
1966, 70.6473606861753 
1967, 75.1952873646057 
1968, 81.8071702877055 
1969, 95.9853196636121 
1970, 110.376795107259 
1971, 132.60964733127 
1972, 143.710103973726 
1973, 155.688001175168 
1974, 147.213413771481 
1975, 159.99413627962 
1976, 164.354782675086 
1977, 158.171684239507 
1978, 166.664489430643 
1979, 164.736325972371 
1980, 143.991760690238 
1981, 137.695348956062 
1982, 140.753923886635 
1983, 141.16076760129 
1984, 140.933117124097 
1985, 141.297696719496 
1986, 145.901897930188 
1987, 149.823969713969 
1988, 139.621183126602 
1989, 125.365053145785 
1990, 119.550933204514 
1991, 108.848984712119 
1992, 102.796026396226 
1993, 112.502362436918 
1994, 110.73463028414 
1995, 99.6586551691495 
1996, 90.2789071444405 
1997, 79.1600064327827 
1998, 67.2130747698627 
1999, 53.5153914506038 
2000, 53.8688589440855 
2001, 56.2097288147415 
2002, 48.9834197719758 
2003, 48.361720440958 
2004, 52.8003118742403 
2005, 52.017271095475 
2006, 49.1216344813936 
2007, 47.8480467844639 
2008, 39.0653315678311 
2009, 38.5646441578049 
2010, 33.8633358536841 
2011, 55.5104533201293 
2012, 79.5195565611987 
2013, 86.4840260844054 
2014, 89.4513378693005 
2015, 85.3668045875841 
2016, 87.0061390221269 
2017, 78.2383186701376 
2018, 83.9339246512179 
2019, 106.000535478827 
2020, 116.125336401718 
2021, 122.427182891023 
2022, 133.036880971928 
2023, 149.547525617935 
2024, 152.119882719846 
2025, 153.087673802014 
2026, 156.525856665063 
2027, 160.626119180525 
2028, 161.41530830983 
2029, 155.197143723385 
2030, 153.581538627611 
2031, 143.559816867764 
2032, 106.734466837819 
2033, 102.035870496403 
2034, 112.818081807519 
2035, 119.876103029165 
2036, 149.259985837222 
2037, 161.127198826561 
2038, 161.674815101186 
2039, 166.238588147322 
2040, 162.369047651564 
2041, 150.456423489339 
2042, 142.039807348842 
2043, 123.923137423636 
2044, 119.86240107013 
2045, 125.107760289893 
2046, 121.688440311915 
2047, 119.515457937933 
2048, 121.536003434719 
2049, 126.040021777849 
2050, 122.847022366194 
2051, 119.368844488216 
2052, 120.036608346543 
2053, 104.34125077333 
2054, 80.7415003435682 
2055, 73.7227904585037 
2056, 73.1517483246776 
2057, 72.7655617880038 
2058, 80.2695351375402 
2059, 87.1647483586537 
2060, 104.55060782525 
2061, 102.878302865275 
2062, 84.7095646202716 
2063, 83.4146006080444 
2064, 66.2248576189807 
2065, 71.149131568857 
2066, 105.105740154645 
2067, 139.39323314861 
2068, 157.59470223641 
2069, 172.73007939711 
2070, 187.970235650383 
2071, 197.789924330629 
2072, 201.852013171502 
2073, 199.69636915992 
2074, 209.659534362832 
2075, 211.532763820341 
2076, 222.738286832863 
2077, 270.683245033517 
2078, 280.468028863705 
2079, 255.460366009866 
2080, 253.435139685024 
2081, 247.164349671961 
2082, 232.820196648224 
2083, 243.87018034556 
2084, 286.781685688052 
2085, 303.855106103099 
2086, 325.156925895744 
2087, 330.630627683638 
2088, 314.339557264993 
2089, 317.521046089875 
2090, 315.291409148944 
2091, 324.775617997943 
2092, 358.783032904763 
2093, 374.893626588699 
2094, 389.31504312957 
2095, 397.230315543484 
2096, 382.312397418106 
2097, 388.055105664938 
2098, 397.422474038803 
2099, 411.521296713407 
2100, 422.664119922393 
2101, 447.711556465302 
2102, 455.101647033439 
2103, 445.638056675101 
2104, 449.336467472786 
2105, 445.307734549947 
2106, 457.569487464529 
2107, 492.327514554691 
2108, 511.396529517272 
2109, 530.957173157475 
2110, 550.648843908449 
2111, 563.005748801081 
2112, 574.252117748251 
2113, 599.05496414279 
2114, 602.292607230029 
2115, 609.293341341892 
2116, 597.733971961467 
2117, 618.958030503169 
2118, 662.357029730032 
2119, 683.254799757072 
2120, 712.914350338364 
2121, 735.165060236549 
2122, 722.33435490136 
2123, 745.451336289629 
2124, 804.071314727652 
2125, 839.285520698686 
2126, 882.856398945205 
2127, 912.862701567515 
2128, 926.565623401887 
2129, 933.050880542803 
2130, 945.811259486406 
2131, 954.496903932069 
2132, 971.537748621079 
2133, 988.921715188112 
2134, 1014.74835266995 
2135, 1050.24522216412 
2136, 1080.49042892758 
2137, 1112.85546527962 
2138, 1148.20128394225 
2139, 1189.31888973545 
2140, 1220.18134859024 
2141, 1249.22491128391 
2142, 1276.59343183314 
2143, 1295.92756276503 
2144, 1315.01870770088 
2145, 1329.99983993556 
2146, 1352.57562698981 
2147, 1384.77729189036 
2148, 1406.15624824088 
2149, 1429.91505067996 
2150, 1464.08979380974 
2151, 1484.42633202662 
2152, 1487.0957309435 
2153, 1508.15309582563 
2154, 1536.1986290578 
2155, 1560.41065743748 
2156, 1594.40765886726 
2157, 1616.59337514426 
2158, 1634.64909197626 
2159, 1646.16675224164 
2160, 1636.50701608255 
2161, 1649.98660582038 
2162, 1664.76434425378 
2163, 1687.40696878245 
2164, 1727.43995526327 
2165, 1777.57708846113 
2166, 1811.57877667555 
2167, 1838.08149465229 
2168, 1877.61164152551 
2169, 1916.96732628147 
2170, 1956.67137343352 
2171, 2007.47049446559 
2172, 2049.71936617901 
2173, 2092.41429649338 
2174, 2121.07663197369 
2175, 2142.31260962543 
2176, 2162.22821641479 
2177, 2164.75949451639 
2178, 2176.86741182761 
2179, 2196.43432461146 
2180, 2211.92693298612 
2181, 2220.13109449105 
2182, 2238.31687117376 
2183, 2262.85897289443 
2184, 2289.82709567431 
2185, 2301.62221146637 
2186, 2313.46510877772 
2187, 2337.23810114581 
2188, 2350.30272361379 
2189, 2385.35179944456 
2190, 2455.68916883914 
2191, 2488.89950372519 
2192, 2517.46138756148 
2193, 2533.12016977069 
2194, 2525.40076576696 
2195, 2526.47439448265 
2196, 2522.55260226084 
2197, 2519.94896538223 
2198, 2510.5019789381 
2199, 2512.98741918779 
2200, 2514.52897407939 
2201, 2529.77865667986 
2202, 2567.36907827541 
2203, 2594.54648473445 
2204, 2618.16289403633 
2205, 2650.13132333078 
2206, 2686.94209981226 
2207, 2727.79381748718 
2208, 2776.95103113036 
2209, 2849.43492307485 
2210, 2896.00603916752 
2211, 2941.3440951563 
2212, 2965.88230933599 
2213, 2971.47740442076 
2214, 2981.33724822008 
2215, 2977.11656258028 
2216, 2980.91672358112 
2217, 2985.90555396373 
2218, 2992.93282037736 
2219, 2998.05993911646 
2220, 3006.66556376264 
2221, 3020.28779307712 
2222, 3033.02843757588 
2223, 3051.61418596343 
2224, 3063.74723268863 
2225, 3074.51510696099 
2226, 3082.72801469048 
2227, 3088.54942088236 
2228, 3083.0760335902 
2229, 3087.99385467641 
2230, 3095.92272018453 
2231, 3100.86287366134 
2232, 3115.04912673908 
2233, 3105.25752373831 
2234, 3076.7531676681 
2235, 3064.68857240651 
2236, 3045.41557669797 
2237, 3033.39051329016 
2238, 3032.6731469496 
2239, 3031.72508630177 
2240, 3036.07695345785 
2241, 3026.94086421968 
2242, 3019.57444925567 
2243, 3005.95275199274 
2244, 2965.3821269884 
2245, 2949.0004520586 
2246, 2954.65866301391 
2247, 2944.11809877833 
2248, 2939.91476628917 
2249, 2924.32305675541 
2250, 2889.88318015276 
2251, 2859.27849196258 
2252, 2827.34368686784 
2253, 2798.53134941411 
2254, 2749.13650669379 
2255, 2700.77894561501 
2256, 2663.38259579634 
2257, 2611.75846044763 
2258, 2580.35678870399 
2259, 2569.25759585783 
2260, 2545.14903859831 
2261, 2519.11275996808 
2262, 2498.22217781767 
2263, 2481.17537775836 
2264, 2459.14621511541 
2265, 2440.07993797922 
2266, 2413.47642293055 
2267, 2377.65993985259 
2268, 2346.07886695769 
2269, 2314.05478920985 
2270, 2283.15211193056 
2271, 2247.00873535817 
2272, 2219.87782333133 
2273, 2203.33068016649 
2274, 2178.93992856406 
2275, 2160.4593954582 
2276, 2135.9077057671 
2277, 2102.14831587692 
2278, 2066.53816941717 
2279, 2030.32272166679 
2280, 1990.51043357712 
2281, 1940.99215118006 
2282, 1898.73310607466 
2283, 1861.31081967999 
2284, 1807.52635798817 
2285, 1765.42124427924 
2286, 1725.68419422775 
2287, 1682.08116861751 
2288, 1644.44890483883 
2289, 1601.1458573218 
2290, 1547.9930073035 
2291, 1514.32603230513 
2292, 1484.53080634165 
2293, 1466.15089279347 
2294, 1475.97973071408 
2295, 1454.2089440492 
2296, 1425.22269165743 
2297, 1391.47200539613 
2298, 1336.27892933509 
2299, 1294.68391241146 
2300, 1255.894730173 
2301, 1222.33038877179 
2302, 1189.61255340938 
2303, 1163.92663279336 
2304, 1142.01770904862 
2305, 1127.96992945115 
2306, 1127.23229099863 
2307, 1122.27263642517 
2308, 1128.19042976662 
2309, 1121.03091590198 
2310, 1107.69892324644 
2311, 1083.85921689585 
2312, 1047.44128161545 
2313, 1014.4809553456 
2314, 970.14436330235 
2315, 941.625454674572 
2316, 897.021482855725 
2317, 853.923630473157 
2318, 824.512707655598 
2319, 781.780903247102 
2320, 755.278540647042 
2321, 738.708690887832 
2322, 730.848542819094 
2323, 738.457944086486 
2324, 735.835318390997 
2325, 733.973011079832 
2326, 730.056558122187 
2327, 712.330081138027 
2328, 698.51404597677 
2329, 693.133202806365 
2330, 681.156623138764 
2331, 656.432548235454 
2332, 638.233775126611 
2333, 623.13790905326 
2334, 608.209279539579 
2335, 594.454087143449 
2336, 583.331729102362 
2337, 577.750542782486 
2338, 566.27363752457 
2339, 549.063876617347 
2340, 534.507622256579 
2341, 521.417695055096 
2342, 504.872421274264 
2343, 486.614979737376 
2344, 475.665276167707 
2345, 463.954335616097 
2346, 453.041710996609 
2347, 453.097783379348 
2348, 437.707867098277 
2349, 412.743287773768 
2350, 390.51667676543 
2351, 348.681295703801 
2352, 336.398388228189 
2353, 352.630548041409 
2354, 350.4749203869 
2355, 362.142104939105 
2356, 357.304779011275 
2357, 307.125927875328 
2358, 297.433280140194 
2359, 319.077708354602 
2360, 320.982306699544 
2361, 337.741745732307 
2362, 344.600483506978 
2363, 329.270584749726 
2364, 323.00213593774 
2365, 322.249947487271 
2366, 320.641911637778 
2367, 306.992075177581 
2368, 273.621577346811 
2369, 247.320218441568 
2370, 227.55917844426 
2371, 210.565193228438 
2372, 210.342886724225 
2373, 210.961404169937 
2374, 210.63218771299 
2375, 227.698120481018 
2376, 219.158945300528 
2377, 202.448889945929 
2378, 200.610084084357 
2379, 188.211365859214 
2380, 199.868026843082 
2381, 203.892366844749 
2382, 200.148565141716 
2383, 202.176061447768 
2384, 174.553477078369 
2385, 168.514612776394 
2386, 170.775072593206 
2387, 169.169306634174 
2388, 190.141926845861 
2389, 202.986948457767 
2390, 205.599875313737 
2391, 203.91998124148 
2392, 200.180995117635 
2393, 195.226578539034 
2394, 194.351590708288 
2395, 205.838134057019 
2396, 197.269699361974 
2397, 186.714264812272 
2398, 186.37778347299 
2399, 164.070613013523 
2400, 175.330653416633 
2401, 195.268304391804 
2402, 192.218651968411 
2403, 195.333672525251 
2404, 171.874158392407 
2405, 162.457747880607 
2406, 149.477090768305 
2407, 139.897814588424 
2408, 132.9981444217 
2409, 138.922423729229 
2410, 147.628466134966 
2411, 158.362581909975 
2412, 187.107507788395 
2413, 192.161901357247 
2414, 184.5188953698 
2415, 185.08500124756 
2416, 182.3778013439 
2417, 180.734288133339 
2418, 181.711850312578 
2419, 169.336196489094 
2420, 148.925665788062 
2421, 139.282687427529 
2422, 127.293414996184 
2423, 118.778321817011 
2424, 113.068197935568 
2425, 111.993570362104 
2426, 114.974489406906 
2427, 114.263656911231 
2428, 125.359124401601 
2429, 117.760455950473 
2430, 87.4931411017768 
2431, 84.5351248022169 
2432, 89.308212387294 
2433, 85.8833087185215 
2434, 95.5837938427079 
2435, 92.4902111232225 
2436, 66.1598881314905 
2437, 70.3031690001072 
2438, 94.6850969148724 
2439, 103.629523565117 
2440, 125.473883848506 
2441, 120.830409922588 
2442, 88.2073215383458 
2443, 75.7143643723648 
2444, 61.9808642819155 
2445, 45.7487669762787 
2446, 45.053795749519 
2447, 38.8034017373185 
2448, 38.7300132407431 
2449, 52.4431948681445 
2450, 59.1628111918406 
2451, 60.665223169749 
2452, 73.1814741202331 
2453, 76.9470127828614 
2454, 73.2413998094811 
2455, 79.6290517610969 
2456, 71.5846911568835 
2457, 46.0199404088028 
2458, 26.0869218923853 
2459, 22.2574706360454 
2460, 23.8441899780628 
2461, 53.918421218909 
2462, 95.4401935470234 
2463, 105.32391418908 
2464, 110.920226749066 
2465, 109.489060868213 
2466, 102.282811878656 
2467, 98.3058225693718 
2468, 84.4514078207379 
2469, 71.9240189318375 
2470, 65.3924168862772 
2471, 58.9260271388563 
2472, 49.023409959392 
2473, 39.8924744161072 
2474, 22.182351843391 
2475,-7.40895576742977 
2476,-15.241189058451 
2477,-14.2200449840112 
2478,-22.7137995132896 
2479,-18.0840761727956 
2480,-3.47158607119374 
2481, 3.24384396493687 
2482, 0.775625461397243 
2483, 11.9265229962106 
2484, 15.7367807057273 
2485,-1.21516282435742 
2486, 1.46232373002819 
2487,-4.1647470953984 
2488,-11.9342612402598 
2489, 4.87509048984003 
2490, 14.7921685967048 
2491, 29.7339004616306 
2492, 36.5242481111818 
2493, 43.8531692769275 
2494, 54.2498220486975 
2495, 46.8476838036803 
2496, 56.198580401668 
2497, 34.1700252412879 
2498, 30.6397443372789 
2499, 37.5598676189104 
2500, 39.0866073282436 
