Wavelength,0212202100073.asd
350, 494.273745373602 
351, 520.23642467946 
352, 545.23816792039 
353, 565.975416151553 
354, 585.41213751215 
355, 605.677293224324 
356, 627.478240793524 
357, 647.773234694592 
358, 670.558469319091 
359, 696.134962976295 
360, 723.548242480055 
361, 755.866896345288 
362, 792.750134747346 
363, 832.884178156908 
364, 874.305526864532 
365, 916.357299838245 
366, 956.56192035213 
367, 991.925054748176 
368, 1019.1851775982 
369, 1036.84145321473 
370, 1043.54486850431 
371, 1040.72756973964 
372, 1037.60637303308 
373, 1037.607935309 
374, 1040.76432103344 
375, 1044.55239749437 
376, 1047.06824771748 
377, 1047.85323270911 
378, 1045.95295330176 
379, 1039.50001945864 
380, 1028.51834073268 
381, 1014.944220599 
382, 1000.16701661531 
383, 982.194878760002 
384, 963.553039420834 
385, 949.811414498133 
386, 948.387987522084 
387, 968.33526019442 
388, 998.392579128323 
389, 1025.10513875767 
390, 1036.24912580333 
391, 1048.53996920835 
392, 1061.19806983725 
393, 1071.60020086718 
394, 1078.93135729234 
395, 1101.43056044363 
396, 1145.68909542434 
397, 1213.48277504974 
398, 1311.05477865127 
399, 1421.40447881652 
400, 1533.84512314957 
401, 1644.60451279396 
402, 1751.73263836256 
403, 1839.25878896358 
404, 1900.49989331973 
405, 1948.89777283256 
406, 1988.73436907888 
407, 2023.94155800726 
408, 2060.2737629864 
409, 2112.91443279369 
410, 2176.12400971065 
411, 2245.18476996768 
412, 2316.7005850513 
413, 2387.97019945785 
414, 2458.42007206595 
415, 2526.27059432401 
416, 2586.83781465906 
417, 2642.95508269791 
418, 2700.98906323095 
419, 2763.76333336384 
420, 2815.47104079489 
421, 2868.86537366544 
422, 2928.08433097646 
423, 2989.60730468817 
424, 3047.19874674189 
425, 3093.67751006248 
426, 3122.27678847055 
427, 3126.22574736897 
428, 3116.04849080824 
429, 3119.49829291517 
430, 3159.06204882649 
431, 3216.13423576107 
432, 3292.4944849938 
433, 3404.7647079864 
434, 3573.01640995353 
435, 3750.20552522635 
436, 3886.50812648943 
437, 3971.93572078785 
438, 4061.19912578105 
439, 4153.63200320944 
440, 4241.14447654649 
441, 4319.96190251471 
442, 4421.71659721878 
443, 4530.7431988688 
444, 4631.05680166559 
445, 4709.54587981389 
446, 4775.41356036103 
447, 4836.06775845807 
448, 4899.33941995344 
449, 4975.87218438199 
450, 5041.00645329268 
451, 5077.38614038589 
452, 5078.25093426459 
453, 5068.25657538603 
454, 5042.09722239442 
455, 5007.09465994183 
456, 4982.24819883792 
457, 4979.11196616741 
458, 4983.97471826677 
459, 4982.74134007349 
460, 4971.09279118289 
461, 4953.89732549732 
462, 4935.62623421797 
463, 4917.60683657557 
464, 4886.71761819175 
465, 4838.24639489607 
466, 4778.437907379 
467, 4723.73343132423 
468, 4677.51533849125 
469, 4642.65529803503 
470, 4621.28329575847 
471, 4617.3817248295 
472, 4615.04553443627 
473, 4615.17757966874 
474, 4624.05254453595 
475, 4625.31538013523 
476, 4623.13649311657 
477, 4622.59468141807 
478, 4627.39594668979 
479, 4642.88588348689 
480, 4663.26861399389 
481, 4678.11043551314 
482, 4675.92099889267 
483, 4643.40163551343 
484, 4572.71185617897 
485, 4465.72937315911 
486, 4359.79344678179 
487, 4284.07636352453 
488, 4262.52174167397 
489, 4315.8415199411 
490, 4395.6880142301 
491, 4460.29757768851 
492, 4484.70582897408 
493, 4495.11530094424 
494, 4508.12852332915 
495, 4533.54270936671 
496, 4571.75434910535 
497, 4583.39609798736 
498, 4570.82706160517 
499, 4543.55041955528 
500, 4506.92074321358 
501, 4479.58477311325 
502, 4469.44541028028 
503, 4480.10373474815 
504, 4522.37885138783 
505, 4581.12009892665 
506, 4641.02071549955 
507, 4689.25935320947 
508, 4726.12215564401 
509, 4754.50353975472 
510, 4780.18506140708 
511, 4815.72753445371 
512, 4839.85017974175 
513, 4843.83968920698 
514, 4826.84432098485 
515, 4788.99842616463 
516, 4738.46408193648 
517, 4688.37315741845 
518, 4655.66728587113 
519, 4693.77555185845 
520, 4807.35248842629 
521, 4967.93998719321 
522, 5101.29228013608 
523, 5201.22574508662 
524, 5272.04592785727 
525, 5324.87508164855 
526, 5348.22506449724 
527, 5356.99527139875 
528, 5383.93226999723 
529, 5493.92634851992 
530, 5635.47380307803 
531, 5753.4409274668 
532, 5804.31813433264 
533, 5821.7464164022 
534, 5848.10363787889 
535, 5906.2762050623 
536, 5994.878750163 
537, 6058.65878327239 
538, 6087.85996554616 
539, 6090.82369370243 
540, 6087.40546504319 
541, 6092.72290324773 
542, 6124.66002025003 
543, 6195.8124756281 
544, 6276.57479739255 
545, 6346.78666816116 
546, 6395.40764480202 
547, 6422.43189839192 
548, 6441.38598583001 
549, 6464.03828557297 
550, 6496.7148201581 
551, 6529.47398403868 
552, 6555.24519495095 
553, 6574.50650264907 
554, 6593.49610516332 
555, 6608.00045777311 
556, 6600.69447418298 
557, 6562.49226140779 
558, 6502.91461280788 
559, 6451.44272085444 
560, 6426.53717402948 
561, 6435.71051499263 
562, 6465.0356160222 
563, 6482.49696386739 
564, 6472.00412022788 
565, 6438.31665593972 
566, 6394.4141181735 
567, 6349.97327291701 
568, 6309.95901149476 
569, 6270.2821032433 
570, 6220.95284258593 
571, 6174.50213165271 
572, 6155.70409157452 
573, 6161.19801283681 
574, 6160.9693784181 
575, 6134.6981433643 
576, 6082.73285126404 
577, 6032.60183454676 
578, 6004.39914973959 
579, 6009.57667478039 
580, 6037.3190077199 
581, 6087.40738875385 
582, 6149.20131844979 
583, 6202.28680126044 
584, 6234.13675038147 
585, 6230.22970510911 
586, 6189.01906125866 
587, 6136.36436464304 
588, 6075.1480167893 
589, 5995.23367819788 
590, 5893.9223616139 
591, 5857.57666066381 
592, 5883.89929797533 
593, 5932.32009508548 
594, 5926.7091416993 
595, 5894.21861424341 
596, 5848.52447029816 
597, 5799.02438352871 
598, 5746.31736463067 
599, 5683.77410796679 
600, 5615.28778124736 
601, 5552.59413843964 
602, 5505.12884700483 
603, 5478.13532659547 
604, 5469.76449864121 
605, 5469.67604826369 
606, 5454.24252722912 
607, 5421.22266738023 
608, 5378.73865851221 
609, 5337.05352116357 
610, 5297.62835346389 
611, 5261.28513436667 
612, 5228.31727259416 
613, 5193.74837364127 
614, 5155.62163363913 
615, 5115.75380153279 
616, 5082.1276138948 
617, 5058.76435129667 
618, 5053.18326151194 
619, 5069.54745317322 
620, 5088.17212244585 
621, 5086.39058945572 
622, 5056.42950214782 
623, 5009.08858292031 
624, 4958.16554015894 
625, 4909.77335747423 
626, 4866.23396757309 
627, 4827.51650658698 
628, 4789.97125492803 
629, 4754.45096436411 
630, 4726.25344606363 
631, 4721.40546346423 
632, 4730.20545626372 
633, 4743.0648054728 
634, 4756.97356126702 
635, 4767.18932096502 
636, 4772.1386388051 
637, 4772.01754542182 
638, 4769.10413205287 
639, 4755.54689009378 
640, 4728.05638377918 
641, 4688.89946032605 
642, 4654.93449384104 
643, 4631.78912556364 
644, 4616.33557803468 
645, 4593.37327389635 
646, 4559.82507825277 
647, 4519.12041322866 
648, 4478.5611754553 
649, 4444.89815545312 
650, 4415.53249034869 
651, 4395.78518873382 
652, 4397.49341617277 
653, 4381.8085114137 
654, 4327.28847617905 
655, 4231.98987904037 
656, 4122.89775451598 
657, 4041.43478512015 
658, 4035.57163915689 
659, 4131.79749649911 
660, 4232.56201617487 
661, 4288.40592090358 
662, 4295.1570356338 
663, 4296.42363529107 
664, 4289.30524144094 
665, 4279.41060492483 
666, 4272.11036946725 
667, 4270.85322668177 
668, 4266.38511638702 
669, 4258.33685522723 
670, 4250.70863459627 
671, 4239.07911365519 
672, 4225.51767999528 
673, 4215.26476446687 
674, 4216.75291684751 
675, 4219.13569013158 
676, 4219.06794515733 
677, 4216.70429768344 
678, 4216.56455266923 
679, 4215.33040448288 
680, 4211.71466885672 
681, 4205.78969883957 
682, 4198.95511096501 
683, 4186.44473729658 
684, 4149.98718609986 
685, 4054.06918059398 
686, 3889.29573334424 
687, 3670.5544173477 
688, 3449.93159791156 
689, 3357.1580337361 
690, 3421.10063449563 
691, 3580.94091862615 
692, 3723.47005308983 
693, 3852.66260459974 
694, 3944.31204435991 
695, 3994.44945579513 
696, 4029.5932975176 
697, 4054.5213262659 
698, 4066.89977370806 
699, 4063.56537715288 
700, 4047.57429499764 
701, 4032.1671127071 
702, 4025.31494622157 
703, 4031.0456399283 
704, 4055.9263166117 
705, 4085.41049906827 
706, 4107.50939338857 
707, 4117.88092382349 
708, 4124.68990309312 
709, 4130.00594239355 
710, 4134.09376805052 
711, 4137.52886665727 
712, 4136.9923968044 
713, 4132.25013119082 
714, 4123.0277975137 
715, 4097.86008942483 
716, 4042.5831626 
717, 3952.15467861278 
718, 3833.53825034246 
719, 3729.06338653794 
720, 3684.76301181999 
721, 3722.00156415642 
722, 3808.60782362315 
723, 3868.43251074268 
724, 3876.13248242068 
725, 3845.97278918535 
726, 3836.31896933492 
727, 3843.33082631059 
728, 3855.6576462495 
729, 3861.41470633832 
730, 3881.35330417678 
731, 3918.92217402585 
732, 3970.83305606461 
733, 4029.73746931444 
734, 4080.17304285743 
735, 4110.70461251562 
736, 4116.28744879927 
737, 4107.51230084134 
738, 4094.89532183247 
739, 4081.62798088922 
740, 4065.11680952852 
741, 4054.31252304387 
742, 4051.37723844175 
743, 4055.30251547509 
744, 4062.37777354347 
745, 4065.44556006709 
746, 4061.59912984922 
747, 4050.83751227166 
748, 4037.26630527288 
749, 4014.24326288792 
750, 3984.53224677904 
751, 3957.03191119324 
752, 3938.11923621123 
753, 3923.16602755831 
754, 3907.84238702737 
755, 3889.60959667447 
756, 3857.15304393972 
757, 3765.0773009066 
758, 3541.49232225264 
759, 3065.52523722424 
760, 2370.47799088979 
761, 1690.58837010771 
762, 1309.21307594302 
763, 1301.97766581066 
764, 1493.03160906617 
765, 1788.97791496435 
766, 2173.21410377216 
767, 2587.78066709662 
768, 2939.93027281148 
769, 3174.98732308645 
770, 3298.70251456084 
771, 3349.03809143677 
772, 3354.64002310151 
773, 3338.43286397413 
774, 3316.46849517266 
775, 3287.62006044213 
776, 3255.85138466598 
777, 3225.45070385763 
778, 3193.19732071491 
779, 3158.38441433285 
780, 3123.27338518761 
781, 3091.82054144977 
782, 3059.17550734924 
783, 3024.48924930658 
784, 2988.83139064831 
785, 2955.1433828031 
786, 2921.153047167 
787, 2885.62522347528 
788, 2847.41215499171 
789, 2804.70115513125 
790, 2760.12976478963 
791, 2715.51020450843 
792, 2672.22421241679 
793, 2630.65283640703 
794, 2595.31222329897 
795, 2569.77611564112 
796, 2555.06668739507 
797, 2540.68661030241 
798, 2522.98084128945 
799, 2500.28590876799 
800, 2472.37426704673 
801, 2443.58724699014 
802, 2417.1158574531 
803, 2394.016403519 
804, 2371.52886964402 
805, 2351.65716442286 
806, 2334.66906345188 
807, 2318.35336057114 
808, 2294.04066883247 
809, 2267.77741633789 
810, 2240.58942067661 
811, 2210.35673781784 
812, 2176.9699160221 
813, 2132.49056186539 
814, 2074.98355962414 
815, 2009.8623906737 
816, 1950.70736804397 
817, 1903.00461177304 
818, 1872.13112884794 
819, 1865.11768870456 
820, 1863.68595501793 
821, 1859.22344194466 
822, 1848.88894154931 
823, 1835.70696408446 
824, 1826.898941733 
825, 1831.24326079273 
826, 1848.04415894937 
827, 1845.74076788037 
828, 1827.61138649216 
829, 1803.26546085139 
830, 1784.23502673966 
831, 1771.27378981274 
832, 1762.49839186729 
833, 1755.19387105842 
834, 1747.19718489101 
835, 1744.56684292783 
836, 1741.22934854541 
837, 1734.15645475036 
838, 1725.44369121721 
839, 1711.01392035831 
840, 1692.45083452697 
841, 1671.82768551333 
842, 1650.02859317527 
843, 1627.23287401113 
844, 1604.87367458664 
845, 1583.24505158559 
846, 1559.5622878104 
847, 1532.88836420766 
848, 1502.00463668316 
849, 1466.90866317106 
850, 1431.50377854204 
851, 1391.12683791623 
852, 1349.91765754243 
853, 1315.00260501364 
854, 1286.28046310524 
855, 1260.09320670534 
856, 1241.52694377075 
857, 1238.47694212814 
858, 1241.47007672169 
859, 1233.79042785162 
860, 1213.09823120614 
861, 1189.61948825626 
862, 1161.9639190459 
863, 1131.24383264261 
864, 1098.33915152651 
865, 1063.76340567012 
866, 1029.09129630386 
867, 998.055490929125 
868, 974.905272333947 
869, 963.483983739453 
870, 953.368149099276 
871, 940.3604219244 
872, 922.764358364863 
873, 900.552343922394 
874, 877.534569349618 
875, 855.508676986782 
876, 834.6325272591 
877, 812.867296905154 
878, 793.271636455804 
879, 774.902114783271 
880, 756.200750869263 
881, 737.511293064555 
882, 718.862485749209 
883, 701.332768508224 
884, 685.586619546752 
885, 669.895964649544 
886, 654.13030214554 
887, 638.339191044132 
888, 622.692914441736 
889, 607.226072633331 
890, 592.875453900499 
891, 578.374258998758 
892, 561.956689756775 
893, 544.680624136574 
894, 526.072128999196 
895, 505.817963559184 
896, 484.309530671856 
897, 464.33801434595 
898, 444.670775523493 
899, 427.609388599699 
900, 416.390171857374 
901, 407.226084453696 
902, 401.709334995317 
903, 398.950750791089 
904, 396.318552036957 
905, 392.243347520268 
906, 388.38260565877 
907, 381.865620065573 
908, 368.838509955294 
909, 358.800567758603 
910, 350.567334599938 
911, 343.12713232721 
912, 336.641081202626 
913, 334.390028615616 
914, 330.916966769655 
915, 325.543775079964 
916, 321.416550366716 
917, 318.521851563256 
918, 315.905009317791 
919, 314.274118402077 
920, 314.553597309757 
921, 311.151365652696 
922, 307.333242846965 
923, 303.136234016818 
924, 296.409394558111 
925, 289.469240374074 
926, 281.061217973752 
927, 270.350782838021 
928, 257.279872142925 
929, 243.195780484017 
930, 226.377672647083 
931, 207.832979621902 
932, 190.366600109141 
933, 175.545332399522 
934, 163.508052011239 
935, 155.12609102532 
936, 150.741047693328 
937, 146.173127190942 
938, 147.343438463841 
939, 150.950849430389 
940, 151.031483067319 
941, 152.472980841747 
942, 152.372779807592 
943, 149.682252530512 
944, 145.070571663029 
945, 141.242478041188 
946, 137.74265122355 
947, 134.077800234309 
948, 130.784764941909 
949, 131.772651211668 
950, 131.073077250044 
951, 129.206407553603 
952, 127.876549299449 
953, 125.952093297544 
954, 124.78463124874 
955, 123.05620335717 
956, 120.341178493977 
957, 119.246904318968 
958, 116.976103767709 
959, 114.903852949394 
960, 113.917032864313 
961, 112.690833499076 
962, 110.968567363688 
963, 109.083514814013 
964, 107.247818457867 
965, 105.408920984383 
966, 104.249685507352 
967, 103.294232436578 
968, 101.472764161703 
969, 98.0593710209742 
970, 96.9974525128845 
971, 93.63910728369 
972, 89.1649445338052 
973, 87.4888707476726 
974, 83.0284153754172 
975, 79.3103781508607 
976, 76.7919190540474 
977, 74.2335607622187 
978, 71.1463918743576 
979, 67.55209481223 
980, 64.4961318618556 
981, 62.6102995103874 
982, 60.7620640933058 
983, 57.8534595621017 
984, 56.4245428885857 
985, 56.5583282349878 
986, 53.4629145372109 
987, 50.5991598842955 
988, 48.5548954702313 
989, 46.6927208554915 
990, 43.9502795827692 
991, 41.8541057566124 
992, 40.401930353318 
993, 39.6262342037805 
994, 39.2415949063333 
995, 36.9150513762695 
996, 34.8913936825551 
997, 33.2652381512942 
998, 31.5758616761062 
999, 31.3326883008003 
1000, 29.7319848792053 
1001, 143.912077657411 
1002, 141.17863208141 
1003, 135.444280949273 
1004, 133.854045640814 
1005, 130.457988075213 
1006, 125.613125624847 
1007, 126.098222328688 
1008, 127.431488059264 
1009, 126.202756416911 
1010, 122.972169731002 
1011, 121.80011699522 
1012, 121.386934652602 
1013, 119.181701655131 
1014, 109.869249767454 
1015, 107.691602323016 
1016, 108.554867134894 
1017, 105.196085327556 
1018, 112.196903128474 
1019, 119.889381456876 
1020, 122.491200481152 
1021, 127.258184760562 
1022, 126.287689678198 
1023, 121.61542468675 
1024, 117.256119374893 
1025, 116.246089378334 
1026, 113.37993543159 
1027, 118.16172762742 
1028, 119.822685689081 
1029, 115.866082351908 
1030, 118.137066622485 
1031, 115.82239951541 
1032, 114.675667401569 
1033, 115.093874898972 
1034, 108.711853216658 
1035, 109.020022981905 
1036, 112.942334592706 
1037, 120.505490405633 
1038, 122.412900543394 
1039, 127.294118021021 
1040, 129.371154617986 
1041, 124.75952045174 
1042, 126.297778588506 
1043, 127.120124068118 
1044, 122.430556302145 
1045, 123.858337569148 
1046, 130.960610400881 
1047, 136.641432234451 
1048, 144.422514948348 
1049, 151.617740606557 
1050, 155.0661098293 
1051, 153.127298930063 
1052, 153.138348941868 
1053, 156.58965503949 
1054, 158.163696986118 
1055, 160.448196128301 
1056, 164.47592255828 
1057, 167.522105108065 
1058, 168.562950158473 
1059, 174.73614119815 
1060, 179.4821331512 
1061, 179.244568308712 
1062, 182.951446962351 
1063, 191.93668347775 
1064, 196.16151441248 
1065, 196.931467082412 
1066, 204.805787418498 
1067, 208.725450112691 
1068, 212.729903454162 
1069, 221.537772769636 
1070, 225.823511560699 
1071, 230.470263865196 
1072, 240.473236710962 
1073, 246.27635027674 
1074, 248.998761669749 
1075, 254.214340362601 
1076, 260.453010731567 
1077, 263.026196901523 
1078, 266.78837653769 
1079, 273.438740738459 
1080, 276.327685889584 
1081, 277.704912786367 
1082, 285.117683375991 
1083, 297.008028350517 
1084, 302.375681819254 
1085, 302.372188423219 
1086, 304.631837959128 
1087, 300.305062912423 
1088, 301.688438253182 
1089, 311.865622897399 
1090, 314.058381711252 
1091, 314.760552732085 
1092, 311.751928065042 
1093, 300.862917692533 
1094, 292.460989359059 
1095, 294.56438233998 
1096, 295.442416236296 
1097, 297.607165187297 
1098, 301.876131202562 
1099, 303.431269843636 
1100, 301.663497884978 
1101, 299.54069907157 
1102, 297.434074298612 
1103, 294.664728981061 
1104, 289.662131796887 
1105, 284.073425148741 
1106, 280.116061468063 
1107, 278.480453992848 
1108, 278.466057705233 
1109, 277.025282426174 
1110, 277.294032103839 
1111, 272.75231132984 
1112, 262.459275911071 
1113, 245.335155937294 
1114, 231.419003002501 
1115, 209.883918250723 
1116, 197.184414681193 
1117, 192.644402247556 
1118, 181.703468217832 
1119, 166.925528459563 
1120, 161.193806720825 
1121, 150.670350803685 
1122, 134.639734701414 
1123, 134.220664743496 
1124, 136.919782985149 
1125, 136.915199558235 
1126, 142.63115599117 
1127, 142.828026764968 
1128, 134.839182901119 
1129, 134.334190229269 
1130, 137.872525354592 
1131, 140.878785165112 
1132, 150.034153913627 
1133, 153.230284600277 
1134, 153.891626342128 
1135, 148.956604978623 
1136, 150.385300903914 
1137, 151.102221816288 
1138, 153.965591020698 
1139, 161.392281031405 
1140, 165.60653690859 
1141, 169.802077127976 
1142, 171.35906075194 
1143, 173.42797320779 
1144, 170.253185449518 
1145, 158.341420517422 
1146, 154.108845050328 
1147, 149.695271760933 
1148, 147.82649004337 
1149, 150.027632973974 
1150, 154.104963415809 
1151, 158.784504186012 
1152, 163.736840895868 
1153, 166.945358270789 
1154, 170.929011204699 
1155, 174.115962327425 
1156, 174.66601352396 
1157, 176.261856537316 
1158, 180.055624068275 
1159, 182.818443350208 
1160, 186.919198732852 
1161, 186.200910210327 
1162, 180.1578075561 
1163, 177.901018435552 
1164, 172.569671128068 
1165, 170.270861135757 
1166, 171.400314512841 
1167, 177.747954736502 
1168, 178.08638359402 
1169, 176.349810984757 
1170, 174.103820033313 
1171, 170.136315148217 
1172, 166.252343712076 
1173, 161.418719565644 
1174, 157.003018438829 
1175, 151.642279618719 
1176, 146.989749312291 
1177, 144.046376246903 
1178, 139.166979862642 
1179, 132.201464225092 
1180, 127.25901126605 
1181, 123.344301883798 
1182, 117.85858667171 
1183, 112.0790559014 
1184, 107.682598956418 
1185, 102.132755241328 
1186, 91.2033842754004 
1187, 89.0420908984059 
1188, 93.066781113899 
1189, 92.9177973927708 
1190, 98.2072252772277 
1191, 96.6473291325746 
1192, 87.4310994245629 
1193, 82.6360890279047 
1194, 75.4998947391624 
1195, 71.9100100902549 
1196, 71.8749115616554 
1197, 71.9377252400607 
1198, 72.9684127796097 
1199, 75.3488776858952 
1200, 77.8292794604522 
1201, 83.7136289214209 
1202, 83.1582315815351 
1203, 77.6868607147113 
1204, 78.1868665450573 
1205, 77.8291258937497 
1206, 77.9593764126647 
1207, 86.531806617421 
1208, 86.3489497664353 
1209, 74.6304537306272 
1210, 72.3205386770156 
1211, 72.7049765794776 
1212, 72.3363039663465 
1213, 73.7474447017335 
1214, 83.7184496107663 
1215, 80.7789404015845 
1216, 69.033004723972 
1217, 65.3073032607245 
1218, 57.9224207625468 
1219, 57.2622747957308 
1220, 64.2073617992601 
1221, 68.069829431533 
1222, 75.9568381164116 
1223, 77.669966934227 
1224, 75.5039176953725 
1225, 75.0179896100943 
1226, 71.7465860415367 
1227, 68.6482292111404 
1228, 65.4142684476079 
1229, 64.2790898569176 
1230, 63.6870119287913 
1231, 62.9520979030754 
1232, 60.9600270337174 
1233, 60.4431280835841 
1234, 59.2034574717484 
1235, 53.1278016758079 
1236, 53.6983098541318 
1237, 61.3705473128989 
1238, 62.6702644095254 
1239, 63.9477681773234 
1240, 63.8705555500285 
1241, 58.6628869972499 
1242, 56.1939329669271 
1243, 53.5600584005345 
1244, 53.7827447865394 
1245, 55.6696114314346 
1246, 59.9809093821162 
1247, 59.5899651053039 
1248, 59.195747077128 
1249, 58.8533866503135 
1250, 54.8456129838806 
1251, 53.1684396297011 
1252, 55.4338507417239 
1253, 53.6449906126057 
1254, 46.8846350722288 
1255, 45.6929217060989 
1256, 47.8518418865362 
1257, 46.9408884946212 
1258, 45.5209898918183 
1259, 46.2007382711965 
1260, 48.5288293264964 
1261, 46.9833911340781 
1262, 45.0064166302488 
1263, 43.650117898058 
1264, 41.9342730863015 
1265, 34.1287965510099 
1266, 35.8792993165634 
1267, 45.5823670553046 
1268, 47.8226002281644 
1269, 50.3218830907744 
1270, 50.991482008871 
1271, 47.8019908563793 
1272, 46.2820513620638 
1273, 46.2937524771312 
1274, 44.4288431912041 
1275, 37.4647223661468 
1276, 36.8037007007682 
1277, 39.9464488164862 
1278, 41.6253763514308 
1279, 45.997189961343 
1280, 50.4450676171176 
1281, 54.1626141235552 
1282, 55.9736970234497 
1283, 58.5677508894327 
1284, 63.5317807300492 
1285, 64.537918090512 
1286, 61.0596754517928 
1287, 62.4834441986337 
1288, 65.3983407475235 
1289, 66.4684505192333 
1290, 70.1027713032168 
1291, 70.9177498787756 
1292, 70.0533635872561 
1293, 67.2321798077736 
1294, 60.230893378551 
1295, 57.1014450801631 
1296, 52.0088221201926 
1297, 50.4476774798067 
1298, 51.563385885191 
1299, 58.3995451458303 
1300, 64.4627639743147 
1301, 60.9426067060224 
1302, 60.5874452719268 
1303, 58.1370615811809 
1304, 56.9481922386131 
1305, 55.407749148941 
1306, 56.2452424275139 
1307, 61.1797830831451 
1308, 59.6470693528999 
1309, 54.2498452827837 
1310, 51.533889450449 
1311, 42.9337153899646 
1312, 41.2955343487685 
1313, 47.0682024476134 
1314, 51.5883157913394 
1315, 60.3096801435595 
1316, 64.7237331160332 
1317, 67.5464927068394 
1318, 69.6315770403706 
1319, 71.362587767611 
1320, 65.9799041857874 
1321, 60.1488333885012 
1322, 58.1454899920426 
1323, 57.0976052641818 
1324, 56.8273093402369 
1325, 56.2329522313449 
1326, 59.6051486138514 
1327, 57.8668416310904 
1328, 51.3512153517314 
1329, 48.1823395112333 
1330, 43.2242114357965 
1331, 41.5881048159043 
1332, 44.7094293157605 
1333, 44.727273659633 
1334, 46.4087320483031 
1335, 45.2012673796629 
1336, 39.8158600034807 
1337, 34.6484069867126 
1338, 33.5301604250814 
1339, 36.8417215367446 
1340, 42.8441547383576 
1341, 46.8125782239312 
1342, 44.4810138573483 
1343, 36.4234050599629 
1344, 30.0796388759147 
1345, 18.1584449814014 
1346, 12.3114594077796 
1347, 9.51463224911262 
1348, 7.34687111219497 
1349, 7.61747747771499 
1350, 7.62042301689828 
1351, 8.8036898160824 
1352, 7.55129428507041 
1353, 6.12392425757707 
1354, 4.15588258107928 
1355,-1.52292173780487 
1356,-2.10271642077381 
1357, 1.68979597083695 
1358, 1.63854218027458 
1359, 2.8357772130131 
1360, 5.31291125000001 
1361, 2.10766218292281 
1362,-0.278905001414426 
1363, 0.551454603871357 
1364, 1.1540392920241 
1365, 1.90048386907755 
1366, 5.71862557793527 
1367, 3.91401548478413 
1368,-2.74180838571084 
1369,-3.8065841781135 
1370,-4.99364952579192 
1371,-5.86919603445583 
1372,-4.55302634338044 
1373,-1.53652414518116 
1374, 4.06282925055235 
1375, 5.51390017239181 
1376, 7.38663187250085 
1377, 8.861548285748 
1378, 6.47460918010071 
1379, 3.71284353549038 
1380, 5.9884328874004 
1381, 5.03704528118473 
1382, 1.654126773957 
1383,-0.904637439818115 
1384,-3.33222906887391 
1385,-5.6810388598265 
1386,-7.46928420312314 
1387,-8.30005948570349 
1388,-6.40223161534598 
1389,-0.899214756027807 
1390, 2.37142878539811 
1391, 7.71586522568645 
1392, 9.48799379592353 
1393, 9.48253316421822 
1394, 7.49018803641187 
1395, 2.39003713707293 
1396,-0.953257124356609 
1397,-8.99589616636337 
1398,-9.62926966123809 
1399,-3.22641533569397 
1400,-0.32750014100624 
1401, 7.97960309904901 
1402, 9.20148915689419 
1403, 3.72800570505465 
1404,-1.47513251579478 
1405,-5.23822042308741 
1406,-5.84183266028467 
1407,-1.08036867024401 
1408, 3.53357728386383 
1409, 6.78925716111761 
1410, 9.70111703939089 
1411, 8.51268336432261 
1412, 2.9087482262659 
1413, 2.00363228003117 
1414,-0.86682619376058 
1415,-1.70634140373646 
1416, 2.73429435529357 
1417, 1.71983998672772 
1418,-2.24528897020729 
1419,-4.18776274599012 
1420,-8.20784684065479 
1421,-10.3263255921997 
1422,-10.4762697272075 
1423,-10.1063429236351 
1424,-7.11930030638768 
1425,-7.67479881560423 
1426,-11.7935755822725 
1427,-13.1707536382774 
1428,-16.1172088613876 
1429,-17.0593881523611 
1430,-10.4395220214975 
1431,-4.57637327872127 
1432,-7.23236267507843 
1433,-1.72669655059519 
1434, 1.01650240915002 
1435,-4.7231254516086 
1436,-6.11798505643974 
1437,-7.79771852065864 
1438,-6.88551680378815 
1439,-5.56455139100794 
1440,-3.03982967959001 
1441, 4.71375471432564 
1442, 5.98404805721825 
1443, 4.27385096864664 
1444, 2.66156137995639 
1445,-2.78836041760454 
1446,-3.86315524285551 
1447,-3.84163865112569 
1448,-3.59636845993342 
1449, 0.66766860933232 
1450,-0.213721125891193 
1451,-5.7864451734329 
1452,-7.21679857587466 
1453,-9.71248438788709 
1454,-8.70500007389778 
1455,-2.73026228625 
1456, 1.77735159245293 
1457, 6.1530986740332 
1458, 7.11772807244961 
1459, 4.75036532943224 
1460, 3.7144657661041 
1461,-0.783139684125287 
1462,-4.40642028723706 
1463,-3.28088454943808 
1464,-5.91444758124775 
1465,-5.55960809949946 
1466,-1.10547389667556 
1467,-0.175834235668633 
1468,-0.398846263235404 
1469, 0.343339885039266 
1470,-0.46729265892252 
1471, 1.1421036265748 
1472, 5.6814600715725 
1473, 5.85671290273565 
1474, 5.4411185821541 
1475, 5.2777373884816 
1476, 1.37146504390685 
1477,-4.25800059807415E-02 
1478, 1.39728003704178 
1479, 0.577676997793905 
1480,-1.92717334348651 
1481,-2.78976408298953 
1482,-2.87638391050886 
1483,-3.06134598165175 
1484,-3.36309201435251 
1485,-2.77968874928558 
1486,-0.227943790204275 
1487,-0.304637423531743 
1488,-4.79743574042953 
1489,-6.73360911526312 
1490,-7.55247515683188 
1491,-8.93985184524239 
1492,-6.90496503398509 
1493,-2.52484850642166 
1494,-2.11993690363823 
1495,-3.95748658750452 
1496,-2.99272120579664 
1497,-2.36949392785868 
1498, 9.91870572291954E-02 
1499, 6.04000595401174 
1500, 5.65120707837281 
1501, 4.05032781578851 
1502, 1.5810603290863 
1503,-6.03230105011085 
1504,-8.60591399541715 
1505,-9.42578955035252 
1506,-10.9921760641175 
1507,-13.0419640445453 
1508,-13.1713027568151 
1509,-10.9642785318368 
1510,-9.77440877669125 
1511,-6.56126358133483 
1512,-4.63627355379117 
1513,-4.56543409993807 
1514,-4.00815153265209 
1515,-4.88007086847298 
1516,-3.68608582700227 
1517,-0.252929003520558 
1518, 1.1017777212718 
1519, 4.93374954553188 
1520, 5.13687988926658 
1521, 0.131681015960615 
1522,-2.76917621648661 
1523,-3.85254322309569 
1524,-2.6403567498848 
1525, 1.82259123794301 
1526, 3.79550103337332 
1527, 7.3700295681966 
1528, 5.46747926757072 
1529, 2.08818230004094 
1530, 4.66996315559951 
1531, 4.25726342233317 
1532, 4.93657939642746 
1533, 6.40920465830907 
1534, 2.26803207699107 
1535,-2.54737852230347E-04 
1536,-4.28193035312349 
1537,-5.62948404335292 
1538,-5.75331734008492 
1539,-5.36226746246442 
1540,-4.22671410078143 
1541,-2.60656650665745 
1542, 1.67764703014372 
1543, 1.57972035461474 
1544,-1.43628918139417 
1545,-2.13522170703661 
1546,-3.04674147352756 
1547,-5.31532829054469 
1548,-7.41772558147343 
1549,-8.03277263328042 
1550,-10.697638987686 
1551,-12.154765577765 
1552,-11.4070179198335 
1553,-8.75610118698088 
1554,-5.259736832017 
1555,-2.11124473536832 
1556, 6.11102971519353 
1557, 7.89545220777088 
1558, 2.73715684537592 
1559, 2.198863771251 
1560, 0.433603488804589 
1561, 1.07482089937784 
1562, 7.42779567983134 
1563, 9.56837916791198 
1564, 10.8226635215593 
1565, 10.88922431657 
1566, 6.48846817416381 
1567, 5.42068362639937 
1568, 5.25551452642533 
1569, 5.13709368225053 
1570, 10.1130889051908 
1571, 15.3719608336671 
1572, 12.4419935565005 
1573, 6.35216127957595 
1574,-2.47378029154635 
1575,-9.76323145317669 
1576,-7.23359831876741 
1577,-5.67469928915733 
1578,-8.01947649083554 
1579,-8.53012760847285 
1580,-7.67482517137381 
1581,-8.25141878631658 
1582,-6.01228222530418 
1583, 1.70521537326242 
1584, 2.66446477855851 
1585,-0.1290106827725 
1586, 0.367715548340128 
1587, 0.222377278114147 
1588,-0.304283784922485 
1589, 1.44832266871508 
1590, 0.713375498756274 
1591,-4.40929395025423 
1592,-3.88523289231487 
1593,-0.31580377107344 
1594, 0.617538611543055 
1595, 3.9262431588452 
1596, 4.57488105456282 
1597, 2.55080437128668 
1598, 0.649467950000975 
1599,-2.39108809925788 
1600,-4.23358890218501 
1601,-5.79862004116798 
1602,-9.15610157929044 
1603,-15.0332597675023 
1604,-15.4890325613618 
1605,-15.006894517519 
1606,-13.2623510218572 
1607,-3.9942369097935 
1608,-0.90347281937031 
1609, 5.57595874223505E-02 
1610,-1.96970392957443 
1611,-12.3977663592197 
1612,-12.6866919483389 
1613,-8.87165470569081 
1614,-7.16073207552243 
1615, 3.21327573352969 
1616, 5.24382793549792 
1617,-2.23811148054283 
1618,-4.87307231154512 
1619,-8.27478736537761 
1620,-9.25027894949268 
1621,-7.56314614189847 
1622,-6.11258166510465 
1623,-4.77319249010185 
1624,-1.36912651452432 
1625, 8.45025301389276 
1626, 10.2369949266397 
1627, 7.19938388476764 
1628, 6.60592127804349 
1629, 1.25561812770449 
1630,-2.80737302881781 
1631,-2.8879833270579 
1632,-4.42291090270567 
1633,-7.23525662494152 
1634,-11.3882586331203 
1635,-18.1662024385955 
1636,-21.1733098558134 
1637,-24.7556080573639 
1638,-26.2330998283459 
1639,-21.7623932937852 
1640,-19.7009343595344 
1641,-22.5076514391837 
1642,-18.8700526609167 
1643,-7.37003204367277 
1644,-2.36777552698167 
1645, 4.85911364231119 
1646, 8.7268619086885 
1647, 4.62374622182707 
1648, 1.3411654500191 
1649,-5.20468643202377 
1650,-7.06990468467747 
1651,-6.03915265087837 
1652,-5.59084004149965 
1653,-6.757420660738 
1654,-5.2945241650221 
1655,-5.51080770129816 
1656,-9.84600447746832 
1657,-10.1162358505898 
1658,-6.81323512148515 
1659,-6.03383068058564 
1660,-6.79696451198495 
1661,-5.37224023280444 
1662,-3.37071732889739 
1663, 0.23708639133348 
1664, 7.01616492642356 
1665, 6.80730856638575 
1666, 4.90758917535854 
1667, 3.12539759563475 
1668,-3.49414989031055 
1669,-6.19758462053709 
1670,-6.43541954940753 
1671,-6.63496483036026 
1672,-6.91399027569773 
1673,-7.18482771228875 
1674,-5.81015533384947 
1675,-5.59488399142273 
1676,-6.7505146644662 
1677,-6.78426402139321 
1678,-6.35100135013936 
1679,-5.03377630606346 
1680,-3.66264494049395 
1681,-1.66769380219551 
1682, 1.38973125261955 
1683, 5.19779263554666 
1684, 11.1622893322312 
1685, 11.373281411146 
1686, 10.3384817670913 
1687, 9.22017721973637 
1688, 2.722592028258 
1689, 1.67546326127184 
1690, 4.27252610604518 
1691, 4.51113715935769 
1692, 4.82682424115638 
1693, 4.75264189204174 
1694, 3.52748828534014 
1695, 5.67252486663376 
1696, 11.0941876787444 
1697, 9.55895317447908 
1698, 6.59136244224256 
1699, 4.79851157101144 
1700,-2.29733880691062 
1701,-3.54682862838628 
1702, 0.52254468325006 
1703, 0.866848635111345 
1704, 1.33768257995202E-02 
1705,-0.291958286744385 
1706,-0.399633169801121 
1707,-0.699799923853475 
1708,-1.61183662618612 
1709,-0.477295455860607 
1710, 1.73983910290646 
1711, 2.97727277373697 
1712, 5.34112621192004 
1713, 5.04652307066412 
1714, 2.65807974086198 
1715, 4.14136548283205 
1716, 4.59186809209302 
1717, 4.03080019941739 
1718, 4.22912981351936 
1719, 9.04522256937931 
1720, 13.0305505402585 
1721, 15.5615894470265 
1722, 17.8404126380797 
1723, 16.7466257522103 
1724, 11.3531495361067 
1725, 11.9449793785746 
1726, 12.5889336887134 
1727, 7.7592771755501 
1728, 7.22196936969473 
1729, 6.58476441476899 
1730, 5.89679596625278 
1731, 5.8114328332749 
1732, 2.24316041985898 
1733,-3.21892556950956 
1734,-6.68760150217652 
1735,-1.92856598802049 
1736, 2.88328890075014 
1737, 1.4176563143122 
1738, 2.27271311235248 
1739, 1.04311471489715 
1740,-3.14425885410417 
1741,-4.01974484846943 
1742,-3.01051652402855 
1743,-4.95299738283852 
1744,-5.68800955985168 
1745, 0.854823295928969 
1746, 4.17918284535522 
1747, 4.06457818628456 
1748, 4.16586204520666 
1749, 1.49862142146896 
1750, 2.10851920945259 
1751, 2.65219137875075 
1752, 2.71843098769013 
1753, 5.03159828496213 
1754, 3.07872079639137 
1755, 4.37640289825545 
1756, 8.46357934707 
1757, 6.43569896557191 
1758, 7.54107498750659 
1759, 7.73569609861656 
1760,-0.611764223612723 
1761,-2.46291491476166 
1762,-1.88025100239031 
1763,-5.74787433777896 
1764,-6.05827006429127 
1765,-4.42563671736946 
1766,-5.42130865903712 
1767,-7.01685843428811 
1768,-5.58873670627819 
1769,-5.25906708173652 
1770,-5.61616478141561 
1771,-0.930526423512023 
1772,-0.791317618473975 
1773,-5.84316185741938 
1774,-6.72545288553058 
1775,-6.16678696888847 
1776,-7.19259009962566 
1777,-8.64584023426134 
1778,-8.38484530435993 
1779,-8.53909654563884 
1780,-8.47583963426308 
1781,-3.78435998778244 
1782,-4.08490519704801 
1783,-9.62396321902564 
1784,-12.6152093707016 
1785,-18.3215221136609 
1786,-17.9461173934032 
1787,-11.4975077734286 
1788,-8.15025343171909 
1789,-3.475903442859 
1790,-0.24692163451168 
1791, 0.9345615561997 
1792, 1.24571162732921 
1793, 2.2782149006264 
1794, 1.06452060450105 
1795,-4.29949832407191 
1796,-8.36307342739881 
1797,-6.2328821766073 
1798,-3.31408500216088 
1799,-1.16775359438014 
1800, 5.63281240660278 
1801, 74.1541682647076 
1802, 46.4505503981419 
1803, 31.2698939566057 
1804, 29.1301496403121 
1805, 22.1028849884161 
1806, 22.5850486498349 
1807,-1.23164386380494 
1808,-4.05618378323955 
1809, 19.8537097183908 
1810, 26.0293719899189 
1811, 27.3099052687685 
1812, 23.8112639898789 
1813, 15.9592257382944 
1814, 3.05826778581051 
1815,-11.5828142355574 
1816,-7.94855341977806 
1817, 12.5604223492688 
1818, 22.7819076590492 
1819, 20.2895543650221 
1820, 5.58494887551185 
1821,-2.11778034734424 
1822,-23.8375743300319 
1823,-33.8786476537844 
1824,-23.0644173017799 
1825,-2.5314564695456 
1826, 39.1818786993016 
1827, 61.6866584933321 
1828, 67.0472728015644 
1829, 59.7852709082066 
1830, 57.923299213455 
1831, 41.5330634082444 
1832, 23.3578467837323 
1833, 25.8508812390233 
1834, 26.6993025865721 
1835, 0.514168340063602 
1836,-23.2784427973694 
1837,-38.9809589227674 
1838,-68.8521632444337 
1839,-75.891361971409 
1840,-59.5516938309477 
1841,-49.1487316123026 
1842,-34.2184199793647 
1843,-9.4398480373017 
1844, 9.64992144099175 
1845, 42.4902611496598 
1846, 65.9156739357925 
1847, 69.5691827430226 
1848, 69.5817855878678 
1849, 58.9945578581755 
1850, 48.7683742391643 
1851, 31.3845803905252 
1852, 19.8142258897157 
1853, 20.6382455750006 
1854, 32.9449659967964 
1855, 46.1418983689604 
1856, 60.5968433048039 
1857, 71.8657724928016 
1858, 58.3335097081782 
1859, 55.1261738858729 
1860, 46.2054847261038 
1861, 61.7649642847337 
1862, 61.3690206207859 
1863, 63.0968106663241 
1864, 74.8843547727803 
1865, 72.5429198160376 
1866, 64.7664936778692 
1867, 55.2888371164349 
1868, 38.3626266286198 
1869, 17.7186035831374 
1870, 11.250871655272 
1871, 14.5769259156864 
1872, 29.5690685007949 
1873, 46.4054044524578 
1874, 64.2354138029741 
1875, 73.5448328497318 
1876, 76.9185690017782 
1877, 68.8233649298514 
1878, 35.2901242125477 
1879, 2.76454870516305 
1880,-10.1278784739079 
1881,-14.0676202663458 
1882,-27.9337965404081 
1883,-20.9572579528396 
1884, 6.05673460716628 
1885, 4.4681533755949 
1886, 12.2277507834592 
1887, 20.3812129596164 
1888, 2.76222797747986 
1889,-19.1942441144968 
1890,-29.3537783042255 
1891,-34.4978323005958 
1892,-32.6144783849069 
1893,-28.6311253282899 
1894,-24.498759950723 
1895,-30.1671217680423 
1896,-23.0827371758538 
1897,-11.3604242628259 
1898,-5.73925913512016 
1899, 13.2115432962447 
1900, 20.7944402645173 
1901, 9.58605901839103 
1902, 7.59211354413724 
1903, 12.9709267127258 
1904, 10.5596359657395 
1905,-4.01338789311951 
1906,-0.798663092318401 
1907, 1.23133315210069 
1908, 5.31075061228889 
1909, 10.996004621669 
1910, 12.3921559985879 
1911, 14.9893189308304 
1912, 15.1916971007032 
1913, 10.5440639299335 
1914, 0.342012097243484 
1915,-0.663986836784312 
1916, 11.1540589517113 
1917, 18.0980649262557 
1918, 12.8037969267831 
1919, 23.7067251063584 
1920, 23.6913397411684 
1921, 14.4362524876821 
1922, 13.8161572587184 
1923, 35.2651183607973 
1924, 31.1065423683385 
1925, 11.4094710320058 
1926,-7.85286962458299 
1927,-14.1442545663263 
1928,-10.9037080631758 
1929,-7.35406297273944 
1930, 0.538192332859166 
1931, 13.4821636868091 
1932, 11.9058379345288 
1933, 12.9589222359235 
1934, 22.4800536317768 
1935, 28.3892031672693 
1936, 27.3414397496766 
1937, 27.490186052029 
1938, 28.6350231421788 
1939, 19.970663668475 
1940, 7.35705208149375 
1941,-27.2809701232748 
1942,-39.9579662663965 
1943,-43.9495018602533 
1944,-50.2947287642381 
1945,-52.3360759614125 
1946,-36.6648485124446 
1947,-9.73258983983402 
1948, 4.91045933063915 
1949, 39.0749652199605 
1950, 45.9035721146292 
1951, 43.2439006423136 
1952, 26.8046173649473 
1953,-9.10420142916768 
1954,-7.93958878435231 
1955,-7.12989310647073 
1956, 3.6814583247608 
1957, 7.69581230958915 
1958, 15.0599100401973 
1959, 16.4466579920959 
1960, 8.67898308548619 
1961, 4.00760875740285 
1962, 10.8364372925052 
1963, 37.2666234251263 
1964, 36.5489866544968 
1965, 27.3426189786977 
1966, 17.7340802134809 
1967,-13.773451123053 
1968,-24.0935750425056 
1969,-16.1254455049969 
1970,-24.0283197668048 
1971,-42.4680137505648 
1972,-45.0133588113499 
1973,-41.6918579903965 
1974,-50.3791185668555 
1975,-35.0343854191924 
1976,-15.1190612576954 
1977,-4.21504981578468 
1978, 11.947980161688 
1979, 16.2409411453958 
1980, 15.2383633694848 
1981, 13.5403624959051 
1982,-1.45583360247141 
1983,-8.89839871691541 
1984,-15.3342902384837 
1985,-20.5413662726909 
1986,-27.0251045304203 
1987,-25.6596603931747 
1988,-24.6438349624512 
1989,-3.20020620841768 
1990, 12.7836663023664 
1991, 43.436545048503 
1992, 52.6215436105996 
1993, 55.2264399142982 
1994, 49.3579152880944 
1995, 24.0031814406123 
1996, 12.8775217876806 
1997,-0.104361865372796 
1998,-7.3563776876582 
1999, 3.27413898439387 
2000, 0.630671640697917 
2001,-6.62701978804925 
2002,-0.617688426392057 
2003, 5.6320531544647 
2004, 13.2162888606582 
2005, 16.5804783116982 
2006, 29.4893244313074 
2007, 28.7516758797883 
2008, 18.2590849921035 
2009, 7.52984501941029 
2010,-14.5257744062157 
2011,-23.8102221804548 
2012,-34.4163146277029 
2013,-61.269427761008 
2014,-66.5275664297459 
2015,-68.913161396035 
2016,-58.4413787359301 
2017,-17.9951030954666 
2018,-6.55327616780695 
2019, 1.20139095833914 
2020, 7.00368319732932 
2021,-10.0153903740871 
2022,-14.3991108103709 
2023,-15.4375814062926 
2024,-5.22322348733406 
2025, 5.95901728643994 
2026, 14.7117033446018 
2027, 15.8703767476708 
2028, 14.9506413845287 
2029, 12.7986579156304 
2030,-1.5400191140697 
2031,-3.30045710036034 
2032, 7.82790417571454 
2033, 8.52186402983171 
2034, 10.2491104018898 
2035, 4.86506571280643 
2036,-17.2224777225936 
2037,-26.8033999496255 
2038,-40.7179838608024 
2039,-38.9165208777909 
2040,-32.3502549327075 
2041,-11.9362074992769 
2042, 0.946099498234365 
2043, 19.7029279316739 
2044, 28.8696852116495 
2045, 34.1478729385594 
2046, 37.9307289056464 
2047, 37.7561107347085 
2048, 38.7436079206674 
2049, 38.037734639617 
2050, 36.3369992540086 
2051, 35.8901175052696 
2052, 27.7016190530583 
2053, 20.5862406946615 
2054, 28.9145623027725 
2055, 24.8216069512188 
2056, 17.4468479231242 
2057, 11.473042125664 
2058,-3.27465795140118 
2059,-7.30726910003762 
2060,-0.965472758505862 
2061, 2.4561028039314 
2062, 14.3612218400044 
2063, 14.9589683976925 
2064, 7.94808691457032 
2065, 1.63385994015656 
2066,-7.91034133375441 
2067,-26.1349338611642 
2068,-31.4865224205625 
2069,-31.6972027316739 
2070,-29.3197208049053 
2071,-12.7591966749645 
2072,-20.5500198891616 
2073,-42.0100179090284 
2074,-51.8317190469774 
2075,-83.1028566602718 
2076,-83.1106667266222 
2077,-43.6000478609816 
2078,-34.7891349040001 
2079,-24.0976858428701 
2080,-20.7827988048346 
2081,-46.9480041463299 
2082,-57.0704681273138 
2083,-57.3724240959116 
2084,-52.5938953789011 
2085,-42.643430512664 
2086,-15.6674044808536 
2087,-4.63591617316977 
2088, 5.08180483239572 
2089, 11.8562700806053 
2090, 15.8878031830731 
2091, 13.5814615145733 
2092, 10.5270734665101 
2093,-1.96009503478457 
2094,-44.7384379645066 
2095,-57.8107187173722 
2096,-72.0241691986272 
2097,-59.4512909874299 
2098,-42.4430625595159 
2099, 9.126673550374 
2100, 21.9033161354168 
2101, 27.5221912090552 
2102, 27.1115427158133 
2103, 4.58439953907432 
2104,-2.16621490852989 
2105,-12.2094643869331 
2106,-8.57291454647964 
2107, 7.87564801718524 
2108, 20.1685449545303 
2109, 47.3833190480761 
2110, 60.4291811713235 
2111, 67.5443299546741 
2112, 67.8698261129108 
2113, 57.715338158131 
2114, 51.1194169076894 
2115, 38.0603348681177 
2116, 15.9248109897174 
2117, 0.91319520910908 
2118,-21.8398459192329 
2119,-27.2647412829787 
2120,-24.084740696296 
2121,-14.530241603664 
2122, 22.5806820279012 
2123, 31.6572705786278 
2124, 32.5739439665188 
2125, 27.9446410185416 
2126,-5.55994920563937 
2127,-18.1762412064085 
2128,-30.8518392760623 
2129,-21.5551027577493 
2130,-18.0628704748595 
2131,-3.99707841875348 
2132,-0.825424329583285 
2133,-0.914809820401952 
2134, 0.882509144921525 
2135, 1.23100846624483 
2136, 2.66742577223883 
2137, 1.77595886792762 
2138, 7.9520539314056 
2139, 22.0895067804976 
2140, 26.5108990222985 
2141, 36.4327738761365 
2142, 36.9740773826705 
2143, 19.5622870990994 
2144, 11.7131869432696 
2145, 12.87154721926 
2146,-2.95557714871068 
2147,-9.21510442585162 
2148, 1.05041109143744 
2149,-0.540808728939475 
2150,-2.95200973266051 
2151,-3.37301587108575 
2152,-5.21049295920779 
2153,-9.75462464169169 
2154,-10.9724551813588 
2155,-17.1903724432489 
2156,-36.0795064024287 
2157,-40.5490576995587 
2158,-38.8888480777279 
2159,-38.4230471476964 
2160,-25.7043731181899 
2161,-21.9495858221792 
2162,-23.7467696675216 
2163,-25.892170824732 
2164,-25.4617895682648 
2165,-41.541137104111 
2166,-45.1974465086769 
2167,-49.3982061316019 
2168,-46.2564744044079 
2169,-36.6540086272613 
2170,-30.335662460998 
2171,-14.9399702829032 
2172,-14.717687346859 
2173,-19.0593461267992 
2174,-29.6155674392073 
2175,-65.3935154719085 
2176,-72.1027840989885 
2177,-70.1364429584104 
2178,-63.5940561895567 
2179,-33.4886317140661 
2180,-14.4850808685546 
2181, 14.8769757688356 
2182, 18.1760025920044 
2183,-1.0501588068724 
2184,-11.4223179016102 
2185,-42.6965941908129 
2186,-58.0715762891886 
2187,-55.9027981607505 
2188,-29.7851260606885 
2189,-15.3459027398562 
2190, 17.9771856461352 
2191, 20.6556379681049 
2192, 8.54496756685348 
2193, 0.117137598113123 
2194,-31.2031394302581 
2195,-42.6034646492634 
2196,-45.3755593523032 
2197,-43.4689727753862 
2198,-35.2798101824846 
2199,-23.2884602982835 
2200, 11.9890957724949 
2201, 20.0484579126995 
2202, 14.0216679890017 
2203, 11.1249920726628 
2204,-0.972559718875229 
2205,-26.8189524731715 
2206,-40.6089338062979 
2207,-36.642576699593 
2208,-34.4506413552384 
2209,-23.901495854725 
2210,-24.9862436774871 
2211,-31.0462734002143 
2212,-23.0278632996681 
2213,-17.9921341067455 
2214,-9.84601823175833 
2215, 24.2291067361931 
2216, 28.3527602156319 
2217, 10.9839580674765 
2218, 3.41856510588372 
2219,-12.9264320220683 
2220,-23.571360772237 
2221,-32.0579375062484 
2222,-36.1303282220969 
2223,-45.0254408379102 
2224,-39.1367376483191 
2225,-14.9214251587266 
2226, 0.183882267804979 
2227, 25.0027527980454 
2228, 43.8445747686347 
2229, 38.4621107323657 
2230, 35.3896756699285 
2231, 18.3866852513603 
2232,-21.8588638037456 
2233,-35.9532989447961 
2234,-48.3821310945101 
2235,-50.6848067344126 
2236,-34.3575887593209 
2237,-28.990914731857 
2238,-23.4441172615503 
2239,-24.0457689527188 
2240,-32.372342362511 
2241,-29.1658349997437 
2242,-20.0139454597616 
2243,-17.8327151092459 
2244,-11.9169212759989 
2245,-8.3488678907966 
2246,-13.2208328188155 
2247,-16.1354042387708 
2248,-9.78184602474331 
2249,-13.8880398093844 
2250,-37.0244951641556 
2251,-44.0519105601267 
2252,-50.8668718324984 
2253,-48.7103713055705 
2254,-35.3640855135547 
2255,-10.6313521205809 
2256, 11.1428266080685 
2257, 17.7157965428797 
2258, 18.0092709100614 
2259, 7.97884387965242 
2260, 1.01310461093218 
2261,-20.8971460611936 
2262,-19.209427724023 
2263, 1.91470441011291 
2264, 1.41112837944149 
2265, 1.17504025932129 
2266,-0.809271320381741 
2267,-22.123625980573 
2268,-27.8329111048381 
2269,-16.6193177324189 
2270,-18.1227684366848 
2271,-26.5306625175981 
2272,-29.9110718372178 
2273,-40.4905998501577 
2274,-36.2379780549868 
2275,-20.0237627768801 
2276,-5.51939574364871 
2277, 27.5477400213366 
2278, 39.0713654976078 
2279, 41.1281594067971 
2280, 37.9146807898779 
2281, 17.8358164840873 
2282,-2.7285438600182 
2283,-8.22091323320796 
2284,-22.9158475747083 
2285,-19.714004898371 
2286,-12.5371742912745 
2287,-16.361040200837 
2288,-20.5552878988278 
2289,-23.7393512290074 
2290,-36.7213728516229 
2291,-31.9927502831855 
2292,-11.9593397792823 
2293,-4.38265283798906 
2294, 9.12999980504643 
2295, 10.4240205839555 
2296,-5.22538243099055 
2297,-7.49189810792072 
2298,-3.55072141103247 
2299,-5.3198810329375 
2300,-6.59484538591865 
2301,-7.72165228649652 
2302,-13.8481383941708 
2303,-20.0529704776898 
2304,-31.8119781290078 
2305,-24.1129854300447 
2306,-0.717099413678907 
2307, 6.43282789864352 
2308, 27.9500699417266 
2309, 27.5381041114104 
2310,-8.29681099859372 
2311,-19.685389211021 
2312,-20.4526381477454 
2313,-27.1410900013602 
2314,-28.4325775405663 
2315,-32.1099587336633 
2316,-35.2966773686797 
2317,-53.7832280989745 
2318,-56.9630410326978 
2319,-58.3234349104096 
2320,-84.873494768039 
2321,-88.0671275174045 
2322,-72.602157502901 
2323,-70.8923224817882 
2324,-43.1803891865501 
2325,-7.13910059109548 
2326, 4.54275272544994 
2327, 22.1387713922799 
2328, 23.3532782853505 
2329, 11.5895070781608 
2330, 2.82772622661727 
2331,-24.0334617465238 
2332,-24.0962431909275 
2333,-13.4227363930201 
2334,-0.707177373801809 
2335, 34.3634073021801 
2336, 44.4273344164002 
2337, 45.3942655658613 
2338, 49.171626754582 
2339, 47.6694093703776 
2340, 42.4108252426801 
2341, 37.1943700832474 
2342, 21.2097116932472 
2343,-18.4854465270959 
2344,-30.2574990408117 
2345,-27.9861133779227 
2346,-30.0655643531891 
2347,-15.8862287474044 
2348,-15.7027027980968 
2349,-35.139983055903 
2350,-38.2508312339527 
2351,-34.0965700040809 
2352,-30.6551086453189 
2353,-19.0471363425805 
2354,-9.65181579585196 
2355,-4.2493516338205 
2356, 7.23772456059031 
2357, 24.4842196815229 
2358, 38.3543856878925 
2359, 71.1796177830572 
2360, 71.6558992140584 
2361, 36.7368663698494 
2362, 25.7848126577293 
2363, 12.4791561621867 
2364,-10.6247757051359 
2365,-0.788757707930718 
2366, 9.77185460198077 
2367, 8.62997178068626 
2368, 2.18248938000917E-02 
2369,-0.517092890253879 
2370, 14.0146922072485 
2371, 2.71038985494288 
2372, 7.85942802406361 
2373, 6.14427453691098 
2374,-23.35747182417 
2375,-26.0135243432891 
2376,-25.7375522844524 
2377,-24.0103489801366 
2378, 0.382738101675092 
2379, 2.5333166080032 
2380,-7.63447086633181 
2381,-2.21071757350807 
2382,-12.8715829847286 
2383,-0.409098710754689 
2384, 24.1808691067216 
2385, 6.72240148432939 
2386,-1.92419473059119 
2387, 0.752908575943858 
2388,-14.7718681337528 
2389,-15.0439590391578 
2390,-3.438029122074 
2391,-29.515656521131 
2392,-45.6961785842225 
2393,-26.0660422804044 
2394,-13.2845059412834 
2395, 25.3280022143122 
2396, 61.4554014097089 
2397, 70.2388079706631 
2398, 69.3548727982862 
2399, 53.0340260773936 
2400, 50.1011551059536 
2401, 51.535811928418 
2402, 48.3023079902807 
2403, 34.2135659410716 
2404, 5.76555894811167 
2405,-13.3718147403203 
2406,-46.100899842865 
2407,-53.8773612975849 
2408,-42.0265533356512 
2409,-38.7914804204053 
2410,-31.1348628475829 
2411,-22.8003220641456 
2412,-14.6915334380459 
2413,-6.06753640832102 
2414, 14.5001533269148 
2415, 17.0818536837526 
2416, 0.537851696773959 
2417, 5.40561025662297 
2418, 12.2047334214676 
2419, 10.4579206356399 
2420, 26.7325137014975 
2421, 17.5126379728385 
2422,-19.8489678460139 
2423,-29.6509089806648 
2424,-39.6758491287944 
2425,-37.1037079029995 
2426,-18.6174302217474 
2427,-3.17227854592569 
2428, 19.2655261061953 
2429, 34.9742618944151 
2430, 55.7420178952993 
2431, 65.5811136521081 
2432, 69.6360560774912 
2433, 60.7273979207807 
2434, 35.3414549681568 
2435, 25.9345561370562 
2436, 12.9263175183685 
2437, 9.82025329290859 
2438, 16.7939922461004 
2439, 22.5957941236366 
2440, 29.9769525001126 
2441, 38.6392209076426 
2442, 61.4819461039873 
2443, 69.3444621532413 
2444, 64.7244795229449 
2445, 64.0491467240836 
2446, 55.5848570264056 
2447, 59.261293598242 
2448, 70.1476380770806 
2449, 73.5527683698188 
2450, 73.9139862268404 
2451, 69.3452209067506 
2452, 51.4725969908838 
2453, 37.5246759101914 
2454, 38.6208075753765 
2455, 36.0542046719064 
2456, 44.3997560740924 
2457, 54.5445178976519 
2458, 57.069121019728 
2459, 53.6318224785598 
2460, 43.6454613474185 
2461, 37.0145232400283 
2462, 24.834413619646 
2463, 24.8787316286452 
2464, 54.1635045102962 
2465, 86.6156783798015 
2466, 106.176604564605 
2467, 111.528609033609 
2468, 84.8598934157786 
2469, 30.8037893584003 
2470,-7.90022499768907 
2471,-19.895169543854 
2472,-20.8333487667844 
2473,-10.2045014741637 
2474, 8.356696488388 
2475, 13.4094081629412 
2476, 6.69205533214294 
2477, 6.95840692888304 
2478, 19.2332623850192 
2479, 34.1279577528456 
2480, 37.7107046234608 
2481, 42.8595020564882 
2482, 29.1316587797667 
2483,-3.65944584355153 
2484,-24.9277618167354 
2485,-49.4174830975606 
2486,-55.2647100212086 
2487,-25.464083136163 
2488,-6.96662373665565 
2489,-4.78686382107499 
2490,-8.31492078122526 
2491,-21.1605148060019 
2492,-19.7423375643672 
2493,-7.82658175567748 
2494, 18.1591892024255 
2495, 25.212437936575 
2496, 9.44442516388486 
2497, 12.6453707460833 
2498, 7.78330417531738 
2499, 4.58859453599343 
2500,-2.97623112456487 
